Alatin
17159
17241
32550
42357
Number of cuts:  4

Alpacados
17095
32455
Number of cuts:  2

AngryOrchard
17078
Number of cuts:  1

AppleCloud
17124
42074
Number of cuts:  2

Belenaria
17159
17241
32416
42222
Number of cuts:  4

BobbyDazzler
17204
32529
Number of cuts:  2

Bonanza
17133
32457
Number of cuts:  2

Bradshaw
17159
17241
32483
42290
Number of cuts:  4

Bryce
17133
32237
Number of cuts:  2

ChewyVIII
7285
8036
11934
12593
14131
16325
17720
19164
21676
26057
28193
29038
30094
35588
36303
36645
38021
39549
40591
42609
43373
44233
45305
48661
49906
51745
54372
56136
59757
64156
64435
64846
65726
67616
67631
Number of cuts: 35

CosmicSans
17159
17241
32483
42281
Number of cuts:  4

Dinger
17129
17211
Number of cuts:  2

DocB7
18736
47156
63490
69914
70010
70347
Number of cuts:  6

E3
661
1150
1342
1875
2181
2357
2640
4097
4308
4611
5153
6186
6300
9247
9954
10026
10289
11334
11975
11996
12026
12218
12844
13489
13648
15401
15413
15628
20985
21072
22855
24341
25524
25593
26337
29356
29776
29980
30919
30930
32122
32252
33515
35296
35902
36948
37209
37263
37323
37553
38912
38990
39203
39395
40424
41123
41301
41655
42011
42614
43902
44103
44205
44358
44567
44799
45958
47688
48432
48579
49089
49249
49363
49990
50395
52119
52284
52573
53366
53710
53761
53809
54281
55784
56273
56576
57316
57940
59180
59327
59516
59669
62923
64535
65127
66319
67006
67754
67814
69399
72260
74562
75181
76870
77006
78136
78405
78735
80066
80103
80157
80541
81540
81752
82019
82346
82815
82899
82940
83370
83379
86291
88409
89506
92464
93673
94594
98453
99175
99928
102153
105712
105934
105991
106618
106945
107426
110550
111665
111758
111971
112684
112807
113800
114105
114129
115237
115797
116012
117898
119135
120090
120366
121211
121357
121607
122147
122314
122375
123918
124340
128312
128482
129388
129409
131090
131396
133153
133681
133825
134113
135202
135223
135538
136302
136553
137516
138428
139003
141053
142007
Number of cuts: 181

Erik
17158
17240
32415
42112
Number of cuts:  4

Espica
17159
17241
32416
42222
Number of cuts:  4

Finch
107456
Number of cuts:  1

Gollum
17159
17241
32481
42223
Number of cuts:  4

Grayson
30164
53598
67593
117701
121511
126835
Number of cuts:  6

Harlequin
17109
32267
Number of cuts:  2

Hiro
17415
20523
32743
Number of cuts:  3

Jace
1447
2195
2701
2854
3810
4734
5920
8076
9269
9766
9929
12041
14441
14558
14932
16045
16242
16513
17083
17636
18213
18226
18759
18801
18849
20079
20496
21071
23666
24893
24908
25449
25596
25905
25944
28313
28339
30280
31273
33043
33316
34091
35248
36603
37410
37425
37862
38994
39023
40177
41347
42246
43435
44747
47278
48168
49204
49342
49468
50108
51682
51706
52135
52886
Number of cuts: 64

Jester
17103
32198
Number of cuts:  2

Krishelle
17430
32843
42650
Number of cuts:  3

Lillie
17159
17241
32483
42281
Number of cuts:  4

Mahdia
Number of cuts:  0

Naiad
17159
17241
32496
42303
Number of cuts:  4

Nancinator
17159
17241
32416
41620
Number of cuts:  4

Natosaleda
17159
17241
32415
42221
Number of cuts:  4

Partridge
17192
17274
Number of cuts:  2

Pepy6
320
830
3779
5529
5821
8086
10916
11944
13041
13665
14374
14555
16903
18148
22653
23412
24395
24565
25049
25858
29387
34908
36039
37520
38732
39214
45169
45611
46327
46599
48286
49659
50690
52267
53440
54097
54170
55024
55666
56797
59205
59528
65006
65069
66036
66201
71317
Number of cuts: 47

Peregrin
3993
5607
7535
29675
36763
46843
47005
61722
65578
89298
112345
118509
122111
123452
127872
Number of cuts: 15

Phrankenstein
17159
17241
32429
42227
Number of cuts:  4

Pine5
1865
2006
5043
5151
7007
7347
8109
8340
9558
9870
10310
11037
12038
12596
13775
14563
17324
18967
19347
20227
21413
21707
23216
24074
24224
25295
25366
26455
27801
28113
28649
30230
33119
33167
33880
35253
36786
37358
37373
37499
38795
39806
41495
42282
42459
42877
43671
44496
48388
48456
48652
48834
49177
49230
49395
49999
50297
50546
51742
52152
52509
52953
53037
53142
53550
53580
54544
55030
56054
57363
57922
Number of cuts: 71

Poco6
320
830
1159
5383
9839
12054
15712
16492
17116
20223
24678
25161
25851
25911
26578
27509
27612
27871
29812
38061
38302
39478
41236
42019
45316
47605
48528
49658
53776
55605
56532
59224
62018
65816
66865
68282
72580
Number of cuts: 37

Rasputin
17128
32454
42252
Number of cuts:  3

RER2
17159
17241
32483
42281
Number of cuts:  4

RexFury
17190
17272
32514
42311
Number of cuts:  4

RGL3
723
17546
33129
Number of cuts:  3

Rhodalysa
17159
17241
32483
42281
Number of cuts:  4

StCroix
17159
17241
32496
42303
Number of cuts:  4

Swann
17159
17241
32481
42279
Number of cuts:  4

Takoda
17119
17201
Number of cuts:  2

Trina
109003
112943
Number of cuts:  2

TWAMP
17159
17241
32483
42281
Number of cuts:  4

UhSalsa
17159
17241
32416
42222
Number of cuts:  4

Weasels2
953
78934
79792
87157
108933
126734
132658
Number of cuts:  7

Yogi
17133
32457
Number of cuts:  2

Yoncess
17133
32237
Number of cuts:  2

