Alatin
4369
5495
8388
10094
21581
21721
21757
21913
26450
31110
33017
33725
37763
39136
39349
42316
46298
46462
46476
Number of cuts: 19

Alpacados
4331
5457
8356
8738
10024
10455
13653
21463
21478
31015
32922
33630
37656
38957
39029
39242
42139
46121
46283
46297
Number of cuts: 20

AngryOrchard
2292
4314
5440
8339
10007
10438
13636
21446
21955
26314
30908
32812
33790
37816
39117
39189
39402
42231
46226
46389
Number of cuts: 20

AppleCloud
2056
5204
8103
9747
13682
20217
21492
21824
30840
32747
33455
37481
38782
38854
39067
42033
46015
46178
46192
Number of cuts: 19

Belenaria
4369
5495
8388
10094
21527
21859
26384
30976
32883
33591
37629
38930
39002
39215
42181
46163
46327
46341
Number of cuts: 18

BobbyDazzler
4440
5566
8465
8847
10133
10564
13762
21865
31089
32996
33704
37733
39034
39106
39319
40340
42287
46269
46431
46445
Number of cuts: 20

Bonanza
4369
5495
8394
8776
10062
10493
13691
21501
21516
31017
32924
33632
38038
39339
39411
39624
42591
43517
46558
46722
46736
Number of cuts: 21

Bradshaw
4369
5495
8388
10094
21527
21667
21703
21859
26383
31043
32950
33658
37696
39069
39282
42249
46394
46408
Number of cuts: 18

Bryce
4369
5495
8394
8776
10062
10493
13691
21794
30797
32704
33412
37441
38742
38814
39027
40048
41995
45977
46137
46151
Number of cuts: 20

ChewyVIII
1969
3023
3699
5019
7054
7696
11905
13751
15021
15120
19884
20412
20425
27580
35840
44742
53108
Number of cuts: 17

CosmicSans
4369
5495
8388
10094
21527
21667
21703
21859
26383
31043
32950
33658
37687
39060
39273
42240
46222
46386
46400
Number of cuts: 19

Dinger
4365
5491
8390
10058
10489
13687
20222
21790
21829
30912
32819
33797
37829
39130
39202
39415
42249
44910
46245
46407
Number of cuts: 20

DocB7
4293
6287
11220
11427
11843
12917
13397
14077
14826
16081
16162
16330
19152
21261
25251
25671
27715
29531
33465
34532
34546
36087
36786
38558
40035
42024
42774
45354
47074
48021
50743
55123
58363
63963
71703
73195
75758
Number of cuts: 37

E3
2121
11175
23364
31260
37095
45304
56204
64377
74490
78646
79989
82374
87685
88430
90322
98270
99874
102294
103436
104461
109594
109864
122595
125156
131915
138788
139639
140981
Number of cuts: 28

Erik
4369
5495
8388
10093
21526
21858
26381
30975
32882
33590
37619
38992
39205
42071
46053
46218
46232
Number of cuts: 17

Espica
4369
5495
8388
10094
21527
21859
26384
30976
32883
33591
37629
38930
39002
39215
42181
46326
46340
Number of cuts: 17

Finch
4066
12220
14715
22382
23781
25464
30609
31970
32999
33189
38594
42665
42686
42893
43793
44120
44554
44674
45803
45878
48420
48467
52178
53372
53810
54071
54255
54596
60660
61296
65655
68860
68871
74582
74955
79043
80118
98980
99810
103704
104550
113690
117981
128159
130262
130724
131786
132109
Number of cuts: 48

Gollum
4369
5495
8388
10094
21527
21859
26383
31041
32948
33656
37685
38986
39058
39271
42182
46164
46325
46339
Number of cuts: 18

Grayson
2049
4112
17528
34475
35090
36863
46207
50789
82268
83335
92045
105490
112323
115640
125705
130950
Number of cuts: 16

Harlequin
5495
8394
10038
10469
13667
21824
30827
32734
33442
37471
38772
38844
39057
40071
42030
46012
46173
46187
Number of cuts: 18

Hiro
4369
5495
8394
10038
13973
20508
21783
22115
31303
33210
33918
37947
39248
39320
39533
42501
46483
46645
46659
Number of cuts: 19

Jace
1375
6246
16450
28962
38470
Number of cuts:  5

Jester
5495
8394
10038
10469
11467
13661
21764
30758
32665
33373
37402
38703
38775
38988
40002
41961
45943
46104
46118
Number of cuts: 19

Krishelle
4369
5495
8409
10053
13988
20523
21834
22166
31403
33310
34018
38056
39429
39642
42609
46804
46811
Number of cuts: 17

Lillie
4369
5495
8388
10094
21527
21667
21703
21859
26383
31043
32950
33658
37687
39060
39273
42240
46222
46386
46400
Number of cuts: 19

Mahdia
3992
7495
8372
12229
12235
13483
13934
14736
21135
21350
21764
21813
22244
25003
26133
33515
41848
Number of cuts: 17

Naiad
4369
5495
8388
10094
21527
21667
21703
21859
26396
31056
32963
33671
37709
39082
39295
42262
46244
46408
46422
Number of cuts: 19

Nancinator
4369
5495
8388
10094
21527
21859
26384
30976
32883
33591
37629
38930
39002
39215
41579
45561
45725
45739
Number of cuts: 18

Natosaleda
4369
5495
8388
10094
21527
21859
26383
30975
32882
33590
37628
38929
39001
39214
42180
46154
46317
46331
Number of cuts: 18

Partridge
4428
5554
8453
10121
10552
13750
20285
21853
21892
31203
33107
37986
39287
39359
39572
42403
45256
46590
46752
Number of cuts: 19

Pepy6
1336
2596
2677
2871
3255
11956
16770
18011
25190
25283
26382
29806
29910
32996
48857
54974
75031
75194
76355
Number of cuts: 19

Peregrin
8011
8934
17127
33257
33353
49572
67643
81922
83228
91476
95434
106331
122610
129577
Number of cuts: 14

Phrankenstein
4369
5495
8388
10094
21473
21805
26329
30989
32896
33604
37633
39006
39219
42186
46168
46331
46345
Number of cuts: 17

Pine5
4827
6747
11809
12442
12754
16191
21091
26757
27336
28954
29940
30539
33074
34542
36630
38083
40626
44226
50135
53445
56040
Number of cuts: 21

Poco6
15404
20167
22770
27203
27545
29103
31825
45974
50372
53597
54716
65792
71748
74349
76462
77623
Number of cuts: 16

Rasputin
4369
5495
8395
8777
10063
13686
21828
26354
31014
32921
33629
37658
39031
39244
42211
46193
46358
46372
Number of cuts: 18

RER2
4369
5495
8388
10094
21527
21859
31043
32950
33658
37687
39060
39273
42240
46222
46385
46399
Number of cuts: 16

RexFury
4400
5526
8419
10125
21558
21890
26414
31074
32981
33689
37718
39019
39091
39304
42270
46252
46416
46430
Number of cuts: 18

RGL3
11807
17899
21033
22406
23613
26374
28912
31713
32369
33610
35744
43384
47680
47861
Number of cuts: 14

Rhodalysa
4369
5495
8388
10094
21527
21667
21703
21859
26383
31043
32950
33658
37687
39060
39273
42240
46222
46386
46400
Number of cuts: 19

StCroix
4369
5495
8388
10094
21527
21667
21703
21859
26396
31056
32963
33671
37709
39082
39295
42262
46244
46408
46422
Number of cuts: 19

Swann
4369
5495
8388
10094
21527
21661
21859
26383
31041
32948
33656
37685
39058
39271
42238
46221
46385
46399
Number of cuts: 18

Takoda
4361
5487
8386
10054
10485
13677
21043
21487
21996
26356
30950
32854
33832
37870
39171
39243
39456
42285
46435
46598
Number of cuts: 20

Trina
4414
9370
14399
25696
40225
49660
51515
67214
72403
75673
87101
96192
104351
109757
119411
131744
131943
Number of cuts: 17

TWAMP
4369
5495
8388
10094
21527
21667
21703
21859
26383
31043
32950
33658
37687
39060
39273
42240
46222
46386
46400
Number of cuts: 19

UhSalsa
4369
5495
8388
10094
21527
21859
26384
30976
32883
33591
37629
38930
39002
39215
42181
46163
46327
46341
Number of cuts: 18

Weasels2
1041
9012
18171
30989
58717
66143
79537
79558
81188
87413
103502
106460
107463
121316
122520
132746
Number of cuts: 16

Yogi
4369
5495
8394
8776
10062
10493
13691
21501
21516
31017
32924
33632
38038
39339
39411
39624
42591
43517
46558
46720
46734
Number of cuts: 21

Yoncess
4369
5495
8394
8776
10062
10493
13691
21794
30797
32704
33412
37441
38742
38814
39027
40048
41998
45981
46143
46157
Number of cuts: 20

