Alatin
358
717
1271
3379
4402
4913
5813
6422
6869
11801
12320
17130
17364
17950
19128
19219
19680
19692
19824
20574
21902
23531
23634
24485
26856
29311
31996
32092
33215
33366
36257
36311
36350
39219
39444
40873
41590
43401
Number of cuts: 38

Alpacados
358
717
1271
3341
4875
5967
6369
6816
11737
12256
13222
16463
17066
17750
17886
18533
19628
19760
21784
23400
23503
24354
26761
29216
31901
31997
33271
34307
36150
36204
39112
39337
40696
41280
41413
43224
Number of cuts: 36

AngryOrchard
358
712
3324
4858
5693
6352
6799
11720
12239
13205
16806
17049
17104
17283
17869
19599
19743
20493
21767
23498
26720
29175
31794
32273
33161
36310
36364
39272
40927
41511
41643
42643
43446
43768
46562
Number of cuts: 35

AppleCloud
512
3088
4622
4992
6563
11454
11979
12243
12351
12417
12647
12862
16852
17150
17329
17915
18562
19184
19645
19657
19789
20539
20997
21254
21813
26731
27667
29264
31726
33096
35975
36029
39159
40590
41174
41307
43118
Number of cuts: 37

Belenaria
358
717
1271
3379
4402
4913
5813
6422
6869
11801
12320
17130
17364
17950
19128
19219
19680
19692
19824
20574
21848
23464
23567
24419
26790
29245
31862
31958
33081
33232
36123
36177
39307
40738
41322
41455
43266
45712
Number of cuts: 38

BobbyDazzler
358
717
1271
3450
4984
6076
6478
6925
11846
12365
13331
16572
17175
17859
17995
18642
19737
19869
21334
21893
22315
23510
23613
24464
26835
29290
31975
32071
33345
36227
36281
37510
38835
39189
39414
40843
41427
41561
43372
Number of cuts: 39

Bonanza
358
717
1271
3379
4913
6005
6407
6854
11775
12294
13260
16501
17104
17788
17924
18571
19666
19798
21822
23438
23541
24392
26763
29218
31903
31999
33273
34309
36152
36206
36346
36367
39719
41148
41732
41865
43676
46897
Number of cuts: 38

Bradshaw
358
717
1271
3379
4402
4913
5813
6422
6869
11801
12320
17130
17364
17950
19128
19219
19680
19692
19824
20574
21848
23464
23567
24418
26789
29244
31929
32025
33148
33299
36190
36244
36283
39152
39377
40806
41523
43334
Number of cuts: 38

Bryce
358
717
1271
3379
4913
6005
6407
6854
11775
12294
13260
16501
17104
17788
17924
18571
19666
19798
21822
22244
23439
23542
24393
26764
29219
31683
31779
33053
35935
35989
38897
40551
41135
41269
43080
Number of cuts: 35

ChewyVIII
262
2018
2279
2630
2902
2942
3591
3755
4013
4634
5573
5964
7048
7671
8109
8622
10073
10686
10891
10927
11518
11928
12503
12596
12881
13193
13891
16028
16997
17048
18235
18538
18643
19958
21380
22489
22510
23171
23600
25416
25628
26057
26300
27217
27343
27912
28441
28760
29383
30808
31072
31165
31282
31896
33591
33816
34512
35535
36057
36801
37601
38466
39460
40461
40585
40618
40873
40947
42192
42378
42411
42885
43247
43353
43509
44383
44926
45512
46001
46013
46102
46711
46765
48299
48900
49460
51049
51085
51406
51724
51772
52240
52496
52811
53094
53521
54102
54285
55733
56214
56553
59209
59463
59631
59885
60845
61675
62033
62261
63867
64222
64252
64435
64798
64872
65435
65840
65888
66272
66335
66960
67158
67631
68307
68632
68707
Number of cuts: 126

CosmicSans
358
717
1271
3379
4402
4913
5813
6422
6869
11801
12320
17130
17364
17950
19128
19219
19680
19692
19824
20574
21848
23464
23567
24418
26789
29244
31929
32025
33148
33299
36181
36235
39143
39368
40797
41381
41514
43325
Number of cuts: 38

Dinger
358
714
3375
4909
6403
6850
11771
12290
13256
16497
16857
17100
17155
17334
17920
18567
19098
19189
19650
19794
20493
20544
21818
23447
23550
26773
27709
29307
31798
31894
33168
36323
36377
38931
39285
40941
41525
42661
43464
43786
46582
Number of cuts: 41

DocB7
1144
1583
1902
2487
3150
6032
6575
8457
8784
9161
10256
10331
12123
14709
15261
18610
28619
29361
32492
37609
39610
39703
40807
44884
46464
46675
47492
48258
49569
50821
50830
53114
54962
58889
59199
64094
64363
67647
69895
73716
74159
Number of cuts: 41

E3
149
640
1761
2351
2454
2640
2778
3747
4302
4907
6805
8849
10289
10693
10702
11085
11512
11942
12560
13483
15117
18781
19794
19911
20235
21107
22604
24341
24368
24455
24721
25047
25456
25887
25962
26562
26652
28038
28299
29617
30763
32861
33080
34786
34924
35860
37311
37593
37958
38996
39134
40457
42092
42269
42959
44358
44439
45322
45907
48273
49432
49594
49699
51463
51495
51607
51921
52173
52412
52719
52959
53779
53809
56276
56576
56705
57219
57430
57748
57930
59174
59180
59564
61096
62536
62545
64260
64269
65098
65421
65722
65904
65956
66829
66856
66916
67569
68135
68835
69884
71414
72750
73035
73667
74682
74766
75218
75716
76571
77204
77291
77486
78113
78287
78348
78424
80103
80895
81161
81192
82568
82614
82815
84211
84452
86201
86768
87150
87447
88654
89126
89931
90888
92250
92590
93561
93618
93673
93706
93868
93967
94624
94846
95625
95724
96404
96475
96971
98591
98750
99166
99538
99960
100572
100650
101156
101555
101624
101756
102153
102716
102947
103882
104188
104685
105268
106081
106630
108454
108779
108880
109076
109642
110337
110670
110867
111028
111928
111977
112133
112678
112684
113689
113823
114087
114273
115324
115443
115653
116012
117655
117805
119099
119545
120183
122375
122628
123019
123103
123151
123373
123449
123513
123825
123858
125024
125967
127078
127312
127372
127387
127401
127590
127835
128494
129712
129772
129829
129906
130224
131498
131768
131845
131872
131900
132152
132164
132461
132578
132871
133112
133291
133570
134499
135234
135666
136105
136937
137381
138815
139180
140384
141032
141158
142394
Number of cuts: 245

Erik
358
717
1271
3379
4402
4913
5813
6422
6869
11800
12319
17129
17363
17949
19127
19218
19679
19691
19823
20573
21847
23463
23565
24416
26787
29242
31861
31957
33231
36113
36167
39075
39300
40628
41212
41345
43156
Number of cuts: 37

Espica
358
717
1271
3379
4402
4913
5813
6422
6869
11801
12320
17130
17364
17950
19128
19219
19680
19692
19824
20574
21848
23464
23567
24419
26790
29245
31862
31958
33232
36123
36177
39307
40738
41322
41455
43266
Number of cuts: 36

Finch
1793
2422
3875
4346
4807
5182
10463
14011
14947
15175
16421
17753
18744
19523
19570
20544
21435
24260
25283
26378
27235
27388
27496
28206
28401
28727
29177
30310
30454
30486
32263
33623
34296
36059
36716
38974
40323
42462
43830
43949
44381
46380
47657
50018
50936
54802
56818
59036
60525
61482
61834
62350
62976
65664
66243
70347
72922
73510
73654
77802
78334
81456
85085
86590
86870
88682
90565
92023
93962
94104
98383
98815
99116
100978
101365
103936
105769
107123
107471
108581
110230
110356
110561
113225
113968
115701
115740
116517
116900
116969
117428
118740
119061
122353
123997
124369
125926
126482
126928
127213
127519
128349
131595
132543
133385
135196
136106
136220
136871
Number of cuts: 109

Gollum
358
717
1271
3379
4402
4913
5813
6422
6869
11801
12320
17130
17185
17364
17950
19128
19219
19680
19692
19824
20574
21848
23464
23567
24418
26789
29244
31927
32023
33297
36179
36233
39363
40739
41323
41456
43267
Number of cuts: 37

Grayson
900
2764
6212
6268
6424
7512
10555
16025
16987
18785
18880
23242
23584
24040
26517
27131
28522
28613
30405
30861
33606
34554
37672
38405
39033
39387
41235
41280
42496
43508
44643
44907
45761
47511
47533
47949
48622
48694
49588
50089
53984
54559
55336
55863
56508
59512
61016
62445
63166
64114
64462
65312
67232
67587
68357
68379
68977
72258
74996
79174
80048
80488
82750
83103
84079
84333
86812
88129
88366
88560
91219
94616
94997
96169
97282
97941
101485
104088
109189
110021
119684
120015
120134
121086
122272
122523
122634
123829
124679
125801
129801
131665
Number of cuts: 92

Harlequin
358
717
1271
3379
4913
5283
6407
6854
9268
11751
12270
13236
16477
17080
17764
17900
18547
19642
19774
21852
22274
23469
23572
24423
26794
29249
31713
31809
33083
35965
36019
38927
40706
41170
41304
43115
Number of cuts: 36

Hiro
358
717
1271
3379
4913
6005
6407
6854
11745
12270
12534
12642
12708
12938
13153
16783
17143
17441
17620
18206
18853
19475
19936
20080
20830
21288
21545
22104
24678
27049
29504
32189
32285
33559
36441
36495
37724
39628
41057
41641
41775
43586
Number of cuts: 42

Jace
1132
1555
1672
1785
1900
2062
2500
2719
3015
3070
3417
3810
3920
5044
5401
5716
5727
5833
5920
5995
6067
7577
9227
9523
9588
10013
11026
11744
12485
12767
13754
13964
14441
14495
15136
15193
15309
15562
16066
16954
16993
17111
18318
18687
18825
19092
19109
19134
20079
20460
20490
20717
21674
21695
22363
22395
22492
22793
22964
23489
23759
23912
24137
24236
25866
26031
27072
27172
27741
28669
29110
29140
29568
30337
31859
32629
33337
34638
34680
34965
35206
35263
35762
37488
37512
38012
38149
38823
38883
38994
39194
39254
39457
39740
40645
41814
44200
44685
45219
45384
45974
46274
46616
46955
47257
47272
47278
47311
47673
48779
49001
49079
49336
49387
50178
50574
51700
51916
52129
52135
52880
53141
53906
Number of cuts: 123

Jester
358
717
1271
3379
4913
5283
6407
6854
9268
11745
12264
13230
16831
17129
17894
18541
19636
19768
21792
22205
23400
23503
24354
26725
29180
31644
31740
33014
35896
35950
38858
40637
41101
41235
43046
Number of cuts: 35

Krishelle
358
717
1271
3379
4402
4913
5813
6422
6869
11760
12285
12549
12657
12723
12953
13168
17158
17456
17635
18221
18868
19490
19951
19963
20095
20845
21303
21560
22155
27073
28009
29606
32289
32385
33508
33659
36550
36604
36643
39512
39737
41166
41883
43694
46965
Number of cuts: 45

Lillie
358
717
1271
3379
4402
4913
5813
6422
6869
11801
12320
17130
17364
17950
19128
19219
19680
19692
19824
20574
21848
23464
23567
24418
26789
29244
31929
32025
33148
33299
36181
36235
39143
39368
40797
41381
41514
43325
Number of cuts: 38

Mahdia
584
3853
5630
5802
5835
8009
8787
14812
16265
16696
16792
17661
18331
19032
19095
20320
20995
21843
23951
24029
25134
31392
31571
32395
34156
37344
37413
Number of cuts: 27

Naiad
358
717
1271
3379
4402
4913
5813
6422
6869
11801
12320
17130
17364
17950
19128
19219
19680
19692
19824
20574
21848
23477
23580
24431
26802
29257
31942
32038
33161
33312
36203
36257
36296
39165
39390
40819
41536
43347
Number of cuts: 38

Nancinator
358
717
1271
3379
4402
4913
5813
6422
6869
11801
12320
17130
17364
17950
19128
19219
19680
19692
19824
20574
21848
23464
23567
24419
26790
29245
31862
31958
33232
36123
36177
39307
40136
40720
40853
42664
Number of cuts: 36

Natosaleda
358
717
1271
3379
4402
4913
5813
6422
6869
11801
12320
17130
17364
17950
19128
19219
19680
19692
19824
20574
21848
23464
23567
24418
26789
29244
31861
31957
33231
36122
36176
39306
40737
41321
41454
43265
Number of cuts: 36

Partridge
358
712
3438
4972
6466
6913
11834
12353
13319
16560
16920
17163
17218
17397
17983
18630
19161
19252
19713
19857
20556
20607
21881
23510
23613
26872
27808
29406
32089
32185
33456
36479
36533
36572
39442
41098
41682
41815
43007
43810
44132
46927
Number of cuts: 42

Pepy6
266
922
1076
1732
2168
2314
2433
2986
5088
5197
5939
6117
6158
6567
7974
8301
10560
11569
12579
12726
13234
13665
15463
15548
15734
16210
16782
16824
17229
18588
19945
20070
20468
21546
22075
23379
23601
24099
25413
25677
26533
26835
28282
28534
30239
31665
31851
34320
36274
36827
36989
37792
37961
39098
39711
41072
43567
43775
44994
45169
45605
47545
48915
49167
50168
50258
50690
50771
51724
52533
53371
54142
54568
54616
55873
56360
56791
57043
57421
59199
61179
61901
62198
62509
62903
63260
64885
65285
65880
67694
67991
68285
70330
70867
71104
72508
73331
74390
74417
75634
75769
76262
Number of cuts: 102

Peregrin
388
925
1879
2566
2801
3209
3265
5579
6050
6259
6825
7228
15383
18432
22408
22750
23206
24428
26094
28036
29332
29368
31168
33336
35326
36454
37187
37814
38168
40015
40060
41047
41276
42288
43423
43687
44182
44541
46291
46313
46729
48872
51894
52289
52767
53342
54119
54488
54646
55291
57879
58653
59383
61533
62481
63730
63750
66804
67402
68222
68284
72265
73138
73239
73440
73693
74973
76671
77575
79564
82641
83966
84220
86731
86840
87787
87883
88728
89367
90650
94356
95202
96312
98440
99047
99289
100697
100890
101872
107856
109682
111872
113209
115535
116333
116465
116664
119337
119455
119965
121120
121445
122379
122621
123318
123810
124206
126898
128003
130457
130994
131948
132635
132870
Number of cuts: 114

Phrankenstein
358
717
1271
3379
4402
4913
5813
6422
6869
11801
12320
17130
17364
17950
19128
19219
19680
19692
19824
20574
21794
23410
23513
24364
26735
29190
31875
31971
33094
33245
36127
36181
39089
39314
40743
41327
41460
43271
Number of cuts: 38

Pine5
348
1123
2765
3545
3568
4876
5579
5610
5938
8034
8103
8148
8340
8682
9056
9558
11411
11939
13701
13791
14563
14802
16329
16775
17163
17525
17832
18667
18967
19391
20184
20236
21920
21941
22366
23273
23492
23624
23933
24635
24941
25040
25061
25223
26580
28035
28565
28697
29211
29315
29619
29874
30356
30776
31590
32006
32600
32636
32846
32915
33161
33542
33704
33725
34409
35112
35154
35277
35468
36417
36536
36749
36827
37041
37166
37814
38138
38504
38678
38757
39294
39416
39659
39905
40178
40568
41174
41630
41995
42789
42816
43143
44490
44772
44991
45411
45913
46010
46458
47006
47856
48240
48447
48567
48828
48834
49822
50215
50540
50591
51511
52080
52409
53127
53822
54076
54234
54373
54697
55688
56048
56539
56584
56797
57357
57593
57643
59046
Number of cuts: 128

Poco6
922
1076
1159
1729
2099
2423
2781
3269
4561
4627
6351
6847
7321
7632
8385
8967
10870
11124
11475
12897
13990
14984
16030
16177
18494
19590
19974
21967
22092
23568
24097
25392
25614
25647
26112
26721
27365
28546
30423
32258
33690
34017
37575
38849
39011
39542
39983
41120
42944
45300
45866
46799
46846
47343
47397
48140
48367
48377
49785
50430
51240
51680
51773
52004
52295
54041
54879
55650
56124
56688
57042
57381
57639
58105
58639
59017
60183
60378
61821
62355
63118
63999
64342
64551
65629
65816
66032
67589
67898
68795
68828
70006
70151
70362
70648
71008
71504
72130
72367
73962
75511
75652
76902
77037
77530
Number of cuts: 105

Rasputin
358
717
1271
3379
4913
6005
6407
6854
11770
12289
13255
16496
17099
17783
17919
18566
19661
19793
21817
22239
23434
23537
26760
29215
31900
31996
33119
33270
36152
36206
39114
39339
40768
41352
41485
43296
Number of cuts: 36

RER2
358
717
1271
3379
4402
4913
5813
6422
6869
11801
12320
17130
17185
17364
17950
19128
19219
19680
19692
19824
20574
21848
23464
23567
24418
26789
29244
31929
32025
33148
33299
36181
36235
39143
39368
40797
41381
41514
43325
Number of cuts: 39

RexFury
358
748
1302
3410
4433
4944
5844
6453
6900
11832
12351
13317
17161
17216
17395
17981
19159
19250
19711
19723
19855
20605
21879
23495
23598
24449
26820
29275
31960
32056
33179
33330
36212
36266
39396
40827
41411
41544
43355
Number of cuts: 39

RGL3
3381
6212
9296
12295
17525
18111
19827
19854
19971
21908
23471
26525
27764
29634
32695
36253
36849
37448
39706
40151
41726
42097
43092
43916
44926
45183
46681
46767
48051
Number of cuts: 29

Rhodalysa
358
717
1271
3379
4402
4913
5813
6422
6869
11801
12320
17130
17364
17950
19128
19219
19680
19692
19824
20574
21848
23464
23567
24418
26789
29244
31929
32025
33148
33299
36181
36235
39143
39368
40797
41381
41514
43325
Number of cuts: 38

StCroix
358
717
1271
3379
4402
4913
5813
6422
6869
11801
12320
17130
17364
17950
19128
19219
19680
19692
19824
20574
21848
23477
23580
24431
26802
29257
31942
32038
33161
33312
36203
36257
36296
39165
39390
40819
41536
43347
Number of cuts: 38

Swann
358
717
1271
3379
4402
4913
5813
6422
6869
11801
12320
17130
17364
17950
19128
19219
19680
19692
19824
20574
21848
23464
23567
24418
26789
29244
31927
32023
33146
33297
36179
36233
39141
39366
40795
41379
41512
43323
Number of cuts: 38

Takoda
358
712
3371
4905
5740
6399
6846
11761
12280
13246
16847
17090
17145
17324
17910
19088
19640
19784
20534
21808
23436
23539
26762
29217
31836
32315
33203
36364
36418
39326
40981
41565
41697
42697
43654
43976
46772
Number of cuts: 37

Trina
1022
2107
3013
3396
4504
6850
7023
8242
8495
11157
11277
12693
13289
13755
16855
17511
17969
20706
22727
28258
30545
31443
31871
33271
34197
34383
35058
38422
39987
40011
40912
41979
42015
48851
49675
49762
50556
51381
52297
55837
56645
56905
57236
57332
59607
60371
60997
61028
61347
61578
62616
62638
62718
63138
70112
71505
71521
73082
73510
73555
74950
76152
77159
78374
79954
81551
83540
84638
92243
93558
94531
97887
98250
98813
99032
100240
102416
104010
104900
106537
106989
107393
108813
109031
110565
114203
114411
115074
119986
120519
120736
123651
126019
127487
132242
135574
135685
137424
138509
Number of cuts: 99

TWAMP
358
717
1271
3379
4402
4913
5813
6422
6869
11801
12320
17130
17364
17950
19128
19219
19680
19692
19824
20574
21848
23464
23567
24418
26789
29244
31929
32025
33148
33299
36181
36235
39143
39368
40797
41381
41514
43325
Number of cuts: 38

UhSalsa
358
717
1271
3379
4402
4913
5813
6422
6869
11801
12320
17130
17364
17950
19128
19219
19680
19692
19824
20574
21848
23464
23567
24419
26790
29245
31862
31958
33232
36123
36177
39307
40738
41322
41455
43266
Number of cuts: 36

Weasels2
881
3155
3240
5336
7166
8315
16326
17278
18101
18351
21933
21975
22152
26097
27650
28035
28126
29331
29499
29748
29921
30187
30375
30544
31289
33511
33878
34775
38033
38189
39832
41735
43086
43103
44900
45032
45333
45726
49140
50990
52680
53073
53445
54058
54126
54877
55406
56455
58882
58902
61199
62507
62682
63342
67776
69362
69880
70485
71583
71646
71688
73311
73358
74596
74641
74812
75838
76327
77966
78823
79786
80818
81842
82106
83222
84916
87157
89460
94687
95762
97748
98654
99169
103423
104318
104560
107480
107527
108219
109678
110365
114222
114234
116511
119121
119782
120751
121556
124195
124557
125094
125361
125566
127246
129223
129513
131010
131701
132586
134860
134945
Number of cuts: 111

Yogi
358
717
1271
3379
4913
6005
6407
6854
11775
12294
13260
16501
17104
17788
17924
18571
19666
19798
21822
23438
23541
24392
26763
29218
31903
31999
33273
34309
36152
36206
36346
36367
39719
41148
41732
41865
43676
46895
Number of cuts: 38

Yoncess
358
717
3379
4913
6005
6407
6854
11775
12294
13260
16501
17104
17788
17924
18571
19666
19798
21263
21822
22244
23439
23542
24393
26764
28350
29219
31683
31779
33053
35935
35989
38543
38897
40551
41135
41269
43084
Number of cuts: 37

