Alatin
Number of cuts:  0

Alpacados
Number of cuts:  0

AngryOrchard
45834
Number of cuts:  1

AppleCloud
Number of cuts:  0

Belenaria
Number of cuts:  0

BobbyDazzler
Number of cuts:  0

Bonanza
46165
Number of cuts:  1

Bradshaw
Number of cuts:  0

Bryce
Number of cuts:  0

ChewyVIII
7743
11417
12261
12955
13120
16927
19167
20947
23852
24274
25307
27291
30633
31336
32576
32594
33851
36017
37960
42682
45630
46959
48070
48208
48947
49189
55363
56335
58309
58600
59346
60019
Number of cuts: 32

CosmicSans
Number of cuts:  0

Dinger
45852
Number of cuts:  1

DocB7
2016
3017
3029
3866
4238
4643
5120
6466
7440
8126
9305
10851
11531
11912
12455
12509
13642
13825
13858
14721
15571
16150
16552
18276
19684
19782
20212
21423
22125
22194
23068
23109
23196
23844
26320
28985
29776
33297
34992
35385
35673
35904
37767
38144
39405
40015
41276
41381
41855
43206
44799
44907
45084
45684
49473
50389
56008
57515
58400
61882
62857
64157
64909
72014
72305
73840
74026
74434
74560
Number of cuts: 69

E3
438
621
3416
6708
7328
10755
12121
13125
13464
15849
16474
17321
20476
22576
22699
22728
24415
26042
26681
27440
28727
29766
30240
34201
34930
36165
44026
46258
50280
51327
53479
58137
59233
62115
64830
69812
70792
70874
71944
73079
74320
74440
78480
81353
83162
83192
83264
84874
85759
86914
88321
91076
91471
91685
91874
93607
93864
96822
99645
100316
102365
102536
106002
110007
113957
114047
114932
117948
118269
121189
122470
123414
123488
123545
124751
125846
128951
131532
132721
133227
133755
134376
136098
137020
137025
137545
140233
140437
Number of cuts: 88

Erik
Number of cuts:  0

Espica
Number of cuts:  0

Finch
1539
2225
3935
6437
11953
14919
20188
28726
33125
33982
34214
39544
45509
57486
58470
59138
61082
71065
74677
76190
84707
87330
88544
95196
98354
101625
108030
110857
111419
117976
122896
124587
127872
134023
Number of cuts: 34

Gollum
Number of cuts:  0

Grayson
4391
5963
22098
22440
23230
30801
33154
36936
44280
44327
48276
51903
51946
61786
78378
84076
84747
86194
98251
109493
111508
116378
Number of cuts: 22

Harlequin
Number of cuts:  0

Hiro
Number of cuts:  0

Jace
Number of cuts:  0

Jester
Number of cuts:  0

Krishelle
46188
Number of cuts:  1

Lillie
Number of cuts:  0

Mahdia
Number of cuts:  0

Naiad
Number of cuts:  0

Nancinator
Number of cuts:  0

Natosaleda
Number of cuts:  0

Partridge
38909
46197
Number of cuts:  2

Pepy6
2250
3560
3608
4855
6390
8460
9186
9565
10739
10816
10960
12079
14710
14751
14977
15466
15610
15934
16690
16773
16780
18630
20685
21524
21577
21674
22839
25369
25526
25969
26073
29880
30377
30873
31057
31370
31723
32159
34643
35012
35618
37087
37137
38775
38781
39109
39262
39750
41088
42244
44402
45080
45481
46629
47277
48845
49003
49012
54246
54872
54930
55533
55653
59540
60861
64623
65053
67886
68143
68437
72777
73853
73951
74138
74779
74821
75032
75742
75964
Number of cuts: 79

Peregrin
6469
7871
14919
21264
21606
29994
31936
34983
35670
39847
43060
43107
44448
50686
51732
56744
60153
62813
73309
78586
87133
90652
94201
95118
97366
109252
112135
115038
117186
Number of cuts: 29

Phrankenstein
Number of cuts:  0

Pine5
540
2197
6476
6728
7349
7382
7709
10759
10868
11314
11401
12991
12998
14595
14725
17606
19080
19190
19922
19997
21061
21331
21592
21736
22077
22486
23185
29843
30829
31131
31795
34119
35195
35752
35854
38110
38527
39745
40855
42021
42581
43142
43460
43487
44606
44762
49617
54038
54627
55233
Number of cuts: 50

Poco6
2488
2983
6584
6855
7164
7749
8256
8746
9253
9927
11891
13145
14246
14426
14619
14711
15464
15677
16410
17086
18226
18370
20269
20821
23114
23546
23696
24669
28678
30623
31410
31899
32218
32396
32894
33395
33748
34013
36665
37034
37640
39109
39159
41284
46238
46900
47643
49517
50360
51682
52293
55421
55754
56380
56438
57041
57161
58107
61180
61904
63388
63971
65355
65472
65530
65800
68566
68637
68638
69367
69589
72555
72926
72987
74039
74571
74785
74959
75400
75465
76041
76083
76300
76936
77010
77098
77232
Number of cuts: 87

Rasputin
Number of cuts:  0

RER2
Number of cuts:  0

RexFury
Number of cuts:  0

RGL3
Number of cuts:  0

Rhodalysa
Number of cuts:  0

StCroix
Number of cuts:  0

Swann
Number of cuts:  0

Takoda
46042
Number of cuts:  1

Trina
43780
111645
Number of cuts:  2

TWAMP
Number of cuts:  0

UhSalsa
Number of cuts:  0

Weasels2
450
456
1724
5113
6121
6232
7124
8436
8805
9630
10475
11222
13029
13104
13272
14652
14819
16115
17985
19249
22466
24274
25240
26353
27102
27179
27471
28135
28586
29453
31239
31968
34610
35294
35438
36545
36974
37090
37180
39554
39566
39803
40367
41098
42163
42868
43907
44137
45125
46001
46112
46520
47162
47200
47251
47501
47548
48167
48683
49205
49624
50822
51868
53307
53737
57592
58072
58095
58803
63668
64418
65069
67363
68908
68928
69928
70791
71513
72715
74819
75316
83801
84321
84389
84522
84726
85754
86017
87032
87816
88272
88992
90515
94005
94253
94292
96186
97723
100807
101395
102230
103377
103489
105300
106635
107050
108620
109991
112781
113040
113634
116365
117100
117335
117456
119797
119977
120224
120305
122520
122911
122916
123871
124148
124230
124500
124502
125353
126137
126356
127425
127809
127997
129001
129251
129357
129478
129631
130183
130867
131039
131044
131050
131073
131201
131237
131246
132155
132161
133429
Number of cuts: 150

Yogi
46165
Number of cuts:  1

Yoncess
Number of cuts:  0

