Alatin
2024
2711
7195
7945
9163
10487
11356
13268
16189
18013
18954
20851
21920
28242
28742
29436
31003
32255
32967
33325
35158
37641
40083
40868
41637
44346
45001
Number of cuts: 27

Alpacados
1977
2673
3834
4157
6300
7142
7892
9093
10417
11292
13204
17949
21802
22480
26852
28147
28647
29341
32160
32872
33230
35060
37534
39976
40691
44169
44824
Number of cuts: 27

AngryOrchard
1969
6283
7125
7875
9076
10400
11275
13187
16827
17932
18873
21785
23408
28106
28606
29300
32053
32442
33120
35220
37694
40922
41690
44388
Number of cuts: 24

AppleCloud
1733
2135
3301
3581
6047
6889
7639
8816
10140
11009
12823
13233
16873
17978
18919
20293
20816
20926
21831
22654
23446
23994
25243
28117
28696
29387
31277
31382
31985
33055
34885
36272
37359
40585
44063
44718
Number of cuts: 36

Belenaria
2024
2711
7195
7945
9163
10487
11356
13268
16189
18013
18954
20851
21866
22544
28176
28676
29368
32121
32833
33191
35033
36420
37507
40733
44211
44866
Number of cuts: 26

BobbyDazzler
2089
2782
3943
4266
5981
7251
8001
9202
10526
11401
13313
18058
21911
22590
23523
28221
28721
29415
32234
32946
33304
35137
37611
38715
40053
40838
44317
44972
Number of cuts: 28

Bonanza
2024
2711
3872
4195
6338
7180
7930
9131
10455
11330
13242
13662
17987
21840
22518
26854
28149
28649
29343
32162
32874
33232
35062
37916
39020
40358
41143
44621
45276
Number of cuts: 29

Bradshaw
2024
2426
6353
7195
7945
9163
10487
11356
13268
16189
18013
18954
20851
21866
22544
28175
28675
29369
30936
32188
32900
33258
35091
37574
40016
40801
41570
44279
44934
Number of cuts: 29

Bryce
2024
2711
3872
4195
5910
7180
7930
9131
10455
11330
13242
16163
17987
21840
22519
23452
28150
28650
29344
31942
32654
33012
34845
37319
38423
39761
40546
44025
44680
Number of cuts: 29

ChewyVIII
2685
3010
4581
5055
5252
5761
10738
13258
13425
14313
14641
14683
15168
18238
19775
20027
21122
21928
22732
23315
29674
29692
29728
29770
36405
39919
40498
41961
42246
42996
44989
47222
49841
51617
53907
54567
54714
57730
59061
60449
61842
62007
63172
64649
64960
66768
66864
66933
67280
67446
68167
Number of cuts: 51

CosmicSans
2024
2426
6353
7195
7945
9163
10487
11356
13268
16189
18013
18954
20851
21866
22544
28175
28675
29369
30936
32188
32900
33258
35091
37565
40007
40792
44270
44925
Number of cuts: 28

Dinger
2020
2422
6334
7176
7926
9127
9837
10451
11326
13238
16878
17983
18924
20298
21836
23460
25285
28159
28738
29430
32057
32446
32769
33127
35233
36620
37707
40936
44406
Number of cuts: 29

DocB7
288
498
1091
7585
8073
8235
10373
14453
16205
17693
24346
27684
30329
32302
32821
34347
34569
35120
37942
39524
39760
43979
45910
46153
47535
47870
49128
50816
51812
52123
52225
59817
60486
60887
61044
61332
62969
64576
64674
65030
65369
65609
66091
69368
69377
69505
69692
69803
69898
70023
71472
72352
72538
72913
73160
73591
74634
75245
Number of cuts: 58

E3
583
1099
2064
2391
2958
3087
3342
5527
6222
7862
7982
10319
12317
13204
15144
15440
16793
19445
19945
21048
23677
25038
25785
28326
28338
29804
29827
30649
30853
31747
36241
36392
37494
38660
38918
41044
42029
42095
42185
46971
49093
51355
52768
53302
57442
59459
62632
65872
67244
67545
68859
69807
69990
71265
71941
72573
73074
74133
74739
74802
76790
78640
79474
79486
82410
85104
86225
87076
89494
90313
95559
96083
103981
104134
104470
104638
105670
105793
106327
107561
108221
111267
111707
115252
115689
118597
118998
119235
119325
121925
125848
126605
127297
127824
130230
130509
131048
131840
132464
133273
133375
134200
134911
136679
139354
139726
Number of cuts: 106

Erik
2024
2711
7195
7945
9162
10486
11355
13267
16188
18012
18953
20850
21865
22543
28173
28673
29367
32120
32832
33190
35023
37497
39939
40623
44101
44756
Number of cuts: 26

Espica
2024
2711
7195
7945
9163
10487
11356
13268
16189
18013
18954
20851
21866
22544
28176
28676
29368
32121
32833
33191
35033
36420
37507
40733
44211
44866
Number of cuts: 26

Finch
410
1421
2069
2084
2476
6020
6308
7408
8467
9342
10925
13150
14587
15986
17994
19486
21824
23058
25232
26822
32578
35548
35718
36180
36902
36985
37633
40625
40813
40842
43197
43524
43782
45387
46686
47313
47719
48303
49164
49913
51821
52094
53039
53156
59353
60801
64206
64776
64793
65856
68088
69098
70832
72396
73297
75072
76138
77410
77797
78329
80821
89716
90297
90848
91916
93923
95152
96094
96798
97492
97570
99119
99287
99475
99822
101837
102115
102962
107150
111944
116287
118922
119202
121379
124665
125929
126477
127015
128681
134033
134786
136736
Number of cuts: 92

Gollum
2024
2711
7195
7945
9163
10487
11356
13268
18013
18954
20851
21866
22544
28175
28675
29367
30934
32186
32898
33256
35089
37563
39949
40734
44212
44867
Number of cuts: 26

Grayson
1390
2610
8210
15105
19226
26133
26785
28720
30104
34072
35858
36577
40437
41285
41287
41467
42463
44551
45964
52263
54516
55319
55697
56320
56895
57057
62440
68002
72064
73467
79073
87610
90133
91641
93889
94778
97007
99421
100783
102031
105102
107223
108436
112303
117658
119350
119475
120450
121260
121629
122849
123095
123996
126006
126232
126753
127077
127366
130291
131511
Number of cuts: 60

Harlequin
2024
2711
3592
3872
6338
7180
7930
9107
10431
11306
13218
16139
17963
21870
22549
23482
28180
28680
29374
31972
32684
33042
34875
37349
40581
44060
44715
Number of cuts: 27

Hiro
2024
2711
3872
4195
5910
7180
7930
9107
10431
11300
13524
17164
18269
20584
21107
21217
22122
22945
23737
28435
28935
29629
32448
33160
33518
35351
37825
38929
40267
41052
44531
45186
Number of cuts: 32

Jace
934
1570
2482
5083
6792
6807
6939
11552
11993
14174
14594
14779
16435
17386
17702
19656
19728
20621
22182
22433
22778
23453
24126
25725
25879
26653
27744
28560
29574
30812
30923
33326
33847
33857
35484
38094
40410
41426
41498
41597
42279
42443
43130
46421
47218
47847
50343
50455
51181
52725
52782
Number of cuts: 51

Jester
2024
2711
3592
3872
6338
7180
7930
9107
10431
11300
13212
16852
17957
21810
22480
23413
28111
28611
29305
31903
32615
32973
34806
37280
40512
43991
44646
Number of cuts: 27

Krishelle
2024
2711
7195
7945
9122
10446
11315
13129
13539
17179
18284
19225
20599
21122
21232
22173
22996
23788
24336
25585
28459
29038
29729
31296
32548
33260
33618
35451
37934
40376
41161
41930
44639
45294
46387
Number of cuts: 35

Lillie
2024
2426
6353
7195
7945
9163
10487
11356
13268
16189
18013
18954
20851
21866
22544
28175
28675
29369
30936
32188
32900
33258
35091
37565
40007
40792
44270
44925
Number of cuts: 28

Mahdia
44
57
495
1316
1397
1976
2012
2468
2791
3875
3946
4447
6186
7569
7781
8300
10601
10826
12029
13316
14174
14255
15395
15443
17944
18706
19494
20392
21501
21975
23071
23503
23660
26120
26724
27977
27991
28251
29970
30467
35925
39806
39867
Number of cuts: 43

Naiad
2024
2711
7195
7945
9163
10487
11356
13268
16189
18013
18954
20851
21866
28188
28688
29382
30949
32201
32913
33271
35104
37587
40029
40814
41583
44292
44947
Number of cuts: 27

Nancinator
2024
2711
7195
7945
9163
10487
11356
13268
16189
18013
18954
20851
21866
22544
28176
28676
29368
32121
32833
33191
35033
36420
37507
40131
43609
44264
Number of cuts: 26

Natosaleda
2024
7195
7945
9163
10487
11356
13268
16189
18013
18954
20851
21866
22544
28175
28675
29367
32120
32832
33190
35032
36419
37506
40732
44210
44865
Number of cuts: 25

Partridge
2083
2485
6397
7239
7989
9190
9900
10514
11389
13301
16941
18046
18987
20361
21899
23523
28258
28837
29529
31622
32348
32737
33415
35389
36776
37864
41093
44752
Number of cuts: 28

Pepy6
3930
10335
12161
14902
15729
19664
20186
22070
23975
25803
28483
29341
30009
30210
30390
30447
32910
36857
37682
37889
46380
49756
50000
51200
52195
53512
59908
61635
62247
62878
63349
64181
64285
65605
67025
69829
72907
72995
73337
Number of cuts: 39

Peregrin
1980
2833
7520
14463
24686
25710
26362
28234
32854
33339
34640
36506
39217
40065
40067
40454
41243
43331
51046
53299
54102
55424
60807
66427
70474
71655
71877
72213
75339
77180
79463
91072
92612
96040
97867
99276
99572
102431
106846
107498
111421
114657
116468
117954
118466
119628
120613
121883
123734
124762
125842
127466
127790
128109
128402
132049
132902
Number of cuts: 57

Phrankenstein
2024
2711
7195
7945
9163
10487
11356
13268
16189
18013
18954
20851
21812
22490
28121
28621
29315
32134
32846
33204
35037
37511
39953
40738
44216
44871
Number of cuts: 26

Pine5
1968
2331
2543
2669
7602
9101
9511
10412
11638
13527
15043
15045
15558
17507
17900
18312
18546
19323
22277
22559
22637
24944
25067
27264
30045
30692
30896
30941
31303
32372
32374
34660
34747
35293
38223
38703
40086
41620
41845
42112
42169
44662
46489
47815
48361
48537
48622
48766
49726
51460
51596
52427
52987
54079
54637
57214
Number of cuts: 56

Poco6
1142
4825
6606
13051
13765
22208
24092
25988
27816
28648
28994
30502
32028
38270
38551
41671
42217
45079
46636
51512
53028
53704
60144
60716
61311
67760
67847
70178
73351
73771
74169
74257
74599
75464
75823
Number of cuts: 35

Rasputin
2024
2711
5910
7180
7930
9132
9793
11325
13237
17982
21835
22514
23447
28146
28646
29340
32159
32871
33229
35062
37536
39978
40763
44241
44896
Number of cuts: 25

RER2
2024
2426
6353
7195
7945
9163
10487
11356
13268
16189
16908
18013
18954
21866
22544
23477
26880
28175
28675
29369
30936
32188
32900
33258
35091
36478
37565
40007
40792
44270
44925
Number of cuts: 31

RexFury
2055
2742
7226
7976
9194
10518
11387
13299
16220
18044
18985
20882
21897
22575
28206
28706
29400
32219
32931
33289
35122
36509
37596
40822
44300
44955
Number of cuts: 26

RGL3
122
2023
2266
2428
3594
7935
8472
9129
10456
10789
12439
12568
13393
16098
16104
16353
19884
20496
20679
23166
23280
23958
24463
25792
29163
30276
32132
33904
34400
36047
37940
38574
40054
41466
41974
42234
44077
44726
45458
46664
Number of cuts: 40

Rhodalysa
2024
2426
6353
7195
7945
9163
10487
11356
13268
16189
18013
18954
20851
21866
22544
28175
28675
29369
30936
32188
32900
33258
35091
37565
40007
40792
44270
44925
Number of cuts: 28

StCroix
2024
2711
7195
7945
9163
10487
11356
13268
16189
18013
18954
20851
21866
28188
28688
29382
30949
32201
32913
33271
35104
37587
40029
40814
41583
44292
44947
Number of cuts: 27

Swann
2024
2711
6353
7195
7945
9163
10487
11356
13268
16189
18013
18954
20851
21866
22544
28175
28675
29367
30934
32186
32898
33256
35089
36476
37563
40005
40790
44268
44923
Number of cuts: 29

Takoda
2016
2418
6330
7172
7922
9123
10447
11316
13228
16868
17973
18914
21826
23449
28148
28648
29342
32095
32484
32804
33162
35274
37748
40976
41744
44596
Number of cuts: 26

Trina
1351
1948
2502
3752
5626
5680
10012
10603
11820
19395
19480
20735
21117
21843
22396
24710
25533
25741
26308
27930
31772
31936
32089
34222
35852
36952
37963
37965
38190
39411
39447
40634
41474
42451
44524
44612
45601
45721
48334
49109
51694
63797
63825
66225
69238
69340
71103
71165
74519
77138
78264
78414
78416
79691
81339
81827
83412
83701
84041
84166
84325
85713
86096
86139
92131
93663
93939
94224
94886
95039
96411
98630
99609
102379
103203
105030
109923
111423
113420
113653
118881
119186
123597
123636
124402
125874
126748
127133
128385
128946
129590
130453
134332
134988
137753
138350
138904
Number of cuts: 97

TWAMP
2024
2426
6353
7195
7945
9163
10487
11356
13268
16189
18013
18954
20851
21866
22544
28175
28675
29369
30936
32188
32900
33258
35091
37565
40007
40792
44270
44925
Number of cuts: 28

UhSalsa
2024
2711
7195
7945
9163
10487
11356
13268
16189
18013
18954
20851
21866
22544
28176
28676
29368
32121
32833
33191
35033
36420
37507
40733
44211
44866
Number of cuts: 26

Weasels2
691
2620
3219
3943
7120
11646
15400
23126
25713
26858
26970
28233
36186
40061
40440
41730
54804
54860
55238
55717
56579
59596
61953
64612
66310
67421
69269
71181
71578
72505
72683
74784
80156
81957
84316
93026
95109
98108
100052
104516
105662
107682
108023
110769
110825
121020
121729
124870
126092
127856
128417
129106
130533
131116
132396
134325
134924
Number of cuts: 57

Yogi
2024
2711
3872
4195
6338
7180
7930
9131
10455
11330
13242
13662
17987
21840
22518
26854
28149
28649
29343
32162
32874
33232
35062
37916
39020
40358
41143
44621
45276
Number of cuts: 29

Yoncess
2024
2711
3872
4195
5910
6338
7180
7930
9131
10455
11330
13242
17987
21840
22519
23452
28150
28650
29344
31942
32654
33012
34845
37319
38423
39761
40546
44029
44684
Number of cuts: 29

