Alatin
2239
3123
3951
6996
8782
10522
10534
10657
12380
14329
15872
20195
21578
21593
21718
21760
22285
26679
27098
27154
28143
28790
30935
30972
31398
35411
35996
39694
41753
Number of cuts: 29

Alpacados
5411
6943
8353
9714
10452
10587
12316
14265
17116
17275
20131
20579
21460
21475
21609
21753
22250
26368
27003
27059
28048
28695
35313
35898
39433
39587
41576
Number of cuts: 27

AngryOrchard
2184
3068
3896
5394
6926
8336
9697
10435
10570
12299
13225
14248
17099
19241
20114
20562
21443
21458
21736
21952
22149
26327
26962
27018
28654
30770
31196
35473
38845
40460
41806
Number of cuts: 31

AppleCloud
1948
2832
5158
6204
6690
6715
8100
8459
10310
10541
13156
13533
15837
16252
17145
20608
21489
21782
21917
23123
26338
26973
27029
27177
28744
30665
30702
32437
33423
35138
35723
38166
39255
39409
41470
Number of cuts: 35

Belenaria
2239
3123
3951
6996
8782
10522
10534
10657
12380
14329
15872
20195
21524
21539
21664
21706
21817
21989
22314
26397
27032
27088
27236
28077
28724
30801
34315
35286
38314
39403
39557
41618
Number of cuts: 32

BobbyDazzler
2310
4022
5520
7052
8462
9823
10561
10696
12425
14374
17225
17384
20240
20688
21569
21584
21862
26442
27077
27133
28122
28769
30951
34419
35390
35975
39510
39664
41724
44227
Number of cuts: 30

Bonanza
2239
3123
5449
6981
8391
9752
10490
10625
12354
14303
17154
17313
20169
20617
21498
21513
21647
21791
22288
26370
27005
27061
28050
28697
35315
35900
39815
39969
42028
44531
46850
Number of cuts: 31

Bradshaw
2239
3123
3951
6996
8782
10522
10534
10657
12380
14329
15872
20195
20643
21524
21539
21664
21706
22314
27031
27087
28076
28723
30868
30905
31331
35344
35929
39627
41686
Number of cuts: 29

Bryce
2239
5449
6981
8391
9752
10490
10625
12354
14303
17154
17313
20169
20617
21498
21513
21791
26371
27006
27062
28051
28698
30622
34127
35098
35683
39218
39372
41432
43935
Number of cuts: 29

ChewyVIII
41834
42302
Number of cuts:  2

CosmicSans
2239
3123
3951
6996
8782
10522
10534
10657
12380
14329
15872
20195
20643
21524
21539
21664
21706
21989
22314
26396
27031
27087
28076
28723
30868
30905
31331
35344
35929
39618
41677
44180
Number of cuts: 32

Dinger
2235
3119
3947
5445
6977
8387
8746
9748
10486
10621
10858
12350
14299
17150
20613
21494
21509
21643
21787
22201
22611
26380
27015
27071
27219
28786
30774
31200
31924
34515
35486
40473
41821
Number of cuts: 33

DocB7
8480
19014
68586
69931
Number of cuts:  4

E3
5620
7874
9908
11675
17502
17609
18985
20585
25808
30202
30286
30355
30610
37092
42454
45487
48597
48899
51417
52369
52501
55793
55901
58280
61374
62261
64374
68692
76167
79462
81877
83507
85169
89677
101690
102288
109289
127602
129913
131912
132897
133107
141420
Number of cuts: 43

Erik
2239
3123
3951
6996
8781
10521
10533
10656
12379
14328
15871
20194
21523
21538
21663
21705
21816
21988
22313
26394
27029
27085
27233
28074
28721
30800
31263
35276
35861
39550
41508
Number of cuts: 31

Espica
2239
3123
3951
6996
8782
10522
10534
10657
12380
14329
15872
20195
21524
21539
21664
21706
21817
21989
22314
26397
27032
27088
27236
28077
28724
30801
34315
35286
35871
38314
39403
39557
41618
Number of cuts: 33

Finch
2865
3151
5621
6480
9480
13770
14718
15410
18680
19752
23972
25603
30243
32342
33733
35364
36470
39430
41290
41435
41948
42683
45875
46550
50532
51713
52474
53747
54258
54599
56777
57280
58933
58999
61745
63899
70718
72558
73665
82000
83880
88418
89599
90940
92581
93396
93481
99499
99704
100769
101001
101657
104920
109303
110419
110600
110608
110702
128637
128990
129330
131543
131753
133855
134313
137167
138192
Number of cuts: 67

Gollum
2239
3123
3951
6996
8782
10522
10534
10657
12380
14329
15872
17180
20195
21524
21539
21664
21706
21817
21989
22314
27031
27087
27235
28076
28723
30866
30903
35342
35927
38370
39459
39613
41619
44122
Number of cuts: 34

Grayson
7312
9173
11616
40562
55897
75035
96905
104205
106963
109623
111198
122427
123362
Number of cuts: 13

Harlequin
2239
5789
6981
8391
8750
9728
10466
10601
12330
14279
17130
17289
20145
20593
21528
21543
21821
26401
27036
27092
28081
28728
30652
34157
35128
35713
41467
43970
Number of cuts: 28

Hiro
2239
3951
5449
6981
8391
8750
10601
10832
13447
13824
16128
16543
17436
19578
20899
21780
22073
22208
23414
26656
27291
27347
28336
28983
31165
35604
36189
39724
39878
41938
44441
Number of cuts: 31

Jace
8845
28786
48938
Number of cuts:  3

Jester
2239
5789
6981
8391
8750
10466
10601
12324
15816
16231
17124
20139
20587
21468
21483
21761
26332
26967
27023
28012
28659
30583
34088
35059
35644
41398
43901
Number of cuts: 27

Krishelle
2239
3123
3951
6996
8406
8765
10616
10847
13462
13839
16143
16558
17451
20914
21831
22124
22259
23465
26680
27315
27371
27519
29086
31228
31265
31691
35704
36289
39987
42046
Number of cuts: 30

Lillie
2239
3123
3951
6996
8782
10522
10534
10657
12380
14329
15872
20195
20643
21524
21539
21664
21706
21989
22314
26396
27031
27087
28076
28723
30868
30905
31331
35344
35929
39618
41677
44180
Number of cuts: 32

Mahdia
5312
7498
11059
11641
12232
12730
14305
14940
20469
21548
26136
27063
33325
35272
36979
37514
37598
38743
41779
Number of cuts: 19

Naiad
2239
3123
3951
6996
8782
10522
10534
10657
12380
14329
15872
20195
21524
21539
21664
21706
22231
26625
27044
27100
28089
28736
30881
30918
31344
35357
35942
39640
41699
Number of cuts: 29

Nancinator
2239
3123
3951
6996
8782
10522
10534
10657
12380
14329
15872
20195
21524
21539
21664
21706
21817
21989
22314
26397
27032
27088
27236
28077
28724
30801
34315
35286
35871
38314
39403
41016
Number of cuts: 32

Natosaleda
2239
3123
3951
6996
8782
10522
10534
10657
12380
14329
15872
20195
21524
21539
21664
21706
21817
21989
22314
26396
27031
27087
27235
28076
28723
30800
34314
35285
35870
38313
39402
39556
41617
Number of cuts: 33

Partridge
2175
2298
3182
4010
5508
7040
8450
8809
9811
10549
10684
10921
12413
14362
17213
20676
21557
21572
21706
21850
22264
22674
26479
27114
27170
27318
28885
31065
31491
34415
34671
35642
40630
41978
Number of cuts: 34

Pepy6
625
2593
6570
8671
9219
16197
24852
27409
29774
29913
30131
32090
36128
36373
58506
66359
72557
Number of cuts: 17

Peregrin
8487
9991
10930
39342
99962
104493
104610
107238
110859
120619
125029
Number of cuts: 11

Phrankenstein
2239
3123
3951
6996
8782
9784
10522
10534
10657
12380
14329
15872
20195
21470
21485
21610
21652
21763
21935
22260
26342
26977
27033
27181
28022
28669
30814
35290
35875
39564
41623
44126
Number of cuts: 32

Pine5
1363
3548
12394
12827
13794
14321
15438
23371
23668
24343
24607
24716
28261
29130
29943
32765
33898
34203
42768
48090
48795
56043
56907
57025
59091
Number of cuts: 25

Poco6
1868
6356
8043
12102
15346
21571
21841
25097
26102
26865
31793
31932
32150
34115
45713
58029
58061
66312
73819
74556
Number of cuts: 20

Rasputin
2239
3123
3951
5449
6981
8392
9753
10491
10503
10626
12349
14298
17149
17308
20164
20612
21493
21508
21642
26367
27002
27058
27206
28047
28694
30839
31302
35315
35900
39589
41648
Number of cuts: 31

RER2
2239
3123
3951
6996
8782
10522
10534
10657
12380
14329
15872
17180
20195
20643
21524
21539
21664
21706
21817
21989
22314
26396
27031
27087
28076
28723
30868
30905
31331
35344
39618
41677
Number of cuts: 32

RexFury
2270
3154
3982
7027
8813
9815
10553
10565
10688
12411
13222
14360
15903
17211
20226
20674
21555
21570
21695
21737
21848
22020
22345
26427
27062
27118
27266
28107
28754
30899
31362
35375
35960
38403
39492
39646
41707
44210
Number of cuts: 38

RGL3
1726
3125
3953
5791
6862
8772
9530
10491
10626
12316
12840
15819
17341
18553
21689
22294
22675
23635
32372
33286
34454
36830
43225
Number of cuts: 23

Rhodalysa
2239
3123
3951
6996
8782
10522
10534
10657
12380
14329
15872
20195
20643
21524
21539
21664
21706
21989
22314
26396
27031
27087
28076
28723
30868
30905
31331
35344
35929
39618
41677
44180
Number of cuts: 32

StCroix
2239
3123
3951
6996
8782
10522
10534
10657
12380
14329
15872
20195
21524
21539
21664
21706
22231
26625
27044
27100
28089
28736
30881
30918
31344
35357
35942
39640
41699
Number of cuts: 29

Swann
2239
3123
3951
6996
8782
10522
10534
10657
12380
14329
15872
20195
21524
21539
21664
21706
21817
21989
22314
26396
27031
27087
27235
28076
28723
30866
30903
31329
35342
39616
41675
Number of cuts: 31

Takoda
2231
3115
3943
5441
6973
8383
9744
10482
10617
12340
13266
14289
17140
19282
20603
21484
21499
21633
21777
21993
22190
26369
27004
27060
28696
30812
31238
34556
35527
38899
40514
41860
Number of cuts: 32

Trina
12017
14678
22749
30573
87447
92828
109661
113725
124148
127876
131061
135065
Number of cuts: 12

TWAMP
2239
3123
3951
6996
8782
10522
10534
10657
12380
14329
15872
20195
20643
21524
21539
21664
21706
21989
22314
26396
27031
27087
28076
28723
30868
30905
31331
35344
35929
39618
41677
44180
Number of cuts: 32

UhSalsa
2239
3123
3951
6996
8782
10522
10534
10657
12380
14329
15872
20195
21524
21539
21664
21706
21817
21989
22314
26397
27032
27088
27236
28077
28724
30801
34315
35286
35871
38314
39403
39557
41618
Number of cuts: 33

Weasels2
6209
30530
116250
122474
Number of cuts:  4

Yogi
2239
3123
5449
6981
8391
9752
10490
10625
12354
14303
17154
17313
20169
20617
21498
21513
21647
21791
22288
26370
27005
27061
28050
28697
35315
35900
39815
39969
42028
44531
46848
Number of cuts: 31

Yoncess
2239
5449
6981
8391
9752
10490
10625
12354
14303
17154
17313
20169
20617
21498
21513
21791
26371
27006
27062
28051
28698
30659
34127
35098
35683
39218
39372
41432
43939
Number of cuts: 29

