Alatin
2712
2754
8594
12384
13779
14835
15126
15873
19759
21815
28047
33373
34168
34520
40635
40834
42990
45977
Number of cuts: 18

Alpacados
2674
2716
8905
9807
12320
12536
13715
15062
19695
21697
27952
33278
34073
34422
40458
40657
45800
Number of cuts: 17

AngryOrchard
9790
12303
12519
13698
15045
19678
21680
21826
32396
33168
34233
36557
45905
Number of cuts: 13

AppleCloud
2421
11883
13744
14800
15838
19724
21726
33103
33892
38964
40551
42707
45694
Number of cuts: 13

Belenaria
2712
2754
8594
12384
13779
14835
15126
15873
19759
27981
33239
34034
39112
40699
42855
45842
Number of cuts: 16

BobbyDazzler
2783
2825
9916
12429
12645
13824
15171
19804
21806
28026
33352
34147
34499
40605
40804
45948
Number of cuts: 16

Bonanza
2712
2754
8943
9845
12358
12574
13753
15100
19733
21735
27954
33280
34075
34424
40910
41109
43265
46237
Number of cuts: 18

Bradshaw
8594
12384
13779
14835
15126
15873
19759
21761
27980
33306
34101
34453
40568
40767
42923
45910
Number of cuts: 16

Bryce
2712
2754
9845
12358
12574
13753
15100
19733
21735
27955
33060
33855
34207
40313
40512
45656
Number of cuts: 16

ChewyVIII
338
2434
3325
10307
12363
14252
14564
15412
16466
18676
20483
22643
24902
27252
28401
29039
29771
30562
30829
32234
34345
34948
35584
35869
44150
45453
45798
46593
48130
49845
49929
50367
60604
64868
65146
Number of cuts: 35

CosmicSans
8594
12384
13779
14835
15126
15873
19759
21761
27980
33306
34101
34453
40559
40758
42914
45901
Number of cuts: 16

Dinger
2708
9841
12354
12570
13749
15096
19729
20380
33175
34234
34595
40702
40902
45924
Number of cuts: 14

DocB7
753
793
955
1754
3750
9494
12018
12645
16672
17095
23096
24886
26018
28711
29242
31403
32557
34253
35934
36584
40021
41732
44147
44303
44554
47157
50017
54449
59138
60618
60637
60811
61252
Number of cuts: 33

E3
156
2908
4309
5575
6301
8896
13964
19357
26347
28153
28748
29549
30032
33009
34623
36883
37210
37324
37699
41223
42858
49151
50055
51585
52686
53317
58416
72202
72574
74740
76503
77622
79337
81735
87454
87588
87796
91037
102564
102795
115336
117206
119935
121051
123445
125890
132181
133905
137649
140547
141219
Number of cuts: 51

Erik
2712
2754
8594
12383
13778
14834
15125
15872
19758
27978
33238
34033
34385
40390
40589
42745
45732
Number of cuts: 17

Espica
2712
2754
8594
12384
13779
14835
15126
15873
19759
27981
33239
34034
39112
40699
42855
45842
Number of cuts: 16

Finch
4094
12528
20551
21528
24608
25839
26340
29286
45688
54561
61270
65506
69324
78500
78527
78630
88678
91543
101225
104322
105776
110529
117808
118324
125922
134790
Number of cuts: 26

Gollum
2712
2754
8594
12384
13779
14835
15126
15873
19759
27980
33304
34099
34451
39168
40501
40700
42856
45843
Number of cuts: 18

Grayson
27848
29902
32982
46762
58539
71272
77064
114810
117629
120438
126077
126660
Number of cuts: 12

Harlequin
2712
2754
9821
12334
12550
13729
15076
19709
21765
27985
33090
33885
34237
45691
Number of cuts: 14

Hiro
2712
2754
12174
14035
15091
16129
20015
22017
28240
33566
34361
34713
40819
41018
46162
Number of cuts: 15

Jace
397
1319
6149
9461
9767
10568
11493
11778
12042
13215
17820
21604
44337
45543
48224
51400
Number of cuts: 16

Jester
2712
2754
12544
13723
14779
15817
19703
21705
27916
33021
33816
34168
45622
Number of cuts: 13

Krishelle
2712
2754
12189
14050
15106
16144
20030
22068
33666
34461
34813
40928
41127
43283
46260
Number of cuts: 15

Lillie
8594
12384
13779
14835
15126
15873
19759
21761
27980
33306
34101
34453
40559
40758
42914
45901
Number of cuts: 16

Mahdia
Number of cuts:  0

Naiad
2712
2754
8594
12384
13779
14835
15126
15873
19759
21761
27993
33319
34114
34466
40581
40780
42936
45923
Number of cuts: 18

Nancinator
2712
2754
8594
12384
13779
14835
15126
15873
19759
27981
33239
34034
39112
39898
40097
42253
45240
Number of cuts: 17

Natosaleda
2754
8594
12384
13779
14835
15126
15873
19759
27980
33238
34033
39111
40698
42854
45833
Number of cuts: 15

Partridge
2771
9904
12417
12633
13812
15159
19792
20443
33463
34390
34751
41059
46269
Number of cuts: 13

Pepy6
1043
5703
6090
11945
12059
12992
20168
22906
26540
29388
31946
41683
43491
46777
47126
51716
52522
53240
54171
57621
58316
64787
64865
66230
67068
67160
74163
Number of cuts: 27

Peregrin
1127
3249
5586
8504
13549
26677
27362
29416
45542
56906
62955
69682
74935
114814
121871
129193
131196
Number of cuts: 17

Phrankenstein
2712
2754
8594
12384
13779
14835
15126
15873
19759
27926
33252
34047
34399
40505
40704
42860
45847
Number of cuts: 17

Pine5
1789
4375
7258
9239
10160
10506
16540
20976
21330
26009
27169
27544
27625
29749
30897
32674
33663
36605
44031
46899
48216
49023
50208
51564
54608
55524
Number of cuts: 26

Poco6
4741
4826
11131
14362
14836
16443
24913
32919
43482
45317
46806
51687
53225
54030
54748
55679
57539
58225
58467
59294
61100
64931
65609
68438
70358
Number of cuts: 25

Rasputin
2712
2754
9846
12353
12569
13748
15095
19728
21730
27951
33277
34072
34424
40530
40729
42885
45872
Number of cuts: 17

RER2
8594
12384
13779
14835
15126
15873
19759
27980
33306
34101
34453
40559
40758
42914
45901
Number of cuts: 15

RexFury
2743
2785
8625
12415
12631
13810
14866
15157
15904
19790
28011
33337
34132
34484
39201
40788
42944
45931
Number of cuts: 18

RGL3
2714
5142
8239
13873
19906
23566
23930
28967
29215
30661
35036
40809
45179
46494
47428
Number of cuts: 15

Rhodalysa
8594
12384
13779
14835
15126
15873
19759
21761
27980
33306
34101
34453
40559
40758
42914
45901
Number of cuts: 16

StCroix
2712
2754
8594
12384
13779
14835
15126
15873
19759
21761
27993
33319
34114
34466
40581
40780
42936
45923
Number of cuts: 18

Swann
2712
2754
8594
12384
13779
14835
15126
15873
19759
27980
33304
34099
34451
40557
40756
42912
45899
Number of cuts: 17

Takoda
9837
12344
12560
13739
15086
19719
21721
21867
27855
33210
34275
36611
40942
46114
Number of cuts: 14

Trina
14448
18657
28941
32813
59298
108485
109817
116868
128327
135127
Number of cuts: 10

TWAMP
8594
12384
13779
14835
15126
15873
19759
21761
27980
33306
34101
34453
40559
40758
42914
45901
Number of cuts: 16

UhSalsa
2712
2754
8594
12384
13779
14835
15126
15873
19759
27981
33239
34034
39112
40699
42855
45842
Number of cuts: 16

Weasels2
5155
9521
14551
29415
63937
70693
82627
85327
87306
105796
106107
106120
115797
123817
123834
125033
125947
130633
Number of cuts: 18

Yogi
2712
2754
8943
9845
12358
12574
13753
15100
19733
21735
27954
33280
34075
34424
40910
41109
43265
46237
Number of cuts: 18

Yoncess
2712
2754
9845
12358
12574
13753
15100
19733
21735
27955
33060
33855
34207
40313
40512
42672
45660
Number of cuts: 17

