Alatin
2500
24206
39398
40185
Number of cuts:  4

Alpacados
2462
21801
24075
30392
37359
39291
Number of cuts:  6

AngryOrchard
2445
17615
24071
30285
37519
39451
45152
Number of cuts:  7

AppleCloud
2209
17661
24091
30217
39116
39900
Number of cuts:  6

Belenaria
2500
24140
30353
39264
40048
Number of cuts:  5

BobbyDazzler
2571
21910
24185
30466
39368
40155
Number of cuts:  6

Bonanza
2500
21839
24113
30394
37741
39673
40460
Number of cuts:  7

Bradshaw
2500
24139
39331
40118
Number of cuts:  4

Bryce
2500
21839
24114
30174
39076
39863
Number of cuts:  6

ChewyVIII
6964
11408
11421
19724
26086
29640
35337
44130
45739
45955
47013
48788
50170
57284
59421
60623
62967
67988
69110
Number of cuts: 19

CosmicSans
2500
24139
39322
40109
Number of cuts:  4

Dinger
2496
17666
22585
24123
30289
37532
39464
45170
Number of cuts:  8

DocB7
10770
13522
15644
22497
32984
38626
41433
51979
53416
56429
58110
67173
71840
72177
Number of cuts: 14

E3
3884
6362
12064
12541
13758
13804
16076
16339
17228
17907
17943
23187
24310
28116
28999
32646
32695
42358
44159
49884
50349
50850
51552
55810
57795
58569
60506
70034
72308
72649
73769
76726
78813
78987
79596
80750
85223
87120
88103
90090
93975
95690
103986
106512
108826
113190
113265
114949
115189
117993
118515
119330
120219
121216
129744
130260
131786
135207
135885
137017
138131
139725
139932
141421
142381
Number of cuts: 65

Erik
2500
24137
30352
39254
40041
Number of cuts:  5

Espica
2500
24140
30353
39264
40048
Number of cuts:  5

Finch
3333
5609
10314
10407
14383
14541
19656
20038
21895
22173
22728
23324
24622
25873
27564
28118
28535
30604
31635
34332
34455
35001
38099
43975
44796
45123
46409
46595
47114
49795
52099
54451
54478
57964
59370
62514
63950
69380
69832
71250
71331
78089
81743
82904
84329
86851
87545
91215
93887
94232
95799
96051
100797
101749
103319
107168
107951
108694
109026
110479
117253
121444
122772
124805
124904
126999
127501
130805
130979
131324
131408
131900
132278
132551
132578
134083
135102
137564
138537
Number of cuts: 79

Gollum
2500
24139
37388
39320
40051
Number of cuts:  5

Grayson
19835
42464
55492
64395
91530
97763
108697
Number of cuts:  7

Harlequin
2500
21869
24144
30204
39106
Number of cuts:  5

Hiro
2500
17952
24399
30680
39582
40369
Number of cuts:  6

Jace
2445
2745
3009
3309
4294
5107
19899
29839
33325
34690
34871
37589
38624
39309
39694
40399
46216
46600
46861
48029
50346
50856
Number of cuts: 22

Jester
2500
17640
21809
24075
30135
39037
Number of cuts:  6

Krishelle
2500
17967
24433
39691
40478
Number of cuts:  5

Lillie
2500
24139
39322
40109
Number of cuts:  4

Mahdia
443
1819
2989
3247
7759
10543
11554
15891
19274
20379
20397
21404
22046
26053
26355
26434
26950
29430
29769
30357
33352
35151
35750
39671
39976
41382
41595
Number of cuts: 27

Naiad
2500
24152
39344
40131
Number of cuts:  4

Nancinator
2500
24140
30353
39264
Number of cuts:  4

Natosaleda
2500
24139
30352
39263
40047
Number of cuts:  5

Partridge
2559
4367
17729
22648
24186
30580
37689
39621
45515
Number of cuts:  9

Pepy6
1558
2523
5991
8884
14623
16138
17250
18241
19427
20437
23591
23664
25487
25733
26959
27849
34981
35297
36205
37276
39262
39749
47091
48085
61010
64922
70063
72572
76656
Number of cuts: 29

Peregrin
3315
8917
32030
41244
48273
54275
58520
90961
104715
108454
Number of cuts: 10

Phrankenstein
2500
24085
30366
39268
40055
Number of cuts:  5

Pine5
3475
4705
4861
14017
22399
24080
38612
43605
44058
46482
49058
50113
54640
Number of cuts: 13

Poco6
637
1555
17672
18062
18898
19886
21449
22459
25677
31469
37003
38227
45294
49293
57480
63194
67413
67864
73834
Number of cuts: 19

Rasputin
2500
24110
30391
39293
40080
Number of cuts:  5

RER2
2500
24139
30420
39322
40109
Number of cuts:  5

RexFury
2531
24170
30451
39353
40137
Number of cuts:  5

RGL3
3746
9751
16103
17857
19889
24347
24539
29843
31090
34127
36480
39362
41399
46415
Number of cuts: 14

Rhodalysa
2500
24139
39322
40109
Number of cuts:  4

StCroix
2500
24152
39344
40131
Number of cuts:  4

Swann
2500
24139
39320
40107
Number of cuts:  4

Takoda
2492
17656
24112
30327
37573
39505
45360
Number of cuts:  7

Trina
748
1016
8607
9420
27632
42351
49130
59588
68372
70545
114935
128660
134691
137150
137418
Number of cuts: 15

TWAMP
2500
24139
39322
40109
Number of cuts:  4

UhSalsa
2500
24140
30353
39264
40048
Number of cuts:  5

Weasels2
3224
19477
23026
33682
41004
49045
72587
82016
84942
94998
111618
111620
134929
Number of cuts: 13

Yogi
2500
21839
24113
30394
37741
39673
40460
Number of cuts:  7

Yoncess
2500
20666
21839
24114
30174
39076
39863
Number of cuts:  7

