Alatin
260
433
524
1256
1281
1286
1479
1512
1598
1711
2041
2224
3033
3235
3709
4244
4514
4990
5104
5312
5347
5402
5578
5734
5773
6046
6133
6364
6372
6483
7008
7125
7308
7457
7473
7826
7993
8010
8476
8609
8627
8772
9227
9523
9760
9853
9943
10025
10144
10186
10365
10382
10707
10839
10941
11375
11612
11710
12280
13031
13149
13206
13227
13350
13563
13725
13899
13932
14525
14679
15025
15036
15204
15249
15497
15779
15824
16106
16298
16304
16387
16465
16477
16717
17584
17624
17648
17938
18326
18411
19499
19804
19830
20048
20097
20816
21325
21675
22710
22854
23016
23166
23241
23292
23451
23610
23947
24366
24714
25330
25736
25838
25868
25924
26283
26304
26337
26505
26523
26596
26607
26740
27126
27433
27565
28254
28320
28445
28535
28650
28862
28925
29464
30389
30869
30910
31406
31586
31961
32099
32407
32529
32860
33255
33821
33833
34134
34143
34379
34892
34954
35318
35338
35811
35952
35970
36318
36979
37054
37141
37341
37815
37869
38182
38463
38875
38898
39006
39187
39262
39312
39416
39734
39809
40163
40698
40711
40916
40958
41183
41239
41262
41508
41616
41724
41924
41987
42133
42176
42804
42902
43306
43318
43459
43536
43913
43968
44037
44139
44363
44399
44646
44670
44881
44935
44992
45612
45649
Number of cuts: 208

Alpacados
260
433
524
780
1256
1281
1286
1479
1512
1663
2995
3197
4206
4476
4952
5066
5274
5540
5696
5735
6008
6095
6319
6430
6955
7072
7255
7404
7773
7940
7957
8145
8187
8420
8463
8553
8702
8893
9453
9873
9955
10116
10129
10295
10312
10637
10775
10877
11311
11548
11646
12216
12543
12967
13085
13142
13163
13286
13661
13835
14017
14615
14961
14972
15140
15185
15239
15389
15433
15760
16042
16234
16240
16246
16401
16413
16653
17520
17560
17584
17874
18262
18298
18347
19435
19525
19740
20752
21004
21261
21557
22723
22885
23035
23110
23161
23320
23479
23816
24235
24583
25199
25641
25743
25829
26155
26167
26209
26230
26242
26410
26501
26512
26645
27031
27338
27470
28159
28225
28350
28440
28767
28830
29056
30294
30774
30815
31311
31491
31593
31866
32004
32312
32434
32765
33726
33738
34039
34048
34284
34496
34794
34856
35220
35240
35713
35854
35872
35945
36211
36872
36947
37034
37234
37708
37762
38075
38356
38749
38768
39080
39309
39627
39702
39768
40521
40534
40739
40759
40781
40932
41006
41062
41085
41331
41439
41556
41747
41810
41956
42627
42725
43129
43141
43359
43736
43791
43860
43962
43970
44186
44222
44469
44493
44704
44758
44815
45006
45435
45472
Number of cuts: 200

AngryOrchard
218
260
284
525
775
1249
1279
1424
1505
1656
1986
2978
3180
3557
3654
4189
4459
4935
5049
5257
5292
5523
5679
5718
5991
6078
6294
6302
6938
7055
7238
7387
7403
7756
7923
7940
8128
8170
8403
8446
8536
8685
9436
9780
9856
9938
10099
10112
10278
10295
10602
10620
10758
10860
11294
11531
11629
12199
12526
12950
13068
13125
13146
13269
13501
13644
13851
14000
14358
14598
14944
14955
15123
15168
15222
15416
15698
15743
16025
16217
16223
16229
16384
16396
16636
17503
17543
17567
17857
18245
18330
19418
19508
19723
20016
21244
21340
21540
21604
22574
22718
22880
23030
23105
23156
23315
23474
23812
23979
24231
24579
25195
25290
25498
25601
25703
25733
26115
26148
26169
26175
26190
26266
26387
26460
26471
26604
27297
27429
28118
28184
28399
28545
28726
28789
29015
29779
30187
30667
30708
31204
31384
31486
31759
31897
32327
33050
33493
33681
33886
33898
34199
34208
34444
34954
35016
35380
35400
35873
36014
36032
36371
37032
37107
37194
37394
37868
37922
38039
38235
38516
38928
38951
39179
39240
39469
39789
39864
39930
40218
40752
40990
41012
41237
41293
41316
41562
41669
41686
41786
41840
41977
42040
42186
42564
42684
42852
43351
43363
43504
43521
43581
43955
44010
44079
44181
44189
44405
44441
44688
44712
44904
44911
44923
44977
45035
45043
45556
45593
Number of cuts: 219

AppleCloud
83
197
288
1049
1074
1079
1304
1418
1750
2691
2742
2944
3418
3953
4223
4699
4813
5021
5056
5443
5482
5755
5842
6058
6066
6177
6702
6819
7151
7520
7687
7704
7892
7934
8167
8210
8300
8449
9176
9313
9520
9596
9839
10018
10035
10360
10406
10492
10594
10751
11028
11148
11265
11363
12019
12145
12190
12445
12499
12545
12559
12616
12638
12667
12673
12772
12883
12996
13114
13171
13192
13315
13528
13690
13897
14046
14153
14286
14404
14644
14990
15001
15169
15214
15462
15789
16054
16071
16263
16269
16275
16430
16442
16682
17549
17589
17613
17903
18291
18376
19464
19769
19795
20145
20420
20436
20781
21171
21290
21386
21586
22243
22485
22752
22890
22979
23191
23350
23850
24241
24589
25205
25557
25611
25713
25743
25799
25970
26125
26179
26200
26398
26471
26615
27308
27440
27518
27548
27560
28129
28195
28489
28513
28635
28816
28879
29105
30119
30599
30640
31060
31136
31418
31691
32137
32428
32526
32590
32916
32985
33545
33557
33858
33867
34113
34321
34619
34681
35045
35065
35538
35679
35697
35770
35819
36036
36697
36772
36859
37059
37533
37587
37900
38181
38593
38905
38980
39030
39449
39524
39878
40195
40415
40633
40675
40900
40956
40979
41225
41333
41450
41641
41704
41850
41893
42521
42619
43023
43035
43176
43253
43630
43685
43754
43856
44080
44116
44363
44387
44598
44652
44709
45329
45366
Number of cuts: 224

Belenaria
260
433
524
1256
1281
1286
1479
1512
1598
1711
2041
2224
3033
3235
3709
4244
4514
4990
5104
5312
5347
5402
5578
5734
5773
6046
6133
6364
6372
6483
7008
7125
7308
7457
7473
7826
7993
8010
8476
8609
8627
8772
9227
9523
9760
9853
9943
10025
10144
10186
10365
10382
10707
10839
10941
11375
11612
11710
12280
13031
13149
13206
13227
13350
13563
13725
13899
13932
14525
14679
15025
15036
15204
15249
15497
15779
15824
16106
16298
16304
16387
16465
16477
16717
17584
17624
17648
17938
18326
18411
19499
19804
19830
20048
20097
20816
21325
21621
22787
22949
23174
23225
23384
23543
23880
24300
24648
25264
25772
25802
25858
26217
26238
26271
26439
26530
26541
26674
27060
27367
27499
28188
28254
28379
28469
28584
28796
28859
29847
30255
30735
30776
31272
31452
31710
31827
31965
32273
32395
32726
33121
33687
33699
34000
34009
34245
34469
34767
34829
35193
35213
35686
35827
35845
35918
35967
36184
36845
36920
37007
37207
37681
37735
38048
38329
38741
39053
39128
39178
39597
39672
40026
40343
40563
40781
40823
41048
41104
41127
41373
41481
41598
41789
41852
41998
42041
42669
42767
43171
43183
43324
43401
43778
43833
43902
44004
44228
44264
44511
44535
44746
44800
44857
45477
45514
Number of cuts: 205

BobbyDazzler
260
433
524
1256
1281
1286
1479
1512
1662
1775
3104
3306
4315
4585
5061
5175
5383
5649
5704
5805
5844
6117
6204
6428
6539
7064
7181
7364
7513
7529
7882
8049
8066
8254
8296
8529
8572
8662
8811
9562
9982
10064
10225
10238
10404
10421
10746
10884
10986
11420
11657
11755
12325
12652
13076
13194
13251
13272
13395
13608
13770
13944
14126
14724
15070
15081
15249
15294
15348
15498
15542
15869
16151
16343
16349
16355
16510
16522
16762
17629
17669
17693
17983
18371
18407
18456
19544
19634
19849
19875
20081
20579
20861
21113
21251
21370
21578
21666
21881
22833
22995
23145
23220
23271
23430
23589
23926
24093
24345
24652
24693
25309
25715
25817
25903
26229
26241
26283
26304
26316
26484
26575
26586
26719
27105
27412
27544
28233
28299
28514
28841
28904
29130
30368
30848
30889
31385
31565
31667
31940
32078
32386
32508
32664
32839
32858
33800
33812
34113
34122
34358
34573
34871
34933
35297
35317
35790
35931
35949
36022
36288
36949
37024
37111
37311
37785
37839
38152
38433
38845
39157
39386
39704
39779
39845
40133
40668
40681
40886
40906
40928
41079
41153
41209
41232
41478
41587
41695
41704
41895
41958
42104
42147
42775
42873
43277
43289
43430
43507
43884
43939
44008
44110
44334
44370
44617
44641
44852
44906
44963
45583
45620
Number of cuts: 212

Bonanza
260
433
524
1256
1281
1286
1479
1512
1598
1711
2041
3033
3235
4244
4514
4990
5104
5312
5578
5734
5773
6046
6133
6357
6468
6993
7110
7293
7442
7811
7978
7995
8183
8225
8458
8501
8591
8740
8931
9491
9911
9993
10154
10167
10333
10350
10675
10813
10915
11349
11586
11684
12254
12581
13005
13123
13180
13201
13324
13699
13873
14055
14653
14999
15010
15178
15223
15277
15427
15471
15798
16080
16272
16278
16284
16439
16451
16691
17558
17598
17622
17912
18300
18336
18385
19473
19563
19778
19804
20010
20790
21299
21395
21595
22761
22923
23073
23148
23199
23358
23517
23854
24021
24273
24621
25237
25643
25745
25831
26157
26169
26211
26232
26244
26412
26503
26514
26647
26997
27033
27340
27472
28161
28227
28352
28442
28769
28832
29058
30296
30776
30817
31313
31493
31595
31868
32006
32314
32436
32767
33728
33740
34041
34050
34286
34498
34796
34858
35222
35242
35715
35856
35874
35947
36213
36568
37254
37329
37416
37616
38090
38144
38457
38738
39131
39150
39462
39691
40009
40084
40150
40438
40973
40986
41191
41211
41233
41384
41458
41514
41537
41783
41891
41999
42008
42199
42262
42408
43079
43177
43581
43593
43811
44188
44243
44312
44414
44422
44638
44674
44921
44945
45156
45210
45267
45458
45887
45924
Number of cuts: 208

Bradshaw
260
433
524
1256
1281
1286
1479
1512
1598
1711
2041
2889
3033
3235
3709
4244
4514
4990
5104
5312
5347
5402
5578
5734
5773
6046
6133
6364
6372
6483
7008
7125
7308
7457
7473
7826
7993
8010
8476
8609
8627
8772
9227
9523
9760
9853
9943
10025
10144
10186
10365
10382
10707
10839
10941
11375
11612
11710
12280
13031
13149
13206
13227
13350
13563
13725
13899
13932
14525
14679
15025
15036
15204
15249
15497
15779
15824
16106
16298
16304
16387
16465
16477
16717
17584
17624
17648
17938
18326
18411
19499
19804
19830
20048
20097
20816
21325
21621
22787
22949
23099
23174
23225
23384
23543
23880
24299
24647
25263
25669
25771
25801
25857
26216
26237
26270
26438
26456
26529
26540
26673
27059
27366
27498
28187
28253
28378
28468
28583
28795
28858
29397
30322
30802
30843
31339
31519
31894
32032
32340
32462
32793
33188
33754
33766
34067
34076
34312
34825
34887
35251
35271
35744
35885
35903
36251
36912
36987
37074
37274
37748
37802
38115
38396
38808
38831
38939
39120
39195
39349
39667
39742
40096
40631
40644
40849
40891
41116
41172
41195
41441
41549
41657
41857
41920
42066
42109
42737
42835
43239
43251
43392
43469
43846
43901
43970
44072
44296
44332
44579
44603
44814
44868
44925
44995
45545
45582
Number of cuts: 207

Bryce
260
433
524
1256
1281
1286
1479
1512
1598
1711
2041
3033
3235
4244
4514
4990
5104
5312
5578
5734
5773
6046
6133
6357
6468
6993
7110
7293
7442
7458
7811
7978
7995
8183
8225
8458
8501
8591
8740
9491
9911
9993
10154
10167
10333
10350
10675
10813
10915
11349
11586
11684
12254
12581
13005
13123
13180
13201
13324
13537
13699
13873
14055
14653
14999
15010
15178
15223
15277
15427
15471
15798
16080
16272
16278
16284
16439
16451
16691
17558
17598
17622
17912
18300
18336
18385
19473
19563
19778
19804
20010
20508
20790
21299
21507
21595
21810
22762
22924
23074
23149
23200
23359
23518
23855
24022
24274
24581
24622
25238
25644
25746
25832
26158
26170
26212
26233
26245
26413
26504
26515
26648
27034
27341
27346
27473
28162
28228
28443
28770
28833
29059
30076
30556
30597
31093
31273
31375
31648
31786
32094
32216
32372
32547
32566
33508
33520
33821
33830
34066
34579
34641
35005
35025
35498
35639
35657
35730
35996
36657
36732
36819
37019
37493
37547
37860
38141
38534
38553
38576
38865
39094
39412
39487
39553
39841
40376
40389
40594
40614
40636
40787
40861
40917
40940
41186
41295
41403
41412
41603
41666
41812
41855
42483
42581
42985
42997
43138
43215
43592
43647
43716
43818
44042
44078
44325
44349
44560
44614
44671
45291
45328
Number of cuts: 212

ChewyVIII
370
407
713
960
1060
1324
1754
2120
2478
3462
3951
4601
5444
5492
5644
5978
6412
7001
7155
7371
8387
8679
8771
8961
9230
10498
10955
11131
11741
12082
12498
12648
13469
13800
14956
15220
16332
16663
16983
19181
19337
20295
21472
23167
23373
23568
23883
23899
24641
24668
24704
24719
24845
24864
24929
25103
25411
26022
26333
26361
26466
26682
26748
27862
28349
28616
28682
28751
28913
28976
29014
29351
29356
29444
29651
30617
30992
31111
31314
31514
31634
31795
32125
32315
32509
32578
32786
33253
33460
33805
34896
36422
36589
36673
36940
37395
37563
37634
38640
38781
40864
41443
41535
41628
42600
42993
43111
43210
43537
43703
44163
44402
45392
45602
45650
45782
46382
46844
47466
48228
48536
49099
49200
49809
50761
51069
51356
51443
51629
52259
52343
52663
53210
53288
53569
53756
54086
54550
55167
55211
55383
55827
55983
56455
56732
57510
57602
58323
59021
59204
59996
60489
60658
61367
61379
61463
61670
61728
62703
62854
63370
63815
64212
64465
64590
65057
65560
66016
66105
66209
66348
66480
67665
67740
68022
68053
68135
69023
Number of cuts: 178

CosmicSans
260
433
524
1256
1281
1286
1479
1512
1598
1711
2041
2889
3033
3235
3709
4244
4514
4990
5104
5312
5347
5402
5578
5734
5773
6046
6133
6364
6372
6483
7008
7125
7308
7457
7473
7826
7993
8010
8476
8609
8627
8772
9227
9523
9760
9853
9943
10025
10144
10186
10365
10382
10707
10839
10941
11375
11612
11710
12280
13031
13149
13206
13227
13350
13563
13725
13899
13932
14525
14679
15025
15036
15204
15249
15497
15779
15824
16106
16298
16304
16387
16465
16477
16717
17584
17624
17648
17938
18326
18411
19499
19804
19830
20048
20097
20741
20816
21325
21621
22787
22949
23099
23174
23225
23384
23543
23880
24299
24647
25263
25358
25566
25771
25801
25857
26216
26237
26270
26438
26540
26673
27059
27366
27498
28187
28253
28378
28468
28583
28795
28858
29397
30322
30802
30843
31339
31519
31894
32032
32340
32462
32793
33188
33754
33766
34067
34076
34312
34825
34887
35251
35271
35744
35885
35903
35976
36242
36903
36978
37065
37265
37739
37793
38106
38387
38799
38822
38930
39111
39186
39340
39658
39733
40087
40622
40635
40840
40860
40882
41033
41107
41163
41186
41432
41540
41657
41848
41911
42057
42100
42728
42826
43230
43242
43383
43460
43837
43892
43961
44063
44071
44287
44323
44570
44594
44805
44859
44916
45536
45573
Number of cuts: 210

Dinger
218
260
284
434
525
777
1251
1276
1281
1474
1507
1593
1707
2037
2978
3029
3231
3705
4240
4510
4986
5100
5308
5343
5574
5730
5769
6042
6129
6345
6353
6480
6989
7106
7289
7438
7454
7807
7974
7991
8179
8221
8454
8497
8587
8736
9487
9907
9989
10150
10163
10329
10346
10653
10671
10809
11345
11582
11680
11794
12250
13001
13119
13176
13197
13320
13695
13869
13902
14051
14409
14649
14995
15006
15174
15219
15273
15467
15749
15794
16076
16268
16274
16280
16435
16447
16687
17554
17594
17618
17908
18296
18381
18813
19469
19774
20006
20561
21176
21295
21391
21503
21591
22626
22770
22932
23157
23208
23367
23526
23864
24031
24631
25247
25599
25653
25755
25841
26012
26167
26221
26242
26278
26440
26513
26657
27350
27482
27560
27590
27602
28171
28237
28531
28555
28677
28858
28921
29147
29585
30191
30671
31020
31208
31388
31763
31901
32209
32598
32662
33057
33500
33887
33899
34200
34209
34445
34669
34967
35029
35393
35413
35886
36027
36045
36384
37045
37120
37207
37407
37881
37935
38052
38248
38529
38941
38964
39253
39482
39802
39877
39943
40231
40766
41004
41026
41251
41307
41330
41684
41801
41855
41995
42058
42204
42378
42582
42702
42870
43369
43381
43522
43599
43940
43973
44028
44097
44199
44423
44459
44706
44730
44922
44929
44941
44995
45053
45061
45573
45610
Number of cuts: 220

DocB7
271
336
348
401
598
835
1014
1023
1067
1125
1263
1446
2086
2481
2657
3070
3244
3949
3961
4047
4104
4208
4336
4384
4504
4609
4891
4975
5036
5314
5392
5598
5711
5721
6045
6063
6092
6238
6480
6633
7183
7240
7303
7359
7451
7488
7624
7670
7739
7774
8023
8362
8563
9122
9169
9371
9406
9605
9895
10003
10386
11303
11559
11702
12060
12076
12350
12547
12652
12828
13450
13474
13872
14220
14699
14732
14834
15418
15465
15552
15573
15585
15657
15675
16008
16215
17242
17512
17527
17616
17829
17847
18248
18290
18438
18992
19062
19334
19352
19406
19431
19637
19675
19742
20110
20123
20196
20262
20304
20520
20555
20687
20734
20819
20866
21521
21606
21618
21638
21776
22208
22295
22361
22463
22580
22664
22836
22859
22973
23015
23123
23314
23334
23785
23917
23987
24431
24497
24515
24983
25643
26166
26205
26304
26370
26465
26558
26570
26856
26944
26985
26997
27163
27918
28230
28272
28431
28477
28581
28863
29022
30203
30222
30297
30520
30777
30786
30971
30978
31161
31329
31532
31699
32791
32798
32916
32954
33017
33260
33587
33772
33848
33987
34086
34094
34323
34507
34761
34861
35063
35087
35520
35657
35697
36014
36052
36065
36206
36338
36414
36445
36875
37043
37682
37795
38075
38311
38416
39057
39352
39680
39743
39852
39891
39930
40110
40766
40997
41272
41310
41338
41395
41416
41540
41765
41818
41845
41915
42178
42227
42731
42884
42979
42998
43167
43352
43385
43528
43767
43884
44291
44354
44903
45104
45220
45304
45341
45373
45805
45842
46038
46201
46285
46374
46552
47004
47862
48018
48465
48526
48590
49387
49496
49540
49826
49856
49894
50544
50858
50891
50925
51178
52063
52201
52294
52351
53402
53428
53607
53616
53688
53697
53905
53985
53992
54091
54111
54199
54222
54726
54735
54765
54795
54828
54946
54996
55170
55341
55383
55584
55807
56016
56083
57033
57083
57288
57379
57559
57801
57817
58577
58922
59023
59169
59217
59242
59251
59391
59571
59706
60494
60970
61866
61949
62001
62015
62667
62746
62936
63009
63120
64488
64923
64956
65415
65481
65692
65972
66825
66859
67055
67315
67696
67709
68619
69035
71344
71622
71878
72163
72378
72457
72644
72825
73007
73150
73731
74139
74277
74286
74688
75177
75278
75294
75321
75339
75446
75537
75670
75747
Number of cuts: 370

E3
706
734
834
1117
1240
1371
1491
1566
1782
1813
1828
2056
2517
2551
2583
2665
2706
2713
3216
3394
3931
4021
4264
4797
5052
5289
5307
5693
5857
6096
6113
6686
6766
6821
6884
6893
6920
7048
7461
7590
7710
7752
7896
8016
8079
8329
8376
8490
8559
8676
8702
8718
8910
8946
8994
9004
9085
9205
9258
9384
9548
9602
9710
9722
10075
10508
10682
10733
10796
10913
10979
11036
11128
11134
11154
11293
11305
11353
11410
11855
12006
12168
12800
13037
13496
13529
13562
14060
14077
14259
14354
14496
14550
14679
14774
14894
15276
15354
15998
16452
16458
16528
16768
16904
17299
17787
17805
17927
17935
18158
18185
18370
19063
19126
19219
19348
19357
19422
19554
19681
20074
20460
20562
20603
20726
20765
20813
21356
21371
21670
21835
21848
21971
22527
22551
22656
22670
23057
23228
23287
23401
23517
23548
23825
24186
24202
24268
24357
24514
24554
24776
24814
24860
24928
25117
25182
25293
25326
25411
25442
25573
25797
25870
25933
26191
26316
26367
26515
26626
26659
26743
26767
26830
26902
27220
27300
28059
28084
28784
28838
29167
29642
29711
30236
30241
30352
30715
31112
31369
31469
31487
31881
32309
33351
33402
33447
33672
33726
33873
34149
34224
34296
34329
34434
34842
34944
35067
35342
35545
35613
35867
36218
36336
36531
36721
36726
36985
37516
37603
37621
37699
37828
37858
38017
38031
38383
38428
38502
38514
38643
38811
39030
39354
39411
39554
39584
39594
39702
39951
40125
40464
40926
41039
41593
41644
41713
41829
41856
41928
41934
42234
42365
42392
42666
42788
42906
43337
43677
43738
43749
43869
44275
44490
44500
44780
45476
45887
46269
46428
46458
46554
46578
46632
46716
47010
47205
47448
47862
47977
48208
48349
48643
48772
49168
49775
49786
50144
50339
50465
51139
51186
51382
51765
52351
52544
52900
53077
53333
53496
53789
54052
54096
54118
54288
54465
54661
54680
54784
55124
55325
55367
56294
56826
57320
57329
57722
58055
58088
58175
58447
58544
58589
58655
58728
58971
59061
59067
59232
59502
59555
59571
59936
60376
60439
60737
60752
60836
61189
61408
62027
62093
62761
62867
62897
63002
63392
64177
64396
64873
64982
65150
65341
65456
65633
65995
66001
66299
66490
66611
66725
67063
67233
67396
67833
67868
68145
68292
68403
68552
68576
68678
68893
68956
69662
70021
70078
70135
70224
70324
70473
70611
70678
70945
71582
71604
71733
71907
72097
72111
72190
72244
72250
72454
72634
73579
73621
73959
74460
74587
74824
74842
74887
74905
75155
75261
75807
75831
76089
76120
76374
76512
76533
76662
77022
77858
78011
78027
78087
78231
78246
78261
78419
78742
78884
79273
79352
79786
79795
79807
79924
80020
80094
80673
80800
80872
81061
81337
81652
81787
81925
82354
82654
82867
82906
83620
83933
83965
84224
84248
84550
84742
85041
85685
86002
86220
86453
86612
87559
87631
87744
87834
88124
88217
88278
88299
88442
88491
88878
88893
89000
89019
89348
89980
90184
90262
90712
90958
91096
91254
91440
91813
91852
92008
92495
92597
92645
92998
93057
93147
93743
93755
93773
93851
93908
94046
94895
95057
95327
95348
95399
95635
95644
96123
96426
96744
97011
97202
97214
97547
97721
97814
97832
97884
97926
97947
97955
98037
98043
98049
98265
98427
98517
98708
99200
99361
99386
99401
99410
99431
99515
99545
99659
99821
99896
100068
100147
100281
100294
100504
101085
101287
101562
101655
101819
101917
102349
103254
103850
103944
104069
104296
104450
104498
104546
104765
104873
105158
105329
105407
105500
105626
105704
105872
106184
106580
106724
106754
107117
107211
107493
107709
107763
107853
108350
108696
108909
108945
109026
109065
109430
109991
110000
110086
110095
110116
110161
110284
110676
110772
111287
111341
111377
111573
112011
112020
112071
112140
112442
112514
112523
113039
113278
113351
113531
113666
113708
113932
114061
114298
114624
114860
114868
115049
115822
116055
116133
116710
116722
117062
117103
117350
117724
117823
118022
118076
118247
118430
118729
118828
118900
119145
119362
119473
119578
119605
119693
120010
120055
120124
120136
120148
120582
120705
121167
121332
121545
121643
121734
121740
121755
121881
121964
122219
122414
122439
122448
122492
122793
122845
122866
122907
123188
123350
123427
123523
123546
123853
123886
123934
124099
124262
124707
124759
125013
125193
125435
125857
125978
126182
126409
126442
126487
127148
127255
127337
127478
127500
127687
127720
127956
128534
128554
128612
128787
129069
129126
129161
129174
129317
129332
129682
130362
130463
130524
130648
130856
130980
131436
131469
131552
131889
131895
131966
132245
133166
133196
133316
133610
133979
134251
134545
134633
135619
136097
136628
137213
137250
137759
137892
137958
138896
139265
139691
140672
140954
141210
141267
141285
141353
141512
141663
141830
141939
141978
141996
142133
142175
142185
142281
Number of cuts: 749

Erik
260
433
524
1256
1281
1286
1479
1512
1598
1711
2041
2224
3033
3235
3709
4244
4514
4990
5104
5312
5347
5402
5578
5734
5773
6046
6133
6364
6372
6483
7008
7125
7308
7457
7473
7826
7993
8010
8476
8609
8627
8771
9226
9522
9759
9852
9942
10024
10143
10185
10364
10381
10706
10838
10940
11374
11611
11709
12279
13030
13148
13205
13226
13349
13562
13724
13898
13931
14524
14678
15024
15035
15203
15248
15496
15778
15823
16105
16297
16303
16386
16464
16476
16716
17583
17623
17647
17937
18325
18410
19498
19803
19829
20047
20096
20815
21324
21620
22786
22948
23098
23173
23224
23383
23541
23878
24297
24645
25261
25769
25799
25855
26214
26235
26268
26436
26527
26538
26671
27057
27364
27496
28185
28251
28376
28466
28581
28793
28856
29846
30254
30734
30775
31271
31451
31826
31964
32272
32394
32725
33686
33698
33999
34008
34244
34757
34819
35183
35203
35676
35817
35835
35908
36174
36835
36910
36997
37197
37671
37725
38038
38319
38731
38754
38862
39043
39118
39272
39590
39665
40019
40453
40466
40671
40691
40713
40864
40938
40994
41017
41263
41371
41488
41679
41742
41888
41931
42559
42657
43061
43073
43214
43291
43668
43723
43792
43894
43902
44118
44154
44401
44425
44636
44690
44747
45367
45404
Number of cuts: 207

Espica
260
433
524
1256
1281
1286
1479
1512
1598
1711
2041
2224
3033
3235
3709
4244
4514
4990
5104
5312
5347
5402
5578
5734
5773
6046
6133
6364
6372
6483
7008
7125
7308
7457
7473
7826
7993
8010
8476
8609
8627
8772
9227
9523
9760
9853
9943
10025
10144
10186
10365
10382
10707
10839
10941
11375
11612
11710
12280
13031
13149
13206
13227
13350
13563
13725
13899
13932
14525
14679
15025
15036
15204
15249
15497
15779
15824
16106
16298
16304
16387
16465
16477
16717
17584
17624
17648
17938
18326
18411
19499
19804
19830
20048
20097
20816
21325
21621
22787
22949
23174
23225
23384
23543
23880
24300
24648
25264
25772
25802
25858
26217
26238
26271
26439
26530
26541
26674
27060
27367
27499
28188
28254
28379
28469
28584
28796
28859
29847
30255
30735
30776
31272
31452
31710
31827
31965
32273
32395
32726
33687
33699
34000
34009
34245
34469
34767
34829
35193
35213
35686
35827
35845
35918
35967
36184
36845
36920
37007
37207
37681
37735
38048
38329
38741
39053
39128
39178
39597
39672
40026
40343
40563
40781
40823
41048
41104
41127
41373
41481
41598
41789
41852
41998
42041
42669
42767
43171
43183
43324
43401
43778
43833
43902
44004
44228
44264
44511
44535
44746
44800
44857
45477
45514
Number of cuts: 204

Finch
174
545
591
695
863
981
1056
1089
1524
1755
2274
2416
2572
2592
2649
2937
3142
3587
3667
4132
4180
4252
4898
5084
5739
6015
6098
6109
6353
6457
6599
6913
7544
7625
7838
8512
8791
8860
8929
9339
9388
9460
9941
9984
10008
10201
10373
10504
10568
10629
10706
10755
11088
11172
11336
11625
11675
11690
11811
11901
11976
12048
12081
12120
12156
12186
12588
13016
13531
13539
13622
13940
14020
14255
14275
14399
14901
15327
15487
15565
15711
15879
15891
16098
16103
16491
16626
16647
16743
16867
17478
17509
17614
17697
17705
17970
18618
18736
19157
19229
19235
19682
19690
19801
19964
20172
20199
20772
20897
20978
21348
21357
21374
21395
21852
22151
22214
22450
22568
22706
22745
22867
22939
22972
23098
23278
23368
23406
23730
23739
24079
24347
24401
24410
24714
24871
24880
25128
25257
25296
25632
26109
26369
26726
26745
27140
27394
27412
27466
27484
27574
27659
27741
27841
28066
28165
28198
28621
29166
29171
29477
29552
29609
29796
30162
30262
30320
30635
31291
31348
31547
31723
31745
31750
31931
32204
32281
32885
32936
33073
33690
33797
33903
34014
34044
34133
34283
34474
34736
35008
35018
35078
35099
35238
35528
35543
35784
35940
35991
35997
36197
36287
36348
36483
36491
36882
36951
37078
37106
37254
37378
37601
37735
37749
37892
38342
38490
38957
38963
39104
39315
39354
39381
39427
39954
40153
40453
40665
40947
41154
41198
41340
41448
41590
41716
42070
42100
42238
42448
42501
42576
42837
42961
43110
43149
43174
43228
43240
43402
43482
43533
43720
43807
44530
45085
45178
45227
45334
45345
45376
45688
45855
45916
46276
46758
46774
47010
47071
47434
48193
48428
48765
48832
49006
49623
49670
50211
50318
50540
50647
50769
51045
51107
51242
51378
51383
51477
51552
51606
51797
52422
52464
52903
53237
53366
53540
53905
53984
54164
54218
54503
54700
55027
55460
55478
55646
55661
55724
55733
55814
55823
55937
56151
56265
56279
56366
56391
56453
56466
56766
56853
57012
57090
57122
57262
58003
58042
58076
58163
58196
58390
58490
58579
58779
58794
58809
58854
58923
59088
59179
59266
59575
59739
59745
59765
60105
60123
60213
60315
60361
60390
60649
60706
60756
60925
61165
61270
61327
61803
62087
62137
62321
62438
62638
62646
62788
62839
63078
63095
63262
63268
63326
63529
63569
63750
64044
64155
64738
65049
65083
65306
65320
65422
65493
65611
65724
65819
65935
66025
66949
66979
67144
67327
67396
67507
67639
68079
68236
68584
68748
69006
69017
69432
69684
69819
69873
70311
70363
70456
70499
70530
70880
70950
71082
71572
71830
71854
71860
71947
71995
72028
72040
72063
72148
72496
72592
72688
73211
73274
73520
73688
73748
74274
74301
74402
74683
74939
75145
75301
75999
76069
76442
76469
76697
76939
77350
77480
77647
78139
78988
79203
79557
79632
79704
79749
79761
80185
80320
80338
80810
81050
81158
81390
81410
81482
81494
81515
81801
81949
81992
82010
82208
82352
82544
82640
82870
82879
82897
83218
83441
83474
83610
83877
84005
84032
84167
84685
84697
84900
84969
85464
85602
85843
85885
86176
86331
86485
86656
86820
87024
87538
87568
88005
88109
88139
88384
88525
88627
89018
89152
89325
89446
89515
89549
89650
89963
90253
90456
90463
90813
91013
91504
91612
91908
92029
92057
92105
92545
93054
93192
93260
93387
93543
94017
94095
94139
94293
94341
94980
95566
96436
96464
96608
96821
97093
97216
97396
97408
97524
97540
98112
98332
98471
98803
99072
99392
99630
99670
100220
100376
100722
100916
101039
101483
101645
101734
101974
102140
102254
102449
102473
103297
103372
103527
103554
103674
104067
104076
104097
104781
104801
104834
104841
105164
105420
105511
105559
105674
106124
106259
106301
106517
106726
106795
106876
107057
107196
107478
107522
107702
107750
107941
108010
108279
108441
108497
108803
109133
109156
109319
109455
109579
110490
110664
110736
110814
110826
110835
111241
111602
112038
112099
112112
112235
112261
112513
112593
112949
113013
113292
113330
114011
114217
114330
114718
114770
115096
115215
115324
115434
115968
116139
116408
116529
116814
116877
116886
117031
117078
117095
117273
117826
117903
118042
118246
118462
118852
119040
119196
119497
119623
120128
120167
120308
120344
120554
120628
120822
120879
121008
121206
121422
121496
121521
121644
121653
121710
122063
122168
122199
122594
122627
122639
122648
122764
123358
123390
123574
123586
123711
124409
124438
125151
125598
126018
126105
126570
126641
126675
126726
126857
127850
128249
128299
128319
128398
128691
129020
129033
129150
129166
129522
129529
129619
129723
130216
130291
130541
130600
130615
130759
130764
131104
131566
132022
132094
132190
132616
132865
133824
134090
134133
134184
134256
134289
134366
134381
134397
134543
134690
134801
135549
135698
135870
136352
136661
136920
137013
137394
137607
138009
138258
138580
138691
Number of cuts: 754

Gollum
260
433
524
1256
1281
1286
1479
1512
1598
1711
2041
2224
3033
3235
3709
4244
4514
4990
5104
5312
5347
5402
5578
5734
5773
6046
6133
6364
6372
6483
7008
7125
7308
7457
7473
7826
7993
8010
8476
8609
8627
8772
9227
9523
9760
9853
9943
10025
10144
10186
10365
10382
10707
10839
10941
11375
11612
11710
12280
13031
13149
13206
13227
13350
13563
13725
13899
13932
14525
14679
15025
15036
15204
15249
15497
15779
15824
16106
16298
16304
16387
16465
16477
16717
17584
17624
17648
17938
18326
18411
19499
19804
19830
20048
20097
20816
21325
21621
22787
22949
23099
23174
23225
23384
23543
23880
24299
24647
25263
25669
25771
25857
26216
26237
26270
26438
26540
26673
27059
27366
27498
28187
28253
28378
28468
28583
28795
28858
30320
30800
30841
31337
31517
31775
31892
32030
32338
32460
32791
33752
33764
34065
34074
34310
34823
34885
35249
35269
35742
35883
35901
35974
36240
36901
36976
37063
37263
37737
37791
38104
38385
38797
39109
39184
39234
39653
39728
40029
40564
40577
40782
40802
40824
40975
41049
41105
41128
41374
41482
41599
41790
41853
41999
42042
42670
42768
43172
43184
43325
43402
43779
43834
43903
44005
44013
44229
44265
44512
44536
44747
44801
44858
45478
45515
Number of cuts: 204

Grayson
204
795
862
929
981
1726
1756
2037
2345
2360
2381
3417
3444
3624
3642
3714
3764
3831
3925
4145
4173
4244
4337
4957
5056
5345
5562
5658
5941
5959
6225
6301
6439
6506
6881
6975
7200
7286
7303
7571
7620
7694
7933
8110
8161
8263
8300
8320
8766
8883
9054
9485
10076
10380
10456
10465
10926
10947
10959
11057
11081
11123
11446
11590
11808
12043
12297
12366
12492
12565
12602
12807
13004
13394
13583
13664
13904
14161
14213
14341
14667
15089
15918
16086
16122
16164
16291
17129
17436
17595
17827
18005
18017
18062
18101
18267
18436
19026
19186
19672
19718
19911
19958
20026
20450
20869
21177
21189
21533
22224
22896
22936
23136
23798
24380
24657
24891
25680
25868
25884
25931
25938
26146
26202
26332
26441
26751
27639
27671
27951
28207
28770
28813
28875
28938
29103
29220
29520
29582
30785
31292
31571
31952
32210
32258
32711
32846
33087
33396
33437
33467
33506
33745
33797
33889
34115
34154
34747
34789
34874
35099
35377
35393
35432
35501
35587
35603
35695
35866
36299
36320
36344
36598
36632
36881
36896
36917
36965
37174
37357
37632
37637
37752
37778
37799
38826
38886
39004
39776
40015
40060
40531
40584
40615
40696
40858
41185
41558
41855
42042
42121
42159
42190
42203
42414
42633
43394
43496
43562
43633
43676
44024
44311
44600
44611
44689
44696
44764
45016
45116
45245
45260
45412
45517
45791
46037
46550
46750
46774
46795
46805
46928
47218
47578
47638
47693
47777
47788
47887
48158
48347
48359
48370
48407
48763
48830
48911
48925
49037
49189
49211
49505
49640
49706
49931
50204
50336
50399
50441
50507
50687
50864
50924
51001
51017
51080
51209
51221
51353
51481
51893
51917
52024
52210
52498
52561
52918
53190
53349
53866
54000
54235
54379
54964
56156
56634
56708
56927
57065
57086
57593
57725
57989
58313
58372
58497
58506
58717
58980
58989
59145
59282
59351
59575
59639
59648
59679
60385
60562
60640
60813
60850
61057
61422
61811
62006
62161
62363
62411
62495
62569
62605
62650
62824
62915
63122
63140
63305
63389
63432
63483
64232
64266
64323
64331
64680
64853
64858
64908
65119
65278
65289
65409
65601
65669
66148
66316
66333
66432
66566
66794
67003
67035
67468
67611
67642
67879
67971
68353
68523
68616
68956
69066
69177
69344
69479
69500
69774
70008
70321
70457
70538
70729
70784
70840
70870
71173
71537
71603
71621
71657
71879
72019
72026
72401
72760
72943
73291
73610
73666
73702
73794
73913
74073
74123
74439
74540
74724
74883
74983
75339
75700
75846
75860
76173
76249
77134
77241
77429
77588
77622
77801
77935
77945
77953
77974
78146
78308
78388
78478
78625
79243
79263
79474
79715
79781
79786
79911
79988
79997
80140
80279
80317
80661
80893
80966
81101
81137
81158
81703
81829
81850
82084
82096
82296
82924
83693
84005
84351
84363
84456
84551
85106
85486
85503
85537
85548
85854
85872
85912
86055
86095
86129
86378
86422
86722
86993
87351
87485
87979
88044
88374
88487
88638
88692
89020
89136
89207
89544
89772
89776
89892
90102
90156
90348
90369
90410
90493
90994
91040
91127
91306
91339
91828
91861
92508
92531
92575
92899
93151
93452
93493
93514
93687
93863
94898
94929
95044
95283
95318
95343
95427
95541
95870
95899
95916
96302
96476
96515
96690
96713
97334
97548
97617
97633
97918
98100
98123
98131
98295
98463
98566
98634
98810
98849
99019
99137
99364
99499
99527
99920
100119
100334
100655
100771
100807
100924
101180
101461
101640
101821
101869
101919
102366
102504
103054
103098
103262
103706
103830
104408
104416
104425
104651
104882
105318
105357
105369
105855
106000
106549
106624
106647
106920
107247
107537
108125
108134
108464
108917
109003
109158
109224
109305
109331
109337
109719
110300
110310
110349
110643
110742
110913
111174
111404
111507
111843
111873
112233
112383
112432
112451
112521
113246
113610
114392
114556
114823
114839
114965
115143
115161
115978
115996
116059
116111
116131
116177
116213
116372
116396
116424
116557
117052
118188
118280
118312
118354
118423
118479
118842
119011
119199
119462
119763
119792
120281
120620
120662
120881
120946
122287
122473
122546
122735
123057
123167
123283
123636
124043
124091
124367
125220
125259
125416
125506
125549
125700
125979
126322
126369
126500
126572
126712
126813
126911
127418
127812
128267
129105
129696
129763
129830
129882
130627
130657
130938
131246
131261
131282
Number of cuts: 680

Harlequin
260
433
524
1256
1281
1286
1479
1512
1598
1711
2041
3033
3235
3709
4244
4514
4990
5104
5312
5347
5734
5773
6046
6133
6349
6357
6993
7110
7293
7442
7458
7811
7978
7995
8183
8225
8458
8501
8591
8740
9467
9887
9969
10130
10143
10309
10326
10651
10789
10891
11325
11562
11660
12230
12557
12981
13099
13156
13177
13300
13513
13675
13849
14031
14629
14975
14986
15154
15199
15253
15403
15447
15774
16056
16248
16254
16260
16415
16427
16667
17534
17574
17598
17888
18276
18312
18361
19449
19539
19754
19780
19986
20484
20766
21275
21537
21625
21840
22792
22954
23104
23179
23230
23389
23548
23885
24052
24304
24611
24652
25268
25674
25776
25862
26188
26200
26242
26263
26275
26443
26534
26545
26678
27064
27371
27376
27503
28192
28258
28473
28800
28863
29089
30106
30586
30627
31123
31303
31405
31678
31816
32124
32246
32402
32577
32596
33538
33550
33851
33860
34096
34609
34671
35035
35055
35528
35669
35687
35760
36026
36687
36762
36849
37049
37523
37577
37890
38171
38583
38606
38895
39124
39444
39519
39585
39873
39979
40191
40402
40409
40577
40629
40649
40671
40822
40896
40952
40975
41221
41330
41438
41447
41638
41701
41847
41890
42518
42616
43020
43032
43173
43250
43627
43682
43751
43853
44077
44113
44360
44384
44595
44649
44706
45326
45363
Number of cuts: 215

Hiro
260
433
524
1256
1281
1286
1479
1512
1598
1711
2041
3033
3235
4244
4514
4990
5104
5312
5578
5633
5734
5773
6046
6133
6357
6468
6993
7110
7442
7811
7978
7995
8183
8225
8458
8501
8591
8740
9467
9604
9811
9887
10130
10309
10326
10651
10697
10783
10885
11042
11319
11439
11556
11654
12310
12436
12481
12736
12790
12836
12850
12907
12929
12958
12964
13063
13174
13287
13405
13462
13483
13606
13819
13981
14188
14337
14444
14577
14695
14935
15281
15292
15460
15505
15753
16080
16362
16554
16560
16566
16721
16733
16973
17840
17880
17904
18194
18582
18667
19755
19845
20060
20086
20436
20711
20727
21072
21462
21581
21677
21877
22534
22776
23043
23181
23270
23482
23641
24140
24307
24559
24866
24907
25523
25929
26031
26117
26443
26455
26497
26518
26530
26698
26789
26800
26933
27319
27626
27758
28447
28513
28638
28728
29055
29118
29344
30582
31062
31103
31599
31779
31881
32154
32292
32600
32722
32878
33053
33072
34014
34026
34327
34336
34572
34787
35085
35147
35511
35531
36004
36145
36163
36236
36502
37163
37238
37325
37525
37999
38053
38366
38647
39040
39059
39371
39600
39918
39993
40059
40347
40882
40895
41100
41120
41142
41293
41367
41423
41446
41692
41801
41909
42109
42172
42318
42361
42989
43087
43491
43503
43644
43721
44098
44153
44222
44324
44548
44584
44831
44855
45066
45120
45177
45797
45834
Number of cuts: 225

Jace
305
486
775
1097
1148
1181
1277
1703
1796
1823
1835
2402
2688
2816
2825
2890
3368
3685
3751
4148
4247
4635
4747
5213
5225
5279
5378
5537
5552
5561
6047
6103
6128
6892
7718
8003
8364
8427
8589
9473
9737
10260
10326
10440
10507
10647
10665
10707
10950
11380
11397
11588
11649
11658
11757
12018
12135
12636
13149
13320
13425
13670
13712
14390
14718
15212
15848
16472
16739
18109
18139
18409
18562
18999
19231
19369
19501
19506
19536
19620
20014
20443
21975
21996
22081
22149
22158
22175
22210
22236
22262
22458
22632
22641
22788
23001
23355
23523
23589
23850
24041
24329
24754
25064
25225
25247
25401
25849
26023
26095
26122
26495
26528
26570
26624
26705
26828
27050
27265
27379
27567
27809
27872
28164
28609
28664
28702
28746
28757
28768
28829
29087
29482
29532
29725
29737
29758
30169
30257
30293
30428
30555
30870
31367
31917
32237
32339
32421
32549
32615
32678
32755
32782
33005
33071
33142
33473
33621
33916
34365
34645
35901
36116
36205
36217
36247
36280
36336
36742
36816
36878
36953
36977
37153
37414
37752
37971
38049
38449
38704
38871
39052
39503
39774
40425
40474
40598
40721
40745
40766
41372
41463
41809
41902
41971
42256
42319
42484
42783
42825
42837
43014
43044
43092
43123
43648
44060
44086
44168
44219
44733
44751
44848
45185
45441
45646
45763
46002
46126
46158
46248
46353
47069
47135
47182
47240
47295
47815
48723
48956
49029
49142
49150
49256
49459
49613
49628
49953
50067
50467
50482
50653
50728
50969
51058
51409
51558
51713
51770
51787
51935
51959
52193
52358
52393
52464
52921
52998
53474
53479
53552
53565
53628
53706
53830
Number of cuts: 265

Jester
260
433
524
1256
1281
1286
1479
1512
1598
1711
2041
3033
3235
3709
4244
4514
4990
5104
5312
5347
5734
5773
6046
6133
6349
6357
6993
7110
7293
7442
7458
7811
7978
7995
8183
8225
8458
8501
8591
8740
9467
9811
9887
9969
10130
10143
10309
10326
10651
10697
10885
11319
11439
11556
11654
12224
12551
12614
12975
13061
13093
13150
13171
13294
13507
13669
13700
13843
14025
14265
14623
14969
14980
15148
15193
15441
15768
16050
16242
16248
16254
16409
16421
16661
17528
17568
17592
17882
18270
18355
19443
19533
19748
19774
19980
20478
20760
21269
21477
21565
21780
22723
22885
23035
23110
23161
23320
23479
23816
23983
24235
24542
24583
25199
25605
25707
25793
26119
26131
26173
26194
26206
26374
26465
26476
26609
26995
27302
27307
27434
28123
28189
28404
28731
28794
29020
30037
30517
30558
31054
31234
31336
31609
31747
32055
32177
32333
32508
32527
33469
33481
33782
33791
34027
34540
34602
34966
34986
35459
35600
35618
35691
35957
36618
36693
36780
36980
37454
37508
37821
38102
38514
38537
38826
39055
39375
39450
39516
39804
39910
40122
40333
40340
40508
40560
40580
40602
40753
40827
40883
40906
41152
41261
41369
41378
41569
41632
41778
41821
42449
42547
42951
42963
43104
43181
43558
43613
43682
43784
44008
44044
44291
44315
44526
44580
44637
45257
45294
Number of cuts: 218

Krishelle
260
433
524
1256
1281
1286
1479
1512
1598
1711
2041
2224
3033
3235
3709
4244
4514
4990
5104
5312
5347
5402
5578
5734
5773
6046
6133
6364
6372
6483
7008
7125
7308
7457
7473
7826
7993
8010
8198
8240
8473
8516
8606
8755
9482
9619
9826
9902
10145
10324
10341
10666
10712
10798
10900
11057
11334
11454
11571
11669
12325
12451
12496
12751
12805
12851
12865
12922
12944
12973
12979
13078
13189
13302
13420
13477
13498
13621
13834
13996
14203
14352
14459
14592
14710
14950
15296
15307
15475
15520
15768
16095
16360
16377
16569
16575
16581
16736
16748
16988
17855
17895
17919
18209
18597
18682
19770
20075
20101
20451
20726
20742
21087
21477
21596
21692
21928
22585
22827
23094
23232
23321
23533
23692
24192
24583
24931
25547
25899
25953
26055
26085
26141
26312
26467
26521
26542
26740
26813
26957
27650
27782
27860
27890
27902
28471
28537
28831
28855
28977
29158
29221
29447
30682
31162
31203
31699
31879
32254
32392
32700
32822
33153
33548
34114
34126
34427
34436
34672
35185
35247
35611
35631
36104
36245
36263
36611
37272
37347
37434
37634
38108
38162
38475
38756
39168
39191
39299
39480
39555
39605
39709
40027
40102
40456
40991
41004
41209
41251
41476
41532
41555
41801
41909
42017
42217
42280
42426
42469
43097
43195
43599
43611
43752
43829
44206
44261
44330
44432
44656
44692
44939
44963
45174
45228
45285
45908
45945
46796
Number of cuts: 229

Lillie
260
433
524
1256
1281
1286
1479
1512
1598
1711
2041
2889
3033
3235
3709
4244
4514
4990
5104
5312
5347
5402
5578
5734
5773
6046
6133
6364
6372
6483
7008
7125
7308
7457
7473
7826
7993
8010
8476
8609
8627
8772
9227
9523
9760
9853
9943
10025
10144
10186
10365
10382
10707
10839
10941
11375
11612
11710
12280
13031
13149
13206
13227
13350
13563
13725
13899
13932
14525
14679
15025
15036
15204
15249
15497
15779
15824
16106
16298
16304
16387
16465
16477
16717
17584
17624
17648
17938
18326
18411
19499
19804
19830
20048
20097
20741
20816
21325
21621
22787
22949
23099
23174
23225
23384
23543
23880
24299
24647
25263
25358
25566
25771
25801
25857
26216
26237
26270
26438
26540
26673
27059
27366
27498
28187
28253
28378
28468
28583
28795
28858
29397
30322
30802
30843
31339
31519
31894
32032
32340
32462
32793
33188
33754
33766
34067
34076
34312
34825
34887
35251
35271
35744
35885
35903
35976
36242
36903
36978
37065
37265
37739
37793
38106
38387
38799
38822
38930
39111
39186
39340
39658
39733
40087
40622
40635
40840
40860
40882
41033
41107
41163
41186
41432
41540
41657
41848
41911
42057
42100
42728
42826
43230
43242
43383
43460
43837
43892
43961
44063
44071
44287
44323
44570
44594
44805
44859
44916
45536
45573
Number of cuts: 210

Mahdia
630
738
1086
1510
1701
1771
1827
1853
1899
2316
2754
2922
2976
3324
3959
3968
4469
4478
4625
4713
4761
4878
5241
5265
6051
6400
6786
6916
6940
6988
7097
7105
8575
8608
9096
9249
9314
9335
9440
9584
9990
9999
10063
10200
10326
10668
11718
12084
12149
12216
12402
12516
13005
13095
13455
13713
13779
13839
13849
13872
14478
14964
15753
15915
16368
16582
16603
16862
17042
18452
18569
19108
19623
19835
20066
20615
21152
21358
21388
21587
22340
22633
23119
23212
23418
23442
23517
23823
24018
24078
24087
24126
24602
24955
25397
25403
25435
25444
25883
26030
26405
26525
26570
26981
27041
27560
27687
27713
27953
28640
29123
29487
29493
29520
29627
29795
30314
30476
30830
31177
31273
31525
31593
31708
31720
31797
32025
32052
32157
32294
32300
32378
32867
33410
33536
33578
33644
33743
34094
34535
34697
35161
35176
35206
35304
35376
35427
35628
35775
36933
36975
37264
37681
37726
37897
38249
38283
38394
38412
38567
38592
38627
38918
39091
39160
39223
39750
39774
40441
40483
40495
40520
40528
40556
40667
40848
40941
41167
41176
41464
41651
41858
42158
42318
42463
Number of cuts: 185

Naiad
260
433
524
1256
1281
1286
1479
1512
1598
1711
2041
2224
3033
3235
3709
4244
4514
4990
5104
5312
5347
5402
5578
5734
5773
6046
6133
6364
6372
6483
7008
7125
7308
7457
7473
7826
7993
8010
8476
8609
8627
8772
9227
9523
9760
9853
9943
10025
10144
10186
10365
10382
10707
10839
10941
11375
11612
11710
12280
13031
13149
13206
13227
13350
13563
13725
13899
13932
14525
14679
15025
15036
15204
15249
15497
15779
15824
16106
16298
16304
16387
16465
16477
16717
17584
17624
17648
17938
18326
18411
19499
19804
19830
20048
20097
20816
21325
21621
22656
22800
22962
23112
23187
23238
23397
23556
23893
24312
24660
25276
25682
25784
25814
25870
26229
26250
26283
26451
26469
26542
26553
26686
27072
27379
27511
28200
28266
28391
28481
28596
28808
28871
29410
30335
30815
30856
31352
31532
31907
32045
32353
32475
32806
33201
33767
33779
34080
34089
34325
34838
34900
35264
35284
35757
35898
35916
36264
36925
37000
37087
37287
37761
37815
38128
38409
38821
38844
38952
39133
39208
39258
39362
39680
39755
40109
40644
40657
40862
40904
41129
41185
41208
41454
41562
41670
41870
41933
42079
42122
42750
42848
43252
43264
43405
43482
43859
43914
43983
44085
44309
44345
44592
44616
44827
44881
44938
45558
45595
Number of cuts: 208

Nancinator
260
433
524
1256
1281
1286
1479
1512
1598
1711
2041
2224
3033
3235
3709
4244
4514
4990
5104
5312
5347
5402
5578
5734
5773
6046
6133
6364
6372
6483
7008
7125
7308
7457
7473
7826
7993
8010
8476
8609
8627
8772
9227
9523
9760
9853
9943
10025
10144
10186
10365
10382
10707
10839
10941
11375
11612
11710
12280
13031
13149
13206
13227
13350
13563
13725
13899
13932
14525
14679
15025
15036
15204
15249
15497
15779
15824
16106
16298
16304
16387
16465
16477
16717
17584
17624
17648
17938
18326
18411
19499
19804
19830
20048
20097
20816
21325
21621
22787
22949
23099
23174
23225
23384
23543
23880
24300
24648
25264
25772
25802
25858
26217
26238
26271
26439
26530
26541
26674
27060
27367
27499
28188
28254
28379
28469
28584
28796
28859
29847
30255
30735
30776
31272
31452
31710
31827
31965
32273
32395
32726
33687
33699
34000
34009
34245
34469
34767
34829
35193
35213
35686
35827
35845
35918
35967
36184
36845
36920
37007
37207
37681
37735
38048
38329
38741
39053
39128
39178
39961
39974
40179
40221
40372
40446
40502
40525
40771
40879
40996
41187
41250
41396
41439
42067
42165
42569
42581
42722
42799
43176
43231
43300
43402
43626
43662
43909
43933
44144
44198
44255
44875
44912
Number of cuts: 203

Natosaleda
260
433
524
1256
1281
1286
1479
1512
1598
1711
2041
3033
3235
3709
4244
4514
4990
5104
5312
5347
5402
5578
5734
5773
6046
6133
6364
6372
6483
7008
7125
7308
7457
7473
7826
7993
8010
8476
8609
8627
8772
9227
9523
9760
9853
9943
10025
10144
10186
10365
10382
10707
10839
10941
11375
11612
11710
12280
13031
13149
13206
13227
13350
13563
13725
13899
13932
14525
14679
15025
15036
15204
15249
15497
15779
15824
16106
16298
16304
16387
16465
16477
16717
17584
17624
17648
17938
18326
18411
19499
19804
19830
20048
20097
20816
21325
21621
22787
22949
23174
23225
23384
23543
23880
24299
24647
25263
25771
25801
25857
26216
26237
26270
26438
26529
26540
26673
27059
27366
27498
28187
28253
28378
28468
28583
28795
28858
29846
30254
30734
30775
31271
31451
31709
31826
31964
32272
32394
32725
33686
33698
33999
34008
34244
34468
34766
34828
35192
35212
35685
35826
35844
35917
35966
36183
36844
36919
37006
37206
37680
37734
38047
38328
38740
39052
39127
39177
39596
39671
40025
40342
40562
40780
40822
41047
41103
41126
41372
41480
41597
41788
41851
41997
42040
42668
42766
43170
43182
43323
43400
43777
43832
43901
44003
44227
44263
44510
44534
44745
44799
44856
45479
45516
Number of cuts: 203

Partridge
218
260
284
434
525
775
1249
1274
1279
1505
1656
1770
2100
3041
3092
3294
3768
4303
4573
5049
5163
5406
5637
5793
5832
6105
6192
6408
6416
7052
7169
7352
7501
7517
7870
8037
8054
8242
8284
8517
8560
8650
8799
9550
9970
10052
10213
10226
10392
10409
10716
10734
10872
10974
11408
11645
11743
11857
12313
13064
13182
13239
13260
13383
13758
13932
13965
14114
14472
14712
14800
15058
15069
15237
15282
15336
15530
15812
15857
16139
16331
16337
16343
16498
16510
16750
17617
17657
17681
17971
18359
18444
18876
19532
19837
20069
21239
21358
21454
21566
21654
22689
22833
22995
23271
23430
23589
23927
24094
24694
25310
25698
25752
25854
25884
25940
26111
26266
26341
26539
26612
26756
27449
27581
27659
27689
27701
28270
28336
28630
28654
28776
28957
29020
29246
30482
30962
31311
31499
31679
32054
32192
32402
32766
32791
33345
33788
34043
34055
34356
34365
34601
34825
35123
35185
35549
35569
36042
36183
36201
36540
37201
37276
37363
37564
38038
38092
38209
38405
38686
39098
39121
39410
39639
39959
40034
40100
40388
40923
41161
41183
41408
41464
41487
41841
41958
42012
42149
42212
42358
42532
42772
42928
43048
43216
43715
43727
43868
43945
44319
44374
44443
44545
44769
44805
45052
45076
45268
45275
45287
45341
45398
45406
45918
45955
Number of cuts: 215

Pepy6
139
241
969
1498
2259
3183
3288
3544
3908
4215
4424
4550
4728
4800
5132
5267
5429
5514
6017
6414
6902
7073
7082
7362
7371
7545
7601
7755
7940
8042
8270
8320
8389
8444
9635
9740
9911
10081
10093
10576
10616
10711
10950
11444
11463
11929
11982
11989
12030
12250
12711
12973
13072
13101
13316
13431
13545
13623
13715
13766
13837
13942
14302
14467
14535
14593
14796
15194
15486
15616
15687
15816
16283
16591
16620
17575
18004
18086
18185
18471
18644
18960
19071
19339
19348
19572
19594
19746
19997
20180
20621
20639
20694
20711
20768
20825
20837
21017
21140
21189
21281
21336
21400
21429
21511
21555
21625
21859
21879
22013
22295
22411
23395
24169
24201
24475
25216
25389
25504
25513
25632
25850
26657
26875
27041
27432
28134
28479
28560
28571
29138
29246
29614
29668
29843
30074
30109
30164
30281
30355
30619
30982
31238
31318
31348
31481
31754
32085
32182
32584
32666
32878
33017
33508
34093
34124
34508
34990
35148
35173
35318
35494
35596
36045
36881
36909
38292
38580
38661
38700
38706
38795
38880
39046
39069
39078
39240
40160
40902
41215
41274
41610
41725
42053
42375
42668
42701
42708
42729
42797
42959
43084
43716
43723
43734
43770
44035
44071
44305
44491
44515
44521
44775
45110
45137
45749
45923
46126
46493
47039
47336
47408
47688
48214
48330
48470
48814
48829
49026
49488
49735
50064
50289
50330
51032
51047
51083
51375
52294
52439
52574
52709
52817
53173
53585
53714
54104
54707
54716
54722
54818
54892
54929
55091
55786
56883
56945
57029
57581
57820
58063
58231
58372
59337
59626
59885
59942
60043
60050
60155
60296
60379
60412
60433
60519
60980
61032
61120
61173
61305
61647
61840
61963
62140
62347
62617
62646
62711
62752
62807
62861
63281
63612
63667
63675
63956
64167
64310
64499
64686
64992
65312
65343
65576
65901
65956
67286
67365
67410
67484
67686
67845
68088
68221
68229
68334
69254
69474
69548
69675
70098
70210
70274
70325
70541
70622
70787
70814
70859
71159
71387
71568
72222
72725
72734
72772
72856
73047
73075
73095
73323
73666
73789
73804
73900
73983
74181
74460
74496
74745
74845
74988
75016
75024
75157
75202
75319
75363
75652
75834
75879
76005
76068
76113
76173
76247
76404
76717
Number of cuts: 358

Peregrin
110
193
208
249
820
1006
1030
1606
1949
2004
2374
2389
2410
2543
2578
2643
3445
3652
3670
3742
3792
4707
4785
5232
5362
5394
5575
5779
5797
5867
6063
6136
6274
6341
6453
6522
6542
6884
6933
7243
7420
7471
7476
7510
7725
7732
8080
8230
8740
8799
8995
9390
9694
9770
9779
10011
10049
10109
10261
10273
10371
10377
10437
10721
10760
10904
11122
11357
11527
11598
11611
11675
11960
12318
12708
13098
13197
13218
13304
13673
13842
14020
14359
14447
15276
15480
15513
15522
15746
15798
15890
15896
16700
16757
16844
16868
17035
17194
17456
17475
17598
17606
17610
17655
17694
17988
18085
18141
18578
18738
18982
19224
19270
19316
19463
19716
20002
20343
20355
20484
20595
20701
22062
22102
22147
22964
23631
23954
24138
24221
24231
25128
25162
25257
25311
25445
25508
25909
25998
27101
27135
27153
27185
27465
27721
28284
28389
28452
28734
29034
29757
29948
29963
30008
30281
30569
30674
30700
30842
31082
31259
31325
31493
31869
32178
32249
32294
32359
32527
32579
32642
32671
32906
33529
33571
33683
33881
33968
34159
34175
34214
34357
34369
34385
34477
34648
35072
35282
35414
35512
35594
35609
35726
36056
36139
36414
36419
36534
36560
36581
37052
37608
37668
37785
38557
38796
38871
39311
39364
39395
39476
39638
39965
40338
40635
40733
40822
40901
40939
40970
40983
41142
41175
41194
41413
42174
42276
42342
42413
42456
42804
42848
43091
43380
43391
43400
43469
43476
43572
43796
43896
44025
44040
44192
44297
44448
44571
44802
44817
45330
45530
45554
45575
45585
45708
45863
45998
46235
46358
46418
46473
46557
46568
46667
46883
46938
47025
47042
47046
47127
47286
47417
47543
47691
47817
47969
48135
48285
48420
48489
48714
48987
49119
49182
49224
49266
49290
49647
49784
49800
49809
49992
50004
50136
50264
50676
50700
50807
50993
51281
51344
51671
51675
51727
52001
52132
52316
52783
53018
53747
54182
54369
54478
54926
54939
55236
55432
55453
55960
56092
56356
56680
56739
56864
56873
57084
57347
57483
57649
57718
57942
58006
58015
58046
58055
58752
58964
59007
59217
59307
59499
59789
60178
60329
60373
60528
60547
60705
60730
60972
61017
61092
61191
61282
61501
61507
61625
61672
61756
61850
62599
62633
62690
62698
62723
63091
63098
63271
63276
63326
63499
63696
63827
64545
64549
64564
64573
64758
64857
65121
65175
65219
65893
66036
66067
66304
66383
66647
66736
66778
66948
67041
67381
67451
67491
67602
67769
67925
68418
68867
69097
69139
69194
69280
69583
69939
69947
70429
70436
70811
71170
71353
71763
71899
72020
72076
72112
72184
72497
72780
73043
73476
73771
73890
73913
74050
74094
74100
74156
74416
74517
74551
74701
74960
75133
75615
75701
75841
76307
76359
76637
76665
76803
77117
77520
77639
77798
78046
78140
78145
78155
78163
78184
78334
78354
78516
78686
78833
79133
79237
79244
79376
79633
79997
80238
80303
80317
80442
80519
80528
80671
80810
81192
81424
81499
81514
81632
81667
81688
82198
82326
82347
82835
82932
82991
83413
83454
83892
84238
84250
84343
84438
84993
85068
85147
85166
85316
85331
85405
85422
85467
85485
85773
85831
85974
86014
86048
86297
86341
86641
86922
87270
87867
88018
88380
88536
88652
88881
88978
89206
89312
89536
89590
89698
89779
89924
90389
90425
90471
90558
90737
90770
91259
91939
92330
92484
92883
92945
93118
93295
93546
93825
93961
94058
94164
94672
94909
94938
95246
95335
95509
95548
95723
95746
96364
96681
96717
96741
97058
97256
97295
97465
97583
97810
97945
98340
98801
98822
98952
99272
99348
99480
99551
99724
99893
100317
100394
100599
100667
101164
101200
101317
101743
102139
102768
102987
103456
103500
103524
103664
104108
104232
104420
104754
104812
104829
105288
105309
105539
105739
105778
105790
106421
106647
106703
106825
106900
106923
107196
107522
107810
107967
108260
108674
108760
108782
108917
108983
109961
110096
110304
110835
110874
111326
111955
112004
112023
112093
112248
112275
112468
113019
113103
114048
114173
114333
114348
114396
114560
114843
115521
115569
115747
115765
116011
116157
116880
117180
117204
117232
117365
117383
117792
117860
118261
118413
118964
119088
119130
119293
120105
120330
120342
120455
120462
120637
121199
122494
122597
122787
122985
123128
123238
123605
124089
124106
124118
124585
124724
124834
124950
125360
125721
125889
125937
125996
126236
126287
126362
126568
126644
127026
127101
127230
127406
127488
127537
127576
127609
127722
127749
127850
127948
128432
129010
129031
129485
130179
130262
130277
130318
130889
131075
131099
131675
132018
132073
132443
132458
132479
132612
132647
132712
Number of cuts: 723

Phrankenstein
260
433
524
1256
1281
1286
1479
1512
1598
1711
2041
2224
3033
3235
3709
4244
4514
4990
5104
5312
5347
5402
5578
5734
5773
6046
6133
6364
6372
6483
7008
7125
7308
7457
7473
7826
7993
8010
8476
8609
8627
8772
9227
9523
9760
9853
9943
10025
10144
10186
10365
10382
10707
10839
10941
11375
11612
11710
12280
13031
13149
13206
13227
13350
13563
13725
13899
13932
14525
14679
15025
15036
15204
15249
15497
15779
15824
16106
16298
16304
16387
16465
16477
16717
17438
17584
17624
17648
17938
18326
18411
19499
19804
19830
20048
20097
20816
21325
21567
22733
22895
23045
23120
23171
23330
23489
23826
24245
24593
25209
25304
25512
25717
25747
25803
26162
26183
26216
26384
26486
26619
27005
27312
27444
28133
28199
28324
28414
28529
28741
28804
30268
30748
30789
31285
31465
31567
31723
31840
31978
32286
32408
32739
33134
33700
33712
34013
34022
34258
34771
34833
35197
35217
35690
35831
35849
35922
36188
36849
36924
37011
37211
37685
37739
38052
38333
38745
38768
38876
39057
39132
39286
39604
39679
40033
40568
40581
40786
40806
40828
40979
41053
41109
41132
41378
41486
41603
41794
41857
42003
42046
42674
42772
43176
43188
43329
43406
43783
43838
43907
44009
44017
44233
44269
44516
44540
44751
44805
44862
45482
45519
Number of cuts: 211

Pine5
92
824
1088
1259
1484
2040
2181
2284
3973
4156
5396
6184
6433
7123
8164
8437
8695
10147
10639
11379
11385
11697
11835
11880
11946
12018
12072
12315
12555
12816
12822
13342
13884
14039
15095
15161
15305
15743
17002
17230
17314
17620
17968
18099
18430
18475
18516
18980
20327
20455
20513
20644
20880
20964
21006
21150
21423
22011
22440
23226
23427
23718
24936
25023
25889
26273
27307
27520
28993
29485
30147
31139
31815
32034
32097
32859
33681
34082
34154
34897
35125
35874
36297
37339
38160
38268
38523
39915
40293
41247
41667
42086
42152
43057
43111
43123
43162
43168
43558
44124
44782
46184
46519
46558
47173
47272
47521
47770
48138
50052
50226
50361
50391
50412
50499
51671
51719
51728
51749
51836
52203
52356
52715
53398
54032
54347
55169
55658
56058
56353
57073
58361
Number of cuts: 132

Poco6
201
293
969
1689
1912
2095
2175
2575
3023
3247
3297
3810
4121
4317
4548
5415
5535
5791
6671
7047
7116
7148
7479
7676
7793
7875
7919
8181
8441
8483
8493
8619
8781
9084
9396
9613
9660
10065
10262
10542
10551
11058
11089
11304
11428
11701
11751
11820
11875
11936
12485
13123
13129
13171
13512
13524
13579
13662
13866
14069
14141
14380
14796
15192
15220
15292
15430
15562
15662
15691
15697
15715
16424
16523
16767
16882
16996
17074
17166
17217
17288
17393
18007
18447
18576
18789
18954
19223
19284
19389
19475
19652
19719
19758
19940
20041
20245
20283
20350
20404
20710
20725
20924
21061
21288
21373
21442
21594
21646
21768
22019
22202
22661
22733
22790
22847
22859
23162
23303
23358
23451
23515
23533
23551
23584
23641
23881
23901
24035
24515
24607
24746
25054
25408
26182
26214
26638
27316
27402
27517
27645
27863
28196
28644
29054
29428
29881
30266
31157
31265
31687
31715
31862
32093
32128
32183
32374
32476
32653
32776
32893
33007
33094
33160
33343
33373
33457
34110
34207
34609
34903
34951
35171
35533
36118
36506
36530
36883
37012
37054
37170
37195
37298
37340
37516
38067
38903
38931
39267
40683
40722
40817
40902
41091
41109
41262
41529
42528
42616
42710
42769
42891
42958
42990
43072
43412
44039
44046
44067
44462
44495
44502
44523
44668
44956
45136
45542
45549
45599
45808
45907
46216
46327
46357
46615
46855
46962
46989
47236
47368
47505
47749
47879
47923
48061
48328
49343
49576
49648
49672
50329
50344
50573
50985
50994
51213
51576
51804
51976
52559
52574
52858
53803
53947
54082
54325
54681
55093
55509
55549
55612
56066
56215
56224
56230
56326
56400
56437
56494
56968
57294
58022
58085
58250
59177
59229
59419
59857
59962
60516
60696
60798
61057
61113
61241
61254
61368
61720
61918
62040
62216
62233
62288
62320
62623
62674
62922
63060
63138
63610
63651
63784
63949
64027
64114
64126
64693
64805
64899
65048
65061
65159
65333
66059
66090
66323
66539
68007
68052
68062
68126
68304
68325
68531
68550
68616
68685
68773
68838
69312
69321
69456
69482
69558
70191
70274
70892
71295
71476
71591
71852
71874
72050
72077
72422
72650
72831
72950
73427
73484
73987
73996
74309
74357
74366
74585
74928
75162
75245
75443
75722
75758
75974
76007
76256
76284
76417
76577
76631
76920
76937
77102
77147
77226
77273
77313
77336
77381
77441
77515
77672
Number of cuts: 381

Rasputin
260
433
524
1256
1281
1286
1479
1512
1598
1711
2041
2224
3033
3235
3709
4244
4514
4990
5104
5312
5578
5633
5734
5773
6046
6133
6357
6468
6993
7110
7293
7442
7811
7978
7995
8184
8226
8459
8502
8592
8741
9492
9836
9912
9994
10155
10168
10334
10351
10676
10808
10910
11344
11464
11581
11679
12249
12576
13000
13118
13175
13196
13319
13532
13694
13868
14050
14648
14994
15005
15173
15218
15272
15422
15466
15793
16075
16267
16273
16279
16434
16446
16686
17553
17593
17617
17907
18295
18331
18380
19468
19558
19773
19799
20005
20503
20785
21037
21175
21294
21390
21502
21590
22757
22919
23144
23195
23354
23513
23851
24018
24618
25234
25586
25640
25742
25772
25828
26187
26208
26241
26409
26500
26511
26644
27030
27337
27469
27547
27649
28158
28224
28349
28439
28554
28766
28829
29055
30293
30773
30814
31310
31490
31865
32003
32311
32433
32764
33159
33725
33737
34038
34047
34283
34796
34858
35222
35242
35715
35856
35874
35947
36213
36874
36949
37036
37236
37710
37764
38077
38358
38770
38793
38901
39082
39157
39311
39629
39704
40058
40593
40606
40811
40831
40853
41004
41078
41134
41157
41403
41511
41628
41819
41882
42028
42071
42699
42797
43201
43213
43354
43431
43808
43863
43932
44034
44258
44294
44541
44565
44776
44830
44887
45507
45544
Number of cuts: 215

RER2
260
433
524
1256
1281
1286
1479
1512
1598
1711
2041
2889
3033
3235
3709
4244
4514
4990
5104
5312
5347
5402
5578
5734
5773
6046
6133
6364
6372
6483
7008
7125
7308
7457
7473
7826
7993
8010
8476
8609
8627
8772
9227
9523
9760
9853
9943
10025
10144
10186
10365
10382
10707
10839
10941
11375
11612
11710
12280
13031
13149
13206
13227
13350
13563
13725
13899
13932
14525
14679
15025
15036
15204
15249
15497
15779
15824
16106
16298
16304
16387
16465
16477
16717
17584
17624
17648
17938
18326
18411
19499
19804
19830
20048
20097
20816
21068
21325
21621
22787
22949
23099
23174
23225
23384
23543
23880
24299
24647
25263
25669
25771
25857
26183
26195
26237
26258
26270
26438
26529
26540
26673
27059
27366
27498
28187
28253
28378
28468
28795
28858
29084
30322
30802
30843
31339
31519
31894
32032
32340
32462
32793
33188
33754
33766
34067
34076
34312
34825
34887
35251
35271
35744
35885
35903
35976
36242
36903
36978
37065
37265
37739
37793
38106
38387
38799
38822
38930
39111
39186
39340
39658
39733
40087
40622
40635
40840
40860
40882
41033
41107
41163
41186
41432
41540
41657
41848
41911
42057
42100
42728
42826
43230
43242
43383
43460
43837
43892
43961
44063
44287
44323
44570
44594
44805
44859
44916
45536
45573
Number of cuts: 209

RexFury
260
433
524
1287
1312
1317
1510
1543
1629
1742
2072
2255
3064
3266
3740
4275
4545
5021
5135
5343
5378
5433
5609
5765
5804
6077
6164
6395
6403
6514
7039
7156
7339
7488
7504
7857
8024
8041
8507
8640
8658
8803
9258
9554
9791
9884
9974
10056
10175
10217
10396
10413
10738
10870
10972
11406
11643
11741
12311
13062
13180
13237
13258
13381
13594
13756
13930
13963
14556
14710
15056
15067
15235
15280
15528
15810
15855
16137
16329
16335
16418
16496
16508
16748
17615
17655
17679
17969
18357
18442
19530
19835
19861
20079
20128
20486
20847
21356
21652
22818
22980
23205
23256
23415
23574
23911
24330
24678
25294
25646
25700
25802
25832
25888
26247
26268
26301
26469
26560
26571
26704
27090
27397
27529
28218
28284
28499
28614
28826
28889
29115
30353
30833
30874
31370
31550
31652
31808
31925
32063
32371
32493
32824
33219
33785
33797
34098
34107
34343
34856
34918
35282
35302
35775
35916
35934
36007
36056
36273
36934
37009
37096
37296
37770
37824
38137
38418
38830
39142
39217
39267
39686
39761
40115
40432
40652
40870
40912
41137
41193
41216
41462
41570
41687
41878
41941
42087
42130
42758
42856
43260
43272
43413
43490
43867
43922
43991
44093
44101
44317
44353
44600
44624
44835
44889
44946
45566
45603
Number of cuts: 208

RGL3
147
424
515
675
851
1463
1599
1710
2864
2891
3035
3237
4042
4246
4516
4992
5580
5736
5775
6048
6135
6476
6754
6763
6998
7130
7448
7816
7983
8191
8466
8509
8599
8617
8762
8929
9241
10155
10168
10334
10351
10436
10814
10916
11347
11536
11548
11587
11615
11685
12413
12485
12584
12761
13274
13331
13352
14194
14238
15194
15362
15407
15461
15617
15988
16270
16462
16474
16629
16641
16881
17259
17745
18099
18993
19095
19359
20100
20308
20409
20662
20669
21457
21825
22125
22481
22558
22755
23661
23703
23862
24364
24517
24787
25033
25132
25433
25492
25610
25754
26117
26171
26222
26276
26583
26769
26823
26828
26996
27005
27153
27171
27201
27396
27504
27515
27648
27903
28188
28353
28365
28465
28485
28593
28935
29175
29241
29307
29428
29452
29797
29968
30435
30770
30992
31361
31472
31751
31933
32009
32291
32909
33277
33439
34422
34439
34709
34939
35002
35011
35843
36227
36238
36728
36823
36841
37028
37084
37141
37175
37301
37898
37973
37994
38277
38709
38748
38802
38919
39095
39113
39590
39722
39902
39977
40071
40124
40464
40605
40635
40755
40893
41475
41503
41514
41659
41840
41942
42131
42213
42259
42289
42461
42492
42640
42753
43222
43281
43339
43450
43866
43895
43981
44059
44708
44843
45422
45602
45656
45911
45983
46731
48015
Number of cuts: 213

Rhodalysa
260
433
524
1256
1281
1286
1479
1512
1598
1711
2041
2889
3033
3235
3709
4244
4514
4990
5104
5312
5347
5402
5578
5734
5773
6046
6133
6364
6372
6483
7008
7125
7308
7457
7473
7826
7993
8010
8476
8609
8627
8772
9227
9523
9760
9853
9943
10025
10144
10186
10365
10382
10707
10839
10941
11375
11612
11710
12280
13031
13149
13206
13227
13350
13563
13725
13899
13932
14525
14679
15025
15036
15204
15249
15497
15779
15824
16106
16298
16304
16387
16465
16477
16717
17584
17624
17648
17938
18326
18411
19499
19804
19830
20048
20097
20741
20816
21325
21621
22787
22949
23099
23174
23225
23384
23543
23880
24299
24647
25263
25358
25566
25771
25801
25857
26216
26237
26270
26438
26540
26673
27059
27366
27498
28187
28253
28378
28468
28583
28795
28858
29397
30322
30802
30843
31339
31519
31894
32032
32340
32462
32793
33188
33754
33766
34067
34076
34312
34825
34887
35251
35271
35744
35885
35903
35976
36242
36903
36978
37065
37265
37739
37793
38106
38387
38799
38822
38930
39111
39186
39340
39658
39733
40087
40622
40635
40840
40860
40882
41033
41107
41163
41186
41432
41540
41657
41848
41911
42057
42100
42728
42826
43230
43242
43383
43460
43837
43892
43961
44063
44071
44287
44323
44570
44594
44805
44859
44916
45536
45573
Number of cuts: 210

StCroix
260
433
524
1256
1281
1286
1479
1512
1598
1711
2041
2224
3033
3235
3709
4244
4514
4990
5104
5312
5347
5402
5578
5734
5773
6046
6133
6364
6372
6483
7008
7125
7308
7457
7473
7826
7993
8010
8476
8609
8627
8772
9227
9523
9760
9853
9943
10025
10144
10186
10365
10382
10707
10839
10941
11375
11612
11710
12280
13031
13149
13206
13227
13350
13563
13725
13899
13932
14525
14679
15025
15036
15204
15249
15497
15779
15824
16106
16298
16304
16387
16465
16477
16717
17584
17624
17648
17938
18326
18411
19499
19804
19830
20048
20097
20816
21325
21621
22656
22800
22962
23112
23187
23238
23397
23556
23893
24312
24660
25276
25682
25784
25814
25870
26229
26250
26283
26451
26469
26542
26553
26686
27072
27379
27511
28200
28266
28391
28481
28596
28808
28871
29410
30335
30815
30856
31352
31532
31907
32045
32353
32475
32806
33201
33767
33779
34080
34089
34325
34838
34900
35264
35284
35757
35898
35916
36264
36925
37000
37087
37287
37761
37815
38128
38409
38821
38844
38952
39133
39208
39258
39362
39680
39755
40109
40644
40657
40862
40904
41129
41185
41208
41454
41562
41670
41870
41933
42079
42122
42750
42848
43252
43264
43405
43482
43859
43914
43983
44085
44309
44345
44592
44616
44827
44881
44938
45558
45595
Number of cuts: 208

Swann
260
433
524
1256
1281
1286
1479
1512
1598
1711
2041
2224
3033
3235
3709
4244
4514
4990
5104
5312
5347
5402
5578
5734
5773
6046
6133
6364
6372
6483
7008
7125
7308
7457
7473
7826
7993
8010
8476
8609
8627
8772
9227
9523
9760
9853
9943
10025
10144
10186
10365
10382
10707
10839
10941
11375
11612
11710
12280
13031
13149
13206
13227
13350
13563
13725
13899
13932
14525
14679
15025
15036
15204
15249
15497
15779
15824
16106
16298
16304
16387
16465
16477
16717
17584
17624
17648
17938
18326
18411
19499
19804
19830
20048
20097
20816
21325
21621
22787
22949
23099
23174
23225
23384
23543
23880
24299
24647
25263
25615
25669
25771
25801
25857
26216
26237
26270
26438
26529
26540
26673
27059
27366
27498
28187
28253
28378
28468
28583
28795
28858
30320
30800
30841
31337
31517
31892
32030
32338
32460
32791
33186
33752
33764
34065
34074
34310
34823
34885
35249
35269
35742
35883
35901
35974
36240
36901
36976
37063
37263
37737
37791
38104
38385
38797
38820
38928
39109
39184
39338
39656
39731
40085
40620
40633
40838
40858
40880
41031
41105
41161
41184
41430
41538
41655
41846
41909
42055
42098
42726
42824
43228
43240
43381
43458
43835
43890
43959
44061
44285
44321
44568
44592
44803
44857
44914
45534
45571
Number of cuts: 208

Takoda
218
260
284
525
775
1249
1279
1424
1505
1591
1703
2033
3025
3227
3701
4236
4506
4982
5096
5304
5339
5570
5726
5765
6038
6125
6341
6349
6985
7102
7285
7434
7450
7803
7970
7987
8175
8217
8450
8493
8583
8732
9483
9827
9903
9985
10146
10159
10325
10342
10566
10667
10799
10901
11335
11572
11670
12240
12567
12991
13109
13166
13187
13310
13542
13685
13892
14041
14399
14639
14985
14996
15164
15209
15263
15457
15739
15784
16066
16258
16264
16270
16425
16437
16677
17544
17584
17608
17898
18286
18371
19459
19549
19764
19996
21285
21381
21581
22615
22759
22921
23071
23146
23197
23356
23515
23853
24020
24620
25236
25331
25539
25642
25744
25774
26156
26210
26231
26513
26646
27339
27471
28160
28226
28441
28587
28768
28831
29057
29821
30229
30709
30750
31246
31426
31528
31801
31939
32369
33092
33535
33723
33928
33940
34241
34250
34486
34791
35008
35070
35434
35454
35927
36068
36086
36425
37086
37161
37248
37448
37922
37976
38093
38289
38570
38982
39005
39233
39294
39523
39843
39918
39984
40272
40806
41044
41066
41291
41347
41370
41616
41723
41740
41840
41894
42031
42094
42240
42618
42738
42906
43302
43559
43571
43712
43729
43789
44163
44218
44287
44389
44397
44613
44649
44896
44920
45112
45119
45131
45185
45243
45251
45764
45801
Number of cuts: 214

Trina
9
88
125
134
181
221
299
370
442
1150
1911
2372
2426
3141
3335
3356
3654
3974
4094
4254
4479
4805
5113
5849
5964
5973
6093
6215
6409
6738
6933
7479
7525
7751
7795
8309
8727
8795
9084
9129
9144
9404
9993
10190
10356
10382
10386
10531
10569
10611
10895
10982
11367
11596
11874
11925
12318
12451
12526
12870
13083
13105
13158
13186
13300
13317
13473
13491
13554
13770
13866
13940
13980
14065
14097
14341
14557
14565
15046
15188
15325
15623
15932
15999
16256
16925
17578
17596
17612
18432
18465
18537
18633
19024
19218
19382
19405
19577
19591
19793
19874
19941
20087
20135
20186
20309
20425
20527
20810
20920
20944
21106
21764
21956
22371
22506
22552
22986
23122
23741
23791
23966
24262
24344
24354
24511
24680
24687
24788
24975
25059
25318
25414
25783
25861
25867
26151
26523
26670
26750
26895
27264
27288
27830
27900
27906
27958
28083
28751
29021
29897
30191
30245
30323
30706
30857
30883
30968
31251
31384
31436
31514
31750
31793
31837
31955
32140
32292
32386
32518
32615
32856
33107
33228
33265
33611
33615
33648
34070
34105
34421
34426
34544
34952
35202
35221
35416
35515
35615
35669
35699
35717
35756
36588
37212
37310
37418
37701
38070
38142
38172
38448
38538
38843
38897
39116
39217
39227
39331
39923
40620
40724
41088
41142
41407
41693
41909
42071
42179
42233
42314
42477
42788
42860
42893
42921
42936
43142
43180
43291
43448
43534
43608
43620
43773
43857
43872
43936
44017
44029
44233
44320
44518
44583
44604
44692
44760
44778
44949
45102
45332
45397
45418
45493
45556
45631
45826
45831
45850
46088
46467
46609
46759
46792
46806
46857
46962
46983
47189
47214
47304
47340
47353
47416
47493
47911
48172
48386
48445
48514
48685
48742
48765
48847
48955
48964
49065
49072
49447
49557
49585
49639
49720
49915
50397
50748
51190
51238
51811
51955
51981
52018
52235
52321
52511
52702
52923
52960
52993
53047
53125
53168
53742
53851
53873
53940
54317
54554
54644
54688
54901
54949
54953
55042
55113
55911
55918
55961
56039
56663
56776
56852
57290
57574
57697
57798
57814
57846
58101
58378
58401
58565
58600
58820
59811
59859
60117
60162
60324
60396
60601
60839
61934
62357
62413
62690
62894
63231
63391
63420
63443
63947
64061
64074
64276
64396
64690
65025
65305
65730
65922
66397
66576
66966
67190
67780
67995
68986
69134
69247
69350
69412
69452
69463
69628
69757
69829
69855
70003
70007
70087
70186
70600
70933
71532
71554
71564
71721
71944
71999
72026
72140
72157
72202
72465
72537
72674
72991
73011
73136
73186
73246
73672
73748
73850
74180
74329
74498
74529
74604
74686
74868
75209
75388
75585
75714
76011
76413
76523
76546
76558
76845
76908
76950
77066
77213
77431
77741
78110
78132
78458
78512
78600
78897
79174
79794
80019
80413
80574
80818
81201
81403
82097
82337
82343
82505
82838
82991
83187
83221
83235
83284
83727
84231
84409
84699
84784
84867
85068
85265
85345
85403
85435
85481
85753
86469
86518
86635
86655
86724
86741
86806
86815
86914
86993
87287
87390
87689
87713
87875
88215
88300
88396
88408
88451
88529
88798
88820
88937
89110
89206
89298
89416
89446
89601
89754
89922
89980
90083
90330
90515
90690
90814
91164
91175
91217
91649
91799
91892
92072
92285
92345
92561
92600
92664
92712
92849
92916
93278
93369
93378
93385
93814
94379
94459
94556
94721
94825
95451
95472
95483
95488
95618
95882
96023
96404
96467
96640
96645
96658
96836
96925
97331
97417
97733
97823
98289
98357
98594
99166
99445
99724
99797
100163
100248
100364
100529
100560
100776
101147
101293
101632
101663
102089
102195
102314
102376
102847
103007
103219
103340
103586
103629
104064
104489
104830
104989
105104
105199
105328
105629
105686
105746
105901
105925
106068
106118
106357
106612
106638
106788
107123
107227
107475
107503
107701
107708
107906
108134
108138
108309
108470
108690
108708
108831
108949
109177
109190
109211
109398
109433
109785
110208
110227
110281
110310
110606
110753
110887
111779
112036
112255
112840
113565
114849
115107
115287
115346
115490
115653
115681
115993
116148
116179
116565
116794
117140
117365
117428
117845
118304
118318
118411
118460
118548
118986
119232
119343
119498
119869
120062
120133
120292
120765
120781
120797
121115
121412
121497
121778
121787
122081
122244
122301
122696
122922
123322
123378
123444
123530
123934
124137
124574
124628
125489
125588
125694
125808
125827
125900
126007
126035
126237
126321
126359
126505
127371
127813
127971
128083
128107
128166
128319
129117
129164
129194
129215
129486
129630
130080
130504
130760
130913
131704
131902
132106
132425
133421
133578
133738
134243
134364
134458
134611
134623
134744
135016
135023
135367
135706
136115
136131
136184
136248
136271
136411
136490
136527
136536
136583
136623
136701
136772
136844
137552
138313
138774
138828
Number of cuts: 748

TWAMP
260
433
524
1256
1281
1286
1479
1512
1598
1711
2041
2889
3033
3235
3709
4244
4514
4990
5104
5312
5347
5402
5578
5734
5773
6046
6133
6364
6372
6483
7008
7125
7308
7457
7473
7826
7993
8010
8476
8609
8627
8772
9227
9523
9760
9853
9943
10025
10144
10186
10365
10382
10707
10839
10941
11375
11612
11710
12280
13031
13149
13206
13227
13350
13563
13725
13899
13932
14525
14679
15025
15036
15204
15249
15497
15779
15824
16106
16298
16304
16387
16465
16477
16717
17584
17624
17648
17938
18326
18411
19499
19804
19830
20048
20097
20741
20816
21325
21621
22787
22949
23099
23174
23225
23384
23543
23880
24299
24647
25263
25358
25566
25771
25801
25857
26216
26237
26270
26438
26540
26673
27059
27366
27498
28187
28253
28378
28468
28583
28795
28858
29397
30322
30802
30843
31339
31519
31894
32032
32340
32462
32793
33188
33754
33766
34067
34076
34312
34825
34887
35251
35271
35744
35885
35903
35976
36242
36903
36978
37065
37265
37739
37793
38106
38387
38799
38822
38930
39111
39186
39340
39658
39733
40087
40622
40635
40840
40860
40882
41033
41107
41163
41186
41432
41540
41657
41848
41911
42057
42100
42728
42826
43230
43242
43383
43460
43837
43892
43961
44063
44071
44287
44323
44570
44594
44805
44859
44916
45536
45573
Number of cuts: 210

UhSalsa
260
433
524
1256
1281
1286
1479
1512
1598
1711
2041
2224
3033
3235
3709
4244
4514
4990
5104
5312
5347
5402
5578
5734
5773
6046
6133
6364
6372
6483
7008
7125
7308
7457
7473
7826
7993
8010
8476
8609
8627
8772
9227
9523
9760
9853
9943
10025
10144
10186
10365
10382
10707
10839
10941
11375
11612
11710
12280
13031
13149
13206
13227
13350
13563
13725
13899
13932
14525
14679
15025
15036
15204
15249
15497
15779
15824
16106
16298
16304
16387
16465
16477
16717
17584
17624
17648
17938
18326
18411
19499
19804
19830
20048
20097
20816
21325
21621
22787
22949
23174
23225
23384
23543
23880
24300
24648
25264
25772
25802
25858
26217
26238
26271
26439
26530
26541
26674
27060
27367
27499
28188
28254
28379
28469
28584
28796
28859
29847
30255
30735
30776
31272
31452
31710
31827
31965
32273
32395
32726
33687
33699
34000
34009
34245
34469
34767
34829
35193
35213
35686
35827
35845
35918
35967
36184
36845
36920
37007
37207
37681
37735
38048
38329
38741
39053
39128
39178
39597
39672
40026
40343
40563
40781
40823
41048
41104
41127
41373
41481
41598
41789
41852
41998
42041
42669
42767
43171
43183
43324
43401
43778
43833
43902
44004
44228
44264
44511
44535
44746
44800
44857
45477
45514
Number of cuts: 204

Weasels2
420
464
470
767
1475
2202
2477
2703
2845
2864
3355
3615
3749
4173
4304
5045
5214
5316
5356
5493
6147
6520
6593
6717
7194
7298
7305
7329
7431
7636
7929
7938
8037
8049
8109
8378
8500
8551
8673
8808
9161
9198
9458
10400
10433
10651
10680
10701
10870
10989
11252
11368
11756
12233
12483
12583
12620
13341
13666
13732
13816
13990
14191
14203
14224
14675
14828
14844
15022
15250
15384
15724
16135
16219
16387
16423
16586
16822
17074
17222
17443
17587
17650
17933
17938
18052
18230
18555
18789
19248
19301
19594
19665
19794
19886
20033
20281
20881
21344
21578
22347
22525
22666
22960
22970
23168
23513
23658
23919
23994
24063
24083
24187
24227
24471
25272
25436
25448
25464
25518
25782
25912
26021
27014
27134
27152
27184
27349
27464
27720
28283
28388
28616
28733
29033
29095
30058
30243
30414
30749
30857
30899
30932
31025
31067
31076
31535
31701
32091
32109
33081
33112
33354
33406
33711
33763
34129
34398
34471
34483
34708
34873
34954
34986
35184
35196
35304
35908
35929
35953
36207
36241
36490
36505
36526
36574
36613
36892
37260
37265
37406
37448
37797
37898
38133
38157
38219
38264
38430
38634
39075
39109
39170
39532
39708
39771
39860
40239
40482
40758
41106
41288
41519
41646
41756
41991
42007
42308
42426
42463
42555
42894
42969
43134
43315
43348
43695
43938
44160
44203
44242
44313
44325
44332
44350
44388
44472
44629
44660
44743
44878
45067
45399
45610
45910
45934
45958
46015
46177
46220
46251
46404
46432
46532
46546
46570
46995
47196
47265
47355
47440
47475
47788
47866
47911
48177
48318
48463
48649
48703
48982
49057
49219
49255
49480
49705
49873
49885
49990
50032
50056
50401
50413
50424
50430
50550
50566
50629
50663
50917
51019
51176
51295
51457
51591
51882
52065
52128
52620
52757
52916
52952
53433
53913
54940
55127
55640
55910
55937
56419
56523
56587
56794
56799
57110
57137
57200
58464
58799
58868
59756
59947
60016
60082
60515
60927
61483
61518
61876
62163
62238
62428
62608
62638
62905
62948
62987
62999
63199
63292
63479
63748
63847
64008
64256
64300
64380
64607
64800
65152
65252
65416
65487
65491
65607
66159
66193
66513
66665
66721
66767
66821
66841
66875
66911
67239
67261
67685
67712
67868
67951
68044
68384
68605
68982
69106
69322
69424
69526
69554
69906
69959
70032
70109
70119
70151
70233
70257
70594
70603
71147
71300
71440
71491
71618
71861
71987
72945
72949
73158
73230
73400
73667
74137
74839
75085
75435
75787
75827
76055
76356
77224
77324
77887
78018
78177
78248
78431
78460
78648
78812
78974
79160
79300
79470
79488
79623
79659
79679
79841
79853
79921
79996
80507
80514
80646
80734
81584
81653
81658
82046
82055
82168
82440
82467
82650
82835
82942
83010
83031
83073
83161
83346
83486
83737
83996
84014
84202
84536
84641
84977
85004
85053
85294
85318
85721
86777
87005
87084
87285
87431
87612
87765
87938
87953
88313
88669
88688
88703
88714
89020
89078
89261
89509
89544
89588
90068
91094
91099
92186
92372
92626
92630
92732
92746
92824
92916
93282
93495
93667
93825
94439
94462
94595
94774
95308
96114
96242
96372
96504
96557
96581
96742
97170
97775
97959
98028
98492
98701
98839
98940
98975
99000
99068
99135
99637
99672
100168
100192
100222
100394
100553
100647
100713
100864
100982
101022
101170
101292
101335
101409
101461
101696
101724
101750
102244
102296
102549
103030
103176
103188
103446
103467
103639
103832
104012
104056
104240
104414
104657
104946
105190
105350
105398
105419
105469
105635
106358
106504
106568
106658
106762
106828
106918
107058
107241
107273
107343
107514
107730
107870
108011
108068
108125
108370
108397
108514
109224
109710
109737
109828
110248
110261
110287
110808
111098
111563
111959
112085
112095
112252
112408
112429
112486
112603
112624
113141
113530
113717
113935
114094
114452
114697
114706
114865
114889
115320
115694
116196
116283
116570
116581
117292
117510
117816
117834
118237
118393
118717
118751
118963
118981
119103
119496
119529
119798
119809
120361
120618
120696
121526
122592
122892
123650
123665
123791
123885
123990
124235
124244
124314
124520
124834
125070
125905
126831
126994
127110
127445
127929
129010
129606
129639
129721
129803
130324
131064
131295
131299
131341
131551
132125
132169
132175
132472
133180
133907
134182
134408
134550
134569
Number of cuts: 671

Yogi
260
433
524
1256
1281
1286
1479
1512
1598
1711
2041
3033
3235
4244
4514
4990
5104
5312
5578
5734
5773
6046
6133
6357
6468
6993
7110
7293
7442
7811
7978
7995
8183
8225
8458
8501
8591
8740
8931
9491
9911
9993
10154
10167
10333
10350
10675
10813
10915
11349
11586
11684
12254
12581
13005
13123
13180
13201
13324
13699
13873
14055
14653
14999
15010
15178
15223
15277
15427
15471
15798
16080
16272
16278
16284
16439
16451
16691
17558
17598
17622
17912
18300
18336
18385
19473
19563
19778
19804
20010
20790
21299
21395
21595
22761
22923
23073
23148
23199
23358
23517
23854
24021
24273
24621
25237
25643
25745
25831
26157
26169
26211
26232
26244
26412
26503
26514
26647
26997
27033
27340
27472
28161
28227
28352
28442
28769
28832
29058
30296
30776
30817
31313
31493
31595
31868
32006
32314
32436
32767
33728
33740
34041
34050
34286
34498
34796
34858
35222
35242
35715
35856
35874
35947
36213
36568
37254
37329
37416
37616
38090
38144
38457
38738
39131
39150
39462
39691
40009
40084
40150
40438
40973
40986
41191
41211
41233
41384
41458
41514
41537
41783
41891
41999
42008
42199
42262
42408
43079
43177
43581
43593
43811
44188
44243
44312
44414
44422
44638
44674
44921
44945
45156
45210
45267
45458
45887
45924
Number of cuts: 208

Yoncess
260
433
524
1256
1281
1286
1479
1512
1598
1711
2041
3033
3235
4244
4514
4990
5104
5312
5578
5633
5734
5773
6046
6133
6357
6468
6993
7110
7293
7442
7811
7978
7995
8183
8225
8458
8501
8591
8740
9491
9911
9993
10154
10167
10333
10350
10675
10813
10915
11349
11586
11684
12254
12581
13005
13123
13180
13201
13324
13537
13699
13873
14055
14653
14999
15010
15178
15223
15277
15427
15471
15798
16080
16272
16278
16284
16439
16451
16691
17558
17598
17622
17912
18300
18336
18385
19473
19563
19778
19804
20010
20508
20790
21042
21180
21299
21507
21595
21810
22762
22924
23074
23149
23200
23359
23518
23855
24022
24274
24581
24622
25238
25644
25736
25746
25832
26158
26170
26212
26233
26245
26413
26504
26515
26648
27034
27341
27473
28162
28228
28443
28770
28833
29059
30076
30556
30597
31093
31273
31375
31648
31786
32094
32216
32372
32547
32942
33508
33520
33821
33830
34066
34281
34579
34641
35005
35025
35498
35639
35657
35730
35996
36657
36732
36819
37019
37493
37547
37860
38141
38553
38865
39094
39412
39487
39553
39841
40376
40389
40594
40614
40636
40787
40861
40917
40940
41186
41295
41403
41412
41606
41669
41815
41858
42486
42584
42989
43001
43142
43219
43596
43651
43720
43822
44046
44082
44329
44353
44564
44618
44675
45295
45332
Number of cuts: 213

