Alatin
122
404
700
744
770
774
1703
2591
2642
2660
2975
3256
3318
3586
3658
4108
4209
4228
4269
4353
4366
4622
4912
5033
5449
5606
5630
5953
5993
7288
7535
7653
8154
8497
8968
9062
9200
9251
10026
10228
10604
11221
11377
11440
11775
11821
12206
12370
12591
12760
12985
13288
13851
14001
14055
14748
15251
15266
15564
15984
15984
15997
16223
16275
16418
16868
17964
18092
18115
18179
18823
19283
19876
20134
20227
20236
20412
20886
21127
21434
21470
21488
21524
21542
21791
22303
22667
23112
23288
23691
24143
24160
24207
24318
24498
24913
24926
25436
25717
25831
25986
26923
26959
27066
27330
27597
27816
27968
28573
28767
29148
29618
30274
30744
30894
30922
31939
31954
32244
32499
32798
33607
33633
33860
33885
34160
34413
34688
34763
35478
35545
35653
35860
35867
36708
37372
37505
37766
38140
38257
38718
39029
39475
39488
39563
39758
39763
39849
40402
40989
41299
41312
41492
41873
42103
42156
42241
42373
42678
42940
43465
44218
44285
44738
44885
44950
45251
45294
46237
Number of cuts: 169

Alpacados
122
404
700
744
770
2553
2604
2622
2937
3218
3280
3548
3960
4070
4171
4231
4315
4328
4584
4874
4995
5411
5568
5915
5955
6868
6915
7235
7346
7482
7600
7708
7909
8441
9130
9151
9181
9242
9918
10158
10404
10417
11157
11313
11376
11711
11721
11757
12142
12306
12696
12703
12716
12881
12921
13224
13787
13937
14684
14831
15143
15187
15202
15500
15622
15805
15920
16211
16354
16692
16804
18028
18115
19812
20070
20163
20348
20682
20822
21063
21254
21370
21388
21406
21424
21611
21653
22192
22797
23157
23560
24012
24029
24076
24187
24367
24782
24795
24965
25299
25622
25891
26358
26828
26864
26922
26971
27502
27721
28478
28634
28672
29053
30179
30201
30214
30649
30799
30827
31844
31859
32149
32404
32703
33512
33538
33590
33765
33790
34065
34318
34331
34590
34665
35380
35447
35555
35612
35762
35769
36601
37265
37398
37659
37749
38033
38580
38611
38922
39381
39456
39602
39651
39656
39742
40225
40812
41315
41696
41926
41979
42196
42501
42763
43288
44041
44108
44561
44588
44708
44773
45074
45117
46060
46371
Number of cuts: 175

AngryOrchard
695
739
765
2098
2536
2587
2605
2920
3201
3263
3493
3506
3531
3603
4053
4154
4214
4298
4311
4567
4857
4978
5394
5457
5551
5898
5938
6898
7218
7329
7465
7583
7691
7892
8424
8975
9113
9134
9164
9225
9901
9939
10141
10387
10400
10517
11140
11296
11359
11694
11740
12125
12289
12679
12686
12699
12864
12904
13207
13350
13863
14334
14347
14667
15170
15185
15483
15788
15903
16142
16194
16337
16675
16787
17137
17883
18011
18034
18098
19174
19795
20331
20805
20892
20905
21046
21237
21353
21371
21407
21581
21594
22167
22187
22531
22690
22703
22976
23152
23555
24008
24025
24072
24183
24363
24778
24791
25582
25696
25851
25863
26317
26787
26881
26930
27453
27466
27680
28292
28593
28631
29012
29482
29724
30072
30542
30692
30720
31737
31752
32297
32596
33402
33428
33731
33925
34225
34750
34825
35540
35607
35715
35922
35929
36096
36761
37425
37558
37819
38193
38310
38771
39082
39528
39541
39616
39813
39818
41043
41353
41366
41546
41926
42156
42209
42354
42393
42402
42735
42829
42839
42842
42939
42985
43542
43892
44260
44780
45249
45499
45514
45816
Number of cuts: 182

AppleCloud
171
495
539
565
569
1410
2152
2300
2351
2369
2965
3027
3295
3817
3918
3978
4062
4075
4331
4621
4742
5315
5662
5702
6662
6982
7093
7229
7347
7455
7656
8188
8423
8715
8853
8874
8904
8965
9641
9679
9881
10874
11030
11093
11428
11438
11474
11859
12121
12597
12950
13966
15216
15231
15529
15651
15949
16188
16240
16383
16721
16833
17929
18057
18080
18144
19248
19841
20099
20377
20711
20851
20951
21092
21283
21399
21435
21640
21682
23063
23094
23438
24164
24373
24788
24801
24971
25592
25706
26798
26834
26941
27472
27691
28303
28527
28683
28721
29102
29569
29811
30004
30474
30624
30652
31669
31684
32229
32528
33509
33584
33884
34157
34415
34490
35205
35272
35380
35437
35587
35594
36426
37090
37223
37484
37858
37975
38436
38747
39190
39203
39278
39424
39473
39478
39564
40102
40231
40706
41209
41590
41820
41873
41958
42090
42395
42657
43182
43935
44002
44455
44602
44667
44968
45011
45954
Number of cuts: 156

Belenaria
122
404
700
744
770
774
1703
2591
2642
2660
2975
3256
3318
3586
3658
4108
4209
4228
4269
4353
4366
4622
4912
5033
5449
5606
5630
5953
5993
7288
7535
7653
8154
8497
8968
9062
9200
9251
10026
10228
10604
11221
11377
11440
11775
11821
12206
12370
12591
12760
12985
13288
13851
14001
14055
14748
15251
15266
15564
15984
15984
15997
16223
16275
16418
16868
17964
18092
18115
18179
18823
19283
19876
20134
20227
20236
20412
20746
20886
21127
21434
21470
21488
22256
23221
23624
24076
24093
24141
24252
24432
24847
24860
25030
25370
25651
25765
25920
26387
26857
26893
26951
27000
27531
27750
27902
28507
28663
28701
29082
29550
29919
30140
30610
30732
30760
30788
31805
31820
32110
32365
32664
33473
33499
33726
33751
34026
34279
34563
34638
35353
35420
35528
35735
35742
36574
37238
37371
37632
38006
38123
38584
38895
39338
39351
39426
39572
39621
39626
39712
40250
40379
40854
41357
41738
41968
42021
42106
42238
42543
42805
43330
44083
44150
44603
44750
44815
45116
45159
46102
Number of cuts: 170

BobbyDazzler
122
404
700
744
770
774
1767
2662
2713
2731
3046
3327
3389
3657
4069
4280
4340
4424
4437
4693
4983
5104
5520
5677
6024
6064
7024
7344
7455
7591
7709
7817
8018
8550
9007
9101
9239
9260
9290
9351
10027
10267
10513
10526
11266
11422
11485
11820
11866
12251
12415
12805
12812
12825
12990
13030
13333
14046
14793
14940
15252
15296
15311
15609
15731
15914
16029
16268
16320
16463
16801
16913
17263
18137
18224
19921
20179
20264
20272
20457
20791
20931
21172
21363
21479
21515
21533
21720
21762
22302
22791
22907
23267
23670
24122
24139
24186
24297
24477
24892
24905
25075
25409
25696
25965
26432
26902
26938
27045
27576
27795
28407
28552
28708
28746
29127
29597
30253
30723
30873
30901
31918
31933
32223
32478
32777
33586
33612
33664
33839
33864
34139
34175
34392
34667
34742
35457
35524
35632
35689
35839
35846
36678
37342
37475
37736
38110
38688
38999
39458
39533
39679
39728
39733
39819
40372
40959
41462
41844
42074
42127
42212
42344
42649
42911
43214
43436
44189
44256
44709
44921
45222
45265
46208
46519
Number of cuts: 175

Bonanza
122
404
700
744
770
774
1703
2591
2642
2660
2975
3256
3318
3586
3998
4209
4269
4353
4366
4622
4912
5033
5449
5606
5953
5993
6953
7273
7384
7520
7638
7746
7947
8479
9168
9189
9219
9280
9956
10196
10442
10455
11195
11351
11414
11749
11759
11795
12180
12344
12734
12919
12959
13262
13825
13975
14722
14869
15181
15225
15240
15538
15660
15843
15958
16249
16392
16730
16842
18066
18153
19850
20108
20201
20386
20720
20860
21101
21292
21408
21426
21649
21691
22230
23019
23195
23598
24050
24067
24114
24225
24405
24820
24833
25003
25337
25624
25893
26360
26830
26866
26924
26973
27504
27723
28480
28636
28674
29055
30181
30203
30216
30651
30801
30829
31846
31861
32151
32406
32705
33514
33540
33592
33767
33792
34067
34320
34333
34592
34667
35382
35449
35557
35614
35764
35771
36983
37647
37780
38041
38415
38962
38993
39304
39763
39838
39984
40033
40038
40124
40677
41264
41767
42148
42378
42431
42648
42953
43215
43740
44493
44560
45013
45040
45160
45225
45526
45569
46147
46497
46810
Number of cuts: 171

Bradshaw
122
404
700
744
770
774
1703
2591
2642
2660
2975
3256
3318
3586
3658
4108
4209
4228
4269
4353
4366
4622
4912
5033
5449
5606
5630
5953
5993
7288
7535
7653
8154
8497
8968
9062
9200
9251
10026
10228
10604
11221
11377
11440
11775
11821
12206
12370
12591
12760
12985
13288
13851
14001
14055
14748
15251
15266
15564
15984
15984
15997
16223
16275
16418
16868
17964
18092
18115
18179
18823
19283
19876
20134
20227
20236
20412
20746
20886
21127
21434
21470
21488
21737
22256
23221
23624
24076
24093
24140
24251
24431
24846
24859
25369
25650
25764
25919
26856
26892
26999
27263
27530
27749
27901
28506
28700
29081
29551
30207
30677
30827
30855
31872
31887
32177
32432
32731
33540
33566
33793
33818
34093
34346
34621
34696
35411
35478
35586
35793
35800
36641
37305
37438
37699
38073
38190
38651
38962
39408
39421
39496
39691
39696
39782
40335
40922
41232
41245
41425
41806
42036
42089
42174
42306
42611
42873
43398
44151
44218
44572
44585
44883
45184
45227
45820
46170
Number of cuts: 167

Bryce
122
404
700
744
770
774
1703
2591
2642
2660
2975
3256
3318
3586
3998
4209
4269
4353
4366
4622
4912
5033
5449
5606
5953
5993
6953
7273
7384
7520
7638
7746
7947
8479
8936
9168
9189
9219
9280
9956
10196
10442
10455
11195
11351
11414
11749
11795
12180
12344
12734
12741
12754
12919
12959
13262
13975
14722
14869
15181
15225
15240
15538
15660
15843
15958
16249
16392
16730
16842
18066
18153
19850
20108
20193
20201
20386
20720
20860
21101
21292
21408
21444
21462
21649
21691
22231
22720
22836
23196
23599
24051
24068
24115
24226
24406
24821
24834
25004
25338
25625
25894
26361
26831
26867
26925
26974
27505
27724
28336
28481
28637
28675
29056
29526
29961
29983
29996
30431
30581
30609
31626
31641
31931
32186
32485
33294
33320
33372
33547
33572
33847
33883
34100
34375
34450
35165
35232
35340
35397
35547
35554
36386
37050
37183
37444
37818
38396
38707
38730
39166
39241
39387
39436
39441
39527
40080
40667
41170
41552
41782
41835
41920
42052
42357
42619
42922
43144
43897
43964
44417
44564
44930
44973
45916
46225
Number of cuts: 176

ChewyVIII
473
621
782
884
888
1037
1322
1482
1893
2086
2211
2231
2239
2259
2337
2698
3426
3473
3486
3502
3509
3796
3890
3916
4321
4415
4779
5012
5535
5608
5683
5725
6116
6864
6950
7097
7587
7760
8107
8654
8687
9081
9598
9732
9965
10379
10409
10472
10586
10799
11338
11613
11632
12007
12569
12938
13342
13901
13913
13958
14050
14202
14672
14794
15160
15217
15560
16002
16069
16194
16423
16516
16825
17274
17501
18030
18154
18341
18593
18692
18767
18887
19035
19368
19708
19743
20010
20160
20313
20551
20733
20737
20784
20819
21450
21627
22410
22460
22819
23004
23471
23759
24018
24108
24197
24257
24294
25346
25471
25502
25866
26116
26159
26394
26915
27185
27450
28238
29332
29771
30061
30344
30641
30884
31221
31581
31748
32808
32831
33350
33377
33524
33709
33820
34046
35201
35245
35725
36034
36082
36153
36462
36586
36741
37354
37458
37966
37969
38366
38584
38618
38702
38795
38980
39070
39256
39614
40301
40485
40875
41131
41236
41515
41835
41914
41915
42005
42407
43210
43480
43723
43811
44150
44474
44790
45239
46426
46643
46865
47134
47223
48260
48404
48574
49388
49577
49676
50103
50121
50209
51246
51258
51291
51431
51772
51987
52093
52464
52609
52813
52928
53595
53658
53867
53891
53942
54773
54792
55235
55486
56080
56187
56498
56519
56823
56890
57204
57910
58177
58224
58647
58733
58760
58842
58954
59756
59813
60040
60163
60190
60815
61624
61807
62350
62492
62528
62587
62777
63235
63372
63466
63629
65144
66185
68012
68839
Number of cuts: 246

CosmicSans
122
404
700
744
770
774
1703
2591
2642
2660
2975
3256
3318
3586
3658
4108
4209
4228
4269
4353
4366
4622
4912
5033
5449
5606
5630
5953
5993
7288
7535
7653
8154
8497
8968
9062
9200
9251
10026
10228
10604
11221
11377
11440
11775
11821
12206
12370
12591
12760
12985
13288
13851
14001
14055
14748
15251
15266
15564
15984
15984
15997
16223
16275
16418
16868
17964
18092
18115
18179
18823
19283
19876
20134
20227
20236
20412
20746
20886
21127
21434
21470
21488
21737
22256
23221
23624
24076
24093
24140
24251
24431
24846
24859
25029
25650
25764
25919
26386
26856
26892
26950
26999
27263
27530
27749
27901
28506
28662
28700
29081
29551
30207
30677
30827
30855
31872
31887
32432
32731
33540
33566
33793
33818
34093
34346
34621
34696
35411
35478
35586
35767
35793
35800
36632
37296
37429
37690
38064
38181
38642
38953
39399
39412
39487
39682
39687
39773
40326
40913
41416
41797
42027
42080
42165
42297
42602
42864
43389
44142
44209
44662
44809
44874
45175
45218
Number of cuts: 166

Dinger
697
741
767
1699
2587
2638
3252
3314
3526
3544
3557
3582
4104
4205
4265
4349
4362
4618
4908
5029
5445
5602
5949
5989
6949
7269
7380
7516
7634
7742
7943
8475
9026
9164
9185
9215
9276
9952
9990
10192
10438
10451
10568
11191
11347
11410
11745
11755
11791
12176
12340
12730
12915
12955
13258
13821
13914
13971
14385
14398
15221
15236
15534
15839
15954
16193
16245
16388
16726
16838
17934
18062
18085
18149
19225
19253
19846
20104
20856
21097
21288
21404
21645
22219
23028
23204
23607
24060
24077
24124
24235
24415
24830
24843
25013
25634
25748
25903
26840
26876
26983
27514
27733
28345
28569
28763
29144
29612
29854
30076
30546
30724
31741
31756
32301
32409
32600
33409
33435
33738
33851
33926
34226
34479
34763
34838
35553
35620
35728
35785
35935
35942
36109
36367
36774
37438
37571
37832
38206
38323
38495
38784
39095
39541
39554
39629
39826
39831
39917
40127
41057
41367
41380
41560
41941
42174
42227
42372
42411
42420
42753
42847
42860
42957
43003
43560
43910
43917
44278
44345
44798
44825
45010
45266
45516
45531
45834
46184
Number of cuts: 178

DocB7
1116
1393
1633
1790
1814
1954
2060
2233
2277
2380
3375
3557
4180
5028
5464
5513
5794
5941
6902
7813
8228
8739
9068
9188
9385
9826
9938
10239
10270
10784
12364
12429
12567
12621
12885
13574
15125
16303
17012
18947
22273
22632
22949
23403
24030
25063
25495
26861
27364
27698
28270
28487
28877
28954
29022
29138
29278
29630
29879
30048
30821
30938
31018
31366
31938
32024
33215
34110
34394
34482
34804
34931
36773
36951
37030
37224
37722
37736
37908
37934
37989
37994
39493
40147
41541
43144
45517
45555
46162
46302
46349
47230
47493
47512
48240
49617
49892
50122
50530
50748
51022
51621
52006
52091
52723
52920
53466
53998
54319
54590
55625
55676
55999
56420
56516
57226
57557
58110
58162
58172
58329
58563
58939
59286
59882
60504
60783
62582
62704
63933
64790
64838
64867
65297
66720
67519
68097
68102
68489
68687
68710
69102
69126
70213
70237
70245
70261
70277
70286
70749
71255
71352
71377
72015
72843
73358
74563
74713
74938
75630
75655
Number of cuts: 161

E3
85
102
117
763
945
1359
1692
1719
1735
1748
2764
3640
3784
4194
4230
4570
4812
4903
5006
5414
5427
5743
5744
6057
6125
6265
6483
6552
6785
6954
6967
7341
7427
7440
7923
8611
9641
9788
10733
10864
11321
11449
11475
11601
11698
11795
11830
11842
12121
12396
12725
13197
13589
13967
14134
14517
14620
14640
14834
14906
15526
15641
15714
15862
16285
17294
18551
19403
19657
20011
20236
20758
20872
20949
21017
21941
22172
22760
23175
23543
23834
24130
24143
25309
25387
25400
25595
26152
26749
26762
27253
28516
29012
29456
29624
29706
30339
30352
30773
30804
30816
31163
31344
31413
31722
31779
32001
32104
32117
32295
32363
33018
33127
33135
33140
33229
33282
34386
34554
34773
35103
35116
35724
35725
35918
35952
35960
36219
36271
36415
36428
36820
37040
37053
37752
38382
38698
38711
39244
39307
39337
39428
39487
39500
39688
40441
40548
40784
41168
41181
41292
41488
42054
42149
43567
43708
44201
44236
44273
44486
44639
44686
45571
45584
45603
45616
45759
46373
46393
46764
46777
47642
47746
47858
47891
48176
48189
48196
48209
48247
48364
48377
48551
48737
49043
49923
50444
51871
52082
52655
52755
52780
52865
53404
54481
54550
54639
54720
55283
55719
55961
56469
56787
56886
57103
57619
57747
58144
58157
58366
58734
58795
59763
60234
60301
60939
60952
61100
61179
61611
62267
62324
62337
62724
62789
63048
63051
63064
63224
63401
63530
63616
63834
64039
64256
64815
65295
65697
66410
66737
66743
68158
68959
69047
69109
69233
69472
70206
70219
71376
71433
71439
72059
72379
72392
72776
72891
72967
72980
73186
73237
73713
73773
73786
74063
74167
74339
74573
74875
74930
76137
76186
76249
76330
76845
77491
77788
78620
78653
78666
79064
79621
79704
80125
80438
80451
80657
81395
81787
82306
82636
82649
82833
83915
84279
84488
85517
85881
86432
86559
86810
86922
87003
87004
87391
87463
87469
87563
87820
88270
88894
89030
89531
89732
89835
89990
90014
90090
90960
91134
91268
91571
92224
92236
92538
92625
92977
93253
93951
94028
94461
94716
95295
95303
95308
95316
95593
96093
96106
96320
96333
96793
96835
97310
97334
97488
97501
97766
98136
98358
98371
98766
98779
98897
99578
99821
100051
100186
100369
100697
100807
100882
100895
101356
101369
101530
101543
101692
101731
101780
101995
102106
102196
102260
102401
103171
103184
104786
104799
104855
104873
104886
105341
105613
105760
106088
106340
106754
106830
106946
107712
107895
108283
108335
108591
108640
108942
109482
109904
110205
110212
110225
110776
111138
111708
111837
112077
112213
112255
112991
113105
113456
113469
113615
113846
114254
114549
114562
114609
115774
115945
116349
116683
117018
117520
117963
118319
118927
118965
119119
119132
119444
119516
119670
119803
120402
120516
120923
121423
121464
121922
122061
122202
122803
122867
122868
122880
123565
123586
123608
123794
123795
123922
123949
124698
125233
125238
125373
125923
125992
126503
126779
126953
127239
127313
127669
127682
127927
128337
128441
128888
128901
130076
130198
130427
130878
131109
131122
131534
131551
131564
131833
132411
132485
132787
133533
133889
134259
134272
134306
134469
134658
134671
134726
134796
135269
135284
135437
135557
135604
136701
137214
137802
138021
138088
138631
138907
139064
139311
139829
140266
140302
140601
140709
141212
141415
141445
142029
142431
Number of cuts: 519

Erik
122
404
700
744
770
774
1703
2591
2642
2660
2975
3256
3318
3586
3658
4108
4209
4228
4269
4353
4366
4622
4912
5033
5449
5606
5630
5953
5993
7288
7535
7653
8154
8497
8967
9061
9199
9250
10025
10227
10603
11220
11376
11439
11774
11820
12205
12369
12590
12759
12984
13287
13850
14000
14054
14747
15250
15265
15563
15983
15983
15996
16222
16274
16417
16867
17963
18091
18114
18178
18822
19282
19875
20133
20226
20235
20411
20745
20885
21126
21433
21469
21487
22255
23220
23622
24074
24091
24138
24249
24429
24844
24857
25027
25367
25648
25762
25917
26384
26854
26890
26948
26997
27528
27747
27899
28504
28660
28698
29079
29549
29918
30139
30609
30731
30759
30787
31804
31819
32109
32364
32663
33472
33498
33725
33750
34025
34278
34553
34628
35343
35410
35518
35725
35732
36564
37228
37361
37622
37996
38113
38574
38885
39331
39344
39419
39614
39619
39705
40744
41247
41628
41858
41911
41996
42128
42433
42695
43220
43973
44040
44493
44640
44705
45006
45049
45992
Number of cuts: 167

Espica
122
404
700
744
770
774
1703
2591
2642
2660
2975
3256
3318
3586
3658
4108
4209
4228
4269
4353
4366
4622
4912
5033
5449
5606
5630
5953
5993
7288
7535
7653
8154
8497
8968
9062
9200
9251
10026
10228
10604
11221
11377
11440
11775
11821
12206
12370
12591
12760
12985
13288
13851
14001
14055
14748
15251
15266
15564
15984
15984
15997
16223
16275
16418
16868
17964
18092
18115
18179
18823
19283
19876
20134
20227
20236
20412
20746
20886
21127
21434
21470
21488
22256
23221
23624
24076
24093
24141
24252
24432
24847
24860
25030
25370
25651
25765
25920
26387
26857
26893
26951
27000
27531
27750
27902
28507
28663
28701
29082
29550
29919
30140
30610
30732
30760
30788
31805
31820
32110
32365
32664
33427
33473
33499
33726
33751
34026
34279
34563
34638
35353
35420
35528
35585
35735
35742
36574
37238
37371
37632
38006
38123
38584
38895
39338
39351
39426
39572
39621
39626
39712
40250
40379
40854
41357
41738
41968
42021
42106
42238
42543
42805
43330
44083
44150
44603
44750
44815
45116
45159
46102
Number of cuts: 172

Finch
301
1284
1981
2321
2993
3610
3782
4554
6188
7283
7662
7816
8660
9758
10800
12836
15521
15682
16948
18094
18341
19217
19292
19601
19829
20099
20459
21087
21116
21854
22283
22719
23165
23196
25147
27111
27997
28840
28953
30683
31661
31962
33034
33221
33823
34904
35504
36387
36643
37399
37629
38062
38826
39809
40421
41517
42254
43594
44101
44281
44871
45024
45598
45814
46096
47327
48353
48799
49388
49510
49843
50299
50827
52916
56199
57197
57532
58721
59288
59351
59779
61062
61311
62492
62545
62963
63203
66227
67006
67577
68156
68979
69307
69751
70034
70381
71550
72263
72902
73194
73449
74101
74428
77293
79368
79477
79619
81201
81367
81677
82132
82220
83627
84451
84830
84867
85044
85189
85620
85646
85729
86677
87036
87072
87846
88145
88923
89097
90110
90831
92001
92296
93940
95585
96119
97290
97641
98346
99058
99365
99591
102283
103839
104217
105292
106013
106087
106180
107454
108077
108711
109896
112465
113501
114739
115853
115991
116064
116935
118360
118400
118582
118603
119587
120592
120833
122141
122149
122161
122538
123767
125016
125184
125472
126305
126858
127144
127653
128346
129361
129961
130061
130471
131101
132001
132025
133678
134162
134404
134453
134507
Number of cuts: 191

Gollum
122
404
700
744
770
774
1703
2591
2642
2660
2975
3256
3318
3586
3658
4108
4209
4228
4269
4353
4366
4622
4912
5033
5449
5606
5630
5953
5993
7288
7535
7653
8154
8497
8968
9062
9200
9251
10026
10228
10604
11221
11377
11440
11775
11821
12206
12370
12591
12760
12985
13288
13851
14001
14748
15251
15266
15564
15984
16223
16275
16418
16868
17964
18092
18115
18179
18823
19283
19876
20134
20227
20236
20412
20746
20886
21127
21434
21470
21488
22256
23221
23624
24093
24140
24251
24431
24846
24859
25029
25369
25650
25764
25919
26386
26856
26892
26950
26999
27195
27263
27530
27749
27901
28506
28662
28700
29081
29549
30205
30675
30825
30853
31870
31885
32175
32430
32729
33492
33538
33564
33791
33816
34091
34344
34619
34694
35409
35476
35584
35791
35798
36630
37294
37427
37688
38062
38179
38640
38951
39394
39407
39482
39628
39677
39682
39768
40268
40855
41358
41739
41969
42022
42107
42239
42544
42806
43331
44084
44151
44505
44518
44631
44751
44816
45117
45160
46103
46413
Number of cuts: 169

Grayson
5808
5898
5997
7427
7972
8158
8858
9041
9726
9916
9973
10180
10972
10994
11475
12188
13198
13534
13831
15295
17602
17635
20716
22894
23727
24696
24763
24988
25140
25340
25715
25802
26702
26886
27608
28224
28248
28538
28824
29059
29498
30595
30736
31188
31255
31346
32119
32200
32224
32476
33012
33257
33416
35374
36454
36574
36658
36745
36976
37286
37825
37897
38299
39487
40265
41316
41647
41855
41957
43100
43694
43716
43802
44842
44926
45311
45657
47922
48460
48709
48902
49303
49687
49762
49825
49926
50066
50937
51304
51517
52374
52803
53536
53707
54164
54351
54886
55041
56066
56464
58903
59365
59412
59719
60491
60523
60700
62619
62793
63282
63340
63867
63891
65162
65224
66375
66649
68476
68509
68628
69930
70706
71318
72346
72964
74559
74809
74919
74964
75526
75983
76239
76373
80316
80324
80738
80781
80999
82689
82818
82830
84571
84658
84874
85237
85415
85736
86090
86836
87397
87892
88248
89653
90133
91278
91312
91358
91482
91514
91727
91830
92405
93282
94133
95720
96063
96682
96994
97615
98167
100616
101059
101270
101827
102317
102857
104018
104530
105588
105610
107123
107315
108246
108943
109701
113136
114117
114403
115598
116801
117759
119943
121419
124903
127668
Number of cuts: 195

Harlequin
122
404
700
744
770
774
1703
2591
2642
2660
2975
3256
3318
3586
4108
4209
4269
4353
4366
4622
4912
5033
5449
5606
5953
5993
6953
7273
7384
7520
7638
7746
7947
8479
8714
9006
9024
9144
9165
9195
9256
9932
10172
10418
10431
11171
11327
11390
11725
11771
12156
12320
12710
12717
12730
12895
12935
13238
13951
14698
14845
15157
15201
15216
15514
15636
15819
15934
16173
16225
16368
16706
16818
18042
18129
19826
20084
20169
20177
20362
20696
20836
21077
21268
21384
21420
21438
21474
21492
21679
21721
22261
22750
22866
23226
23629
24081
24098
24145
24256
24436
24851
24864
25034
25368
25655
25924
26391
26861
26897
26955
27004
27535
27754
28366
28511
28667
28705
29086
29556
29991
30013
30026
30461
30611
30639
31656
31671
31961
32216
32515
33324
33350
33402
33577
33602
33877
33913
34130
34405
34480
35195
35262
35370
35427
35577
35584
36416
37080
37213
37474
37848
38426
38737
39183
39196
39271
39468
39473
39559
40098
40227
41025
41205
41587
41817
41870
41955
42087
42392
42654
42957
43179
43932
43999
44452
44599
44965
45008
45951
46261
Number of cuts: 181

Hiro
122
404
700
744
770
774
1703
2591
2642
2660
2975
3256
3318
3586
3998
4209
4228
4269
4353
4366
4622
4912
5033
5449
5606
5953
5993
6953
7273
7384
7520
7638
7746
7947
8479
8714
9006
9144
9165
9195
9256
9932
9970
10172
11165
11321
11384
11719
11729
11765
12150
12412
12888
13241
14257
15507
15522
15820
15942
16240
16479
16531
16674
17012
17124
18220
18348
18435
18554
19511
20132
20390
20668
21002
21142
21242
21383
21574
21690
21726
21931
21973
23354
23385
23729
24336
24353
24400
24511
24691
25106
25119
25289
25623
25910
26179
26646
27116
27152
27210
27259
27790
28009
28766
28922
28960
29341
30467
30937
31059
31087
31115
32132
32147
32437
32692
32991
33800
33826
33878
34053
34078
34353
34389
34606
34881
34956
35671
35738
35846
35903
36053
36060
36892
37556
37689
37950
38324
38871
38902
39213
39672
39747
39893
39942
39947
40033
40586
41173
41676
42058
42288
42341
42426
42558
42863
43125
43428
43650
44403
44470
44923
45070
45135
45436
45479
46422
46732
Number of cuts: 168

Jace
252
584
1070
2379
2460
2934
2981
3513
3666
3739
3797
3820
5857
6011
6131
7928
8503
8543
9007
9860
11865
12290
12410
13251
14146
14457
14933
15233
15822
16604
18145
18917
19471
19555
20043
21247
21507
22587
23153
23184
24159
25013
25750
26032
26462
26525
26546
26825
27901
29354
29507
29627
30176
32219
33415
33505
33629
33745
34309
34531
35450
36622
36685
36941
37270
37998
40379
40412
40601
41514
42052
42617
43202
43965
44936
46048
46512
47307
47380
47417
48076
48517
49024
49223
49275
49865
50276
50399
50856
50886
51333
52047
Number of cuts: 92

Jester
122
404
700
744
770
774
1703
2591
2642
2660
2975
3256
3318
3586
4108
4209
4269
4353
4366
4622
4912
5033
5449
5606
5953
5993
6953
7273
7384
7520
7638
7746
7947
8479
8714
9006
9024
9144
9165
9195
9256
9932
9970
10172
10548
11165
11321
11384
11719
11729
11765
12150
12420
12704
12724
12889
12929
13945
15195
15210
15508
15630
15928
16167
16219
16362
16700
16812
17908
18036
18123
19820
20078
20163
20171
20356
20690
20830
21071
21262
21378
21414
21432
21619
21661
22192
22681
22797
23157
23560
24012
24029
24076
24187
24367
24782
24795
24965
25299
25586
25855
26322
26792
26828
26886
26935
27466
27685
28297
28442
28598
28636
29017
29487
29922
29944
29957
30392
30542
30570
31587
31602
31892
32147
32446
33255
33281
33333
33508
33533
33808
33844
34061
34336
34411
35126
35193
35301
35358
35508
35515
36347
37011
37144
37405
37779
38357
38668
39114
39127
39202
39399
39404
39490
40029
40158
40956
41136
41518
41748
41801
41886
42018
42323
42585
42888
43110
43863
43930
44383
44530
44896
44939
45882
46192
Number of cuts: 175

Krishelle
122
404
700
744
770
774
1703
2591
2642
2660
2975
3256
3318
3586
3658
4108
4209
4228
4269
4353
4366
4622
4912
5033
5449
5606
5630
5953
5993
7288
7535
7653
7761
7962
8494
8729
9021
9159
9180
9210
9271
9947
9985
10187
11180
11336
11399
11734
11744
11780
12165
12427
12903
13256
14272
15522
15537
15835
15957
16255
16494
16546
16689
17027
17139
18235
18363
18386
18450
19554
20147
20405
20683
21017
21157
21257
21398
21589
21705
21741
21777
21982
22024
23405
23436
23780
24506
24715
25130
25143
25313
25934
26048
27140
27176
27283
27814
28033
28645
28869
29025
29063
29444
29911
30567
31037
31187
31215
32232
32247
32537
32792
33091
33900
33926
34153
34178
34453
34706
34981
35056
35771
35838
35946
36153
36160
37001
37665
37798
38059
38433
38550
39011
39322
39768
39781
39856
40051
40056
40142
40695
41282
41592
41605
41785
42166
42396
42449
42534
42666
42971
43233
43758
44511
44578
45031
45178
45243
45587
46113
46170
Number of cuts: 161

Lillie
122
404
700
744
770
774
1703
2591
2642
2660
2975
3256
3318
3586
3658
4108
4209
4228
4269
4353
4366
4622
4912
5033
5449
5606
5630
5953
5993
7288
7535
7653
8154
8497
8968
9062
9200
9251
10026
10228
10604
11221
11377
11440
11775
11821
12206
12370
12591
12760
12985
13288
13851
14001
14055
14748
15251
15266
15564
15984
15984
15997
16223
16275
16418
16868
17964
18092
18115
18179
18823
19283
19876
20134
20227
20236
20412
20746
20886
21127
21434
21470
21488
21737
22256
23221
23624
24076
24093
24140
24251
24431
24846
24859
25029
25650
25764
25919
26386
26856
26892
26950
26999
27263
27530
27749
27901
28506
28662
28700
29081
29551
30207
30677
30827
30855
31872
31887
32432
32731
33540
33566
33793
33818
34093
34346
34621
34696
35411
35478
35586
35767
35793
35800
36632
37296
37429
37690
38064
38181
38642
38953
39399
39412
39487
39682
39687
39773
40326
40913
41416
41797
42027
42080
42165
42297
42602
42864
43389
44142
44209
44662
44809
44874
45175
45218
Number of cuts: 166

Mahdia
403
496
591
765
1263
1456
1819
2167
2258
2371
2721
2756
3037
3363
3433
4143
4316
4400
4419
4457
4782
4935
5173
6073
6074
6293
6395
6594
6636
6657
6813
7186
7479
7543
7818
8120
8275
8422
8548
9067
9123
9156
9379
9565
9799
9945
10121
10294
10671
11024
11028
11243
11889
12060
13017
13022
14077
14101
14347
14407
14518
14563
14703
14829
14856
15240
15301
15316
15334
15342
15829
16002
16239
16304
16515
16956
17166
17309
17333
17993
18234
19294
19820
19852
19897
19945
19998
20366
20456
20792
21062
21235
21280
21328
21463
21475
21526
21734
21767
22243
22472
22700
22856
23172
23198
23885
23950
23995
24508
24620
24710
25107
25346
25527
25964
26036
26138
26379
26566
26913
27204
27302
27441
27867
27870
27935
28016
28289
28806
28885
29375
29562
29644
29672
29724
29904
30243
30262
30441
30573
30645
30832
31238
31290
31465
31750
31828
32008
32277
32337
32565
33019
33144
33816
33940
34268
35019
35186
35250
35316
35532
36138
36235
36249
36315
36674
36778
36991
37076
37808
37939
38110
38153
38196
38541
39153
40882
41109
41179
41271
41521
41525
41819
42062
42228
42443
Number of cuts: 186

Naiad
122
404
700
744
770
774
1703
2591
2642
2660
2975
3256
3318
3586
3658
4108
4209
4228
4269
4353
4366
4622
4912
5033
5449
5606
5630
5953
5993
7288
7535
7653
8154
8497
8968
9062
9200
9251
10026
10228
10604
11221
11377
11440
11775
11821
12206
12370
12591
12760
12985
13288
13851
14001
14055
14748
15251
15266
15564
15984
15984
15997
16223
16275
16418
16868
17964
18092
18115
18179
18823
19283
19876
20134
20227
20236
20412
20886
21127
21434
21470
21488
21737
22249
22613
23058
23234
23637
24089
24106
24153
24264
24444
24859
24872
25382
25663
25777
25932
26869
26905
27012
27276
27543
27762
27914
28519
28713
29094
29564
30220
30690
30840
30868
31885
31900
32190
32445
32744
33553
33579
33806
33831
34106
34359
34634
34709
35424
35491
35599
35806
35813
36654
37318
37451
37712
38086
38203
38664
38975
39421
39434
39509
39704
39709
39795
40348
40935
41245
41258
41438
41819
42049
42102
42187
42319
42624
42886
43411
44164
44231
44684
44831
44896
45197
45240
46183
Number of cuts: 167

Nancinator
122
404
700
744
770
774
1703
2591
2642
2660
2975
3256
3318
3586
3658
4108
4209
4228
4269
4353
4366
4622
4912
5033
5449
5606
5630
5953
5993
7288
7535
7653
8154
8497
8968
9062
9200
9251
10026
10228
10604
11221
11377
11440
11775
11821
12206
12370
12591
12760
12985
13288
13851
14001
14055
14748
15251
15266
15564
15984
15984
15997
16223
16275
16418
16868
17964
18092
18115
18179
18823
19283
19876
20134
20227
20236
20412
20746
20886
21127
21434
21470
21488
22256
23221
23624
24076
24093
24141
24252
24432
24847
24860
25030
25370
25651
25765
25920
26387
26857
26893
26951
27000
27531
27750
27902
28507
28663
28701
29082
29550
29919
30140
30610
30732
30760
30788
31805
31820
32110
32365
32664
33427
33473
33499
33726
33751
34026
34279
34563
34638
35353
35420
35528
35585
35735
35742
36574
37238
37371
37632
38006
38123
38584
38895
39338
39351
39426
39665
40252
40755
41136
41366
41419
41504
41636
41941
42203
42728
43481
43548
44001
44148
44213
44514
44557
45500
Number of cuts: 167

Natosaleda
122
404
700
744
770
774
1703
2591
2642
2660
2975
3256
3318
3586
3658
4108
4209
4228
4269
4353
4366
4622
4912
5033
5449
5606
5630
5953
5993
7288
7535
7653
8154
8497
8968
9062
9200
9251
10026
10228
10604
11221
11377
11440
11775
11821
12206
12370
12591
12760
12985
13288
13851
14001
14055
14748
15251
15266
15564
15984
15984
15997
16223
16275
16418
16868
17964
18092
18115
18179
18823
19283
19876
20134
20227
20236
20412
20746
20886
21127
21434
21470
21488
22256
23221
23624
24076
24093
24140
24251
24431
24846
24859
25029
25369
25650
25764
25919
26386
26856
26892
26950
26999
27530
27749
27901
28506
28662
28700
29081
29549
29918
30139
30609
30731
30759
30787
31804
31819
32109
32364
32663
33426
33472
33498
33725
33750
34025
34278
34562
34637
35352
35419
35527
35584
35734
35741
36573
37237
37370
37631
38005
38122
38583
38894
39337
39350
39425
39571
39620
39625
39711
40249
40378
40853
41356
41737
41967
42020
42105
42237
42542
42804
43329
44082
44149
44602
44749
44814
45115
45158
45684
45743
46405
Number of cuts: 174

Partridge
695
739
765
1762
2650
2701
3315
3377
3589
3607
3620
3645
4167
4268
4328
4412
4425
4681
4971
5092
5508
5665
6012
6052
7012
7332
7443
7579
7697
7805
8006
8538
9089
9227
9248
9278
9339
10015
10053
10255
10501
10514
10631
11254
11410
11473
11808
11818
11854
12239
12403
12793
12978
13018
13321
13884
13977
14034
14448
14461
15284
15299
15597
15902
16017
16256
16308
16451
16789
16901
17997
18125
18148
18212
19288
19316
19909
20167
20919
21160
21351
21467
21708
22282
23091
23267
23670
24123
24140
24187
24298
24478
24893
24906
25076
25733
25847
26002
26939
26975
27082
27613
27832
28444
28668
28824
28862
29243
29711
30367
30837
31015
32032
32047
32700
32891
33697
33723
34082
34382
34635
34919
34994
35709
35776
35884
35941
36091
36098
36930
37595
37728
37989
38363
38480
38652
38941
39252
39698
39711
39786
39983
39988
40074
40284
41214
41524
41537
41717
42098
42328
42381
42526
42565
42574
43099
43193
43206
43303
43349
43906
44256
44624
44691
45144
45171
45356
45611
45861
45876
46179
Number of cuts: 171

Pepy6
1484
2167
2187
2377
2553
2610
2951
2988
3141
3403
3682
3985
4100
4244
4269
4364
4375
5100
5295
5573
6615
8826
8988
9125
9202
9260
9372
9447
9460
9965
10580
10792
10889
11077
11299
11413
11871
12198
14318
14690
14923
14936
16170
17038
17536
17793
18283
18283
18296
18757
19928
20384
21000
21117
21323
21369
21382
21996
22441
22950
22963
23406
23826
24047
24060
24351
24404
24604
25297
25541
25648
26038
26207
26783
26887
27697
28269
29099
29166
30092
30838
31091
31501
32923
34175
35060
35224
35237
36452
36707
36781
37152
37165
37291
37468
37567
37651
37701
38717
39471
39648
39981
40136
40475
40579
41716
42160
42185
42341
42388
42508
42521
43230
43315
43750
44420
45700
45779
46926
47026
47368
47426
47521
47571
47584
47616
48054
48191
48255
48946
49327
50749
51359
53285
53767
53798
53905
54347
54942
55245
55396
55966
56053
56066
56085
56136
56248
56604
57128
57541
58295
58401
59251
59433
59804
59970
60117
60130
60484
60542
61151
62321
62489
62885
63035
63156
63475
63554
64231
64739
65133
65716
65729
66507
66804
66931
66944
67031
67650
67907
68255
68397
68474
68574
68696
69207
69312
69402
69877
70225
70238
70251
70285
70457
70939
70952
71004
71269
71375
71664
72529
73402
73426
73466
73637
73788
73943
74324
74723
74973
75713
76071
76446
Number of cuts: 213

Peregrin
3145
5835
5933
6435
7144
7468
8172
8355
9230
9287
9874
10286
11502
11867
12512
12841
13145
14172
14653
15731
16788
17201
17234
17545
18210
18920
19945
22060
22893
24270
24337
24562
24714
24914
25292
25379
26279
26463
27122
27653
27738
27762
28052
28338
28573
29012
29824
30142
30325
30508
30628
30904
31794
32039
32198
32347
33009
34156
35398
36068
36338
36607
36679
37066
37081
38268
39046
40096
40427
40712
40737
41880
42474
42496
42582
43706
44091
44437
45835
46702
46703
47240
47489
47682
48083
48470
48608
48849
49541
49720
50087
50300
50381
51128
52490
52885
52947
53669
53824
54849
55247
57270
57732
57779
58086
58858
58890
59067
59537
60986
61160
61649
61707
62234
62258
63959
64119
65074
65617
66934
67451
68180
69116
70756
72239
72923
73092
74536
74896
74941
75527
75912
76145
76300
76740
79624
79758
80855
81312
81530
82709
82721
84545
84761
85355
85655
85667
86009
86450
86726
86755
87316
88712
89087
89567
90238
90709
90743
90789
90913
90945
91158
91261
91836
92386
92798
94175
95549
95715
96027
96613
98281
99034
99097
99327
99498
99657
99868
100540
100666
100871
102214
102719
103259
104420
104934
105644
106009
106975
107398
107588
108292
108700
109286
111713
112299
113518
113540
114759
115078
115420
115961
116284
116408
117609
118567
119180
121373
122571
123360
123399
126768
127074
128705
128778
128887
Number of cuts: 216

Phrankenstein
122
404
700
744
770
774
1703
2591
2642
2660
2975
3256
3318
3586
3658
4108
4209
4228
4269
4353
4366
4622
4912
5033
5449
5606
5630
5953
5993
7288
7535
7653
8154
8497
8968
9062
9200
9251
10026
10228
10604
11221
11377
11440
11775
11821
12206
12370
12591
12760
12985
13288
13851
14001
14055
14748
15251
15266
15564
15984
15984
15997
16223
16275
16418
16868
17964
18092
18115
18179
18823
19283
19876
20134
20227
20236
20412
20746
20886
21127
21434
22202
23167
23570
24022
24039
24086
24197
24377
24792
24805
24975
25596
25710
25865
26332
26802
26838
26896
26945
27141
27209
27476
27695
27847
28452
28608
28646
29027
29497
30153
30623
30745
30773
30801
31818
31833
32123
32378
32677
33486
33512
33739
33764
34039
34292
34567
34642
35357
35424
35532
35589
35739
35746
36578
37242
37375
37636
38010
38127
38588
38899
39345
39358
39433
39628
39633
39719
40272
40859
41362
41743
41973
42026
42111
42243
42548
42810
43335
44088
44155
44608
44755
44820
45121
45164
46107
Number of cuts: 167

Pine5
193
228
414
478
491
808
809
856
912
925
1280
1608
1889
1982
2077
2393
2765
2980
3003
3068
3166
3565
4432
4460
4593
4641
5366
5379
5466
5525
5656
5669
5688
5811
6355
6395
6501
6646
6799
6987
7024
7316
7375
7616
7629
7856
7869
7921
8494
8728
9191
9472
10248
10460
10915
10928
11006
11319
11612
11969
11982
12172
12216
12243
12612
12729
12885
13229
13313
13572
13585
13672
13722
13747
14291
14405
14418
14588
14674
14775
14788
14812
15132
15449
16567
17072
17640
17653
17710
17722
17735
17806
18112
18630
18711
18764
18936
19029
19182
19282
19535
19759
20442
21393
21682
21875
22068
22504
22521
22771
22831
22978
23023
23113
23179
23349
23376
23493
23959
24006
24171
24720
24733
24998
25011
25419
25440
25659
25797
26121
26328
26489
26807
26877
26890
26936
27050
27140
27153
27175
27309
27382
27754
27760
27773
27774
27787
28074
28175
28188
28407
28467
28488
28499
28512
28517
28530
28579
28648
28667
28821
28834
28921
29116
29345
29429
29662
30373
30753
30958
30971
31175
31449
31913
32438
32507
32520
32701
32734
33180
33663
33807
33823
33974
34358
34371
35685
35806
35819
35848
35853
35873
36008
36021
36659
36672
36679
37274
37420
37504
37625
37646
38007
38020
38146
38269
38282
38325
38347
38378
38848
38918
39082
39098
39940
40337
40570
40947
41209
41310
41323
41417
41489
41521
41534
41657
41746
41776
41959
42036
42049
42339
42458
42471
42482
42576
42668
42736
42909
42986
43229
43242
43279
43368
43709
43760
43773
43782
43795
44179
44198
44387
44451
44577
45020
45175
45274
45456
45589
45606
45619
45688
46045
46352
47244
47360
47400
47546
47559
47615
47640
47652
47660
47669
47960
48457
48590
48634
48647
49061
49074
49641
49835
49941
50022
50481
50623
51315
51345
51687
51831
51914
52106
52269
52348
52538
52598
53437
54416
54824
54837
54920
54933
54957
55082
55291
55304
55353
55394
55418
55444
56293
56620
56656
56815
56826
57457
57470
57631
57793
57806
57816
57829
57926
58187
58227
58359
58372
58411
Number of cuts: 329

Poco6
1197
1458
2101
2169
2331
3737
4414
4593
4659
4800
4857
4870
5235
5388
5929
6611
6622
7449
7510
7542
7751
8480
8643
8830
8896
9028
9036
9837
10818
10831
12257
12419
12803
12878
12891
13396
14010
14714
14828
15330
17777
18735
19184
19346
19441
19941
20577
21007
21622
21635
21950
22060
23087
23139
23345
23391
24018
24466
24666
25277
25419
25690
25788
25839
26364
26417
26617
27529
27554
28796
30019
30288
30402
30461
30467
31010
31185
31749
36200
38322
38589
38729
38803
39121
39313
39673
39686
40087
40100
41313
41951
42405
43647
43976
44135
44182
44762
45230
45579
46256
46489
47237
47263
47558
47779
48928
49228
49657
49811
49824
50009
50022
50385
50461
51988
52593
55275
55298
55306
55413
55813
55855
56481
57516
58429
58724
58761
58774
59139
59682
60306
60430
61341
61685
61762
61775
62965
63325
63409
63431
63880
64295
64819
66274
66470
66561
66614
66627
67022
67263
67710
67742
68378
69056
69176
69810
69988
70001
70935
71198
71450
71504
71517
71551
71723
71979
71986
71999
72215
72267
72532
72638
72927
73791
74282
74295
74664
74733
74882
75205
76241
77339
77658
77714
77950
Number of cuts: 185

Rasputin
122
404
700
744
770
774
1703
2591
2642
2660
2975
3256
3318
3586
3658
4108
4209
4228
4269
4353
4366
4622
4912
5033
5449
5606
5953
5993
6953
7273
7384
7520
7638
7746
7947
8480
8937
9169
9190
9220
9281
9957
9995
10197
10573
11190
11346
11409
11744
11754
11790
12175
12339
12729
12736
12749
12914
12954
13257
13820
13970
14717
14864
15176
15220
15235
15533
15655
15838
15953
16192
16244
16387
16725
16837
18061
18148
19252
19845
20103
20196
20381
20715
20855
21096
21287
21403
21439
21457
21644
21686
22226
23015
23191
23594
24047
24064
24111
24222
24402
24817
24830
25000
25334
25621
25735
25890
26357
26827
26863
26921
26970
27501
27720
27872
28477
28633
28671
29052
29522
30178
30770
30798
30826
31843
31858
32403
32702
33511
33537
33764
33789
34064
34317
34592
34667
35382
35449
35557
35764
35771
36603
37267
37400
37661
38035
38152
38613
38924
39370
39383
39458
39653
39658
39744
40297
40884
41387
41768
41998
42051
42136
42268
42573
42835
43360
44113
44180
44633
44780
44845
45146
45189
46132
Number of cuts: 174

RER2
122
404
700
744
770
774
1703
2591
2642
2660
2975
3256
3318
3586
3658
4108
4209
4228
4269
4353
4366
4622
4912
5033
5449
5606
5630
5953
5993
7288
7535
7653
8154
8497
8968
9062
9200
9251
10026
10228
10604
11221
11377
11440
11775
11821
12206
12370
12591
12760
12985
13288
13851
14001
14748
15251
15266
15564
15984
15984
15997
16223
16275
16418
16868
17964
18092
18115
18179
18823
19283
19876
20134
20227
20236
20412
20746
20886
21127
21434
21470
21488
22256
22861
23221
23624
24076
24093
24140
24251
24431
24846
24859
25029
25363
25650
25919
26386
26856
26892
26950
26999
27530
27749
28506
28662
28700
29081
30207
30229
30242
30677
30827
30855
31872
31887
32177
32432
32731
33540
33566
33793
33818
34093
34346
34621
34696
35411
35478
35586
35793
35800
35967
36632
37296
37429
37690
38064
38181
38642
38953
39399
39412
39487
39682
39687
39773
40326
40913
41416
41797
42027
42080
42165
42297
42602
42864
43389
44142
44209
44662
44809
44874
45175
45218
46161
Number of cuts: 166

RexFury
122
404
731
775
801
805
1734
2622
2673
2691
3006
3287
3349
3617
3689
4139
4240
4259
4300
4384
4397
4653
4943
5064
5480
5637
5661
5984
6024
7319
7566
7684
8185
8528
8999
9093
9231
9282
10057
10259
10505
10518
10635
11252
11408
11471
11806
11852
12237
12401
12791
13016
13319
13882
14032
14779
15282
15297
15595
16015
16015
16028
16254
16306
16449
16899
17995
18123
18146
18210
18854
19314
19907
20165
20258
20267
20443
20777
20917
21158
21465
21501
21519
22287
23252
23655
24107
24124
24171
24282
24462
24877
24890
25060
25394
25681
25795
25950
26417
26887
26923
27030
27226
27294
27561
27780
27932
28392
28537
28693
28731
29112
29582
30238
30830
30858
30886
31903
31918
32208
32463
32762
33571
33597
33824
33849
34124
34377
34652
34727
35442
35509
35617
35674
35824
35831
36663
37327
37460
37721
38095
38212
38673
38984
39427
39440
39515
39661
39710
39715
39801
40339
40468
40943
41446
41827
42057
42110
42195
42327
42632
42894
43419
44172
44239
44692
44839
44904
45205
45248
46191
Number of cuts: 171

RGL3
283
354
730
756
760
1703
2175
2593
2662
2977
3320
3588
3660
4000
4019
4110
4211
4271
4624
4937
5035
5212
5281
5514
5519
5608
5995
6517
6605
7794
8487
9166
9187
9217
9278
9957
10197
10335
11196
11200
11750
11760
11959
12181
12500
13110
13392
13448
13958
14039
14069
14420
14586
14624
14666
15053
15365
15409
15424
15545
15850
16033
16134
16148
16387
16439
16584
17032
17397
18125
18145
18253
18276
18616
18995
19433
19661
20804
20996
21497
21524
21776
21965
22459
22515
22558
23388
23533
24429
24437
24639
24911
25628
25772
26083
26278
26290
26427
26618
26765
27248
27470
27831
27974
28149
28517
28659
28898
29326
29502
30449
30682
31005
31446
31497
31805
31903
32322
32542
32557
32774
32796
32922
33022
33348
33377
33543
33857
34186
34299
34339
34558
34736
34761
34770
34967
35028
35064
35410
36034
36075
36367
36434
36731
36945
37034
37375
37527
37627
37744
38113
38308
38789
39190
39402
39428
39433
39800
40270
40488
40493
40579
40789
41537
41771
41786
41878
41920
42013
42622
42691
42792
43362
43688
43748
43800
43841
44442
44978
45022
45294
45342
45366
45568
45951
46156
46169
46225
46276
46406
46710
47376
48067
Number of cuts: 193

Rhodalysa
122
404
700
744
770
774
1703
2591
2642
2660
2975
3256
3318
3586
3658
4108
4209
4228
4269
4353
4366
4622
4912
5033
5449
5606
5630
5953
5993
7288
7535
7653
8154
8497
8968
9062
9200
9251
10026
10228
10604
11221
11377
11440
11775
11821
12206
12370
12591
12760
12985
13288
13851
14001
14055
14748
15251
15266
15564
15984
15984
15997
16223
16275
16418
16868
17964
18092
18115
18179
18823
19283
19876
20134
20227
20236
20412
20746
20886
21127
21434
21470
21488
21737
22256
23221
23624
24076
24093
24140
24251
24431
24846
24859
25029
25650
25764
25919
26386
26856
26892
26950
26999
27263
27530
27749
27901
28506
28662
28700
29081
29551
30207
30677
30827
30855
31872
31887
32432
32731
33540
33566
33793
33818
34093
34346
34621
34696
35411
35478
35586
35767
35793
35800
36632
37296
37429
37690
38064
38181
38642
38953
39399
39412
39487
39682
39687
39773
40326
40913
41416
41797
42027
42080
42165
42297
42602
42864
43389
44142
44209
44662
44809
44874
45175
45218
Number of cuts: 166

StCroix
122
404
700
744
770
774
1703
2591
2642
2660
2975
3256
3318
3586
3658
4108
4209
4228
4269
4353
4366
4622
4912
5033
5449
5606
5630
5953
5993
7288
7535
7653
8154
8497
8968
9062
9200
9251
10026
10228
10604
11221
11377
11440
11775
11821
12206
12370
12591
12760
12985
13288
13851
14001
14055
14748
15251
15266
15564
15984
15984
15997
16223
16275
16418
16868
17964
18092
18115
18179
18823
19283
19876
20134
20227
20236
20412
20886
21127
21434
21470
21488
21737
22249
22613
23058
23234
23637
24089
24106
24153
24264
24444
24859
24872
25382
25663
25777
25932
26869
26905
27012
27276
27543
27762
27914
28519
28713
29094
29564
30220
30690
30840
30868
31885
31900
32190
32445
32744
33553
33579
33806
33831
34106
34359
34634
34709
35424
35491
35599
35806
35813
36654
37318
37451
37712
38086
38203
38664
38975
39421
39434
39509
39704
39709
39795
40348
40935
41245
41258
41438
41819
42049
42102
42187
42319
42624
42886
43411
44164
44231
44684
44831
44896
45197
45240
46183
Number of cuts: 167

Swann
122
404
700
744
770
774
1703
2591
2642
2660
2975
3256
3318
3586
3658
4108
4209
4228
4269
4353
4366
4622
4912
5033
5449
5606
5630
5953
5993
7288
7535
7653
8154
8497
8968
9062
9200
9251
10026
10228
10604
11221
11377
11440
11775
11821
12206
12370
12591
12760
12985
13288
13851
14001
14748
15251
15266
15564
15984
15984
15997
16223
16275
16418
16868
17964
18092
18115
18179
18823
19283
19876
20134
20227
20236
20412
20886
21127
21434
21470
21488
22256
23221
23624
24076
24093
24140
24251
24431
24846
24859
25029
25363
25650
25764
25919
26386
26856
26892
26999
27195
27263
27530
27749
27901
28506
28662
28700
29081
29549
30205
30675
30825
30853
31870
31885
32175
32430
32729
33538
33564
33791
33816
34091
34344
34619
34694
35409
35476
35584
35791
35798
35965
36630
37294
37427
37688
38062
38179
38640
38951
39397
39410
39485
39680
39685
39771
40324
40911
41414
41795
42025
42078
42163
42295
42600
42862
43387
44140
44207
44660
44807
44872
45173
45216
46160
Number of cuts: 166

Takoda
695
739
765
1695
2145
2583
2634
2652
2967
3248
3310
3540
3553
3578
3650
3990
4100
4201
4220
4261
4345
4358
4614
4904
5025
5441
5504
5598
5945
5985
6945
7265
7376
7512
7630
7738
7939
8471
9022
9160
9181
9211
9272
9948
9986
10188
10434
10447
10564
11181
11337
11400
11735
11781
12166
12330
12483
12720
12727
12740
12905
12945
13248
13391
13904
14375
14388
14708
15211
15226
15524
15829
15944
16183
16235
16378
16716
16828
17178
17924
18052
18075
18139
19215
19836
20372
20846
20933
20946
21087
21278
21394
21412
21448
21622
21635
22208
22228
22572
22731
23017
23193
23596
24049
24066
24113
24224
24404
24819
24832
25623
25737
25892
25904
26829
26972
27495
27503
27508
27722
28334
28635
28673
29054
29524
29893
30114
30584
30734
30762
31779
31794
32339
32638
33444
33470
33773
33967
34267
34520
34804
34879
35594
35661
35769
35976
35983
36150
36386
36399
36815
37479
37612
37873
38247
38364
38825
39136
39582
39595
39670
39818
39867
39872
41097
41407
41420
41600
41980
42210
42263
42408
42447
42456
42789
42883
42893
42896
42993
43039
43750
44100
44468
44988
45457
45707
45722
46024
Number of cuts: 188

Trina
964
3260
5811
6700
7545
8622
8775
9321
9666
10231
10268
10411
11535
11697
11834
12432
15099
15504
15696
15726
16076
16781
17109
17806
18893
19760
20374
21130
21159
23086
25988
26195
26438
27111
27360
28071
30391
31051
31917
31927
32858
33353
33926
34342
34683
34850
35695
37169
39436
40369
41234
43139
43703
45990
48251
50809
51263
51466
53342
54891
55391
56410
57515
58560
59635
59683
60496
61283
62597
63091
63251
63530
65155
65656
65978
66433
67289
68287
68401
68556
68644
68976
69173
70477
70788
71167
72622
72933
74380
76261
77416
80830
81729
82608
82623
83684
84726
85556
86108
87020
87192
89389
89614
91065
91623
93864
95841
96264
96684
97271
97685
97825
99311
99607
101187
102128
103343
103352
103376
103525
103679
105915
106224
107096
107135
109372
111088
111226
112007
112150
112268
112995
113253
113765
114674
116741
116803
117130
117799
120694
121683
122616
124812
125645
126280
131979
132104
132770
133119
134124
134420
135636
137366
Number of cuts: 153

TWAMP
122
404
700
744
770
774
1703
2591
2642
2660
2975
3256
3318
3586
3658
4108
4209
4228
4269
4353
4366
4622
4912
5033
5449
5606
5630
5953
5993
7288
7535
7653
8154
8497
8968
9062
9200
9251
10026
10228
10604
11221
11377
11440
11775
11821
12206
12370
12591
12760
12985
13288
13851
14001
14055
14748
15251
15266
15564
15984
15984
15997
16223
16275
16418
16868
17964
18092
18115
18179
18823
19283
19876
20134
20227
20236
20412
20746
20886
21127
21434
21470
21488
21737
22256
23221
23624
24076
24093
24140
24251
24431
24846
24859
25029
25650
25764
25919
26386
26856
26892
26950
26999
27263
27530
27749
27901
28506
28662
28700
29081
29551
30207
30677
30827
30855
31872
31887
32432
32731
33540
33566
33793
33818
34093
34346
34621
34696
35411
35478
35586
35767
35793
35800
36632
37296
37429
37690
38064
38181
38642
38953
39399
39412
39487
39682
39687
39773
40326
40913
41416
41797
42027
42080
42165
42297
42602
42864
43389
44142
44209
44662
44809
44874
45175
45218
Number of cuts: 166

UhSalsa
122
404
700
744
770
774
1703
2591
2642
2660
2975
3256
3318
3586
3658
4108
4209
4228
4269
4353
4366
4622
4912
5033
5449
5606
5630
5953
5993
7288
7535
7653
8154
8497
8968
9062
9200
9251
10026
10228
10604
11221
11377
11440
11775
11821
12206
12370
12591
12760
12985
13288
13851
14001
14055
14748
15251
15266
15564
15984
15984
15997
16223
16275
16418
16868
17964
18092
18115
18179
18823
19283
19876
20134
20227
20236
20412
20746
20886
21127
21434
21470
21488
22256
23221
23624
24076
24093
24141
24252
24432
24847
24860
25030
25370
25651
25765
25920
26387
26857
26893
26951
27000
27531
27750
27902
28507
28663
28701
29082
29550
29919
30140
30610
30732
30760
30788
31805
31820
32110
32365
32664
33427
33473
33499
33726
33751
34026
34279
34563
34638
35353
35420
35528
35585
35735
35742
36574
37238
37371
37632
38006
38123
38584
38895
39338
39351
39426
39572
39621
39626
39712
40250
40379
40854
41357
41738
41968
42021
42106
42238
42543
42805
43330
44083
44150
44603
44750
44815
45116
45159
46102
Number of cuts: 172

Weasels2
625
1326
1842
2060
2167
3984
5088
7028
7574
9173
9356
10216
10273
10480
10643
10843
11182
11388
11841
12529
12719
13083
13084
13208
13536
13865
14151
14842
15596
17236
17860
17886
18062
18774
19340
23219
24276
24343
24720
24920
25295
25382
26282
26572
27007
27121
27235
27737
27761
28051
28337
28572
28634
29011
29494
30111
30347
30370
30494
30956
31345
32620
33174
33356
33660
34329
34983
35553
36063
36183
36267
36354
37351
37525
38552
39649
39764
40940
41122
41698
42008
43441
44115
44634
46858
47113
47387
48046
48106
48165
48855
49311
49374
50307
50486
50877
51081
52370
52592
53274
53399
53435
53669
53731
53776
53896
55607
55695
56324
57276
58291
58717
58882
59183
60011
60043
61358
62132
62221
62798
63733
63761
64746
64872
65632
65851
65915
66273
66990
67937
68077
68454
69186
69767
70128
70630
70739
71542
71617
71618
71776
71888
71958
72397
72451
72528
72701
72734
73213
73770
73960
75001
75415
75582
75890
75974
76295
76385
76505
76997
77521
79002
79909
79973
80533
80775
81539
82514
83197
83201
83302
84225
84662
84705
84772
85109
85133
86962
87258
87333
88902
89697
90421
90507
90603
92409
92507
92734
92890
93172
93689
94195
94746
94780
94826
94890
94950
94982
95195
97804
98564
98609
99572
99762
99867
100566
100896
101353
101653
102026
102712
103264
103386
103395
103618
104145
104517
105377
106591
107343
107414
107550
107798
109129
109195
110350
110461
110974
111430
111457
112749
113672
113788
113971
114300
114757
115091
115157
116057
116364
116559
116761
116836
118139
118352
118694
119579
119797
119946
120064
120157
120808
120818
120881
121143
121165
122360
122415
122457
123670
123688
124069
124117
124724
125620
125658
125697
125781
126108
127728
128994
130683
131433
131507
132330
133031
133547
133765
133872
Number of cuts: 279

Yogi
122
404
700
744
770
774
1703
2591
2642
2660
2975
3256
3318
3586
3998
4209
4269
4353
4366
4622
4912
5033
5449
5606
5953
5993
6953
7273
7384
7520
7638
7746
7947
8479
9168
9189
9219
9280
9956
10196
10442
10455
11195
11351
11414
11749
11759
11795
12180
12344
12734
12919
12959
13262
13825
13975
14722
14869
15181
15225
15240
15538
15660
15843
15958
16249
16392
16730
16842
18066
18153
19850
20108
20201
20386
20720
20860
21101
21292
21408
21426
21649
21691
22230
23019
23195
23598
24050
24067
24114
24225
24405
24820
24833
25003
25337
25624
25893
26360
26830
26866
26924
26973
27504
27723
28480
28636
28674
29055
30181
30203
30216
30651
30801
30829
31846
31861
32151
32406
32705
33514
33540
33592
33767
33792
34067
34320
34333
34592
34667
35382
35449
35557
35614
35764
35771
36983
37647
37780
38041
38415
38962
38993
39304
39763
39838
39984
40033
40038
40124
40677
41264
41767
42148
42378
42431
42648
42953
43215
43740
44493
44560
45013
45040
45160
45225
45526
45569
46147
46497
46808
Number of cuts: 171

Yoncess
122
404
700
744
770
774
1703
2591
2642
2660
2975
3256
3318
3586
3998
4209
4269
4353
4366
4622
4912
5033
5449
5606
5953
5993
6953
7273
7384
7520
7638
7746
7947
8479
8936
9030
9168
9189
9219
9280
9956
10196
10442
10455
11195
11351
11414
11749
11795
12180
12344
12734
12741
12754
12919
12959
13262
13975
14722
14869
15181
15225
15240
15538
15660
15843
15958
16197
16249
16392
16730
16842
18066
18153
19850
20108
20193
20201
20386
20720
20860
21101
21292
21408
21444
21462
21649
21691
22231
22720
22836
23196
23599
24051
24068
24115
24226
24406
24821
24834
25004
25338
25625
25894
26361
26831
26867
26974
27724
28336
28481
28637
28675
29056
29526
29961
29983
29996
30431
30581
30609
31626
31641
31931
32186
32485
33294
33320
33372
33547
33572
33847
33883
34100
34375
34450
35165
35232
35340
35397
35547
35554
36386
37050
37183
37444
37818
38396
38707
39166
39241
39387
39436
39441
39527
40080
40667
41170
41552
41785
41838
41923
42055
42360
42622
42926
43148
43901
43968
44421
44568
44633
44934
44977
45570
45920
46231
Number of cuts: 177

