Alatin
1289
1971
2006
2857
5204
5809
8875
8887
10237
12487
13066
13746
14043
14430
16434
16523
18571
18799
21023
21933
22623
25501
27085
27433
31409
31860
35341
35733
41736
42136
45183
45726
Number of cuts: 32

Alpacados
1289
1924
2819
5771
8805
8817
10167
12423
12945
13002
13682
13979
14366
16229
16370
18507
18735
21815
22492
25370
26137
26990
27338
31314
31765
35243
35635
37118
39771
41559
41959
45006
45549
Number of cuts: 33

AngryOrchard
1282
1839
1916
1951
2802
5149
5754
8788
8800
10150
12406
12928
12985
13665
13962
16212
16353
16442
18490
18718
22487
25366
26949
27297
31207
31658
35403
35795
37278
41789
42189
45670
46494
Number of cuts: 33

AppleCloud
1082
1680
1715
2566
5518
8540
9890
11265
13031
13711
14008
14732
16399
16488
18536
18764
20988
21844
22537
23058
25218
25376
26960
27308
31139
31590
32467
35068
35460
36943
41453
41853
44900
45443
Number of cuts: 34

Belenaria
1289
1971
2006
2857
5204
5809
8875
8887
10237
12487
13066
13746
14043
14430
16434
16523
18571
18799
21023
21879
22556
25435
27367
31275
31726
35216
35608
37091
41601
42001
45048
45591
Number of cuts: 32

BobbyDazzler
1289
2036
2928
5275
5880
8914
8926
10276
12532
13054
13111
13791
14088
14475
16338
16479
18616
18844
21924
22602
25480
26211
27064
27412
31388
31839
35320
35712
37195
39848
41707
42107
45154
45697
Number of cuts: 34

Bonanza
1289
1971
2006
2857
5204
5809
8843
8855
10205
12461
13040
13720
14017
14404
16267
16408
18545
18773
21853
22530
25408
26139
26992
27340
31316
31767
35245
35637
37500
40153
42011
42411
45458
46001
Number of cuts: 34

Bradshaw
1289
1971
2006
2857
5204
5809
8875
8887
10237
12487
13066
13746
14043
14430
16434
16523
18571
18799
21023
21879
22556
25434
27018
27366
31342
31793
35274
35666
41669
42069
45116
45659
Number of cuts: 32

Bryce
1289
1971
2006
2857
5809
8843
8855
10205
12461
12983
13040
13720
14017
14404
16267
16408
18545
18773
21853
22531
25409
26140
26993
27341
31096
31547
35028
35420
36903
39556
41415
41815
44862
45405
Number of cuts: 34

ChewyVIII
Number of cuts:  0

CosmicSans
1289
1971
2006
2857
5204
5809
8875
8887
10237
12487
13066
13746
14043
14430
16434
16523
18571
18799
21023
21879
22556
25434
27366
31342
31793
35274
35666
41660
42060
45107
45650
Number of cuts: 31

Dinger
1284
1967
2002
2853
5805
8839
8851
10201
12457
13036
13716
14013
16263
16404
16493
18541
18769
21849
21929
22539
25260
25418
27002
27350
31211
31662
33691
35416
35808
37291
39946
40987
41804
42207
46514
Number of cuts: 35

DocB7
10079
11730
18971
26988
28351
30093
48068
50181
54114
55071
58074
64491
66744
67147
Number of cuts: 14

E3
3379
3394
6561
6676
7455
7752
11220
11468
11598
14274
14831
15482
16699
19327
19557
19867
19899
20245
22542
23281
23584
24776
25182
27502
28841
32961
34434
34629
34842
35545
37003
37117
38332
44674
48824
51142
52098
52162
53725
53822
55070
56549
58097
60409
60717
63260
63877
66353
68708
69790
70135
75939
76132
76285
76761
79807
80170
80605
81919
83140
83242
88445
89980
90424
91218
91409
92351
92546
93147
94287
95381
96057
96174
96882
97277
97448
98097
98619
102343
106097
108350
113000
113362
116590
116635
117179
117974
119293
119790
120720
121614
122752
125228
126842
126860
127648
128778
129164
129490
130177
131472
132699
133436
133874
136097
Number of cuts: 105

Erik
1289
1971
2006
2857
5204
5809
8874
8886
10236
12486
13065
13745
14042
14429
16433
16522
18570
18798
21022
21878
22555
25432
27364
31274
31725
35206
35598
41491
41891
44938
45481
Number of cuts: 31

Espica
1289
1971
2006
2857
5204
5809
8875
8887
10237
12487
13066
13746
14043
14430
16434
16523
18571
18799
21023
21879
22556
25435
27367
31275
31726
35216
35608
37091
41601
42001
45048
45591
Number of cuts: 32

Finch
18390
19157
78139
78397
88700
97871
120610
Number of cuts:  7

Gollum
1289
1971
2006
2857
5204
5809
8875
8887
10237
12487
13066
13746
14043
14430
16434
16523
18571
18799
21023
21879
22556
25434
27018
27366
31340
31791
35272
35664
37147
41602
42002
45049
45592
Number of cuts: 33

Grayson
13586
88638
90028
97128
103652
114210
Number of cuts:  6

Harlequin
1289
1971
2006
2857
5809
8831
10181
12437
12959
13016
13696
13993
14380
16243
16384
18521
18749
21883
22561
25439
26170
27023
27371
31126
31577
35058
35450
36933
41450
41850
44897
45440
Number of cuts: 32

Hiro
1289
1971
2006
2857
5204
5809
8831
10181
11556
13322
14002
14299
15023
16690
16779
18827
19055
21279
22135
22828
23349
25694
26425
27278
27626
31602
32053
35534
35926
37409
40062
42321
45368
45911
Number of cuts: 34

Jace
1799
4432
6892
10806
12285
20225
22256
24668
27856
28173
28652
40280
40721
47375
48430
48472
49404
Number of cuts: 17

Jester
1289
1971
2006
2857
5809
8831
10181
11556
12338
12431
13010
13690
13987
14374
14711
16378
16467
18515
18743
21823
22492
25370
26101
26954
27302
31057
31508
34989
35381
36864
41381
41781
44828
45371
Number of cuts: 34

Krishelle
1289
1971
2006
2857
5204
5809
8846
10196
11571
13337
14017
14314
15038
16705
16794
18842
19070
21294
22186
22879
23400
25560
25718
27302
27650
31702
32153
35634
36026
42029
42429
45476
Number of cuts: 32

Lillie
1289
1971
2006
2857
5204
5809
8875
8887
10237
12487
13066
13746
14043
14430
16434
16523
18571
18799
21023
21879
22556
25434
27366
31342
31793
35274
35666
41660
42060
45107
45650
Number of cuts: 31

Mahdia
Number of cuts:  0

Naiad
1289
1971
2006
2857
5204
5809
8875
8887
10237
12487
13066
13746
14043
14430
16434
16523
18571
18799
21023
21879
22569
25447
27031
27379
31355
31806
35287
35679
41682
42082
45129
45672
Number of cuts: 32

Nancinator
1289
1971
2006
2857
5204
5809
8875
8887
10237
12487
13066
13746
14043
14430
16434
16523
18571
18799
21023
21879
22556
25435
27367
31275
31726
35216
35608
37091
40999
41399
44446
44989
Number of cuts: 32

Natosaleda
1289
1971
2006
2857
5204
5809
8875
8887
10237
12487
13066
13746
14043
14430
16434
16523
18571
18799
21023
21879
22556
25434
27366
31274
31725
35215
35607
37090
41600
42000
45047
Number of cuts: 31

Partridge
1282
2030
2065
2916
5868
8902
8914
10264
12520
13779
14076
16326
16467
16556
18604
18832
21912
21992
22602
25481
27101
27449
31502
31953
32830
33979
35572
35964
37448
40103
41144
41961
42361
42746
46033
46859
Number of cuts: 36

Pepy6
12228
12658
16116
23395
23719
30200
34645
40972
44437
52559
54908
55082
55789
58063
59454
63104
66999
68334
71183
73212
Number of cuts: 20

Peregrin
5033
12669
12900
30386
30521
84951
98635
104054
129139
Number of cuts:  9

Phrankenstein
1289
1971
2006
2857
5204
5809
8875
8887
10237
12487
13066
13746
14043
14430
16434
16523
18571
18799
21023
21825
22502
25380
27312
31288
31739
35220
35612
41606
42006
45053
45596
46437
Number of cuts: 32

Pine5
2220
35218
Number of cuts:  2

Poco6
10065
16109
23518
25408
25732
35119
36667
45860
45930
46273
54067
56416
57297
57614
63949
68523
72446
Number of cuts: 17

Rasputin
1289
1971
2006
2857
5809
8844
8856
10206
11581
12456
13035
13715
14012
14399
16262
16403
18540
18768
22526
25405
27337
31313
31764
35245
35637
41631
42031
45078
45621
Number of cuts: 29

RER2
1289
1971
2006
2857
5204
5809
8875
8887
10237
12487
13066
13746
14043
14430
16434
16523
18571
18799
21879
22556
25434
26165
27366
31342
31793
35274
35666
41660
42060
45107
45650
Number of cuts: 31

RexFury
1320
2002
2037
2888
5235
5840
8906
8918
10268
12518
13097
13777
14074
14461
16465
16554
18602
18830
21054
21910
22587
25465
27049
27397
31373
31824
35305
35697
37180
41690
42090
45137
45680
Number of cuts: 33

RGL3
1466
1970
4627
5811
7274
8975
12587
13197
13871
14771
17745
18029
18120
19627
21661
23049
23916
25925
27072
27818
27993
28353
29602
31898
33343
36230
36619
38161
43342
45440
47586
Number of cuts: 31

Rhodalysa
1289
1971
2006
2857
5204
5809
8875
8887
10237
12487
13066
13746
14043
14430
16434
16523
18571
18799
21023
21879
22556
25434
27366
31342
31793
35274
35666
41660
42060
45107
45650
Number of cuts: 31

StCroix
1289
1971
2006
2857
5204
5809
8875
8887
10237
12487
13066
13746
14043
14430
16434
16523
18571
18799
21023
21879
22569
25447
27031
27379
31355
31806
35287
35679
41682
42082
45129
45672
Number of cuts: 32

Swann
1289
1971
2006
2857
5204
5809
8875
8887
10237
12487
13066
13746
14043
14430
16434
16523
18571
18799
21023
21879
22556
25434
27018
27366
31340
31791
35272
35664
41658
42058
45105
45648
Number of cuts: 32

Takoda
1282
1963
1998
2849
3889
5196
5801
8835
8847
10197
12447
12969
13026
13706
14003
16253
16394
16483
18531
18759
22528
25407
26138
26991
27339
31249
31700
34794
35457
35849
37332
41843
42243
45878
46704
Number of cuts: 35

Trina
859
2484
75191
101314
110502
130481
137261
138886
Number of cuts:  8

TWAMP
1289
1971
2006
2857
5204
5809
8875
8887
10237
12487
13066
13746
14043
14430
16434
16523
18571
18799
21023
21879
22556
25434
27366
31342
31793
35274
35666
41660
42060
45107
45650
Number of cuts: 31

UhSalsa
1289
1971
2006
2857
5204
5809
8875
8887
10237
12487
13066
13746
14043
14430
16434
16523
18571
18799
21023
21879
22556
25435
27367
31275
31726
35216
35608
37091
41601
42001
45048
45591
Number of cuts: 32

Weasels2
8676
38511
42697
60388
80622
95526
126499
Number of cuts:  7

Yogi
1289
1971
2006
2857
5204
5809
8843
8855
10205
12461
13040
13720
14017
14404
16267
16408
18545
18773
21853
22530
25408
26139
26992
27340
31316
31767
35245
35637
37500
40153
42011
42411
45458
46001
Number of cuts: 34

Yoncess
1289
1971
2006
2857
5204
5809
8843
8855
10205
12461
12983
13040
13720
14017
14404
16267
16408
18545
18773
21853
22531
25409
26140
26993
27341
31096
31547
35028
35420
36903
39556
41415
41818
44866
45409
Number of cuts: 35

