Alatin
171
529
1305
1428
1476
1888
2000
2099
2296
2543
2645
2664
3030
3299
3564
3844
4225
5198
5351
5593
5713
5723
5777
6203
6681
6886
7308
7823
7893
8394
9850
9943
10217
10222
10408
10576
10881
11918
12031
12083
12086
12095
12289
12292
12356
12802
12805
12928
13003
13028
13060
13411
13722
13837
13896
13929
14311
14314
14464
14467
14566
14877
16864
17109
17438
17516
17645
19453
19496
19571
19970
20066
20072
20075
20471
20723
21322
21332
21605
21786
22499
22956
23055
24457
24869
25337
25469
25633
26226
26334
26502
26904
26979
28535
28579
28678
28831
29588
30017
30553
32216
32835
33174
33523
35440
35786
35928
36137
37172
37440
38046
38288
38856
39312
39689
39791
40527
41671
42083
42173
42193
42894
42967
43740
43900
44482
44904
44982
46155
46528
Number of cuts: 130

Alpacados
171
529
1305
1428
1476
1841
2258
2505
2607
2626
2992
3261
3526
3806
4187
4369
5160
5313
5555
5675
5685
5739
6165
6628
6833
7255
7770
9645
9780
9873
10147
10152
10338
10817
11854
11967
12019
12022
12031
12225
12228
12455
12738
12864
12939
12964
12996
13053
13347
13773
13947
14034
14247
14250
14400
14403
14502
14813
14958
16800
17045
17374
17452
17581
18295
18700
19367
19389
19432
19507
19906
20002
20008
20011
20102
20407
20548
20659
20752
21031
21258
21268
21487
21668
22368
22825
22924
24326
24745
25206
25338
25538
26131
26239
26407
26809
26884
28440
28484
28583
29493
29922
30458
30896
32121
32740
33079
33428
35342
35688
35830
36039
37065
37333
38181
38749
39205
39582
39684
40350
40627
40932
41494
41906
42717
42790
43563
43723
43817
44305
44727
44805
45003
45978
46348
Number of cuts: 135

AngryOrchard
530
1298
1421
1833
1945
2044
2241
2590
2975
3244
3509
3789
4170
5143
5296
5538
5658
5668
5722
6148
6611
6816
7238
7753
8087
9628
9763
9856
10130
10321
10550
10800
11837
11950
12002
12005
12014
12208
12211
12438
12721
12847
12922
12947
12979
13036
13330
13848
14017
14230
14233
14347
14386
14485
14941
15801
17028
17357
17435
17564
19372
19415
19490
19889
19985
19991
19994
20531
20642
21241
21470
21651
22363
22820
24322
24538
24565
24734
25202
25334
25498
26091
26366
26768
26843
28011
28399
28443
28542
28695
29452
29813
30351
31264
32969
33534
35502
35848
35990
36199
38099
38341
39365
39948
40581
41163
41795
42136
43942
44036
44946
45760
46083
46452
Number of cuts: 114

AppleCloud
293
1098
1221
1597
1709
1808
2005
2354
2373
2688
2739
3008
3273
3934
4116
4907
5060
5302
5422
5432
5486
5912
6580
7002
7517
7851
8477
9443
9503
9596
10061
10534
10751
11571
11684
11736
11739
11748
12048
12257
12260
12380
12476
12542
12556
12603
12635
12719
12776
12800
12880
12950
12968
12993
13025
13082
13525
13640
13894
14063
14150
14276
14279
14393
14516
14531
14715
14987
16829
17403
17481
17610
19461
19536
19935
20031
20037
20040
20688
21287
21297
21412
21516
22873
24332
24464
24548
24575
24744
25212
25344
25508
26101
26377
26779
26854
27005
28022
28359
28489
28533
28632
29539
30283
30721
32904
35167
35513
35655
35864
36890
37158
37764
38006
38574
39030
39404
39506
40241
41388
41800
41890
41910
42611
42684
43457
43617
44199
44621
44699
45872
46244
Number of cuts: 132

Belenaria
171
529
1305
1428
1476
1888
2000
2099
2296
2543
2645
2664
3030
3299
3564
3844
4225
5198
5351
5593
5713
5723
5777
6203
6681
6886
7308
7823
7893
8394
9850
9943
10217
10222
10408
10576
10881
11918
12031
12083
12086
12095
12289
12292
12356
12802
12805
12928
13003
13028
13060
13411
13722
13837
13896
13929
14311
14314
14464
14467
14566
14877
16864
17109
17438
17516
17645
19453
19496
19571
19970
20066
20072
20075
20471
20723
21322
21332
21551
21732
22432
22889
22988
24391
24803
25271
25403
25567
26160
26268
26436
26838
26913
28469
28513
28612
29520
30419
30857
32082
32701
33040
33389
35315
35661
35803
36012
37038
37306
37912
38154
38722
39178
39552
39654
40389
41536
41948
42038
42058
42759
42832
43605
43765
44347
44769
44847
46020
46393
Number of cuts: 129

BobbyDazzler
171
529
1305
1428
1476
1526
1953
2367
2614
2716
2735
3101
3370
3635
3915
4296
4478
5269
5422
5664
5794
5848
6274
6737
6942
7364
7879
8213
9754
9889
9982
10256
10261
10447
10926
11963
12076
12128
12131
12140
12334
12337
12564
12847
12973
13048
13073
13105
13162
13456
13882
14056
14143
14356
14359
14509
14512
14611
15067
16909
17154
17483
17561
17690
18404
18809
19541
19616
20015
20111
20117
20120
20768
20861
21140
21367
21377
21596
21777
22478
22935
23034
24436
24652
24679
24855
25316
25448
25588
25612
26205
26313
26481
26883
26958
28514
28558
28657
29567
29996
30532
32814
33153
33502
35419
35765
35907
36116
37142
37410
38258
38829
39282
39659
39761
40497
40774
41079
41642
42054
42144
42164
42865
42938
43711
43871
44453
44875
44953
46126
46496
Number of cuts: 131

Bonanza
171
529
1305
1428
1476
1888
2000
2099
2296
2543
2645
2664
3030
3299
3564
3844
4225
4407
5198
5351
5593
5713
5723
5777
6203
6666
6871
7293
7808
9683
9818
9911
10185
10190
10376
10855
11892
12005
12057
12060
12069
12263
12266
12493
12776
12902
12977
13002
13034
13091
13385
13811
13985
14072
14285
14288
14438
14441
14540
14851
14996
16838
17083
17412
17490
17619
18333
18738
19405
19427
19470
19545
19944
20040
20046
20049
20140
20445
20586
20697
20790
21296
21306
21525
21706
22406
22863
24364
24783
25244
25376
25516
25540
26133
26241
26409
26811
26886
28442
28486
28585
29495
29924
30460
30898
32123
32742
33081
33430
35344
35690
35832
36041
36565
36783
37447
37715
38563
39131
39587
39964
40066
40802
41079
41384
41946
42358
43169
43242
44015
44175
44269
44757
45179
45257
45455
46091
46415
46787
Number of cuts: 139

Bradshaw
171
529
1305
1428
1476
1888
2000
2099
2296
2543
2645
2664
3030
3299
3564
3844
4225
4407
5198
5351
5593
5713
5723
5777
6203
6681
6886
7308
7823
7893
8394
9850
9943
10408
10576
10881
11918
12031
12083
12086
12095
12289
12292
12356
12802
12805
12928
13003
13028
13060
13411
13722
13837
13896
13929
14311
14314
14464
14467
14566
14877
16864
17109
17438
17516
17645
19453
19496
19571
19970
20066
20072
20075
20471
20612
20723
21322
21332
21551
21732
22432
22889
22988
24390
24802
25270
25402
25566
26159
26267
26435
26837
26912
28468
28512
28611
28764
29521
29950
30486
32149
32768
33107
33456
35373
35719
35861
36070
37105
37373
37979
38221
38789
39245
39622
39724
40460
41604
42016
42106
42126
42827
42900
43673
43833
44415
44837
44915
46088
46461
Number of cuts: 130

Bryce
171
529
1305
1428
1476
1888
2000
2099
2296
2543
2645
2664
3030
3299
3564
3844
4225
4407
5198
5351
5593
5723
5777
6203
6666
6871
7293
7808
8142
9683
9818
9911
10185
10190
10376
10855
11892
12005
12057
12060
12069
12263
12266
12493
12776
12902
12977
13002
13034
13091
13385
13811
13985
14072
14285
14288
14438
14441
14540
14851
14996
16838
17083
17412
17490
17619
18333
18738
19427
19470
19545
19944
20040
20046
20697
20790
21296
21306
21525
21706
22407
22864
22963
24365
24581
24608
24784
25245
25377
25517
25541
26134
26242
26410
26812
26887
28443
28487
28586
29496
30240
30678
32522
32861
33210
35127
35473
35615
35824
36850
37118
37966
38534
38990
39367
39469
40205
40482
40787
41350
41762
41852
41872
42573
42646
43419
43579
44161
44583
44661
45834
46202
Number of cuts: 132

ChewyVIII
15
293
397
404
1645
1914
2831
3179
3837
4146
4598
5400
5441
5489
7001
7371
7743
7823
8270
9266
9503
10220
10587
11128
11289
11373
11448
11967
12039
12340
12645
12838
13549
13714
14204
14422
14759
15690
16144
16354
16660
16703
16710
16848
17100
17529
18257
18869
19334
19342
19512
19803
20075
21490
21790
22313
22379
22457
22607
22715
22718
22893
23016
23019
23022
23063
23078
23093
23356
23589
24317
24387
24527
24768
24792
24842
25047
25358
25921
26361
26950
27138
27276
27348
27862
28077
28599
28973
29330
29441
29913
30047
30103
30264
30405
31175
31299
31536
31631
31647
32155
32901
32984
33065
33071
33244
33335
33560
33802
33964
34588
34799
34837
34893
35174
35633
35722
36024
36419
36586
36666
36673
36977
37022
37103
37236
37239
37537
37890
38046
38665
38737
38740
38899
39181
39271
39689
39722
40121
40547
41330
41499
41532
41540
41734
41737
41902
42098
42110
42113
42116
42597
42636
43161
43960
44561
44752
45012
45015
45102
45665
45995
46447
46571
46899
46995
47454
47466
47597
48576
49176
49197
49760
50429
51069
52024
52256
52426
52660
52663
52706
52753
52986
53184
53850
53999
54033
54203
54241
54246
54618
54824
54850
55208
55283
55343
55652
55827
55940
55955
56001
56434
56518
56533
56776
58157
58221
58740
59724
59791
59993
60219
60222
60335
60468
61325
61951
62382
63092
63815
64026
64209
64587
64608
64879
64966
65807
66102
66171
66480
66802
66809
67036
67521
67916
67937
68116
68273
69017
69020
Number of cuts: 240

CosmicSans
171
529
1305
1428
1476
1888
2000
2099
2296
2543
2645
2664
3030
3299
3564
3844
4225
4407
5198
5351
5593
5713
5723
5777
6203
6681
6886
7308
7823
7893
8394
9850
9943
10408
10576
10881
11918
12031
12083
12086
12095
12289
12292
12356
12802
12805
12928
13003
13028
13060
13411
13722
13837
13896
13929
14311
14314
14464
14467
14566
14877
16864
17109
17438
17516
17645
19453
19496
19571
19970
20066
20072
20075
20471
20612
20723
21322
21332
21551
21732
22432
22889
22988
24390
24802
25270
25402
25566
26159
26267
26435
26837
26912
28468
28512
28611
28764
29521
29950
30486
32149
32768
33107
33456
35373
35719
35861
36070
37096
37364
37970
38212
38780
39236
39613
39715
40451
40728
41033
41595
42007
42097
42117
42539
42818
42891
43664
43824
44406
44828
46079
46451
Number of cuts: 132

Dinger
281
290
530
1300
1423
1471
1884
1996
2095
2292
2641
2660
2975
3026
3295
3560
3840
4221
4403
5194
5347
5589
5709
5719
5773
6199
6867
7289
7804
8138
9679
9814
9907
10181
10186
10372
10601
10851
11888
12001
12053
12056
12065
12259
12262
12489
12772
12775
12898
12973
12998
13030
13087
13381
13807
13899
13981
14068
14281
14284
14398
14437
14521
14536
14720
14992
15852
16834
17079
17408
17486
17615
19423
19466
19541
19940
20036
20042
20045
20693
21292
21302
21521
21702
24374
24506
24590
24617
24786
25254
25386
25550
26143
26419
26821
26896
27047
28064
28401
28531
28575
28674
29582
29889
30355
30793
32976
35515
35861
36003
36212
37238
38112
38354
38925
39378
39961
40594
41177
41739
41810
41903
42154
42889
43960
44054
44964
45778
46102
46472
Number of cuts: 130

DocB7
89
445
461
1067
1178
1414
1763
2055
2083
2378
2534
2942
3064
3067
4101
4252
4300
4423
4705
4903
5323
5349
5718
5952
6016
6019
6025
6109
6376
6502
6766
6841
6941
7273
7448
7736
8714
9649
10443
10569
10795
11168
11180
11235
11517
11556
11565
11724
11730
12152
12278
12305
12322
12691
12716
12719
12946
13130
13945
13966
13969
14217
14394
14558
15158
15682
15709
15823
15940
16135
16168
16459
17509
17627
17751
17970
18027
18033
18078
18093
18135
18144
18207
18300
18408
18414
18423
18429
18540
18555
18588
18789
18989
19059
19113
19212
19403
19424
19577
20184
20262
20271
20274
20277
20295
20444
20447
20586
20619
20724
20751
20850
20883
20979
21003
21015
21111
21117
21177
21224
21255
21270
21279
21300
21315
21318
21387
21398
21475
22205
22292
22358
22463
22535
22538
22595
22983
23031
23331
23834
23921
24156
24171
24234
24269
24428
24435
25032
25035
25476
25569
25740
26205
26261
26370
26493
26558
26570
26787
26823
26982
26985
26988
27629
27915
28087
30093
30106
31161
32913
32951
33198
33459
33503
34011
34354
34504
34802
35320
35345
35796
36159
36206
36303
36411
36572
36724
36910
38373
38386
38413
38582
38832
38838
39167
39352
40107
41245
41272
41338
42178
42442
42840
42899
42979
43167
43172
43352
43355
43995
44279
44416
44599
44606
44618
44653
44711
44876
45341
45386
45560
46035
47004
47011
47563
47789
48295
49106
49633
49747
50794
51008
51123
51178
51370
51797
52629
53428
53694
54424
54617
54732
54996
55554
55599
55804
55851
56291
56597
56691
56938
57003
57033
57501
57842
58607
58711
58780
59166
59239
59388
59571
59590
59621
59937
60050
60060
60414
60665
60668
60837
60842
60980
61086
61380
61517
61664
61866
61907
61970
62012
62408
62598
62936
63050
63408
63758
63984
64000
64012
64321
64350
64589
64707
64816
65043
65119
65189
65355
65415
65643
66104
66274
66277
66609
66663
66790
66859
66911
67365
67456
68263
69035
69335
70870
71622
72494
73605
73628
73847
74277
74779
75318
75339
75708
Number of cuts: 325

E3
240
453
568
731
831
834
998
1054
1084
1357
1491
1554
1675
1752
1810
1888
1927
2146
2149
2926
3379
3931
3934
4588
4707
4785
4797
5135
5168
5534
5928
6619
6881
7162
7368
7449
7458
7673
7809
7836
7839
8326
8490
8612
8699
9303
9632
9677
9696
9826
10257
10278
10335
10341
10486
10658
10673
10715
10769
10778
11036
11220
11305
11462
11582
11619
11633
11798
12039
12148
12165
12207
12366
12572
12612
12775
13302
13562
13859
13940
14025
14496
14550
14657
14774
14825
14894
14986
14989
15191
15390
15476
15634
15680
15727
15745
15812
16286
16296
16344
16418
16528
16765
16904
16909
17015
17020
17087
17126
17129
17167
17308
17385
17796
17802
17927
17935
18303
18634
18806
19437
19539
19551
19554
19586
19735
19867
19893
20329
20359
20370
20373
20495
20573
20675
20684
20742
20992
21123
21291
21356
21392
21482
21513
21727
21790
21845
21971
21974
22030
22348
22369
22400
22551
22718
22744
23287
23398
23496
23666
23687
23745
23998
24001
24202
24213
24770
24773
24811
24928
25203
25408
25573
25753
25912
26128
26373
26383
26547
26626
26680
26740
26743
27109
27233
27385
27496
27502
27511
27596
27898
27997
28063
28081
28129
28249
28267
28486
28615
28781
28835
28937
29034
29245
29341
29522
29606
29711
30115
30118
30192
30435
30438
30712
30721
31118
31166
31169
31280
31285
31420
31466
31526
31734
31776
31881
31989
32045
32350
32416
32477
32805
32940
32955
33072
33348
33351
33378
33444
33543
33708
34149
34221
34296
34425
34428
34431
34470
34587
34593
34608
34657
34830
34833
34842
35336
35339
35539
35542
35545
35753
35867
36071
36122
36471
36531
36566
36604
36982
36985
37296
37516
37735
37780
37825
37828
37929
38202
38210
38323
38357
38380
38425
38428
38643
38709
38858
38972
39408
39411
40022
40108
40174
40536
40980
41036
41072
41078
41934
42207
42234
42252
42277
42300
43337
43394
43674
43746
43749
44275
44487
44635
44668
44780
45039
45082
45176
45473
45557
46118
46138
46343
46455
46575
46620
46755
46758
47362
47509
47536
47563
47731
47785
48208
48349
48818
48824
49390
49556
49611
49783
50336
50462
50465
50537
50621
50624
51002
51257
51457
51503
51795
52000
52011
52092
52156
52244
52544
52923
53423
53442
53500
53663
54589
55033
55214
55591
55829
55845
56160
56192
56376
56631
56823
56949
57072
57320
57386
57516
58034
58063
58066
58088
58589
58725
58767
58920
59430
59552
59719
60041
60185
60711
60749
60752
61484
61522
61676
61679
61691
61721
61737
61746
61784
62027
62431
62782
62867
62870
62969
63212
63389
63431
63524
63676
63877
63975
64221
64282
64484
64767
64979
65219
65338
65630
65633
65879
66049
66353
66458
66926
66995
67285
67462
67557
67612
67767
68013
68061
68115
68145
68376
68597
68645
68708
69257
69412
69564
69659
69725
70039
70132
70315
70608
70862
70942
70999
71609
72008
72059
72097
72187
72190
72229
72244
72247
72250
72451
73183
73564
73579
73657
73718
73900
73956
74001
74074
74839
75097
75413
75774
75800
75844
75891
76078
76086
76144
76161
76267
76285
76524
76530
76629
76761
76808
77019
77022
77049
77698
77763
77868
77940
78021
78024
78027
78209
78261
78479
78742
78818
78908
79103
79213
79349
79807
79870
79924
80017
80020
80140
80161
80629
80678
80872
81133
81310
81568
81631
81787
81919
81922
81925
82000
82558
82605
82654
82681
82777
82882
83387
83418
83451
83551
83962
84443
84550
84614
85155
85600
86405
86520
86847
87886
87918
88121
88128
88193
88240
88380
88728
88875
88909
88997
89348
89362
89546
89551
89752
89941
89971
89974
89977
90364
90384
90802
90958
90997
91153
91189
91597
91810
91984
92005
92045
92083
92118
92351
92354
92357
92474
92519
92875
92995
93141
93144
93147
93310
93767
93770
93908
93980
93988
94043
94297
94580
94751
94859
94997
95275
95375
95381
95408
95829
96057
96165
96174
96288
96741
96744
96822
97011
97277
97696
97821
97952
98043
98046
98049
98207
98241
98244
98330
98382
98385
98517
98550
98966
99061
99188
99386
99407
99410
99461
99488
99512
99520
99863
100068
100516
100666
101134
101317
101426
101447
101643
101652
101699
101819
102048
103273
103304
103323
103350
103422
103449
103467
103485
103512
103530
103533
103545
103569
103605
103644
103650
103677
103689
103692
103695
103701
103704
103707
103713
103716
103719
103722
103743
103842
103847
103854
103875
103994
104198
104249
104389
104498
105368
105500
105503
105626
105719
105806
106157
106184
106403
107211
107634
107763
107841
108080
108147
108165
108201
108696
108966
108995
109026
109041
109113
109564
109631
109793
109961
110076
110083
110133
110380
110443
110467
110686
110992
111039
111392
111638
111918
112011
112068
112427
112442
112579
112619
112712
112772
113117
113132
113202
113348
113362
113540
113543
113921
114022
115049
115105
115285
115568
115645
115896
116073
116117
116292
116719
116959
117074
117196
117278
117308
117414
117950
118076
118136
118139
118142
118622
118716
119145
119473
119518
119874
119963
120133
120356
120376
120465
120689
120816
121329
121542
121614
121878
121892
121958
121961
121964
122635
122685
122769
122786
123347
123550
123778
123843
123968
124021
124450
124468
124756
124935
125013
125016
125079
125190
125322
125413
125472
125722
125767
125896
125917
126179
126190
126442
126591
126597
126719
126808
126935
126988
127145
127337
127687
128355
128394
128438
128802
129039
129158
129161
129234
129314
129484
129653
129671
130039
130362
130648
131073
131162
131186
131353
131459
131466
131469
131472
131622
131886
131963
132090
132300
132326
132709
133163
133166
133196
133303
133547
133641
133718
133850
133874
133911
134174
134633
135368
135470
135703
135773
135776
135862
136094
136228
136442
136471
136569
136605
136698
136827
136869
137134
137268
137412
137799
137958
138021
138560
138828
139823
140027
140238
140533
140669
140756
140972
141255
141308
141369
141827
141903
141916
141927
142274
142401
Number of cuts: 912

Erik
171
529
1305
1428
1476
1888
2000
2099
2296
2543
2645
2664
3030
3299
3564
3844
4225
5198
5351
5593
5713
5723
5777
6203
6681
6886
7308
7823
7893
8394
9849
9942
10407
10575
10880
11917
12030
12082
12085
12094
12288
12291
12355
12801
12804
12927
13002
13027
13059
13410
13721
13836
13895
13928
14310
14313
14463
14466
14565
14876
16863
17108
17437
17515
17644
19452
19495
19570
19969
20065
20071
20074
20470
20722
21321
21331
21550
21731
22431
22888
22987
24388
24800
25268
25400
25564
26157
26265
26433
26835
26910
28466
28510
28609
29519
30418
30856
32081
32700
33039
33388
35305
35651
35793
36002
37028
37296
37902
38144
38712
39168
39545
39647
40282
40559
40864
41426
41838
41928
41948
42649
42722
43495
43655
44237
44659
45910
46284
Number of cuts: 128

Espica
171
529
1305
1428
1476
1888
2000
2099
2296
2543
2645
2664
3030
3299
3564
3844
4225
5198
5351
5593
5713
5723
5777
6203
6681
6886
7308
7823
7893
8394
9850
9943
10217
10222
10408
10576
10881
11918
12031
12083
12086
12095
12289
12292
12356
12802
12805
12928
13003
13028
13060
13411
13722
13837
13896
13929
14311
14314
14464
14467
14566
14877
16864
17109
17438
17516
17645
19453
19496
19571
19970
20066
20072
20075
20471
20723
21322
21332
21551
21732
22432
22889
22988
24391
24803
25271
25403
25567
26160
26268
26436
26838
26913
28469
28513
28612
29520
30419
30857
32082
32701
33040
33389
35315
35661
35803
36012
37038
37306
37912
38154
38722
39178
39552
39654
40389
41536
41948
42038
42058
42759
42832
43605
43765
44347
44769
44847
46020
46392
Number of cuts: 129

Finch
12
15
165
288
1056
1596
2928
3396
4249
4800
4898
5081
5403
5969
6576
6681
6930
7236
7577
7713
7888
8019
8064
8163
8948
9167
9336
9404
9460
9671
10207
10484
10560
10579
10812
11088
11333
11346
11371
11901
11973
12172
12375
12809
12838
13528
13647
13671
13810
13931
14166
14178
14181
14190
14223
14370
15101
15324
15374
15421
15484
16208
16289
17611
17653
17697
17702
17779
17914
17941
17980
18175
18412
18424
18547
18615
18686
18867
18877
18926
19235
19265
19459
19551
21060
21186
21207
21321
21354
21357
21990
22038
22200
22447
22651
22706
23384
23420
23507
23621
23627
23825
24284
25296
25723
25891
26146
26158
26274
26366
26408
26430
26510
27283
27330
27519
27522
27603
27738
28066
28294
28583
28710
28841
29889
29892
30156
30159
30168
30377
30380
30579
31512
31710
32093
32134
32147
32156
32319
32720
32882
32936
33058
33125
34011
34280
34791
35136
35139
35145
35781
36341
36488
37075
37732
37824
37840
38259
38271
38321
38608
38986
39351
39424
40153
40229
41701
41720
41723
41794
41830
41927
42138
42596
42617
43146
44416
44527
44530
45082
45182
45556
45830
46557
47062
47330
47547
48120
48452
48655
48755
48832
48868
49258
49623
50055
50301
50488
50545
51549
52028
52606
52903
53030
53422
53561
54048
54051
54232
54512
55073
55227
55314
55362
55596
55605
55724
56020
56363
56450
56908
56980
57729
58039
58068
58457
58550
59127
59940
60078
60081
60246
60615
60847
60980
61174
61803
62646
62854
63614
64044
64738
64810
65098
65263
65297
65419
65435
65621
65874
66212
66811
67671
68236
68320
68485
68488
68686
69259
69765
69862
69922
70308
70789
70950
71255
71725
71743
71795
71972
72722
73224
73399
73497
73573
74115
74370
74411
74615
74680
74799
74818
75211
75664
75962
76122
76566
76580
77155
77173
77318
77389
78720
78902
78919
79431
79845
79848
79926
79929
80338
80505
80648
80786
81183
81314
81447
81556
81798
81916
81955
82162
82375
83017
83029
83116
83306
84240
84583
84704
85022
85659
85745
86252
86820
86927
87652
87710
87713
87753
88285
88636
88793
89251
89945
90437
90504
90528
90785
90974
91040
91462
91849
93121
93270
93332
93540
93661
93870
94567
94638
95027
95872
96752
96765
97236
98241
99167
99505
99652
99922
99925
100101
100149
100426
101844
101987
102052
102126
102147
102209
102446
102596
102706
103297
103554
103853
104064
104175
104954
105121
105255
105760
106166
106313
107397
107420
107699
107838
108136
108723
109435
109794
110186
110589
111088
112087
112167
112683
113722
114327
114480
114576
114579
114648
115036
115212
115407
115853
115899
116441
116529
116726
116848
116893
116981
117078
117133
117264
117379
117900
117947
118219
118291
118294
118406
118849
118891
119182
119471
119771
119902
121912
122063
122368
122571
122615
122618
123163
123708
124209
124438
124744
124909
124912
125229
125946
126395
126448
126675
127948
128363
128748
128904
128953
129655
130488
130559
130661
131557
132038
132283
132389
132443
132527
132862
133237
133271
133821
133958
134378
134982
135049
135999
136349
136422
136765
136812
136917
136957
137235
137436
138699
138770
Number of cuts: 484

Gollum
171
529
1305
1428
1476
1888
2000
2099
2296
2543
2645
2664
3030
3299
3564
3844
4225
5198
5351
5593
5713
5723
5777
6203
6681
6886
7308
7823
7893
8394
9850
9943
10408
10576
10881
11637
11918
12031
12083
12086
12095
12289
12292
12356
12802
12805
12928
13003
13028
13060
13411
13722
13837
13896
13929
14311
14314
14464
14467
14566
14877
16864
17109
17438
17516
17645
18880
19453
19496
19571
19970
20066
20072
20075
20471
20723
21322
21332
21551
21732
22432
22889
22988
24390
24802
25270
25402
25566
26159
26267
26435
26837
26912
28468
28512
28611
29519
29948
30484
32147
32766
33105
33454
35371
35717
35859
36068
37094
37362
37968
38210
38778
39234
39608
39710
40393
40670
40975
41537
41949
42039
42059
42481
42760
42833
43606
43766
44348
44770
44848
46021
46390
46410
Number of cuts: 133

Grayson
32
93
731
2750
3258
3831
4145
4148
4633
5027
7134
7300
7777
7933
7936
8359
8516
8778
8913
9096
10248
10407
10947
10950
10991
11123
13295
14280
14298
14688
15183
15946
16164
17556
18829
19132
19306
21324
23318
24392
25335
25644
26592
26944
27017
27279
27282
27312
28069
28767
28881
28935
29556
30866
32273
32450
32632
33500
33503
33728
33794
34052
34151
34733
34871
34988
35051
35054
35063
35144
35374
35471
35474
35570
35699
35951
36431
37271
37354
37590
38282
38514
38526
38744
39140
41054
42518
43681
44021
44392
45116
45257
46217
46256
46403
46409
46487
46529
46787
47288
47516
47672
47708
47774
48404
48653
48970
49094
49208
49280
49283
49634
49637
49667
49697
49964
50060
50396
50624
50845
50861
50869
50921
50995
50998
51014
51191
51251
51478
53187
54058
54225
54743
56280
56366
57083
57191
57585
58143
58632
59109
59142
59645
59769
60316
60382
60637
62408
63480
63654
63657
64553
64677
64905
65286
65601
66268
66598
66601
67267
67270
67326
67356
67809
68425
68613
68854
68866
71537
71876
73607
74796
74980
75377
76848
77426
77630
78305
78483
79370
79795
80279
82045
82048
83796
83821
84141
84144
84360
85545
85909
87220
87348
88689
89842
89875
90070
90082
90884
91037
92572
93627
93630
93684
94321
94697
95041
95280
95538
95798
96351
96591
97675
98289
98292
98310
98460
98563
98980
99144
99329
100457
100804
101544
101757
101797
101818
103197
103430
103797
103806
104197
104422
104648
105887
105890
106012
106624
106884
106896
107678
108422
109044
109047
109310
109913
112095
112347
113390
113655
114162
116424
116627
116760
118059
118564
119462
120233
120278
120344
120586
122735
126712
127796
128401
128933
128994
129632
131651
Number of cuts: 269

Harlequin
171
529
1305
1428
1476
1888
2000
2099
2296
2543
2645
2664
3030
3299
3564
4225
4407
5198
5351
5593
5713
5723
5777
6203
6871
7293
7808
8142
9659
9794
9887
10161
10166
10352
10831
11868
11981
12033
12036
12045
12239
12242
12469
12752
12878
12953
12978
13010
13067
13361
13787
13961
14048
14261
14264
14414
14417
14516
14827
14972
16814
17059
17388
17466
17595
18309
18714
19403
19446
19521
19920
20016
20022
20673
20766
21272
21282
21555
21736
22437
22894
22993
24395
24611
24638
24814
25275
25407
25547
25571
26164
26272
26440
26842
26917
28473
28517
28616
29526
30270
30708
32552
32891
33240
35157
35503
35645
35854
36880
37148
37996
39020
39501
40399
40822
41385
41797
41887
41907
42608
42681
43454
43614
44196
44618
44696
45869
46238
Number of cuts: 128

Hiro
171
529
1305
1428
1476
1888
2000
2099
2296
2543
2645
2664
3030
3299
3564
3844
4225
4407
5198
5351
5593
5723
5777
6203
6666
6871
7293
7808
8142
8768
9734
9794
9887
10352
10825
11042
11862
11975
12027
12030
12039
12339
12548
12551
12671
12767
12833
12847
12894
12926
13010
13067
13091
13171
13241
13259
13284
13316
13373
13816
14185
14354
14441
14567
14570
14684
14807
14822
15006
15278
17120
17694
17772
17901
19396
19709
19752
19827
20226
20322
20328
20331
20979
21578
21588
21703
21807
23164
24650
24866
24893
25069
25530
25662
25802
25826
26419
26527
26695
27097
27172
28728
28772
28871
29781
30210
30746
33028
33367
33716
35633
35979
36121
36330
37356
37624
38472
39040
39496
39873
39975
40711
40988
41293
41856
42268
42358
42378
43079
43152
43925
44085
44667
45089
45167
46340
Number of cuts: 136

Jace
507
626
845
848
1145
1148
1277
1481
1703
1796
1813
1823
1835
1955
1980
2424
2427
2688
2783
2822
3402
3549
3606
3682
3941
4008
4534
4537
4565
4632
4741
4744
4883
4901
4910
4919
5005
5222
5279
5294
5525
5549
5604
6128
6209
6334
6422
6709
6892
7222
7283
7838
7862
7865
8000
8424
8586
8820
9357
9470
9510
9513
9534
9596
10101
10145
10338
10403
10566
10662
10902
10914
11017
11137
11158
11227
11377
11397
11585
11658
11809
11941
11963
12064
12144
12169
12292
12462
12785
13127
13320
13363
13422
13425
13507
13650
13667
13709
14387
14451
14511
14616
14672
14709
14715
15053
15083
15086
15209
15230
15443
15740
16181
16184
16770
16859
17243
17416
17601
17695
17917
17926
18001
18139
18330
18426
18562
18963
19282
19492
19561
19592
19674
19705
19933
20014
20047
20177
20210
20213
20219
20237
20454
20515
20688
21203
21356
21574
21735
21738
21777
21789
21990
21993
22002
22071
22081
22158
22165
22175
22210
22226
22246
22458
22586
22632
22857
22867
22947
22998
23001
23004
23027
23370
23400
23403
23778
23781
23858
23939
23969
24479
24553
24657
24677
24771
24781
24802
25028
25289
25411
25414
25639
25970
26023
26065
26068
26111
26122
26160
26204
26207
26279
26473
26570
26573
26702
26942
27149
27265
27567
27589
27660
27685
27798
27809
27850
27869
27887
27930
28032
28164
28373
28614
28754
28765
28829
29060
29237
29384
29476
29479
29725
29737
29758
29768
30011
30045
30056
30059
30124
30127
30158
30169
30257
30311
30418
30870
31183
31216
31306
31367
31403
31457
31546
31743
31838
31884
31887
31998
32117
32339
32418
32510
32666
32694
32742
32848
32854
32857
32905
32957
33139
33425
33470
33621
33763
34141
34144
34352
34598
34645
34650
34701
34716
34891
35093
35294
35354
35542
35868
35901
36205
36217
36247
36272
36550
36607
36878
36881
37046
37119
37247
37332
37630
37947
38046
38217
38292
38346
38582
38585
38597
38651
38683
38944
39052
39124
39213
39771
39965
40023
40026
40190
40230
40280
40363
40425
40474
40721
40873
41015
41244
41310
41372
41439
41463
41758
41891
41894
42131
42178
42319
42834
42915
42960
43011
43092
43112
43142
43161
43183
43188
43377
43630
43637
43674
43819
43895
44060
44115
44216
44219
44491
44560
44578
44733
44845
45182
45486
45489
45691
45909
46002
46005
46074
46077
46098
46245
46626
46821
47234
47237
47292
47493
47521
47549
47812
47926
48090
48142
48145
48299
48412
48466
48540
48723
48873
49026
49029
49147
49286
49395
49456
49563
49770
49843
49950
49953
50064
50132
50464
50479
50532
50674
50677
50706
50900
50905
51055
51319
51622
51767
51803
51845
51873
51940
51975
52028
52151
52665
52773
52890
52995
53286
53452
53565
53766
53843
Number of cuts: 439

Jester
171
529
1305
1428
1476
1888
2000
2099
2296
2543
2645
2664
3030
3299
3564
4225
4407
5198
5351
5593
5713
5723
5777
6203
6871
7293
7808
8142
9659
9734
9794
9887
10352
10825
11862
11975
12027
12030
12039
12233
12236
12463
12611
12746
12749
12872
12947
12972
13004
13061
13355
13781
13955
14042
14255
14408
14411
14510
14694
14966
16808
17382
17460
17589
18708
19397
19440
19515
19914
20010
20016
20667
20760
21266
21276
21495
21676
22368
22825
22924
24326
24542
24569
24745
25206
25338
25478
25502
26095
26203
26371
26773
26848
28404
28448
28547
29457
30201
30639
32483
32822
33171
35088
35434
35576
35785
36811
37079
37927
38951
39432
40330
40753
41316
41728
41818
41838
42539
42612
43385
43545
44127
44549
44627
45800
46169
Number of cuts: 126

Krishelle
171
529
1305
1428
1476
1888
2000
2099
2296
2543
2645
2664
3030
3299
3564
3844
4225
5198
5351
5593
5713
5723
5777
6203
6681
6886
7308
7823
8157
8783
9749
9809
9902
10367
10840
11057
11877
11990
12042
12045
12054
12354
12563
12566
12686
12782
12848
12862
12909
12941
13025
13082
13106
13186
13256
13274
13299
13331
13388
13831
13946
14200
14369
14456
14582
14585
14699
14822
14837
15021
15293
17135
17709
17787
17916
19767
19842
20241
20337
20343
20346
20994
21593
21603
21718
21754
21858
23215
24674
24806
24890
24917
25086
25554
25686
25850
26443
26719
27121
27196
27347
28364
28701
28831
28875
28974
29881
30310
30846
32509
33128
33467
33816
35733
36079
36221
36430
37465
37733
38339
38581
39149
39605
39982
40084
40820
41964
42376
42466
42486
43187
43260
44033
44193
44775
45197
45275
46438
Number of cuts: 138

Lillie
171
529
1305
1428
1476
1888
2000
2099
2296
2543
2645
2664
3030
3299
3564
3844
4225
4407
5198
5351
5593
5713
5723
5777
6203
6681
6886
7308
7823
7893
8394
9850
9943
10408
10576
10881
11918
12031
12083
12086
12095
12289
12292
12356
12802
12805
12928
13003
13028
13060
13411
13722
13837
13896
13929
14311
14314
14464
14467
14566
14877
16864
17109
17438
17516
17645
19453
19496
19571
19970
20066
20072
20075
20471
20612
20723
21322
21332
21551
21732
22432
22889
22988
24390
24802
25270
25402
25566
26159
26267
26435
26837
26912
28468
28512
28611
28764
29521
29950
30486
32149
32768
33107
33456
35373
35719
35861
36070
37096
37364
37970
38212
38780
39236
39613
39715
40451
40728
41033
41595
42007
42097
42117
42539
42818
42891
43664
43824
44406
44828
46079
46451
Number of cuts: 132

Mahdia
2326
11292
16407
17333
Number of cuts:  4

Naiad
171
529
1305
1428
1476
1888
2000
2099
2296
2543
2645
2664
3030
3299
3564
3844
4225
5198
5351
5593
5713
5723
5777
6203
6681
6886
7308
7823
7893
8394
9850
9943
10217
10222
10408
10576
10881
11918
12031
12083
12086
12095
12289
12292
12356
12802
12805
12928
13003
13028
13060
13411
13722
13837
13896
13929
14311
14314
14464
14467
14566
14877
16864
17109
17438
17516
17645
19453
19496
19571
19970
20066
20072
20075
20471
20723
21322
21332
21551
21732
22445
22902
23001
24403
24815
25283
25415
25579
26172
26280
26448
26850
26925
28481
28525
28624
28777
29534
29963
30499
32162
32781
33120
33469
35386
35732
35874
36083
37118
37386
37992
38234
38802
39258
39635
39737
40473
41617
42029
42119
42139
42840
42913
43686
43846
44428
44850
44928
46101
46474
Number of cuts: 130

Nancinator
171
529
1305
1428
1476
1888
2000
2099
2296
2543
2645
2664
3030
3299
3564
3844
4225
5198
5351
5593
5713
5723
5777
6203
6681
6886
7308
7823
7893
8394
9850
9943
10217
10222
10408
10576
10881
11918
12031
12083
12086
12095
12289
12292
12356
12802
12805
12928
13003
13028
13060
13411
13722
13837
13896
13929
14311
14314
14464
14467
14566
14877
16864
17109
17438
17516
17645
19453
19496
19571
19970
20066
20072
20075
20471
20723
21322
21332
21551
21732
22432
22889
22988
24391
24803
25271
25403
25567
26160
26268
26436
26838
26913
28469
28513
28612
29520
30419
30857
32082
32701
33040
33389
35315
35661
35803
36012
37038
37306
37912
38154
38722
39178
39790
40067
40372
40934
41346
41436
41456
41878
42157
42230
43003
43163
43745
44167
44245
45418
45791
Number of cuts: 130

Natosaleda
171
529
1305
1428
1476
1888
2000
2099
2296
2543
2645
2664
3030
3299
3564
3844
4225
5198
5351
5593
5713
5723
5777
6203
6681
6886
7308
7823
7893
8394
9850
9943
10217
10222
10408
10576
10881
11918
12031
12083
12086
12095
12289
12292
12356
12802
12805
12928
13003
13028
13060
13411
13722
13837
13896
13929
14311
14314
14464
14467
14566
14877
16864
17109
17438
17516
17645
19453
19496
19571
19970
20066
20072
20075
20471
20723
21322
21332
21551
21732
22432
22889
22988
24390
24802
25270
25402
25566
26159
26267
26435
26837
26912
28468
28512
28611
29519
30418
30856
32081
32700
33039
33388
35314
35660
35802
36011
37037
37305
37911
38153
38721
39177
39551
39653
40388
41535
41947
42037
42057
42758
42831
43604
43764
44346
44768
44846
46011
46382
Number of cuts: 129

Partridge
281
290
530
1298
1421
1947
2059
2158
2355
2704
2723
3038
3089
3358
3623
3903
4284
5257
5410
5652
5772
5782
5836
6262
6930
7352
7867
8201
9742
9877
9970
10244
10249
10435
10664
10914
11951
12064
12116
12119
12128
12322
12325
12552
12835
12838
12961
13036
13061
13150
13444
13870
13962
14044
14131
14344
14347
14461
14500
14584
14599
14783
15055
15915
16897
17142
17471
17549
17678
19486
19529
19604
20003
20099
20105
20108
20645
20756
21355
21365
21584
21765
22775
24437
24569
24653
24680
24849
25317
25449
25649
26242
26518
26920
26995
27146
28163
28500
28630
28674
28773
29246
29681
30110
30646
31084
33264
35671
36017
36159
36457
37394
38269
38511
39535
40118
40751
41334
41896
41967
42060
42308
42878
43235
44306
44400
45310
46123
46447
46817
Number of cuts: 130

Pepy6
157
1606
1851
1989
2010
2034
2052
2643
3162
3165
3180
3411
3659
3863
3905
4301
4512
4709
4800
5058
5385
6684
6951
9372
9632
9737
9908
10081
10097
10347
10947
11398
11926
12250
12677
12973
13542
13620
13982
14287
14443
14527
14754
14790
14793
14879
15453
15998
16280
16440
16588
17168
17726
17734
18023
18468
18641
18957
19068
19083
19205
19846
20118
21189
21192
21493
21496
21625
21628
21787
22243
22672
22675
22742
22825
22991
23072
23650
23719
23722
24169
24650
25320
25376
26159
26334
26337
27480
28571
29151
29207
29334
30117
30608
30931
30979
31268
31292
32147
32182
32251
32363
32366
32441
33014
33064
33067
33505
33896
33929
34084
34688
34987
35273
35701
36654
36816
37986
38437
38618
38748
39602
39621
39997
40039
40042
40546
40672
40966
41668
41671
41772
43723
44084
44123
44162
44331
46490
46845
47201
47661
47685
47736
47792
47799
47829
47994
48704
50330
50371
50631
51177
54704
54768
55012
55100
56638
56820
57665
58054
58160
58369
58950
59873
59882
59916
60293
60628
61473
62005
62347
64053
64143
65343
65901
67391
67420
67570
68071
69177
69336
69474
69545
69992
70806
70931
71159
72725
72918
73080
73320
73771
73888
74685
74688
74842
74845
75240
75313
75316
76155
76158
76345
76501
76579
Number of cuts: 205

Peregrin
93
756
2482
2512
2815
3020
5220
5689
6395
7017
7069
7243
7663
8092
8227
8410
9562
9721
10437
12609
13612
13630
14020
15304
15522
16844
16868
18381
18684
18735
18777
18858
20490
23628
23966
25221
26169
26521
26594
26793
26796
27583
28281
28395
28449
29070
29948
29960
29969
30164
30839
30935
31079
31151
31322
31414
32282
32510
32576
32834
32837
33515
33770
33833
33836
33845
33926
33965
34156
34253
34256
34733
34907
35048
35123
35528
35606
36053
36136
36372
37064
37296
37308
37526
37921
39834
41298
42108
42461
42801
43172
43896
44037
44811
44814
44997
45036
45183
45189
45267
45309
45567
46068
46296
46452
46488
46554
47461
47750
47874
48060
48063
48414
48417
48447
48480
48747
48843
49179
49407
49467
49628
49644
49652
49770
49797
49806
50034
50261
51998
52841
53008
53526
55450
55558
55952
56510
56999
57476
57509
58012
58136
58683
58749
59004
60775
61847
62021
62024
62909
63056
63095
63323
63704
64561
64735
65092
65692
65695
65751
66234
67038
67291
69947
70013
70286
72017
76825
77636
77840
78513
79893
80810
81464
82832
84247
85453
85828
87267
88015
89276
89309
89504
89516
90315
90468
93061
93115
93961
94055
95384
96735
96738
96756
96906
97426
97590
97775
98221
98361
98629
99010
99345
99389
100869
101197
101931
102172
102196
102619
103599
103832
104199
104208
104417
104602
104826
106308
106311
107160
107172
107951
108803
108806
109069
109329
111919
112254
113383
113386
117232
117435
117549
117607
119931
121666
121777
122300
123128
126429
127722
127749
129015
129204
129629
130162
130825
132551
132581
132884
Number of cuts: 250

Phrankenstein
171
529
1305
1428
1476
1888
2000
2099
2296
2543
2645
2664
3030
3299
3564
3844
4225
4407
5198
5351
5593
5713
5723
5777
6203
6681
6886
7308
7823
7893
8394
9850
9943
10408
10576
10881
11918
12031
12083
12086
12095
12289
12292
12356
12802
12805
12928
13003
13028
13060
13411
13722
13837
13896
13929
14311
14314
14464
14467
14566
14877
16864
17109
17438
17516
17645
19453
19496
19571
19970
20066
20072
20075
20471
20723
21322
21332
21497
21678
22378
22835
22934
24336
24748
25216
25348
25512
26105
26213
26381
26783
26858
28414
28458
28557
29467
29896
30432
30870
32095
32714
33053
33402
35319
35665
35807
36016
37042
37310
37916
38158
38726
39182
39559
39661
40397
40674
40979
41541
41953
42043
42063
42764
42837
43610
43770
44352
44774
44852
46025
46395
Number of cuts: 131

Pine5
1088
3098
3517
7760
8918
9524
10715
11437
11467
12555
12698
12875
15586
18165
20118
20641
21244
21271
23859
25078
25702
26860
28360
30534
35319
37055
39458
39535
39556
40640
41571
42920
44966
45318
47215
50496
50950
51930
52712
55933
56199
Number of cuts: 41

Poco6
157
355
1603
1683
1686
2140
2154
2896
3658
3868
4245
4248
4281
5409
5412
5427
6124
6548
6759
6956
7047
7092
7793
8490
8661
8919
9084
9093
9098
10062
10259
11089
11745
11748
12803
13168
13339
13512
13528
14377
14747
14854
15217
15463
15688
16128
16993
17071
17433
17734
18213
18954
19176
19374
19466
19671
19758
20041
20596
20722
21254
21285
21370
21643
21728
22140
22727
22730
22787
22856
23512
23515
23518
23647
23650
24268
24697
24700
25007
25088
25631
25663
25732
25735
25787
25790
26182
27389
27517
27720
28376
31170
32136
32438
32633
32642
32978
33160
34172
34175
34207
34250
34276
34346
34391
34646
34808
35039
35219
35530
35843
35954
36109
36263
36710
37009
37051
37295
37723
38676
38838
39267
40103
40378
40459
41818
42084
42363
42891
43470
44819
44879
45017
45549
45920
45959
45989
46001
46608
47876
48718
48990
49199
49669
49719
49949
50101
50225
50861
51725
51898
52170
52274
52757
55517
55779
56063
56212
56520
58146
58801
59315
60783
61045
61054
61087
61258
61708
61915
62910
64690
65035
65058
65100
66090
66288
66536
67925
68052
68062
68422
69295
69558
70332
72069
74084
74180
74342
75033
75150
75947
75950
76104
76508
76584
76719
77426
77613
77769
77846
Number of cuts: 200

Rasputin
171
529
1305
1428
1476
1888
2000
2099
2296
2543
2645
2664
3030
3299
3564
3844
4225
4407
5198
5351
5593
5723
5777
6203
6666
6871
7293
7808
8143
9684
9819
9912
10191
10377
10545
10850
11067
11887
12000
12052
12055
12064
12258
12261
12488
12771
12897
12972
12997
13029
13086
13380
13806
13980
14067
14280
14283
14433
14436
14535
14846
14991
16833
17407
17485
17614
18328
18733
19422
19465
19540
19939
20035
20041
20044
20581
20692
20785
21064
21291
21301
21520
21701
22402
24361
24493
24577
24604
24773
25241
25373
25537
26130
26238
26406
26808
26883
28439
28483
28582
29492
29921
30457
32120
32739
33078
33427
35344
35690
35832
36041
37067
37335
37941
38183
38751
39207
39584
39686
40422
40699
41004
41566
41978
42068
42088
42510
42789
42862
43635
43795
44377
44799
44877
46050
46424
Number of cuts: 136

RER2
171
529
1305
1428
1476
1888
2000
2099
2296
2543
2645
2664
3030
3299
3564
3844
4225
4407
5198
5351
5593
5713
5723
5777
6203
6681
6886
7308
7823
7893
8394
9850
9943
10408
10576
10881
11918
12031
12083
12086
12095
12289
12292
12356
12802
12805
12928
13003
13028
13060
13411
13722
13837
13896
13929
14311
14314
14464
14467
14566
14877
16864
17109
17438
17516
17645
19453
19496
19571
19970
20066
20072
20075
20471
20612
20723
20816
21095
21322
21332
21551
21732
22432
22889
22988
24390
24809
25270
25402
25542
25566
26159
26267
26435
26837
26912
28468
28512
28611
29521
29950
30486
32149
32768
33107
33456
35373
35719
35861
36070
37096
37364
37970
38212
38780
39236
39613
39715
40451
40728
41033
41595
42007
42097
42117
42539
42818
42891
43664
43824
44406
44828
44906
46079
46451
Number of cuts: 135

RexFury
171
529
1336
1459
1507
1919
2031
2130
2327
2574
2676
2695
3061
3330
3595
3875
4256
5229
5382
5624
5744
5754
5808
6234
6712
6917
7339
7854
7924
8425
9881
9974
10439
10607
10912
11949
12062
12114
12117
12126
12320
12323
12387
12550
12833
12836
12959
13034
13059
13091
13148
13442
13753
13868
13927
13960
14342
14345
14495
14498
14597
14908
16895
17140
17469
17547
17676
19484
19527
19602
20001
20097
20103
20106
20502
20643
20754
21353
21363
21582
21763
22463
22920
23019
24421
24833
25301
25433
25597
26190
26298
26466
26868
26943
28499
28543
28642
29552
29981
30517
32180
32799
33138
33487
35404
35750
35892
36101
37127
37395
38001
38243
38811
39267
39641
39743
40478
41625
42037
42127
42147
42848
42921
43694
43854
44436
44858
44936
46109
46482
Number of cuts: 130

RGL3
147
229
520
1409
1460
1796
2098
2301
2457
2666
2881
3301
3846
5200
5715
5725
5736
5761
5779
6435
6760
7299
7813
8384
8399
8835
9699
10186
10377
10440
10485
10856
11073
11612
12006
12058
12061
12070
12264
12267
12930
13197
14235
14421
14469
14622
14889
15018
15035
17028
17806
19376
19718
19955
20117
20171
20231
20894
21084
21431
21591
21706
22122
22314
23098
24030
24878
25893
26436
26507
26534
27168
27501
27812
28052
28060
29337
29428
29488
29571
30529
30575
31042
31358
31594
35189
35967
36329
37999
39991
40027
41138
41538
41837
42498
42759
42943
43666
44328
44788
45409
45503
45901
45994
46854
Number of cuts: 105

Rhodalysa
171
529
1305
1428
1476
1888
2000
2099
2296
2543
2645
2664
3030
3299
3564
3844
4225
4407
5198
5351
5593
5713
5723
5777
6203
6681
6886
7308
7823
7893
8394
9850
9943
10408
10576
10881
11918
12031
12083
12086
12095
12289
12292
12356
12802
12805
12928
13003
13028
13060
13411
13722
13837
13896
13929
14311
14314
14464
14467
14566
14877
16864
17109
17438
17516
17645
19453
19496
19571
19970
20066
20072
20075
20471
20612
20723
21322
21332
21551
21732
22432
22889
22988
24390
24802
25270
25402
25566
26159
26267
26435
26837
26912
28468
28512
28611
28764
29521
29950
30486
32149
32768
33107
33456
35373
35719
35861
36070
37096
37364
37970
38212
38780
39236
39613
39715
40451
40728
41033
41595
42007
42097
42117
42539
42818
42891
43664
43824
44406
44828
46079
46451
Number of cuts: 132

StCroix
171
529
1305
1428
1476
1888
2000
2099
2296
2543
2645
2664
3030
3299
3564
3844
4225
5198
5351
5593
5713
5723
5777
6203
6681
6886
7308
7823
7893
8394
9850
9943
10217
10222
10408
10576
10881
11918
12031
12083
12086
12095
12289
12292
12356
12802
12805
12928
13003
13028
13060
13411
13722
13837
13896
13929
14311
14314
14464
14467
14566
14877
16864
17109
17438
17516
17645
19453
19496
19571
19970
20066
20072
20075
20471
20723
21322
21332
21551
21732
22445
22902
23001
24403
24815
25283
25415
25579
26172
26280
26448
26850
26925
28481
28525
28624
28777
29534
29963
30499
32162
32781
33120
33469
35386
35732
35874
36083
37118
37386
37992
38234
38802
39258
39635
39737
40473
41617
42029
42119
42139
42840
42913
43686
43846
44428
44850
44928
46101
46474
Number of cuts: 130

Swann
171
529
1305
1428
1476
1888
2000
2099
2296
2543
2645
2664
3030
3299
3564
3844
4225
4407
5198
5351
5593
5713
5723
5777
6203
6681
6886
7308
7823
7893
8394
9850
9943
10408
10576
10881
11918
12031
12083
12086
12095
12289
12292
12356
12802
12805
12928
13003
13028
13060
13411
13722
13837
13896
13929
14311
14314
14464
14467
14566
14877
16864
17109
17438
17516
17645
19453
19496
19571
19970
20066
20072
20075
20471
20723
21322
21332
21551
21732
22432
22889
22988
24390
24802
25270
25402
25566
26159
26267
26435
26837
26912
28468
28512
28611
29519
29948
30484
32147
32766
33105
33454
35371
35717
35859
36068
37094
37362
37968
38210
38778
39234
39611
39713
40449
40726
41031
41593
42005
42095
42115
42537
42816
42889
43662
43822
44404
44826
44904
46077
46451
Number of cuts: 131

Takoda
530
1298
1421
1880
1992
2091
2288
2637
3022
3291
3556
3836
4217
5190
5343
5585
5705
5715
5769
6195
6464
6658
6863
7285
7800
8134
9675
9810
9903
10182
10368
10841
11878
11991
12043
12046
12055
12249
12252
12479
12762
12888
12963
12988
13020
13077
13371
13889
14058
14271
14274
14388
14427
14511
14526
14982
15842
16824
17069
17398
17476
17605
19413
19456
19531
19930
20026
20032
20035
20572
20683
21282
21292
21511
21692
22404
22861
24363
24579
24606
24775
25243
25375
25539
26132
26408
26810
26885
28053
28441
28485
28584
28737
29494
30393
30831
31306
33576
35556
35902
36044
36253
38153
38395
38966
39419
39900
40002
40635
41217
41849
42190
43358
43411
44150
44244
45154
45968
46292
46662
Number of cuts: 120

Trina
122
296
540
574
1367
1749
2196
2372
2379
2463
2538
3141
3144
3231
3971
4013
4404
4621
5271
6180
6237
6258
8983
9265
10313
10982
11361
11364
11419
12116
12526
12844
12998
13488
14025
14278
15276
15771
15999
16053
16368
16595
16694
17156
17356
17694
18060
18480
18483
18498
18507
18703
19577
20518
21660
21970
22236
23257
24438
24471
24702
24705
25441
25528
26328
27285
27624
28643
28904
29840
30125
30188
30242
30449
30854
30863
31397
31591
32057
32395
32763
32967
33165
33573
33576
33627
34102
34319
34541
35199
35297
35608
35657
35663
35666
35708
37170
37173
37307
37756
37888
38410
38494
39328
39583
39872
40075
40078
40081
40599
40620
40829
40869
41190
41404
41749
41957
41996
42044
42047
42050
42068
42176
42999
43139
43888
43906
43933
44230
44278
44366
44845
44869
45154
45385
45397
45415
45439
45493
45502
45595
45778
45850
45946
45949
45967
45970
46033
46141
46162
46189
46408
46588
46591
46735
46747
46759
46762
47107
47353
47818
47866
47920
47923
48112
48136
48412
48445
48964
49003
49084
49405
49567
49720
49849
49924
50014
51758
51857
52088
53044
54053
54305
54371
55364
56367
56519
56660
57052
57139
57157
57694
57839
58085
58165
58375
58429
58432
58825
58933
59134
59227
59530
60190
60538
60541
61017
62522
63067
63231
63364
63767
63833
65512
66136
69335
69997
70000
70954
71216
71532
71700
71797
72107
72237
73186
73830
73923
75300
75746
75749
76421
76520
76665
76980
77428
77635
79174
79177
79265
79491
79651
79698
79834
80140
80369
81945
81963
82073
83478
83590
84297
84953
84962
85262
85463
85475
85478
85547
85637
85775
86312
86768
87262
87674
88370
88427
88430
88472
88619
88934
89469
90811
91529
91970
92090
92093
92096
92810
93369
93375
93432
93879
93927
94397
94556
95034
96133
96404
96872
97438
97553
97640
97741
98182
98645
98920
99263
100149
100568
103154
103560
103563
103700
104763
105080
106309
106317
106663
106687
106962
107876
108000
108823
109843
109962
110085
110220
110244
110265
110472
110475
111123
111848
112395
112510
112513
112882
113644
114564
114597
114607
114708
115081
115482
115777
115799
115808
116278
116919
117797
118178
118765
119021
119116
119232
119552
119863
119866
120130
120762
121047
121540
121682
121971
122301
122615
122618
122631
122772
122784
123700
123931
124571
124625
124883
125036
125085
125115
126065
126672
127631
127716
128107
128163
128779
129483
129583
129960
130221
132103
132346
133051
133421
133975
134376
134915
135023
135519
135778
135898
136175
136238
136317
136524
136698
136942
136976
137769
138151
138598
138774
138781
138865
138940
Number of cuts: 405

TWAMP
171
529
1305
1428
1476
1888
2000
2099
2296
2543
2645
2664
3030
3299
3564
3844
4225
4407
5198
5351
5593
5713
5723
5777
6203
6681
6886
7308
7823
7893
8394
9850
9943
10408
10576
10881
11918
12031
12083
12086
12095
12289
12292
12356
12802
12805
12928
13003
13028
13060
13411
13722
13837
13896
13929
14311
14314
14464
14467
14566
14877
16864
17109
17438
17516
17645
19453
19496
19571
19970
20066
20072
20075
20471
20612
20723
21322
21332
21551
21732
22432
22889
22988
24390
24802
25270
25402
25566
26159
26267
26435
26837
26912
28468
28512
28611
28764
29521
29950
30486
32149
32768
33107
33456
35373
35719
35861
36070
37096
37364
37970
38212
38780
39236
39613
39715
40451
40728
41033
41595
42007
42097
42117
42539
42818
42891
43664
43824
44406
44828
46079
46451
Number of cuts: 132

UhSalsa
171
529
1305
1428
1476
1888
2000
2099
2296
2543
2645
2664
3030
3299
3564
3844
4225
5198
5351
5593
5713
5723
5777
6203
6681
6886
7308
7823
7893
8394
9850
9943
10217
10222
10408
10576
10881
11918
12031
12083
12086
12095
12289
12292
12356
12802
12805
12928
13003
13028
13060
13411
13722
13837
13896
13929
14311
14314
14464
14467
14566
14877
16864
17109
17438
17516
17645
19453
19496
19571
19970
20066
20072
20075
20471
20723
21322
21332
21551
21732
22432
22889
22988
24391
24803
25271
25403
25567
26160
26268
26436
26838
26913
28469
28513
28612
29520
30419
30857
32082
32701
33040
33389
35315
35661
35803
36012
37038
37306
37912
38154
38722
39178
39552
39654
40389
41536
41948
42038
42058
42759
42832
43605
43765
44347
44769
44847
46020
46394
Number of cuts: 129

Weasels2
767
1290
3633
4346
4448
6038
6717
7368
7428
8670
9228
9411
10698
12650
13633
13666
13828
14614
14632
15022
16456
16465
17557
18230
19248
19431
25224
26172
26792
26795
27346
27582
28280
28394
28448
29069
30411
30896
31007
31532
32291
33109
33277
33337
33664
33760
34342
34468
34480
34594
34597
34753
34983
35080
35083
35518
36040
36889
37218
37794
38130
38142
38154
38770
40204
40919
42966
44019
44157
44374
44728
45838
45886
45904
45907
45988
46051
46096
46177
46429
46498
46567
46729
47785
48460
48646
48760
48832
48835
49192
49216
49246
49513
49945
50173
50233
50394
50410
50536
50544
50547
50563
50740
50785
51865
52857
52913
53745
55907
56299
56419
56605
56791
57110
58734
59286
59902
60838
61921
62254
62395
62398
62759
62996
63170
63173
64199
65120
65458
65772
66215
68282
68904
69956
70037
70119
70278
70958
71297
72193
73063
73951
74134
75082
75255
76738
76741
78645
78812
79168
79171
80622
80883
81163
83483
84347
84638
84727
84977
85971
86586
87935
88711
89075
89320
89506
89818
90313
91059
91771
92174
92696
94139
94352
94505
95305
95459
98269
98342
98698
99520
100522
100937
101029
101089
101167
101667
101721
104853
105109
106052
106565
107619
108170
108176
108397
109108
110242
110245
110261
110568
110758
110851
111798
111819
111891
112082
112429
112483
113885
114314
114319
116424
116427
117105
117274
117289
124049
124235
130374
130742
132472
132995
Number of cuts: 223

Yogi
171
529
1305
1428
1476
1888
2000
2099
2296
2543
2645
2664
3030
3299
3564
3844
4225
4407
5198
5351
5593
5713
5723
5777
6203
6666
6871
7293
7808
9683
9818
9911
10185
10190
10376
10855
11892
12005
12057
12060
12069
12263
12266
12493
12776
12902
12977
13002
13034
13091
13385
13811
13985
14072
14285
14288
14438
14441
14540
14851
14996
16838
17083
17412
17490
17619
18333
18738
19405
19427
19470
19545
19944
20040
20046
20049
20140
20445
20586
20697
20790
21296
21306
21525
21706
22406
22863
24364
24783
25244
25376
25516
25540
26133
26241
26409
26811
26886
28442
28486
28585
29495
29924
30460
30898
32123
32742
33081
33430
35344
35690
35832
36041
36565
36783
37447
37715
38563
39131
39587
39964
40066
40802
41079
41384
41946
42358
43169
43242
44015
44175
44269
44757
45179
45257
45455
46091
46415
46785
Number of cuts: 139

Yoncess
171
529
1305
1428
1476
1888
2000
2099
2296
2543
2645
2664
3030
3299
3564
3844
4225
4407
5198
5351
5593
5723
5777
6203
6666
6871
7293
7808
8142
9683
9818
9911
10185
10190
10376
10855
11892
12005
12057
12060
12069
12263
12493
12776
12902
12977
13002
13034
13091
13385
13811
13985
14072
14285
14288
14438
14441
14540
14851
14996
16838
17083
17412
17490
17619
18333
18738
19470
19545
19944
20040
20046
20049
20697
20790
21069
21296
21306
21525
21706
22407
22864
22963
24365
24581
24608
24784
25245
25377
25517
25541
26134
26242
26410
26812
26887
28443
28487
28586
29496
30240
32522
32861
33210
35127
35473
35615
35824
36850
37118
37966
38537
38990
39367
39469
40205
40482
40787
41350
41765
41855
41875
42576
42649
43423
43583
44165
44587
44665
45838
46208
Number of cuts: 131

