Alatin
17708
Number of cuts:  1

Alpacados
39159
Number of cuts:  1

AngryOrchard
26232
38689
39319
Number of cuts:  3

AppleCloud
Number of cuts:  0

Belenaria
Number of cuts:  0

BobbyDazzler
38606
39236
Number of cuts:  2

Bonanza
38878
Number of cuts:  1

Bradshaw
Number of cuts:  0

Bryce
38314
38944
Number of cuts:  2

ChewyVIII
1532
65871
Number of cuts:  2

CosmicSans
Number of cuts:  0

Dinger
38702
39332
Number of cuts:  2

DocB7
33642
67495
68144
70177
73694
75715
Number of cuts:  6

E3
Number of cuts:  0

Erik
Number of cuts:  0

Espica
Number of cuts:  0

Finch
2832
18317
55573
103254
108157
116718
Number of cuts:  6

Gollum
Number of cuts:  0

Grayson
2916
3350
3656
3819
4179
4287
4325
4547
5727
6584
6611
9363
9756
10350
10590
10755
11828
12655
12851
13844
13996
14152
14426
14909
16941
17214
18686
19102
20133
20493
20701
20739
20901
21360
22108
22463
24069
24726
26860
26869
26999
27145
27390
27645
28295
28564
28657
28676
30123
30428
31310
31525
32673
32942
33055
33114
33470
35768
37343
38190
38628
40303
41243
41661
42687
44032
44355
45332
45545
45734
46272
47134
47714
48930
50300
50496
50708
52225
52474
52907
53474
53773
54274
55919
56081
56716
56838
57035
57351
57469
57476
57899
57908
59053
60198
60372
60583
61039
61887
62810
63729
64222
66283
67174
68676
69599
70125
70527
70569
70740
70892
71154
72419
72732
72770
75289
75459
75796
76125
76392
76901
77039
77176
79425
79629
80554
80599
81422
81567
82182
82247
82613
82654
83138
83235
84192
84635
84950
85332
86119
86543
86624
87755
87988
88752
89194
90178
90446
90638
91992
92234
92294
93363
93742
93765
94652
95579
96699
97041
98540
98582
98960
99057
99309
99371
99509
99762
100129
100398
100582
100776
103109
103359
103728
103860
104323
104772
105156
105626
107071
107159
107546
107958
108158
108296
108396
110151
111396
111596
112610
112642
113218
113893
114376
115764
117237
117866
118658
119178
119779
127149
Number of cuts: 201

Harlequin
38344
38974
Number of cuts:  2

Hiro
Number of cuts:  0

Jace
28602
45042
Number of cuts:  2

Jester
38275
38905
Number of cuts:  2

Krishelle
Number of cuts:  0

Lillie
Number of cuts:  0

Mahdia
Number of cuts:  0

Naiad
Number of cuts:  0

Nancinator
Number of cuts:  0

Natosaleda
Number of cuts:  0

Partridge
38859
39489
Number of cuts:  2

Pepy6
2968
5975
8045
8692
9265
12089
12836
13604
13842
15640
16218
16578
16764
17215
17509
18030
18810
18852
19160
23186
24295
27147
28146
28252
28616
28709
33937
33968
34422
37143
37600
37638
41466
42241
43519
44671
46660
50894
51974
52908
53604
55734
57919
59820
65674
66436
68546
71937
72357
72646
76603
76668
76697
Number of cuts: 53

Peregrin
2953
3159
3378
3603
3684
3941
4375
5634
5675
6156
6224
6492
6767
7480
7981
8677
9070
9904
9954
10096
11142
11604
11969
12165
13310
13484
13758
13807
14175
15641
15971
16080
16530
16767
16854
16912
18238
18654
19685
20069
20291
20396
20411
20526
20820
21274
21629
23235
23462
24668
26437
26446
26576
26904
27159
27809
28078
28171
28190
29634
29989
31455
31837
31896
32252
34550
34563
36125
36204
37410
39083
40023
41467
42812
43127
43135
44325
44514
45052
45914
46494
46783
47200
48227
49083
49279
49491
51008
51257
52556
53057
54702
54864
55401
55718
55836
55843
55919
56266
56275
56288
57420
58565
58950
59406
60254
61177
62096
64414
65599
67101
68024
68314
68535
68979
68990
69150
69302
69564
70074
70217
71142
71180
73061
75190
75460
75797
76054
76676
76795
76848
77108
78001
78713
79328
79948
80076
80152
81085
81130
82545
83127
83659
84079
84472
84522
86038
86543
86769
86904
87610
87649
87764
88009
89418
89877
90069
90127
91423
91665
91725
92409
92696
93174
93420
93667
93880
94210
94579
94630
94727
94741
94845
95732
96074
97028
97503
97755
97955
98135
98277
98309
98509
98581
98638
99850
99907
103062
103511
103761
104130
104262
105178
106047
106199
107346
107434
108231
108766
109102
110996
112031
112455
112606
113347
113551
113775
113855
114863
114900
115096
115119
115994
116048
116313
116677
116781
118045
119542
120441
121215
128186
Number of cuts: 222

Phrankenstein
Number of cuts:  0

Pine5
29156
58557
Number of cuts:  2

Poco6
2025
2386
5215
6286
7689
8520
9244
9341
10839
11032
11293
11558
12195
12269
14387
18262
19157
19678
20446
26308
29029
29850
32945
35622
35962
35993
36444
41391
43268
45096
45345
46409
46511
48862
49766
52396
52421
53483
54408
54416
55034
55112
56708
57242
64642
66418
69217
70317
71778
73199
73380
73908
77871
77936
77964
Number of cuts: 55

Rasputin
Number of cuts:  0

RER2
Number of cuts:  0

RexFury
Number of cuts:  0

RGL3
Number of cuts:  0

Rhodalysa
Number of cuts:  0

StCroix
Number of cuts:  0

Swann
Number of cuts:  0

Takoda
38743
39373
Number of cuts:  2

Trina
72
2695
2873
4116
4598
5495
6699
7244
7400
9381
10766
11081
13731
15205
16211
16395
16800
17190
17398
17821
18019
20457
21028
21612
21644
22020
22756
23468
23884
24691
27951
31643
33733
34625
35165
36295
37363
37599
39160
39186
41530
42738
45025
45794
45805
46254
47950
50977
52633
53327
53890
56207
56322
57518
60934
61762
61992
62512
63686
64627
65710
66076
66343
67757
70890
71627
71742
73457
73715
74321
74741
75487
75572
76244
77908
78535
79193
79530
79839
81368
81743
81877
82722
83079
83509
83581
83851
85328
86593
87380
88140
88167
90596
91374
91535
91831
91923
91931
95526
98464
98501
98959
100041
100303
106868
107440
107775
108791
109566
111363
114838
116041
116612
118951
121605
121615
121960
122315
122480
126557
127168
130419
131025
131355
133294
133537
134969
135201
135293
135406
135416
136353
136474
139097
Number of cuts: 134

TWAMP
Number of cuts:  0

UhSalsa
Number of cuts:  0

Weasels2
13
209
3246
3927
4063
4594
4978
5067
5593
5761
5936
6004
6019
6237
6399
6723
8269
8344
9678
10662
10944
11053
11109
11277
11291
12169
12790
12814
13205
13295
13372
14486
14809
15451
15812
16175
17601
18458
18679
19508
19649
20832
20919
21069
21323
21764
21877
22041
22696
26580
26903
28077
28170
28189
28793
29474
29792
29944
30198
30510
31304
32178
32284
32663
32722
33971
35377
35829
36746
38256
38271
39058
39673
40867
41226
43279
44814
45322
47793
48499
48767
49849
50257
51792
51850
52041
54034
54711
54789
55460
55796
57365
57432
57850
58986
59475
61399
61781
62404
62730
63092
63245
64037
64418
65737
67516
68432
69030
70162
70314
70575
70910
71228
72165
72262
73347
74285
74338
74675
74745
74752
75869
76632
76812
78132
78405
78634
80598
80997
81355
81600
82410
82737
83142
83314
85631
85926
86315
86516
88477
89709
89790
90817
90823
90961
90999
91560
91585
91612
91851
91863
92445
92993
94106
94310
95529
96825
99218
101185
101343
101783
103347
103580
103590
104509
105152
105173
105684
106345
106601
106695
107987
108197
108248
109293
110162
110486
111076
111396
111403
112194
112678
113522
113801
114748
115167
115556
117588
118102
120250
120455
120699
122978
125434
126877
131718
131914
134951
Number of cuts: 198

Yogi
Number of cuts:  0

Yoncess
38314
38944
Number of cuts:  2

