Alatin
12
30
315
1029
1080
1849
2036
2119
2508
2756
3309
3542
4610
5047
5150
5287
5513
5699
5928
6159
6283
6687
6862
6960
7080
7178
7188
7321
7562
7610
7848
7900
8016
8196
8378
8412
8670
8710
8945
8956
9086
9352
9372
9964
10013
10098
10432
10473
11281
11314
12339
12646
12788
12833
13164
13726
13730
13813
14056
14607
14796
14872
15801
15875
16151
16265
17801
17960
18147
18395
18404
18919
19280
19701
20433
20502
20633
20803
20882
21272
21591
21716
21845
22071
22222
22243
22726
22735
22804
22951
23177
23445
23504
23832
24009
24031
24893
25092
25164
25205
25270
25442
25491
25581
25697
25793
26041
26674
27595
27790
28064
28434
28617
28685
28812
29450
29646
29677
30302
30566
30872
31248
31471
31520
31749
32110
32352
32392
32428
32810
33075
33400
33435
33509
33691
33785
34147
34629
34716
35616
36590
36799
36980
37280
37449
37464
37487
37964
38026
38327
39058
39545
39684
40558
40741
40766
40959
41210
41481
41598
41624
42267
42513
43243
43639
44027
44339
44712
44894
45104
46045
46267
46469
Number of cuts: 173

Alpacados
12
30
315
1029
1080
1802
1885
2072
2207
2470
2718
3271
3612
4040
4182
4572
5009
5112
5249
5269
5475
5661
5890
6038
6230
6634
6809
7125
7135
7268
7509
7557
7719
7795
7847
7963
8599
8640
8875
8886
9282
9302
9542
9712
9943
10028
10362
10652
10695
10770
11217
11250
11873
11995
12275
12314
12328
12438
12499
12582
12724
13100
13662
13666
13749
13785
13992
14022
14093
14732
14808
15308
15737
15925
16087
16201
16260
17737
18083
18331
18340
18855
18929
19436
20369
20438
20569
20712
20790
21059
21208
21473
21640
21710
21727
21953
22576
22595
22820
22987
23046
23314
23373
23701
23878
23900
24762
24961
25033
25074
25139
25698
25946
26371
27500
27695
27969
28339
28522
28590
29355
29551
29582
30471
30639
30777
31153
31376
31425
31654
32015
32257
32297
32333
32715
33305
33340
33414
33596
33690
34052
34531
34618
35518
36194
36483
36692
36873
37173
37342
37357
37380
37857
37919
38220
38738
38951
39148
39577
40381
40564
40589
40782
41304
41421
41447
42090
42336
43066
43462
43941
43948
44162
44535
44717
44927
45868
46290
Number of cuts: 178

AngryOrchard
12
30
315
463
1022
1073
1981
2064
2121
2513
2532
4023
4165
4555
4992
5232
5252
5458
5644
5873
6021
6104
6213
6565
6617
6792
7108
7118
7227
7251
7492
7540
7702
7778
7830
7946
8623
8858
8869
8999
9265
9285
9695
9926
10011
10345
10635
10678
10753
11200
11233
11856
11978
12258
12297
12421
12482
12565
12707
13083
13645
13649
13732
13768
13975
14005
14570
14715
14791
15720
15908
16070
16184
17720
17879
18066
18314
18323
19419
19620
20107
20139
20352
20421
20552
20695
21042
21191
21456
21710
22368
22590
22599
22668
22815
23041
23309
23368
23697
23874
24758
24957
25029
25070
25135
25356
25379
25446
25658
25906
26330
26829
27279
27343
27654
27795
28481
28549
28676
28876
29510
29882
30100
30364
30670
31046
31269
31318
31908
32150
32230
32608
33064
33195
33230
33304
33525
33850
34212
34691
34778
34931
35678
36354
36643
36852
37033
37317
37333
37502
37517
38017
38079
38380
38733
39111
39308
39739
39909
40463
40612
41535
41651
41677
42674
43508
43684
44069
44160
44333
44381
44484
44936
45973
46169
46195
46394
46406
Number of cuts: 178

AppleCloud
12
30
822
873
1558
1745
1828
1954
2217
2296
2465
3018
3359
3929
4319
4756
4915
4996
5016
5164
5222
5365
5408
5637
5785
5868
5977
6215
6556
6713
6872
6882
6991
7015
7256
7304
7466
7542
7594
7710
8346
8387
8598
8609
8739
9005
9025
9666
9680
9751
10085
10132
10934
10967
11590
11712
12146
12195
12334
12388
12866
13691
13695
13778
13814
13934
14604
14837
15766
15840
15954
16116
16289
17766
17925
18067
18112
18360
18369
18884
18958
19465
19666
20153
20398
20404
20467
20598
20741
21088
21237
21502
21739
21756
21947
21982
22418
22688
22714
22791
22801
22853
23126
23344
23406
23735
24768
24967
25039
25080
25145
25232
25317
25366
25456
25668
25916
26341
27216
27354
27470
27887
28315
28571
28639
28966
29597
29628
30032
30291
30978
31201
31250
31316
31479
32082
32122
32158
32470
32540
32805
32999
33165
33239
33421
33529
33871
34356
34443
35343
36019
36308
36517
36698
36998
37167
37182
37205
37682
37744
38045
38563
38966
39399
39614
40275
40676
40927
41022
41198
41315
41341
41984
42230
42960
43356
43744
44056
44429
44611
44821
45762
45984
46185
Number of cuts: 184

Belenaria
12
30
315
1029
1080
1849
2036
2119
2508
2756
3309
3542
4610
5047
5150
5287
5513
5699
5928
6159
6283
6687
6862
6960
7080
7178
7188
7321
7562
7610
7848
7900
8016
8196
8378
8412
8670
8710
8945
8956
9086
9352
9372
9964
10013
10098
10432
10473
11281
11314
11937
12339
12646
12788
12833
13164
13726
13730
13813
14056
14607
14796
14872
15801
15875
16151
16265
17801
17960
18147
18395
18404
18919
19280
19701
20433
20502
20633
20803
20882
21272
21537
21704
21743
21791
22017
22640
22659
22884
23051
23110
23378
23437
23765
23942
23964
24827
25026
25098
25139
25204
25376
25425
25515
25727
25975
26400
27529
27724
27998
28368
28551
28619
29609
30168
30432
30600
31114
31337
31386
31615
31976
32218
32258
32294
32676
32941
33266
33301
33375
33557
33651
34013
34504
35491
36167
36456
36665
36846
37146
37315
37330
37353
37830
37892
38193
38711
39114
39547
39762
40423
40824
41075
41170
41346
41463
41489
42132
42378
43108
43504
43892
44204
44577
44759
44969
45910
46132
46334
Number of cuts: 169

BobbyDazzler
12
30
315
1029
1080
1914
1997
2184
2579
2827
3380
3721
4149
4171
4291
5118
5221
5358
5378
5584
5999
6147
6339
6743
6918
7234
7244
7377
7618
7666
7828
7904
7956
8072
8708
8749
8984
8995
9125
9391
9411
9651
9821
10052
10137
10471
10761
10804
10879
11326
11359
11982
12104
12384
12423
12437
12547
12608
12691
12833
13209
13771
13775
13858
13894
14101
14131
14202
14841
14917
15417
15846
16034
16196
16310
16369
18192
18440
18449
18964
19038
19545
20478
20547
20678
20821
20899
21317
21582
21749
21819
21836
22062
22686
22705
22930
23097
23156
23215
23248
23424
23483
23811
23988
24010
24872
25071
25143
25184
25249
25470
25493
25560
25772
26020
26445
27574
27769
28043
28596
28664
29429
29625
29656
30281
30545
30713
30851
31227
31450
31499
31728
32089
32331
32371
32407
32476
32789
33054
33414
33488
33670
33764
34126
34608
34695
35595
36271
36560
36769
36950
37250
37419
37434
37457
37934
37996
38297
39028
39225
39654
40528
40711
40736
40929
41275
41451
41595
42238
42484
43214
43610
43670
43998
44310
44683
44865
46016
46438
Number of cuts: 179

Bonanza
12
30
315
1029
1080
1849
2036
2119
2508
2756
3309
3650
4078
4100
4220
4610
5047
5150
5287
5307
5513
5699
5928
6076
6268
6672
6847
7163
7173
7306
7547
7595
7757
7833
7885
8001
8637
8678
8913
8924
9320
9340
9580
9750
9981
10066
10400
10690
10733
10808
11255
11288
11911
12033
12313
12352
12366
12476
12537
12620
12747
12762
13138
13700
13704
13787
13823
14030
14060
14131
14770
14846
15346
15775
15963
16125
16239
16298
17775
18121
18369
18378
18893
18967
19474
20407
20476
20607
20750
20828
21097
21246
21511
21678
21748
21765
21991
22614
22633
22858
23084
23176
23352
23411
23739
23916
23938
24800
24999
25071
25112
25177
25349
25398
25421
25488
25700
25948
26373
27502
27697
27971
28341
28524
28592
29357
29553
29584
30473
30641
30779
31155
31378
31427
31656
32017
32259
32299
32335
32717
33307
33342
33416
33598
33692
34054
34533
34620
35520
36824
37074
37255
37555
37724
37739
37762
38239
38301
38602
39120
39333
39530
39959
40129
40833
41016
41041
41234
41580
41756
41873
41899
42542
42788
43914
44393
44400
44614
44987
45169
45379
46305
46497
46527
46729
Number of cuts: 185

Bradshaw
12
30
315
1029
1080
1849
2036
2119
2756
3309
3542
4610
5047
5150
5287
5513
5699
5928
6159
6283
6687
6862
6960
7080
7178
7188
7321
7562
7610
7848
7900
8016
8196
8378
8412
8670
8710
8945
8956
9086
9352
9372
9964
10013
10098
10432
10473
11281
11314
11937
12059
12339
12646
12788
12833
13164
13726
13730
13813
14056
14607
14796
14872
15801
15875
16151
16265
17801
17960
18147
18395
18404
18919
19280
19701
20433
20502
20633
20803
20882
21272
21537
21662
21791
22017
22640
22659
22884
23051
23110
23378
23437
23765
23942
23964
24826
25025
25097
25138
25203
25375
25424
25514
25630
25726
25974
27528
27723
27997
28367
28550
28618
28745
29383
29579
29610
30235
30499
30805
31181
31404
31453
31682
32043
32285
32325
32361
32743
33008
33333
33368
33442
33624
33718
34080
34562
34649
35549
36523
36732
36913
37213
37382
37397
37420
37897
37959
38260
38991
39478
39617
40491
40674
40699
40892
41143
41414
41531
41557
42200
42446
43176
43572
43960
44272
44645
44827
45037
46401
Number of cuts: 169

Bryce
12
30
315
1029
1080
1849
2036
2119
2508
2756
3309
3650
4100
4220
4610
5047
5150
5287
5307
5513
5699
5928
6076
6268
6672
6847
7163
7173
7306
7547
7595
7757
7833
7885
8001
8637
8678
8913
8924
9054
9320
9340
9580
9750
9981
10066
10400
10690
10733
10808
11255
11288
11911
12033
12313
12352
12366
12476
12537
12620
12762
13138
13700
13704
13787
13823
14581
14770
14846
15346
15775
15963
16125
16239
16298
18121
18369
18378
18893
18967
19474
20407
20476
20607
20750
20828
21097
21246
21511
21678
21748
21765
21991
22615
22634
22859
23026
23085
23144
23177
23353
23412
23740
23917
23939
24801
25000
25072
25113
25178
25399
25422
25489
25701
25949
26374
27242
27249
27323
27387
27503
27698
27972
28525
28593
29358
29554
29585
30253
30421
30559
30935
31158
31797
32039
32115
32497
32762
33122
33196
33378
33472
33834
34316
34403
35303
35979
36268
36477
36658
36958
37127
37142
37165
37642
37704
38005
38523
38933
39362
39532
40236
40419
40444
40637
40983
41159
41303
41946
42192
42922
43318
43706
44018
44391
44573
45724
46144
Number of cuts: 178

ChewyVIII
153
161
205
656
1564
1719
2191
2590
2595
2670
2804
2949
2996
3074
3345
3463
3516
3908
4066
4136
4253
4380
4906
5345
5658
5894
5972
6079
7246
7297
7328
7391
7455
7799
7871
8443
8480
8523
8756
8820
8936
8970
9704
9742
9762
9830
9834
9951
10249
10286
10326
10695
10878
11093
11454
11581
11744
12518
12626
12634
12816
13048
13229
13290
13464
13877
14242
14792
14801
15157
15337
15519
15607
15662
15676
15829
16233
16249
16276
16631
16860
17055
17203
17356
17513
17731
17983
18018
18200
18291
18337
18353
18407
18704
18764
18848
18923
19072
19488
19921
19963
20070
20280
20839
20956
21014
21369
21621
21679
21738
21802
22595
23108
23412
23494
23612
24162
24295
24730
25671
26105
26328
26619
26725
26937
26969
27105
27164
27299
27474
27516
27626
27961
28385
28457
28576
28881
29133
29405
29424
29486
30479
30523
31119
31353
31660
31769
31923
32054
32069
32105
32422
32470
32746
32842
33397
33742
33757
34083
34089
34183
34232
34492
34563
34618
34642
34967
35001
35090
35267
35424
35855
35859
35981
36064
36307
36373
36545
36632
36983
37052
37130
37431
37530
37720
37837
37916
38001
38096
38139
38247
38288
38407
38454
38513
38674
38858
39445
39489
39738
39972
40152
40161
40317
40374
40443
40452
40623
40650
40668
40721
40886
41479
42067
42142
42199
42239
42923
43105
43168
43176
43543
43644
43848
43862
43955
44576
44654
44791
44954
45345
45409
45419
45500
45518
45554
45910
46217
46430
46704
46782
46907
47018
47021
47103
47136
47174
47984
48008
48189
48842
49021
49227
49405
49578
49881
49976
50076
50192
50283
50599
50648
50708
50771
50873
50886
51154
51283
51630
51857
52062
52070
52332
52368
52584
52617
52818
52856
53024
53483
53976
54004
54117
54187
54318
54517
54630
54652
55114
55124
55384
55429
56143
56155
56710
56961
56997
57185
57349
57359
57581
57586
57826
58113
58315
58585
58719
58915
58959
59785
59844
60181
60237
60352
60510
60667
60798
61109
61128
61759
61894
61899
61928
61944
62284
62540
63198
63810
64103
64107
64134
64139
64167
64302
64338
64496
64679
64684
64830
65094
65555
65818
66418
66436
66530
66889
67654
67726
67887
67980
68186
68196
68301
Number of cuts: 353

CosmicSans
12
30
315
1029
1080
1849
2036
2119
2756
3309
3542
4610
5047
5150
5287
5513
5699
5928
6159
6283
6687
6862
6960
7080
7178
7188
7321
7562
7610
7848
7900
8016
8196
8378
8412
8670
8710
8945
8956
9086
9352
9372
9964
10013
10098
10432
10473
11281
11314
11937
12059
12339
12646
12788
12833
13164
13726
13730
13813
14056
14607
14796
14872
15801
15875
16151
16265
17801
17960
18147
18395
18404
18919
19280
19701
20433
20502
20633
20803
20882
21272
21537
21662
21791
22017
22640
22659
22884
23051
23110
23378
23437
23765
23942
23964
24723
24826
25025
25097
25138
25203
25424
25447
25514
25726
25974
26399
27528
27723
27997
28367
28550
28618
28745
29383
29579
29610
30235
30499
30805
31181
31404
31453
31682
32043
32285
32325
32361
32743
33008
33333
33368
33442
33624
33718
34080
34562
34649
35549
36225
36514
36723
36904
37204
37373
37388
37411
37888
37950
38251
38982
39469
39608
40482
40665
40690
40883
41229
41405
41522
41548
42191
42437
43167
43563
43951
44263
44636
44818
45028
45969
46393
Number of cuts: 172

Dinger
12
30
315
1024
1075
2032
2172
2583
2648
2752
3305
3646
3672
4216
4606
5043
5202
5283
5303
5509
5656
5695
5924
6072
6155
6264
6487
6668
6843
7159
7169
7278
7302
7543
7591
7753
7829
7881
7997
8633
8674
8909
8920
9050
9316
9336
9686
9746
9977
10062
10396
10729
10804
11251
11284
11907
12029
12309
12348
12472
12616
12743
12758
13696
13700
13783
13819
14127
14621
14842
15771
15953
15959
16121
16235
16294
17771
17930
18072
18117
18258
18365
18374
19250
19470
19534
20158
20190
20374
20403
20409
20472
20789
21093
21128
21242
21398
21507
21744
21761
21952
22138
22159
22380
22420
22720
22867
23093
23361
23420
23749
23926
23948
24810
25009
25081
25122
25187
25359
25408
25498
25710
25958
26383
27222
27258
27396
27512
27929
28357
28613
28681
29008
29640
29671
30104
30368
30674
31050
31273
31322
31912
32154
32612
32877
33071
33202
33237
33311
33532
33763
33871
34213
34397
34791
35143
36367
36656
36865
37046
37330
37481
37515
37530
38030
38092
38393
38746
38911
39124
39321
39611
39752
39922
40476
40625
40978
41278
41549
41666
41692
42530
42692
42720
43526
43702
44087
44178
44185
44399
44954
46443
Number of cuts: 192

DocB7
250
317
949
1258
1336
1344
1492
1619
1915
3319
3518
3704
3716
4132
4189
4716
5039
5217
5287
5343
5578
5770
5878
6283
6442
6982
7393
8121
8306
9051
9488
10028
10438
10526
11081
11141
11346
11380
11636
11963
12082
12253
12263
12410
12416
12653
12801
12896
12905
13121
13216
13758
14401
14654
14764
14890
15605
15827
15844
16066
16536
16706
16963
17251
17261
17402
17420
17670
17676
17723
18045
18499
18674
19031
19305
19622
19692
20040
20233
20678
20688
20820
20952
21084
21537
22146
22218
22554
22613
22757
23037
23090
23703
24518
24730
24960
25095
25218
25470
25583
25616
26012
26329
26772
27328
27554
27896
27962
28159
28316
28336
28374
28409
28438
28839
29209
29927
30421
30993
31338
31378
31405
31535
31673
31797
31858
32262
32616
32771
32807
33234
33275
33575
33625
33792
33999
34247
34777
34920
35155
35555
36003
36066
36103
36184
36709
36730
37459
37638
37768
38095
38421
38483
38487
38562
39454
39724
40166
40667
40966
40992
41625
41668
41846
41885
42203
42725
42929
42960
43647
43866
44021
44149
44349
44706
45135
45378
45488
46291
46509
46607
46777
47170
47227
47575
48246
48704
48749
50011
51173
51276
51380
51487
51607
51804
51846
52064
52144
52487
52539
52842
52950
53390
53452
53502
54133
54604
55095
55290
55329
55533
55858
55999
56556
56716
57106
57160
57359
57554
58702
58851
59147
59554
59775
59925
59976
60027
61318
61409
61570
61583
61596
61699
61759
62384
62777
63220
63683
63905
64645
65199
65203
65271
65756
66256
66346
66405
66439
66620
67303
67467
67516
67733
68064
68154
68384
68846
68940
68973
69000
69318
69555
69929
70564
71450
71963
72206
72596
72611
72971
73175
73313
73955
74033
74715
74970
75013
75111
75511
75677
75754
Number of cuts: 281

E3
70
154
176
245
557
773
1139
1262
1804
1838
2089
2425
2440
2512
2629
2750
2765
2980
3023
3249
3383
3460
3571
4063
4315
4459
4580
5043
5554
5648
5676
5745
5950
5957
6020
6116
6145
6157
6303
6434
6663
6731
6813
7570
7585
7711
7780
7877
8085
8320
8407
8505
8653
8818
9075
9723
9911
10002
10310
10548
10619
10811
11008
11135
11456
11808
11871
12129
12285
12412
12420
12444
12477
12590
12974
13268
13293
13340
13397
13502
13587
13782
14179
14431
14489
14518
14703
15134
15259
15349
15403
15447
15758
16192
16320
16377
16436
16756
17281
17312
17410
17431
17452
17832
17892
17941
18030
18035
18074
18150
18191
18623
19367
19423
20164
20270
20273
20451
20508
20700
20814
20934
21347
21641
21734
22021
22320
22448
22509
22595
22839
22876
22966
23414
23646
23903
23950
24103
24130
24269
24645
24729
24843
25161
25273
26357
26377
26444
26617
26621
26639
26684
27043
27250
27697
27877
27974
28357
28511
28883
28962
28965
29028
29144
29235
29309
29455
29557
29582
29588
29738
29846
29915
30227
30366
30401
30662
30896
30908
30935
31298
31317
31459
31703
31993
32090
32487
32620
32700
32717
32949
32971
33136
33463
33727
33799
34159
34164
34744
34974
34996
35004
35433
35439
35447
35451
35551
35623
35658
35666
35734
35912
35939
35974
36349
36406
36626
36931
37142
37153
37511
37739
37900
37942
37993
38003
38071
38141
38170
38384
38547
38603
39150
39210
39216
39252
39294
39355
39415
39442
39659
40008
40039
40189
40203
40223
40392
40429
40543
40657
40662
40851
40968
40973
40984
41217
41272
41330
41371
41529
41968
42228
42238
42372
43000
43373
43491
43630
43709
43730
44011
44281
44293
44322
44655
44803
45089
45344
45395
45477
45603
45714
46335
46423
46560
46579
46843
47080
47239
47264
47285
47516
47934
48001
48063
48216
48267
48295
48337
48392
48714
48719
48746
48927
48948
48958
49394
49502
49508
49817
50151
50429
50776
50952
51086
51090
51145
51201
51341
51559
51639
51741
51800
51972
52180
52468
52528
52712
52751
52871
53103
53286
53524
53529
53852
54091
54310
54375
54550
54675
54979
54982
55051
55265
55275
55640
55654
55692
55741
55791
56297
56842
56874
56934
57225
57683
57863
57942
57983
58467
58558
58656
58760
59056
59062
59145
59202
59268
59312
59466
59574
59685
59742
59987
59991
60224
60386
60837
61055
61154
61291
61403
61476
62183
62210
62277
62693
62762
62951
62954
62978
62997
63036
63234
63453
63516
63774
63822
63961
64134
64141
64216
64444
64633
64752
64777
64874
64990
64994
65073
65103
65144
65282
65323
65507
65517
65738
65742
65750
65756
65981
65996
66393
66620
66653
66693
66836
66977
67198
67337
67416
67426
67454
67513
67516
67974
68043
68101
68271
68435
68444
68558
68619
68760
68879
69274
69468
69629
69781
69853
70336
70438
70493
70927
70935
70969
71370
71538
71841
72200
72239
72320
72378
72480
72705
72811
72937
73024
73087
73389
73399
73591
73738
73744
73759
73801
73805
73969
74101
74537
74752
74900
75031
75408
75429
75765
75881
75913
76227
76343
76348
76357
76505
76555
76657
76663
76980
77114
77131
77554
77654
77872
78247
78518
79130
79321
79409
79460
79781
79996
80346
80482
80560
80713
80795
81124
81338
81608
81674
81758
81907
82053
82093
82235
82289
82296
82455
82649
82868
82942
83116
83317
83356
83434
83470
83523
83580
83858
83942
83991
84218
84320
84413
84706
84767
84806
84873
84901
84953
84976
85013
85016
85239
85777
85825
86256
86271
86467
86547
86742
86940
87056
87270
87287
87357
87373
87432
87590
87665
87707
87821
88017
88294
88317
88374
88565
88581
88675
88703
88743
88746
88828
89013
89103
89243
89274
89339
89371
89513
89621
89680
89821
89834
90058
90061
90076
90123
90179
90334
90475
90555
90637
91121
91225
91310
91373
91462
91870
92029
92199
92412
92549
92668
93738
93822
93827
93926
94113
94148
94178
94374
94414
94461
94530
94553
94568
94648
94774
94840
95178
95235
95370
95394
95695
95743
95756
95780
95851
95895
96442
96507
96538
96559
96817
97226
97302
97310
97331
97408
97790
97807
97860
98253
98266
98418
98521
98741
98879
98921
99011
99276
99349
99393
99481
99902
99974
100396
100448
100658
100750
100840
100895
100951
101271
101365
101592
101656
101733
101940
101944
102106
102313
102340
102430
102519
103203
103245
103380
104070
104660
104866
104900
104925
105011
105083
105099
105319
105873
106547
106755
106865
107031
107232
107368
107514
108253
108309
108398
108557
108727
108928
109066
109147
109201
109233
109332
109359
109586
110096
110138
110210
110306
110569
110580
110640
110690
110753
111174
111302
111423
111440
111479
111824
111847
111922
112122
112141
112173
112420
112572
112583
112689
112692
112907
113069
113811
114055
114293
114361
114392
114478
114698
114747
114809
114939
115073
115271
115475
115558
115983
116018
116106
116152
116159
116211
116222
116397
116603
116754
116886
117164
117204
117326
117345
117504
117704
117940
118184
118262
118274
118340
118398
118540
118568
118645
118823
118863
118991
119110
119197
119363
119925
119968
119981
120112
120149
120239
120631
120738
120869
121424
121503
121597
121662
121678
121735
122009
122015
122564
122680
122972
123007
123351
123383
123455
123472
123946
124003
124263
124405
124425
124760
124820
125134
125312
125436
125441
125808
126126
126305
126310
126469
126635
126839
126857
126930
126975
127283
127287
127679
127721
127957
128163
128299
128570
128595
128815
129046
129167
129177
129342
129414
129861
129893
130087
130877
130935
131570
131601
131614
131652
131676
131743
131910
131997
132508
132795
133116
133229
133335
133744
133883
133931
134396
134628
134735
135014
135131
135518
135748
135782
135791
135835
135979
135999
136025
136369
136527
136635
136671
137004
137239
137262
137334
137360
138165
138444
138576
138609
138642
139116
139166
139260
139290
139340
139775
139988
140121
140482
140541
140710
140862
141088
141165
141240
141249
141315
141339
141454
141490
141969
142063
142088
142291
142432
Number of cuts: 925

Erik
12
30
315
1029
1080
1849
2036
2119
2508
2756
3309
3542
4610
5047
5150
5287
5513
5699
5928
6159
6283
6687
6862
6960
7178
7188
7321
7562
7610
7848
7900
8016
8196
8378
8412
8670
8709
8944
8955
9085
9351
9371
9963
10012
10097
10431
10472
11280
11313
11936
12058
12338
12645
12787
12832
13163
13725
13729
13812
14055
14606
14795
14871
15800
15874
16150
16264
17800
17959
18146
18394
18403
18918
19279
19700
20432
20501
20632
20802
20881
21271
21536
21703
21742
21790
22016
22639
22658
22883
23050
23109
23377
23436
23763
23940
23962
24824
25023
25095
25136
25201
25373
25422
25512
25724
25972
26397
27526
27721
27995
28365
28548
28616
29577
29608
30167
30431
30599
31113
31336
31385
31614
31975
32217
32257
32293
32675
33265
33300
33374
33556
33650
34012
34494
34581
35481
36157
36446
36655
36836
37136
37305
37320
37343
37820
37882
38183
38914
39401
39540
40313
40496
40521
40714
41060
41236
41353
41379
42022
42268
42998
43394
43782
44094
44467
44649
44859
45800
46022
46225
Number of cuts: 170

Espica
12
30
315
1029
1080
1849
2036
2119
2508
2756
3309
3542
4610
5047
5150
5287
5513
5699
5928
6159
6283
6687
6862
6960
7080
7178
7188
7321
7562
7610
7848
7900
8016
8196
8378
8412
8670
8710
8945
8956
9086
9352
9372
9964
10013
10098
10432
10473
11281
11314
11937
12339
12646
12788
12833
13164
13726
13730
13813
14056
14607
14796
14872
15801
15875
16151
16265
17801
17960
18147
18395
18404
18919
19280
19701
20433
20502
20633
20803
20882
21272
21537
21704
21743
21791
22017
22640
22659
22884
23051
23110
23378
23437
23765
23942
23964
24827
25026
25098
25139
25204
25376
25425
25515
25727
25975
26400
27529
27724
27998
28368
28551
28619
29609
30168
30432
30600
31114
31337
31386
31615
31976
32218
32258
32294
32676
33266
33301
33375
33557
33651
34013
34504
35491
36167
36456
36665
36846
37146
37315
37330
37353
37830
37892
38193
38711
39114
39547
39762
40423
40824
41075
41170
41346
41463
41489
42132
42378
43108
43504
43892
44204
44577
44759
44969
45910
46132
46333
Number of cuts: 168

Finch
82
362
915
1050
1233
1307
1479
1503
1671
1857
1881
1953
2049
2613
2676
2855
2863
2874
2878
3020
3100
3134
3137
3215
3323
3844
3869
3997
4446
4527
4871
4988
5175
5664
6152
6260
6594
6606
6641
6704
6734
7214
7736
7898
8103
8417
8723
8748
9052
9139
9211
9622
9702
10156
10689
10869
11012
11304
11466
11583
12151
12385
12418
12558
12712
12764
13469
13509
13553
13613
13637
13714
13846
14117
14516
14915
14993
15089
15185
15189
15408
15416
15431
15615
15706
15771
15777
16220
16527
16590
16660
16749
16873
17101
17163
18105
18598
18610
18849
19990
20200
20705
20847
20888
21141
21441
22271
22310
22324
22354
22427
22656
23638
23919
24052
25319
25350
25371
25841
26356
26466
26617
26711
26959
27044
27767
27979
28422
28438
28692
28899
29006
29203
30678
30895
30988
31260
31265
31430
31595
31785
32060
32080
32097
32534
32540
32552
32800
32977
33034
33090
33117
33316
33572
33699
33810
33851
34275
34688
34799
34808
35501
35812
36030
36309
36448
36468
36543
36823
36847
36911
37295
37550
37605
38091
38429
38667
39192
39333
39603
39644
39786
39818
40078
40514
40565
41062
41084
41192
41476
41569
41596
41656
41668
41837
41905
41998
42016
42028
42173
42489
42510
42537
42646
42703
43534
43691
44028
44055
44135
44153
44298
44318
44884
45026
45421
45520
45862
46444
46705
46779
46855
47161
47697
47789
48429
48433
48670
48960
49124
49150
49577
49664
49695
50061
50335
50418
50467
50572
50906
51129
51237
51246
51414
51683
51768
51987
52194
52403
52506
52584
52856
53196
53268
53492
53516
53660
53750
54002
54042
54122
54296
54931
55095
55291
55622
55700
55712
55839
55961
56088
56115
56177
56196
56595
56742
57186
57254
57938
58082
58320
58461
58571
58574
58873
58905
58917
59215
60036
60162
60400
60460
60490
61008
61190
61537
62008
62033
62100
62298
62569
62578
62599
62890
63006
63124
63304
63386
63427
63433
63524
63650
63973
63993
64031
64574
64633
64642
64691
64852
64959
65002
65546
65572
65676
65775
66004
66373
66400
66436
66640
66685
66775
67036
67273
67336
67370
67633
67740
67756
68366
68516
68829
68902
69119
69789
70210
70252
70749
70796
71106
71177
71495
72022
72050
72327
72509
73308
73433
73583
74016
74065
74138
74151
74226
74331
74388
74475
74835
75422
75458
75827
75925
76045
76669
76877
77073
77167
77236
77250
77903
77944
77986
78342
78856
79447
79523
79627
79852
80206
80859
81343
81579
81906
81926
81939
82085
82143
82230
82329
82363
82380
82426
82529
82798
83141
83388
83450
83486
83685
83919
84152
84174
84224
84344
84403
84552
85503
85519
85726
85924
86040
86167
86277
86292
86349
86849
86861
86959
87093
87291
87610
87788
88817
89131
89307
89427
89732
89900
90060
90358
90543
90868
91194
91505
91509
91632
91923
91927
92216
92517
92714
92841
93300
93402
93652
93811
93834
93900
94012
94335
94385
94430
94864
94909
95098
95739
95761
96073
96334
96627
96734
97382
97426
97624
98085
98418
98547
98856
99007
99024
99045
99702
100204
100211
100316
100352
100476
100723
100727
100823
100859
101026
101084
101476
102003
102319
102510
102518
102761
103324
103572
103587
103746
103925
104030
104518
104535
104661
104665
104711
104748
104828
104912
104994
105002
105020
105065
105198
105278
105403
105480
105499
105701
105725
105954
105975
106239
107016
107044
107091
107368
107517
108603
108609
108636
109627
110015
110327
110417
110518
110550
110692
110700
110762
110820
111019
111109
111450
111806
111866
112253
112304
112599
112703
112827
112918
113021
113089
113253
113440
113542
113845
113887
114257
114382
114420
114605
114887
114892
115327
115332
115353
115365
115608
115626
115632
115894
116310
116351
116481
116508
116570
116607
116913
117179
117359
117692
117792
118030
118063
118072
118113
118533
118543
118594
118717
118840
118939
119106
119352
120048
120154
120229
120234
120264
120476
120528
120595
120743
120798
120813
121021
121179
121668
121674
121940
122111
122338
122477
122504
122789
123098
123283
123391
124079
124523
124631
124683
124771
124936
124952
125844
126023
126114
126917
127389
127449
127742
127763
127801
128075
128096
128520
129010
129546
129925
130033
130306
130339
131082
131302
131692
131926
131997
132172
132226
132349
132511
132655
132689
132880
132894
133156
133182
133437
133554
133614
133869
134257
134304
134477
134640
134669
135066
135909
136165
136467
136800
136834
136862
136941
137170
137228
137355
137516
137583
137619
138035
Number of cuts: 689

Gollum
12
30
315
1029
1080
1849
2036
2119
2508
2756
3309
3542
4610
5047
5150
5287
5513
5699
5928
6159
6283
6687
6862
6960
7080
7178
7188
7321
7562
7610
7848
7900
8016
8196
8378
8412
8670
8710
8945
8956
9086
9352
9372
9964
10013
10098
10432
10473
11281
11314
12339
12646
12788
12833
13164
13726
13730
13813
14056
14607
14796
14872
15801
15875
15983
15989
16151
16265
17801
17960
18147
18395
18404
18919
19280
19500
19701
20433
20502
20633
20803
20882
21272
21537
21704
21743
21791
22017
22640
22659
22884
23051
23110
23378
23437
23765
23942
23964
24826
25025
25097
25203
25424
25514
25726
25974
26399
27528
27723
27997
28367
28550
28618
29577
29608
30233
30497
30803
31179
31402
31451
31680
32041
32283
32323
32359
32741
33331
33366
33440
33622
33716
34078
34560
34647
35547
36223
36512
36721
36902
37202
37371
37386
37409
37886
37948
38249
38767
39170
39603
40424
40607
40632
40825
41171
41347
41464
41490
42133
42379
43109
43505
43893
44205
44578
44760
44970
46133
46332
Number of cuts: 169

Grayson
1361
1520
1739
1830
1997
2532
2729
4331
4474
4514
4776
6238
10132
11072
11175
11619
11736
13144
14219
14382
15122
17028
17548
18418
18463
18547
18745
19108
19737
20336
21107
23047
23562
23826
23883
25421
26983
27099
27421
27612
28734
31049
31115
31273
31327
31502
31517
31640
34577
35453
36590
36755
38618
41762
43063
43405
43923
44251
46370
46799
50756
51152
51650
52645
54321
59217
59466
59862
59891
60164
62507
64509
64539
66120
66483
66553
67350
67781
69201
71266
72455
73062
73225
73339
73426
73597
75033
78597
80033
83495
84842
84995
86523
87269
87372
87785
88903
90704
91121
93907
95472
96321
97469
99465
99701
100572
100891
104208
104351
105475
105719
105734
107431
108011
108209
108255
108689
109519
110952
112828
115701
115896
117579
118122
119813
120976
123887
125208
125726
126979
130262
130421
130640
130731
130898
131433
131630
Number of cuts: 137

Harlequin
12
30
315
1029
1080
1849
2036
2119
2508
2756
3309
3650
4220
4610
5047
5206
5287
5307
5513
5660
5699
5928
6076
6268
6491
6672
6847
7163
7173
7282
7306
7547
7595
7757
7833
7885
8001
8637
8678
8760
8889
8900
9296
9316
9726
9957
10042
10376
10666
10709
10784
11231
11264
11887
12009
12289
12328
12342
12452
12513
12596
12738
13114
13676
13680
13763
13799
14557
14746
14822
15322
15751
15939
16101
16215
16274
18097
18345
18354
18869
18943
19450
20383
20452
20583
20726
20804
21073
21222
21541
21708
21778
21795
22021
22645
22664
22889
23056
23115
23174
23207
23383
23442
23770
23947
23969
24831
25030
25102
25143
25208
25429
25452
25519
25731
25979
26404
27272
27279
27353
27417
27533
27728
28002
28555
28623
29388
29584
29615
30283
30451
30589
30965
31188
31827
32069
32145
32527
32792
33152
33226
33408
33502
33864
34346
34433
35333
36009
36298
36507
36688
36988
37157
37172
37195
37672
37734
38035
38766
38800
38963
39394
39564
40270
40672
41194
41338
41981
42227
42957
43353
43741
44053
44426
44608
45759
46180
Number of cuts: 177

Hiro
12
30
315
1029
1080
1849
2036
2119
2508
2756
3309
3650
4078
4100
5047
5150
5287
5307
5513
5928
6076
6268
6672
6847
7163
7173
7282
7306
7547
7595
7757
7833
7885
8001
8637
8678
8889
8900
9030
9296
9316
9957
9971
10042
10376
10423
11225
11258
11881
12003
12158
12437
12486
12625
12679
13157
13982
13986
14069
14105
14225
14895
15128
16057
16131
16245
16407
16580
18057
18216
18403
18651
18660
19107
19249
19756
19957
20444
20689
20695
20758
20889
21379
21528
21793
22030
22047
22238
22273
22709
22979
23005
23082
23092
23144
23153
23417
23635
23697
24025
24202
24224
24434
25086
25285
25357
25398
25463
25684
25707
25774
25986
26234
26659
27788
27983
28257
28627
28810
28878
29643
29839
29870
30495
30759
30927
31441
31664
31942
32303
32545
32585
32621
33268
33628
33702
33884
33978
34340
34822
34909
35809
36485
36774
36983
37164
37464
37633
37648
37671
38148
38210
38511
39029
39242
39439
39868
40038
40742
40925
40950
41143
41489
41665
41809
42452
42698
43428
43824
44212
44524
44897
45079
45289
46230
46652
Number of cuts: 176

Jace
1808
2990
4209
4490
4558
5063
5205
5531
6155
6428
6492
6651
7131
7487
7523
7623
8081
8138
8568
8667
9105
9463
9740
9749
9790
11383
12052
12385
13066
13341
13545
13716
14289
14683
14804
15581
15938
16175
16196
16788
17329
18233
18617
18707
18802
18887
18991
19037
19663
20603
21214
21349
21481
22375
22942
23037
23421
24210
24961
25134
25160
25780
26684
27110
27550
27621
28514
28850
28955
29068
30404
31031
32251
32900
33401
34244
34731
34785
34855
34895
34989
35434
36059
36745
36807
37341
37942
38396
39717
39816
39846
40221
40952
41274
41785
42031
42353
42452
44162
44394
44916
45154
45920
45990
46107
46430
46868
47427
47803
48037
48989
49634
49837
50758
52339
52561
52618
53088
53424
53783
Number of cuts: 120

Jester
12
30
315
1029
1080
1849
2036
2119
2508
2756
3309
3650
4220
4610
5047
5206
5287
5307
5513
5660
5699
5928
6076
6268
6491
6672
6847
7163
7173
7282
7306
7547
7595
7757
7833
7885
8001
8637
8678
8760
8889
8900
9296
9316
9957
10042
10376
10423
11225
11258
11454
11881
12003
12283
12446
12590
12732
13670
13674
13757
13793
14000
14583
14816
15745
15819
15933
16095
16268
17745
17904
18091
18339
18348
18863
18937
19444
20377
20446
20577
20720
20798
21067
21216
21481
21648
21718
21735
21961
22576
22595
22820
22987
23046
23105
23138
23314
23373
23701
23878
23900
24762
24961
25033
25074
25139
25360
25383
25450
25662
25910
26335
27203
27210
27284
27348
27464
27659
27933
28486
28554
29319
29515
29546
30214
30382
30520
30896
31119
31758
32000
32076
32458
32723
33083
33157
33339
33433
33795
34277
34364
35264
35940
36229
36438
36619
36919
37088
37103
37126
37603
37665
37966
38697
38731
38894
39325
39495
40201
40603
41125
41269
41912
42158
42888
43284
43672
43984
44357
44539
45690
46111
Number of cuts: 172

Krishelle
12
30
315
1029
1080
1849
2036
2119
2508
2756
3309
3542
4610
5047
5150
5287
5513
5699
5928
6159
6283
6687
6862
6960
7080
7178
7188
7321
7562
7610
7772
7848
7900
8016
8652
8693
8904
8915
9045
9311
9331
9972
9986
10057
10391
10438
11240
11273
11896
12018
12452
12501
12640
12694
13172
13997
14001
14084
14120
14240
14910
15143
16072
16146
16260
16422
16595
18072
18231
18373
18418
18666
18675
19190
19264
19771
19972
20459
20704
20710
20773
20904
21047
21394
21543
21844
22081
22098
22289
22324
22760
23030
23056
23133
23143
23195
23468
23686
23748
24077
25110
25309
25381
25422
25487
25574
25659
25708
25798
26010
26258
26683
27558
27696
27812
28229
28657
28913
28981
29308
29939
29970
30595
30859
31165
31541
31764
31813
32042
32403
32645
32685
32721
33103
33368
33693
33728
33802
33984
34078
34440
34922
35009
35909
36883
37092
37273
37573
37742
37757
37780
38257
38319
38620
39351
39838
39977
40851
41034
41059
41252
41503
41774
41891
41917
42560
42806
43536
43932
44320
44632
45005
45187
45397
46044
46328
Number of cuts: 176

Lillie
12
30
315
1029
1080
1849
2036
2119
2756
3309
3542
4610
5047
5150
5287
5513
5699
5928
6159
6283
6687
6862
6960
7080
7178
7188
7321
7562
7610
7848
7900
8016
8196
8378
8412
8670
8710
8945
8956
9086
9352
9372
9964
10013
10098
10432
10473
11281
11314
11937
12059
12339
12646
12788
12833
13164
13726
13730
13813
14056
14607
14796
14872
15801
15875
16151
16265
17801
17960
18147
18395
18404
18919
19280
19701
20433
20502
20633
20803
20882
21272
21537
21662
21791
22017
22640
22659
22884
23051
23110
23378
23437
23765
23942
23964
24723
24826
25025
25097
25138
25203
25424
25447
25514
25726
25974
26399
27528
27723
27997
28367
28550
28618
28745
29383
29579
29610
30235
30499
30805
31181
31404
31453
31682
32043
32285
32325
32361
32743
33008
33333
33368
33442
33624
33718
34080
34562
34649
35549
36225
36514
36723
36904
37204
37373
37388
37411
37888
37950
38251
38982
39469
39608
40482
40665
40690
40883
41229
41405
41522
41548
42191
42437
43167
43563
43951
44263
44636
44818
45028
45969
46393
Number of cuts: 172

Mahdia
37
65
166
290
322
430
435
522
570
575
621
908
968
998
1140
1280
1349
1379
1482
1511
1542
1580
1665
1702
1854
1890
1894
1989
2064
2068
2081
2279
2351
2409
2511
2544
2566
2780
3228
3384
3570
3589
3713
3812
3929
4022
4087
4120
4166
4178
4182
4259
4283
4326
4339
4482
4632
4637
4659
4728
4798
4961
5013
5025
5193
5197
5315
5328
5538
5808
5954
6098
6336
6369
6419
6439
6500
6512
6531
6606
6708
6726
6864
7000
7092
7098
7111
7218
7254
7289
7400
7419
7725
8306
8366
8385
8390
8427
8585
8591
8710
8868
8908
8968
8991
9000
9115
9210
9288
9380
9425
9542
9605
9637
9879
9938
9969
10025
10064
10192
10201
10218
10557
10672
10711
10962
11028
11159
11490
11586
12185
12480
12723
12758
12807
12927
12930
12965
13083
13284
13344
13437
13529
13548
13593
13614
13774
13812
13844
14060
14112
14121
14261
14279
14390
14456
14565
14727
15054
15060
15168
15278
15369
15410
15591
15600
15650
15776
16057
16072
16083
16090
16456
16555
16577
16733
16769
16806
16833
16898
16910
16973
17154
17165
17211
17229
17235
17264
17268
17393
17411
17566
17746
17801
17817
17956
18031
18053
18423
18659
18814
18898
18942
18964
19109
19230
19244
19248
19615
19775
19838
19871
19884
19910
20042
20110
20131
20145
20332
20342
20402
20605
20650
20696
20755
20771
21028
21096
21247
21268
21306
21328
21475
21588
21661
21667
21699
21706
21741
21755
22094
22110
22128
22227
22320
22323
22341
22625
22675
22692
22720
22733
22755
22792
22814
23449
23536
23572
23634
23717
23730
23751
23755
23776
23818
23856
23985
23994
24054
24118
24121
24183
24258
24342
24438
24549
24554
24741
24936
24959
25126
25166
25186
25337
25404
25532
25671
25691
25705
25770
25847
25907
26000
26012
26126
26150
26220
26282
26426
26459
26603
26676
26679
26702
26765
26813
26906
26942
26972
27023
27066
27111
27290
27308
27486
27592
27635
27651
27677
27750
27778
27805
27947
28007
28073
28108
28189
28397
28449
28496
28511
28531
28559
28568
28697
28734
28760
28825
28860
28911
28949
29096
29136
29171
29265
29327
29356
29610
29615
29630
29721
29774
29958
30045
30125
30183
30201
30324
30362
30378
30383
30513
30560
30687
30704
30719
30991
31130
31189
31239
31277
31283
31312
31376
31526
31551
31578
31917
31931
31983
31999
32074
32304
32351
32515
32684
32777
32790
32817
32939
33020
33053
33153
33263
33339
33411
33491
33503
33551
33572
33621
33681
33696
33701
33707
33746
33978
34172
34247
34254
34313
34322
34436
34562
34585
34640
34698
34725
34768
34829
34988
35377
35520
35566
35598
35655
35732
35881
36166
36240
36343
36347
36403
36417
36469
36495
36526
36599
36607
36699
36759
36945
37014
37089
37232
37327
37366
37386
37625
37795
37993
38137
38225
38242
38250
38406
38475
38481
38501
38505
38616
38619
38660
38714
38719
38729
38836
38864
38969
39021
39125
39261
39265
39329
39432
39474
39493
39543
39576
39590
39601
39627
39858
40345
40434
40447
40488
40610
40648
40652
40698
40704
40813
40849
40890
40974
40998
41012
41070
41180
41230
41335
41358
41362
41457
41492
41520
41951
41972
42014
42159
42193
42228
42303
42360
Number of cuts: 515

Naiad
12
30
315
1029
1080
1849
2036
2119
2508
2756
3309
3542
4610
5047
5150
5287
5513
5699
5928
6159
6283
6687
6862
6960
7080
7178
7188
7321
7562
7610
7848
7900
8016
8196
8378
8412
8670
8710
8945
8956
9086
9352
9372
9964
10013
10098
10432
10473
11281
11314
12339
12646
12788
12833
13164
13726
13730
13813
14056
14607
14796
14872
15801
15875
16151
16265
17801
17960
18147
18395
18404
18919
19280
19701
20433
20502
20633
20803
20882
21272
21537
21662
21791
22017
22168
22189
22672
22681
22750
22897
23123
23391
23450
23778
23955
23977
24839
25038
25110
25151
25216
25388
25437
25527
25643
25739
25987
26620
27541
27736
28010
28380
28563
28631
28758
29396
29592
29623
30248
30512
30818
31194
31417
31466
31695
32056
32298
32338
32374
32756
33021
33346
33381
33455
33637
33731
34093
34575
34662
35562
36536
36745
36926
37226
37395
37410
37433
37910
37972
38273
39004
39491
39630
40504
40687
40712
40905
41156
41427
41544
41570
42213
42459
43189
43585
43973
44285
44658
44840
45050
45991
46213
46415
Number of cuts: 173

Nancinator
12
30
315
1029
1080
1849
2036
2119
2508
2756
3309
3542
4610
5047
5150
5287
5513
5699
5928
6159
6283
6687
6862
6960
7080
7178
7188
7321
7562
7610
7848
7900
8016
8196
8378
8412
8670
8710
8945
8956
9086
9352
9372
9964
10013
10098
10432
10473
11281
11314
11937
12339
12646
12788
12833
13164
13726
13730
13813
14056
14607
14796
14872
15801
15875
16151
16265
17801
17960
18147
18395
18404
18919
19280
19701
20433
20502
20633
20803
20882
21272
21537
21704
21743
21791
22017
22640
22659
22884
23051
23110
23378
23437
23765
23942
23964
24827
25026
25098
25139
25204
25376
25425
25515
25727
25975
26400
27529
27724
27998
28368
28551
28619
29609
30168
30432
30600
31114
31337
31386
31615
31976
32218
32258
32294
32676
33266
33301
33375
33557
33651
34013
34504
35491
36167
36456
36665
36846
37146
37315
37330
37353
37830
37892
38193
38711
39114
39821
40004
40029
40222
40568
40744
40861
40887
41530
41776
42506
42902
43290
43602
43975
44157
44367
45308
45530
45732
Number of cuts: 167

Natosaleda
12
30
315
1029
1080
1849
2036
2119
2756
3309
3542
4610
5047
5150
5287
5513
5699
5928
6159
6283
6687
6862
6960
7080
7178
7188
7321
7562
7610
7848
7900
8016
8196
8378
8412
8670
8710
8945
8956
9086
9352
9372
9964
10013
10098
10432
10473
11281
11314
11937
12339
12646
12788
12833
13164
13726
13730
13813
14056
14607
14796
14872
15801
15875
16151
16265
17801
17960
18147
18395
18404
18919
19280
19701
20433
20502
20633
20803
20882
21272
21537
21704
21743
21791
22017
22640
22659
22884
23051
23110
23378
23437
23765
23942
23964
24826
25025
25097
25138
25203
25375
25424
25514
25726
25974
26399
27528
27723
27997
28367
28550
28618
29608
30167
30431
30599
31113
31336
31385
31614
31975
32217
32257
32293
32675
33265
33300
33374
33556
33650
34012
34503
35490
36166
36455
36664
36845
37145
37314
37329
37352
37829
37891
38192
38710
39113
39546
39761
40422
40823
41074
41169
41345
41462
41488
42131
42377
43107
43503
43891
44203
44576
44758
44968
45615
45901
46093
46123
46324
46352
Number of cuts: 170

Partridge
12
30
315
1022
1073
2095
2178
2235
2646
2711
2815
3368
3709
3735
4279
4669
5106
5209
5265
5346
5366
5572
5719
5758
5987
6135
6218
6327
6550
6731
6906
7222
7232
7341
7365
7606
7654
7816
7892
7944
8060
8696
8737
8972
8983
9113
9379
9399
9749
9809
10040
10125
10459
10792
10867
11314
11347
11970
12092
12372
12411
12535
12679
12806
12821
13759
13763
13846
13882
14190
14684
14905
15834
16016
16022
16184
16298
16357
16826
17834
17993
18135
18180
18428
18437
19313
19533
19597
19734
20221
20253
20437
20466
20472
20535
20852
21156
21191
21305
21461
21570
21807
21824
22015
22201
22222
22443
22783
22930
23156
23220
23424
23483
23812
23989
24011
24873
25072
25144
25250
25408
25422
25471
25494
25597
25809
26057
26482
27357
27495
27611
28028
28456
28712
28780
29107
29739
29770
30395
30659
30965
31341
31564
31613
32203
32445
32833
32841
32903
33165
33359
33490
33525
33599
33820
34369
34553
34947
35299
36396
36508
36523
36812
37021
37202
37487
37638
37672
37687
38187
38249
38550
38903
39281
39478
39768
39909
40079
40633
40782
41135
41409
41435
41706
41823
41849
43038
43872
44048
44433
44524
44531
44745
45300
Number of cuts: 194

Pepy6
42
45
450
821
858
1287
2112
2237
2468
3523
3595
3795
3845
4273
4489
4945
5736
6057
6612
6616
7251
7271
7803
7819
8379
8674
8713
10466
10994
11272
11548
12176
12669
12824
13775
14123
14494
14506
14708
16074
16171
16515
17188
17661
18114
18558
19171
19526
19605
21422
22633
24035
24056
25066
25114
25166
25257
25370
25702
26602
26891
27376
27601
27688
28382
28435
28983
28996
29250
29469
30031
31700
32483
33091
33724
33856
33870
34163
34786
34964
35224
35339
35587
35971
36362
37050
37164
38070
38665
39063
39360
39859
39905
41420
41942
42102
42781
42943
43107
43136
43434
43667
43990
44228
44585
44712
45117
45148
45326
45620
45629
45824
46718
46866
47367
47409
47925
48325
48611
48637
49202
49416
49470
49519
49599
50188
51099
51103
51873
52420
52481
53787
53808
54519
54930
54980
55079
55187
55205
55710
55945
56229
57194
57459
57672
57755
58023
58306
58364
58624
58836
59129
59365
60502
61674
62884
63822
64092
64340
64589
64726
64781
64930
65076
65199
65843
66232
66445
66897
67121
67157
67380
69007
69195
70040
70250
70825
72933
73784
74215
75160
Number of cuts: 181

Peregrin
1384
1543
1759
1862
2012
2749
4326
4332
4779
5457
6076
9446
10489
10933
11050
12458
12863
14480
15603
17147
17970
18015
18099
18297
18660
22213
22728
22992
23049
23814
23829
26935
27126
28248
28647
30101
30854
31103
33359
34235
35516
39884
40542
41843
42185
45150
49539
49935
50433
51428
52424
57833
58229
58258
58531
60026
60874
62927
62957
64139
64593
64978
65775
66206
67626
69676
70865
71635
71749
71836
72007
72894
73738
75010
75251
75421
76364
77514
78805
80564
80662
80728
80839
82595
82888
83388
84464
84729
84882
87188
87291
87679
90135
90552
93339
94242
95319
95354
95878
96499
98291
99435
100152
100952
101284
104595
104613
104755
105563
105896
106140
106155
107704
108446
109444
110613
112673
112740
114152
115128
116368
118306
118387
121249
125727
127218
127675
131453
131612
131828
131931
132081
132818
Number of cuts: 133

Phrankenstein
12
30
315
1029
1080
1849
2036
2119
2508
2756
3309
3542
4610
5047
5150
5287
5513
5699
5928
6159
6283
6687
6862
6960
7080
7178
7188
7321
7562
7610
7848
7900
8016
8196
8378
8412
8670
8710
8945
8956
9086
9352
9372
9782
9964
10013
10098
10432
10473
11281
11314
12339
12646
12788
12833
13164
13726
13730
13813
14056
14607
14796
14872
15801
15875
16151
16265
17801
17960
18147
18395
18404
18919
19280
19701
20433
20502
20633
20803
20882
21272
21483
21650
21689
21737
21963
22586
22605
22830
22997
23056
23324
23383
23711
23888
23910
24669
24772
24971
25043
25084
25149
25370
25393
25460
25672
25920
26345
27474
27669
27943
28313
28496
28564
29525
29556
30181
30445
30613
31127
31350
31399
31628
31989
32231
32271
32307
32689
32954
33279
33314
33388
33570
33664
34026
34508
34595
35495
36171
36460
36669
36850
37150
37319
37334
37357
37834
37896
38197
38928
39415
39554
40428
40611
40636
40829
41175
41351
41468
41494
42137
42383
43113
43509
43897
44209
44582
44764
44974
45915
46137
46338
Number of cuts: 172

Pine5
127
155
176
454
497
506
524
713
1003
1092
1136
1214
1396
1417
1479
1529
1746
2044
2246
2274
2424
2738
2773
2818
2942
2991
3082
3145
3150
3238
3258
3265
3351
3485
3632
3693
3782
3879
4006
4060
4141
4177
4201
4287
4359
4459
4485
4615
4652
4662
4904
5029
5206
5282
5338
5464
5497
5565
6524
6643
6924
7216
7455
7504
7573
7609
7627
7765
7774
7808
8044
8075
8184
8347
8352
8698
8717
8938
8943
9093
9166
9207
9270
9305
9346
9625
9769
9778
9856
10009
10142
10154
10162
10684
10690
10693
10970
11171
11185
11191
11206
11315
11391
11787
12040
12114
12297
12310
13138
13213
13238
13369
13465
13506
13550
13590
13943
14080
14324
14459
14489
14665
14923
15529
15669
15878
15961
16028
16072
16158
16241
16249
16651
16687
16737
16902
17194
17216
17406
17422
17442
17518
17785
17935
17947
18115
18135
18194
18232
18265
18736
18821
18836
18881
18948
18985
19141
19212
19369
19415
19551
19639
19663
19686
19774
19793
19846
20294
20528
20604
21114
21305
21457
21489
21752
21843
21905
21957
22104
22158
22304
22571
23349
23359
23463
23550
23686
23899
23908
24158
24450
24502
24510
24594
24684
24730
24735
24858
24912
24920
24970
25180
25272
25350
25355
25581
25591
25680
25746
25784
25809
26011
26040
26109
26274
26439
26528
26591
26827
26867
26877
26928
26951
26969
26992
27222
27378
27400
27538
27546
27553
27565
27586
27675
27690
27730
27805
28040
28048
28264
28365
28552
28654
28840
28871
28875
29128
29265
29270
29512
29604
29638
29646
29662
29686
29835
30558
30796
30882
30887
30928
31023
31028
31214
31505
31580
31702
31715
31792
31879
31938
31956
31969
32187
32201
32258
32316
32333
32402
32489
32566
32592
32627
32653
32676
32703
32777
32784
32817
32884
33002
33015
33133
33138
33195
33231
33288
33476
33517
33525
33559
33576
33597
33609
33796
34840
34907
35086
35092
35174
35221
35243
35299
35306
35407
35528
35561
35566
35572
35990
36120
36769
36963
37060
37293
37326
37414
37476
37545
37695
37791
38099
38173
38554
38898
38990
38996
39241
39264
39276
39404
39473
39624
39752
39853
39979
40070
40081
40129
40314
40344
40378
40414
40452
40491
40914
41037
41084
41149
41340
41347
41362
41389
41431
41508
41530
41565
41697
41703
41722
41909
42020
42065
42087
42129
42134
42140
42233
42241
42251
42782
42823
43085
43225
43247
43375
43567
43735
43739
43775
43877
43981
44232
44251
44578
44594
44626
44996
45645
45671
45843
45887
45944
45978
46020
46058
46122
46170
46176
46188
46223
46304
46334
46361
46550
46824
46945
47080
47198
47228
47359
47371
47381
47399
47470
47527
47708
47771
47821
47906
48013
48023
48083
48374
48475
48493
48695
48721
48995
49050
49090
49104
49280
49316
49443
49736
49793
50271
50397
50491
50505
50645
50651
50657
51042
51105
51110
51191
51505
51984
52037
52164
52222
52351
52586
52627
52755
52763
52999
53158
53176
53203
53239
53322
53419
53611
53946
53964
53985
54107
54266
54273
54356
54561
54571
54674
54710
54835
54899
54968
54974
55017
55156
55172
55481
55622
56077
56110
56401
56471
56624
56636
56849
56905
56910
56947
57008
57245
57289
57424
57428
57458
57502
57635
57762
57783
57802
57949
58008
58084
58184
58293
58299
58752
58807
58997
Number of cuts: 526

Poco6
803
821
2463
4173
4647
5020
5610
5686
5842
6025
6092
6336
6359
6736
7306
8211
8833
9129
9288
9884
10089
10431
10451
11004
11019
11133
11157
11581
11810
12043
12105
12124
12144
12625
12840
14576
14668
15436
15458
15645
16120
16275
16577
17226
17903
17938
18834
19631
22303
22714
23444
24210
24602
26048
26583
27079
27127
27179
27270
27383
27527
27715
28396
28615
29475
29563
29672
30405
30964
31149
31269
31467
31488
32050
32810
33000
33164
33725
33922
34508
35116
35443
35895
36188
36314
36569
36808
36986
37361
37993
39729
40687
41008
41382
41989
42060
43222
43299
44105
44295
44674
45493
45814
46064
46309
46421
46444
46627
46817
47087
47724
48031
48214
48654
49401
49404
49600
49649
49999
50156
50311
50631
50925
51025
51108
51811
52264
53382
53606
53989
54923
55225
55295
55316
55423
56024
56695
56896
57218
57453
57466
57737
57748
59951
60012
60305
60691
60849
60963
60995
61703
61735
63513
63551
64394
64694
65438
65641
65674
66342
66386
66488
67016
67397
67478
67837
68022
68242
68268
68317
68898
69771
70300
70338
71038
71516
72223
73491
73758
74002
74244
74459
74720
74986
75753
75977
76300
76428
77128
Number of cuts: 189

Rasputin
12
30
315
1029
1080
1849
2036
2119
2508
2756
3309
3542
5047
5150
5287
5307
5513
5928
6076
6268
6672
6847
7163
7173
7306
7547
7595
7757
7833
7885
8001
8638
8679
8914
8925
9055
9321
9341
9751
9982
10067
10448
10803
11250
11283
11479
11906
12028
12308
12347
12471
12532
12615
12757
13133
13695
13699
13782
13818
14025
14055
14126
14765
14841
15341
15770
15958
16120
16234
16293
18116
18364
18373
18888
18962
19249
19469
20402
20471
20602
20745
20823
20949
21241
21506
21673
21743
21760
21986
22610
22629
22854
23080
23348
23407
23736
23913
23935
24797
24996
25068
25109
25174
25418
25697
25819
25945
26370
27499
27694
27968
28338
28521
28589
29354
29550
29581
30206
30470
30638
31152
31375
31424
31653
32014
32256
32296
32332
32714
32979
33304
33339
33413
33595
33689
34051
34533
34620
35520
36196
36485
36694
36875
37175
37344
37359
37382
37859
37921
38222
38953
39440
39579
40453
40636
40661
40854
41200
41376
41493
41519
42162
42408
43138
43534
43922
44234
44607
44789
44999
45940
46162
46365
Number of cuts: 173

RER2
12
30
315
1029
1080
1849
2036
2119
2756
3309
3542
4610
5047
5150
5287
5513
5699
5928
6159
6283
6687
6862
6960
7080
7178
7188
7321
7562
7610
7848
7900
8016
8196
8378
8412
8670
8710
8945
8956
9086
9352
9372
9964
10013
10098
10432
10473
11281
11314
11937
12059
12339
12646
12788
12833
13164
13726
13730
13813
14056
14607
14796
14872
15801
15875
16151
16265
17801
17960
18147
18395
18404
18919
19280
19701
20433
20502
20633
20776
20854
21272
21537
21704
21743
21791
22017
22640
22659
22884
23051
23110
23378
23437
23765
23942
23964
24826
25025
25097
25138
25203
25375
25424
25447
25514
25726
25974
26399
27528
27723
27997
28367
28550
28618
29383
29579
29610
30499
30805
31181
31404
31453
31682
32043
32285
32325
32361
32743
33008
33333
33368
33442
33624
33718
34080
34562
34649
35549
36225
36514
36723
36904
37204
37373
37388
37411
37888
37950
38251
38982
39469
39608
40482
40665
40690
40883
41229
41405
41522
41548
42191
42437
43167
43563
43951
44263
44636
44818
45028
45969
46191
46392
Number of cuts: 172

RexFury
12
30
315
1060
1111
1880
2067
2150
2539
2787
3340
3573
4641
5078
5181
5318
5544
5730
5959
6190
6314
6718
6893
6991
7111
7209
7219
7352
7593
7641
7879
7931
8047
8227
8409
8443
8701
8741
8976
8987
9117
9383
9403
9813
9995
10044
10129
10463
11312
11345
11968
12370
12533
12677
12819
12864
13757
13761
13844
14087
14638
14827
14903
15832
15906
16182
16296
17832
17991
18178
18426
18435
18950
19311
19531
19732
20464
20533
20664
20834
20913
21303
21568
21735
21774
21822
22048
22671
22690
22915
23082
23141
23409
23468
23796
23973
23995
24857
25056
25128
25169
25234
25478
25757
25879
26005
26430
27559
27754
28028
28581
28649
29414
29610
29641
30266
30530
30698
31212
31435
31484
31713
32074
32316
32356
32392
32774
33039
33364
33399
33473
33655
33749
34111
34593
34680
35580
36256
36545
36754
36935
37235
37404
37419
37442
37919
37981
38282
38800
39203
39636
39851
40512
40913
41164
41259
41435
41552
41578
42221
42467
43197
43593
43981
44293
44666
44848
45058
45999
46221
46423
Number of cuts: 171

RGL3
12
30
106
1010
1061
1848
1880
1931
2118
2175
2440
2450
2504
2510
2672
2906
3311
3408
4028
4043
4080
4222
4271
4360
4392
4486
4612
5049
5208
5233
5448
5487
5515
5701
5930
6078
6276
6625
6680
6865
6891
6950
7169
7179
7288
7553
7601
7838
8006
8430
8660
8700
8782
8911
8922
9073
9318
9338
9644
9659
9985
9996
10448
10809
10841
11252
11286
11341
11518
11718
11757
11802
11879
12319
12376
12383
12391
12408
12475
12577
12628
12950
13063
13400
13691
13875
13974
14007
14040
14051
14214
14306
15030
15287
15530
16009
16147
16153
16168
16184
16315
16488
16926
17051
17843
17883
17962
18105
18236
18239
18308
18533
18556
18760
19069
19430
19603
19938
19999
20095
20330
20741
20899
20966
21271
21524
21557
21566
21692
21701
21809
21812
21826
21837
22074
22082
22301
22347
22436
22927
22930
23032
23200
23221
23303
23313
23365
23374
23568
23638
23856
23943
24205
24453
24809
24894
25254
25588
25629
25694
25781
25915
26217
26598
26704
26724
26772
26923
27438
27582
27602
27715
27752
27873
28098
28223
28306
28399
28515
28851
29283
29560
29806
30477
30508
30905
31164
31169
31475
31517
31560
31611
31700
31791
31995
32077
32123
32189
32348
32438
32640
32673
32713
32837
33023
33070
33076
33216
33389
34014
34273
34488
34967
35015
35030
35038
35113
35296
35549
35556
36004
36779
36889
36952
37468
37777
37824
38057
38351
38385
38733
38742
38897
39149
39464
39560
39585
39859
40636
41442
41679
41906
41937
42402
42430
42711
42875
42904
43044
43064
43126
43146
43172
43379
43670
43703
43789
43883
44018
44131
44500
44835
44997
45117
45167
45354
45516
45851
45965
46167
46198
46218
46378
46920
47422
Number of cuts: 275

Rhodalysa
12
30
315
1029
1080
1849
2036
2119
2756
3309
3542
4610
5047
5150
5287
5513
5699
5928
6159
6283
6687
6862
6960
7080
7178
7188
7321
7562
7610
7848
7900
8016
8196
8378
8412
8670
8710
8945
8956
9086
9352
9372
9964
10013
10098
10432
10473
11281
11314
11937
12059
12339
12646
12788
12833
13164
13726
13730
13813
14056
14607
14796
14872
15801
15875
16151
16265
17801
17960
18147
18395
18404
18919
19280
19701
20433
20502
20633
20803
20882
21272
21537
21662
21791
22017
22640
22659
22884
23051
23110
23378
23437
23765
23942
23964
24723
24826
25025
25097
25138
25203
25424
25447
25514
25726
25974
26399
27528
27723
27997
28367
28550
28618
28745
29383
29579
29610
30235
30499
30805
31181
31404
31453
31682
32043
32285
32325
32361
32743
33008
33333
33368
33442
33624
33718
34080
34562
34649
35549
36225
36514
36723
36904
37204
37373
37388
37411
37888
37950
38251
38982
39469
39608
40482
40665
40690
40883
41229
41405
41522
41548
42191
42437
43167
43563
43951
44263
44636
44818
45028
45969
46393
Number of cuts: 172

StCroix
12
30
315
1029
1080
1849
2036
2119
2508
2756
3309
3542
4610
5047
5150
5287
5513
5699
5928
6159
6283
6687
6862
6960
7080
7178
7188
7321
7562
7610
7848
7900
8016
8196
8378
8412
8670
8710
8945
8956
9086
9352
9372
9964
10013
10098
10432
10473
11281
11314
12339
12646
12788
12833
13164
13726
13730
13813
14056
14607
14796
14872
15801
15875
16151
16265
17801
17960
18147
18395
18404
18919
19280
19701
20433
20502
20633
20803
20882
21272
21537
21662
21791
22017
22168
22189
22672
22681
22750
22897
23123
23391
23450
23778
23955
23977
24839
25038
25110
25151
25216
25388
25437
25527
25643
25739
25987
26620
27541
27736
28010
28380
28563
28631
28758
29396
29592
29623
30248
30512
30818
31194
31417
31466
31695
32056
32298
32338
32374
32756
33021
33346
33381
33455
33637
33731
34093
34575
34662
35562
36536
36745
36926
37226
37395
37410
37433
37910
37972
38273
39004
39491
39630
40504
40687
40712
40905
41156
41427
41544
41570
42213
42459
43189
43585
43973
44285
44658
44840
45050
45991
46213
46415
Number of cuts: 173

Swann
12
30
315
1029
1080
1849
2036
2119
2508
2756
3309
3542
4610
5047
5150
5287
5513
5699
5928
6159
6283
6687
6862
6960
7080
7178
7188
7321
7562
7610
7848
7900
8016
8196
8378
8412
8670
8710
8945
8956
9086
9352
9372
9964
10013
10098
10432
10473
11281
11314
11937
12059
12339
12646
12788
12833
13164
13726
13730
13813
14056
14607
14796
14872
15801
15875
16151
16265
17801
17960
18147
18395
18404
18919
19280
19701
20433
20502
20633
20803
20882
21272
21537
21704
21743
21791
22017
22640
22659
22884
23051
23110
23378
23437
23765
23942
23964
24826
25025
25097
25138
25203
25447
25514
25726
25848
25974
26399
27528
27723
27997
28367
28550
28618
29577
29608
30233
30497
30803
31179
31402
31451
31680
32041
32283
32323
32359
32741
33006
33331
33366
33440
33622
33716
34078
34560
34647
35547
36223
36512
36721
36902
37202
37371
37386
37409
37886
37948
38249
38980
39467
39606
40480
40663
40688
40881
41227
41403
41520
41546
42189
42435
43165
43561
43949
44261
44634
44816
45026
45967
46190
46392
Number of cuts: 172

Takoda
12
30
315
463
1022
1073
2028
2111
2168
2560
2579
3301
4070
4602
5039
5279
5299
5505
5691
5920
6068
6151
6260
6664
6839
7155
7165
7274
7298
7539
7587
7749
7825
7877
7993
8670
8905
8916
9046
9312
9332
9742
10058
10392
10794
11241
11274
11897
12019
12299
12338
12462
12523
12606
12748
13124
13686
13690
13773
13809
14046
14611
14756
14832
15761
15949
16111
16225
17761
17920
18107
18355
18364
18879
19661
20148
20180
20393
20462
20593
20736
21083
21232
21388
21497
21734
21751
21977
22409
22631
22640
22709
22856
23082
23174
23350
23409
23738
23915
24799
24998
25070
25111
25176
25397
25420
25487
25699
25947
26372
26871
27321
27385
27696
27837
28523
28591
28718
29552
30142
30406
30712
31088
31311
31360
31950
32192
32272
32434
32650
32912
33106
33237
33272
33346
33567
33892
34254
34745
34832
35732
36408
36697
36906
37087
37371
37387
37556
37571
38071
38133
38434
38787
39165
39362
39793
39963
40517
40666
41589
41705
41731
42728
43716
43892
44277
44368
44541
44589
45144
46182
46378
46404
46603
Number of cuts: 174

Trina
1378
1740
1980
2427
4536
5177
5257
6445
6733
6959
7038
7604
8312
8402
8773
9019
9445
9536
9855
10131
10657
11344
12519
14634
14988
15624
15634
16589
16657
16911
17667
18342
18968
20344
21985
23002
23875
24106
27081
27162
27603
27801
28167
28367
28491
28943
29009
29188
29242
29417
29432
29504
29555
29578
29953
30576
32190
32202
32380
34174
34358
35525
37194
38302
40110
41430
41710
42137
43678
44461
44727
45067
45130
45561
47581
47881
49135
49702
49729
50050
50377
51805
52193
53623
54011
54311
54408
54598
56636
56932
57556
57689
57970
59500
59944
60819
62208
65602
65631
66349
66547
67250
67412
67532
68627
69229
69914
70361
70601
71253
73203
73293
73642
74220
74344
74707
75204
76093
76273
76327
77284
78093
78151
78744
79579
80509
80920
81385
83819
87200
88499
89368
89485
89623
89697
90104
90107
90287
91056
91586
91679
92324
92379
92443
92831
94711
96561
97291
97535
98436
100164
100281
101045
101196
101903
102406
102537
102921
103002
103829
103919
104681
105687
105823
106950
108259
108630
108777
109484
111911
111959
112411
113287
113698
114261
115137
115667
118246
119368
119516
120233
120859
122268
124523
124789
126213
126438
126862
127982
128824
130667
131844
131954
132873
133815
137780
138142
138382
138829
Number of cuts: 199

TWAMP
12
30
315
1029
1080
1849
2036
2119
2756
3309
3542
4610
5047
5150
5287
5513
5699
5928
6159
6283
6687
6862
6960
7080
7178
7188
7321
7562
7610
7848
7900
8016
8196
8378
8412
8670
8710
8945
8956
9086
9352
9372
9964
10013
10098
10432
10473
11281
11314
11937
12059
12339
12646
12788
12833
13164
13726
13730
13813
14056
14607
14796
14872
15801
15875
16151
16265
17801
17960
18147
18395
18404
18919
19280
19701
20433
20502
20633
20803
20882
21272
21537
21662
21791
22017
22640
22659
22884
23051
23110
23378
23437
23765
23942
23964
24723
24826
25025
25097
25138
25203
25424
25447
25514
25726
25974
26399
27528
27723
27997
28367
28550
28618
28745
29383
29579
29610
30235
30499
30805
31181
31404
31453
31682
32043
32285
32325
32361
32743
33008
33333
33368
33442
33624
33718
34080
34562
34649
35549
36225
36514
36723
36904
37204
37373
37388
37411
37888
37950
38251
38982
39469
39608
40482
40665
40690
40883
41229
41405
41522
41548
42191
42437
43167
43563
43951
44263
44636
44818
45028
45969
46393
Number of cuts: 172

UhSalsa
12
30
315
1029
1080
1849
2036
2119
2508
2756
3309
3542
4610
5047
5150
5287
5513
5699
5928
6159
6283
6687
6862
6960
7080
7178
7188
7321
7562
7610
7848
7900
8016
8196
8378
8412
8670
8710
8945
8956
9086
9352
9372
9964
10013
10098
10432
10473
11281
11314
11937
12339
12646
12788
12833
13164
13726
13730
13813
14056
14607
14796
14872
15801
15875
16151
16265
17801
17960
18147
18395
18404
18919
19280
19701
20433
20502
20633
20803
20882
21272
21537
21704
21743
21791
22017
22640
22659
22884
23051
23110
23378
23437
23765
23942
23964
24827
25026
25098
25139
25204
25376
25425
25515
25727
25975
26400
27529
27724
27998
28368
28551
28619
29609
30168
30432
30600
31114
31337
31386
31615
31976
32218
32258
32294
32676
33266
33301
33375
33557
33651
34013
34504
35491
36167
36456
36665
36846
37146
37315
37330
37353
37830
37892
38193
38711
39114
39547
39762
40423
40824
41075
41170
41346
41463
41489
42132
42378
43108
43504
43892
44204
44577
44759
44969
45910
46132
46334
Number of cuts: 168

Weasels2
411
421
651
1391
1656
1729
1857
3170
4531
6392
6551
6628
6660
6748
6787
8324
12077
12484
14682
14716
15471
15558
18579
18663
18861
19224
19859
23135
23399
23456
27125
27607
28247
28646
30278
30298
30758
31625
34186
36199
36364
39020
40675
41271
43513
45871
46884
48250
48522
50305
50327
51214
52170
52212
53208
55777
57963
59408
60243
60550
61000
61282
62020
64031
64061
64372
65133
65350
65482
66647
66689
68297
68629
69435
69980
70687
72058
72661
72783
73053
74891
77662
78523
78624
82091
82915
85313
87233
90290
90891
91472
93831
93964
94172
94589
96546
96839
97707
97987
98123
100380
102036
102808
104624
105657
106672
108722
109548
110891
110913
111610
112664
113028
115314
115904
115908
118074
118626
120196
120265
121536
123920
124014
125651
126562
127642
127770
128440
130892
131227
131311
131379
132116
132126
132356
133096
133361
133434
133562
134875
Number of cuts: 140

Yogi
12
30
315
1029
1080
1849
2036
2119
2508
2756
3309
3650
4078
4100
4220
4610
5047
5150
5287
5307
5513
5699
5928
6076
6268
6672
6847
7163
7173
7306
7547
7595
7757
7833
7885
8001
8637
8678
8913
8924
9320
9340
9580
9750
9981
10066
10400
10690
10733
10808
11255
11288
11911
12033
12313
12352
12366
12476
12537
12620
12747
12762
13138
13700
13704
13787
13823
14030
14060
14131
14770
14846
15346
15775
15963
16125
16239
16298
17775
18121
18369
18378
18893
18967
19474
20407
20476
20607
20750
20828
21097
21246
21511
21678
21748
21765
21991
22614
22633
22858
23084
23176
23352
23411
23739
23916
23938
24800
24999
25071
25112
25177
25349
25398
25421
25488
25700
25948
26373
27502
27697
27971
28341
28524
28592
29357
29553
29584
30473
30641
30779
31155
31378
31427
31656
32017
32259
32299
32335
32717
33307
33342
33416
33598
33692
34054
34533
34620
35520
36824
37074
37255
37555
37724
37739
37762
38239
38301
38602
39120
39333
39530
39959
40129
40833
41016
41041
41234
41580
41756
41873
41899
42542
42788
43914
44393
44400
44614
44987
45169
45379
46305
46497
46527
46727
Number of cuts: 185

Yoncess
12
30
315
1029
1080
1849
2036
2119
2508
2756
3309
3650
4100
4220
4610
5047
5150
5287
5307
5513
5928
6076
6268
6672
6847
7163
7173
7306
7547
7595
7757
7833
7885
8001
8637
8678
8913
8924
9054
9320
9340
9580
9750
9981
10066
10400
10690
10733
10808
11255
11288
11911
12033
12313
12352
12366
12476
12537
12620
12762
13138
13700
13704
13787
13823
14770
14846
15346
15775
15963
16125
16239
16298
18121
18369
18378
18893
18967
19474
20407
20476
20607
20828
21097
21246
21511
21678
21748
21765
21991
22615
22634
22859
23026
23085
23144
23177
23353
23412
23740
23917
23939
24801
25000
25072
25113
25178
25399
25422
25489
25701
25949
26374
27503
27698
27972
28525
28593
29358
29554
29585
30253
30421
30559
30935
31158
31436
31797
32008
32039
32079
32115
32497
32762
33087
33122
33196
33378
33472
33834
34316
34403
35303
35979
36268
36477
36658
36958
37127
37142
37165
37642
37704
38005
38736
38933
39362
40236
40419
40444
40637
40983
41159
41303
41949
42195
42926
43322
43710
44022
44395
44577
45728
46150
Number of cuts: 174

