Alatin
12
30
1029
1080
1849
2119
2508
2756
3309
4610
5047
6687
6862
6960
7178
7188
7321
7562
7610
7848
7900
8378
8670
8945
9086
9352
9372
9964
10013
10432
10473
11281
11314
12339
12833
13730
14056
14872
15801
15875
16265
18147
18395
18404
18919
19701
20433
20502
20633
20803
21272
21591
21716
21845
22071
22726
22735
22804
23177
23445
23504
23832
24009
24031
25164
25270
25442
25491
25581
25697
25793
26041
26674
27595
27790
28434
28617
29450
29646
29677
30302
30566
30872
31248
31471
31520
32110
32352
32392
32810
33400
33435
33509
33691
33785
34716
35616
36590
36799
37280
37449
37964
38026
38327
39058
40741
40766
41481
43243
44027
44339
44712
45104
Number of cuts: 113

Alpacados
12
30
1029
1080
1802
1885
2072
2207
2470
2718
3271
3612
4182
4572
5009
6038
6634
6809
7125
7135
7268
7509
7557
7719
7795
7847
8599
8875
9282
9302
9542
9712
9943
10362
10652
11217
11250
11995
12275
12314
12328
12499
13666
13785
13992
14093
14808
15737
15925
16201
16260
18083
18331
18340
18855
18929
20369
20438
20569
20712
20790
21208
21473
21640
21710
21727
21953
22576
22595
22987
23046
23314
23373
23701
23878
23900
25033
25139
25698
25946
26371
27500
27695
28339
28522
29355
29551
29582
30471
30639
30777
31153
31376
31425
32015
32257
32297
32715
33305
33340
33414
33596
33690
34618
35518
36483
36692
37173
37342
37857
37919
38220
38738
38951
40564
40589
41304
43066
43941
43948
44162
44535
44927
Number of cuts: 123

AngryOrchard
12
30
463
1022
1073
2064
2513
4165
4555
4992
6021
6565
6617
6792
7108
7118
7251
7492
7540
7702
7778
7830
8858
8999
9265
9285
9695
9926
10345
10635
11200
11233
11978
12258
12297
12482
13649
13768
13975
14570
14791
15720
15908
16184
18066
18314
18323
19620
20107
20139
20352
20421
20552
20695
21191
21456
21710
22590
22599
22668
23041
23309
23368
23697
23874
25029
25135
25356
25379
25446
25658
25906
26330
26829
27279
27343
27654
27795
28481
28876
29510
30100
30364
30670
31046
31269
31318
31908
32150
32608
33195
33230
33304
33525
33850
34778
34931
35678
36643
36852
37333
37502
38017
38079
38380
38733
39111
39909
40463
41535
43508
44069
44160
44333
44381
46169
Number of cuts: 116

AppleCloud
12
30
822
873
1558
1828
1954
2217
2465
3018
3359
3929
4319
4756
4915
5164
5365
5785
6215
6556
6713
6872
6882
7015
7256
7304
7466
7542
7594
8346
8598
8739
9005
9025
9666
9680
10085
10132
10934
10967
11712
12195
12334
12388
13695
13814
13934
14604
14837
15766
15840
15954
16289
18112
18360
18369
18884
18958
19666
20153
20398
20404
20467
20598
20741
21237
21502
21739
21756
21947
21982
22714
22791
22801
23126
23344
23406
23735
25039
25145
25317
25366
25456
25668
25916
26341
27354
27470
27887
28315
28571
28966
29597
29628
30032
30978
31201
31250
31316
32082
32122
32470
32540
33165
33239
33421
33529
34443
35343
36308
36517
36998
37167
37682
37744
38045
38563
38966
39614
41022
41198
42960
43744
44056
44429
44821
Number of cuts: 126

Belenaria
12
30
1029
1080
1849
2119
2508
2756
3309
4610
5047
6687
6862
6960
7178
7188
7321
7562
7610
7848
7900
8378
8670
8945
9086
9352
9372
9964
10013
10432
10473
11281
11314
12339
12833
13730
14056
14872
15801
15875
16265
18147
18395
18404
18919
19701
20433
20502
20633
20803
21272
21537
21704
21743
21791
22017
22640
22659
23051
23110
23378
23437
23765
23942
23964
25098
25204
25376
25425
25515
25727
25975
26400
27529
27724
28368
28551
29609
30168
30432
30600
31114
31337
31386
31976
32218
32258
32676
33266
33301
33375
33557
33651
35491
36456
36665
37146
37315
37830
37892
38193
38711
39114
39762
41170
41346
43108
43892
44204
44577
44969
Number of cuts: 111

BobbyDazzler
12
30
1029
1080
1914
1997
2184
2579
2827
3380
3721
4171
4291
5118
6147
6743
6918
7234
7244
7377
7618
7666
7828
7904
7956
8708
8984
9125
9391
9411
9651
9821
10052
10471
10761
11326
11359
12104
12384
12423
12437
12608
13775
13894
14101
14202
14917
15846
16034
16310
16369
18192
18440
18449
18964
19038
20478
20547
20678
20821
20899
21317
21582
21749
21819
21836
22062
22686
22705
23097
23156
23248
23424
23483
23811
23988
24010
25143
25249
25470
25493
25560
25772
26020
26445
27574
27769
28596
29429
29625
29656
30281
30545
30713
30851
31227
31450
31499
32089
32331
32371
32476
32789
33414
33488
33670
33764
34695
35595
36560
36769
37250
37419
37934
37996
38297
39028
40711
40736
41275
41451
43214
43998
44310
44683
Number of cuts: 125

Bonanza
12
30
1029
1080
1849
2119
2508
2756
3309
3650
4100
4220
4610
5047
6076
6672
6847
7163
7173
7306
7547
7595
7757
7833
7885
8637
8913
9320
9340
9580
9750
9981
10400
10690
11255
11288
12033
12313
12352
12366
12537
12747
13704
13823
14030
14131
14846
15775
15963
16239
16298
18121
18369
18378
18893
18967
20407
20476
20607
20750
20828
21246
21511
21678
21748
21765
21991
22614
22633
23084
23176
23352
23411
23739
23916
23938
25071
25177
25349
25398
25421
25488
25700
25948
26373
27502
27697
28341
28524
29357
29553
29584
30473
30641
30779
31155
31378
31427
32017
32259
32299
32717
33307
33342
33416
33598
33692
34620
35520
37074
37555
37724
38239
38301
38602
39120
39333
40129
41016
41041
41580
41756
44393
44400
44614
44987
45379
46497
Number of cuts: 128

Bradshaw
12
30
1029
1080
1849
2119
2756
3309
4610
5047
6687
6862
6960
7178
7188
7321
7562
7610
7848
7900
8378
8670
8945
9086
9352
9372
9964
10013
10432
10473
11281
11314
12059
12339
12833
13730
14056
14872
15801
15875
16265
18147
18395
18404
18919
19701
20433
20502
20633
20803
21272
21537
21662
21791
22017
22640
22659
23051
23110
23378
23437
23765
23942
23964
25097
25203
25375
25424
25514
25630
25726
25974
27528
27723
28367
28550
29383
29579
29610
30235
30499
30805
31181
31404
31453
32043
32285
32325
32743
33333
33368
33442
33624
33718
34649
35549
36523
36732
37213
37382
37897
37959
38260
38991
40674
40699
41414
43176
43960
44272
44645
45037
Number of cuts: 112

Bryce
12
30
1029
1080
1849
2119
2508
2756
3309
3650
4100
4220
4610
5047
6076
6672
6847
7163
7173
7306
7547
7595
7757
7833
7885
8637
8913
9054
9320
9340
9580
9750
9981
10400
10690
11255
11288
12033
12313
12352
12366
12537
13704
13823
14846
15775
15963
16239
16298
18121
18369
18378
18893
18967
20407
20476
20607
20750
20828
21246
21511
21678
21748
21765
21991
22615
22634
23026
23085
23177
23353
23412
23740
23917
23939
25072
25178
25399
25422
25489
25701
25949
26374
27323
27387
27503
27698
28525
29358
29554
29585
30253
30421
30559
30935
31158
31797
32039
32497
33122
33196
33378
33472
34403
35303
36268
36477
36958
37127
37642
37704
38005
38523
39532
40419
40444
40983
41159
42922
43706
44018
44391
Number of cuts: 122

ChewyVIII
153
656
1564
2191
2595
2804
2949
2996
3074
3345
3516
4253
4380
4906
5345
5894
5972
6079
7297
7328
7799
7871
8936
8970
9704
9762
9834
9951
10249
10286
11454
11581
12626
13229
14242
14792
14801
15157
15607
16233
16249
16631
16860
17055
17203
17356
17513
17731
18018
18200
18353
18407
18764
19072
19921
19963
20070
20280
21014
21369
21802
22595
23108
23412
23612
24162
24295
24730
25671
26105
26619
26937
26969
27164
27299
27516
27626
27961
28385
28457
29405
29424
29486
30479
30523
31119
31769
31923
32422
32470
32746
32842
33397
33742
33757
34083
34089
34183
34492
34642
35001
35090
35424
35859
35981
36064
36632
36983
37130
37431
37530
37837
37916
38001
38096
38139
38247
38407
38454
38674
39445
39489
39738
39972
40152
40161
40317
40443
40452
40650
40668
40721
40886
42067
42142
42199
42923
43105
43168
43543
43848
43862
43955
44576
44654
44791
44954
45419
45500
45518
45554
45910
46217
46907
47018
47103
47174
47984
48189
48842
49021
49227
49405
49578
49881
49976
50076
50192
50283
50599
50648
50708
50771
51857
52070
52332
52368
52856
53024
53483
53976
54004
54117
54187
54318
54517
54630
55114
55124
56143
56155
56710
57349
57359
57586
58113
58585
58719
58959
59844
60237
60510
60798
61109
61128
61759
61894
61899
61944
62284
63198
64103
64139
64684
66418
66530
66889
67887
67980
68196
Number of cuts: 220

CosmicSans
12
30
1029
1080
1849
2119
2756
3309
4610
5047
6687
6862
6960
7178
7188
7321
7562
7610
7848
7900
8378
8670
8945
9086
9352
9372
9964
10013
10432
10473
11281
11314
12059
12339
12833
13730
14056
14872
15801
15875
16265
18147
18395
18404
18919
19701
20433
20502
20633
20803
21272
21537
21662
21791
22017
22640
22659
23051
23110
23378
23437
23765
23942
23964
24723
25097
25203
25424
25447
25514
25726
25974
26399
27528
27723
28367
28550
29383
29579
29610
30235
30499
30805
31181
31404
31453
32043
32285
32325
32743
33333
33368
33442
33624
33718
34649
35549
36514
36723
37204
37373
37888
37950
38251
38982
40665
40690
41229
41405
43167
43951
44263
44636
45028
Number of cuts: 114

Dinger
12
30
1024
1075
2648
2752
3305
3646
4216
4606
5043
5202
6072
6487
6668
6843
7159
7169
7302
7543
7591
7753
7829
7881
8633
8909
9050
9316
9336
9746
9977
10396
11251
11284
12029
12309
12348
12743
13700
13819
14127
14621
14842
15771
15953
15959
16235
16294
18117
18365
18374
19534
20158
20190
20374
20403
20409
20472
20789
21128
21242
21398
21507
21744
21761
21952
22380
22720
23093
23361
23420
23749
23926
23948
25081
25187
25359
25408
25498
25710
25958
26383
27222
27396
27512
27929
28357
28613
29008
29640
29671
30104
30368
30674
31050
31273
31322
31912
32154
32612
33202
33237
33311
33532
33763
33871
34791
35143
36656
36865
37481
37515
38030
38092
38393
38746
38911
39124
39922
40476
40978
41549
42720
43526
44087
44178
44185
44399
Number of cuts: 128

DocB7
250
949
1336
1344
1915
3319
3518
3704
3716
4132
4716
5217
5287
5343
5578
5878
6982
8121
8306
9051
9488
10028
10438
11081
11141
11636
11963
12082
12253
12263
12410
12801
12905
13121
13216
13758
14401
14654
14764
14890
16066
16536
16706
16963
17251
17670
17676
18045
18499
19031
19622
21537
22554
22613
22757
23090
24518
24730
24960
25218
25470
25583
25616
26012
26329
26772
27554
27962
28316
28336
28409
28438
29209
29927
30421
31405
31535
31673
31858
32262
32771
32807
33234
33275
33575
33625
34247
34920
35155
35555
36103
36709
36730
37768
38095
38483
39454
39724
40166
41625
41668
42203
42725
42929
42960
43866
44021
44149
45488
46291
46607
47227
48704
50011
51276
51607
52144
52539
52950
53390
53502
55290
55329
55533
56556
56716
57106
57160
58702
58851
59554
59775
59925
60027
61409
61583
61596
63220
63683
65203
65756
66405
66620
67467
67516
68846
69318
69555
69929
71450
71963
72596
72611
73313
73955
74033
74715
74970
75111
Number of cuts: 159

E3
245
1139
2089
2629
2750
2765
3460
4315
4459
5043
5554
5648
5950
5957
6116
6145
6303
6434
6731
7877
8320
8407
9075
9911
10310
10619
10811
11456
11808
11871
12129
12285
12420
12444
12590
12974
13268
13340
13397
13502
13782
14489
15447
15758
16192
16320
16377
16436
17281
17410
17431
17832
18035
18074
20164
20270
20451
20508
20700
20934
22021
22320
22448
22509
22595
22839
22876
23903
24103
24130
25161
26617
27250
27697
28357
28511
28883
28962
29028
30401
30662
30896
30908
30935
31459
31703
32090
32487
32620
32700
32717
32949
34164
34974
35447
35658
35912
35939
36406
36626
36931
37900
37942
37993
38071
38170
39150
39210
39216
39252
39294
39659
40203
40223
40392
40662
40968
40973
41217
41272
41330
41529
42228
42372
43491
43630
44011
44281
44293
44322
44803
45089
45344
46560
46843
47934
48001
48063
48295
48337
48392
48719
49817
50151
50429
50776
51086
51145
51341
51559
51639
51741
52180
52528
53286
53529
53852
54979
55051
55265
55692
55791
56297
56842
56874
57225
57683
57983
58558
59145
59202
59268
59312
59466
59574
59742
59991
61055
61154
62693
62951
62978
63961
64134
64141
64216
64990
65144
65282
65507
65742
65750
65756
66620
66836
66977
67198
67416
67513
67974
68043
68271
68435
68444
68558
68760
69781
69853
70927
70935
70969
71370
71538
71841
72378
72480
72705
72811
72937
73389
73399
73591
73738
73744
73805
74752
75765
75881
75913
76227
76348
76357
76505
76980
77131
77654
78518
79460
79996
80346
80560
80713
81124
81608
82053
82093
82942
83116
83317
83356
83434
83523
83580
83858
83942
84218
84320
84413
84706
84873
84901
85013
85239
85777
85825
86256
86271
86742
86940
87056
87287
87357
87373
87590
87665
87821
88017
88374
88743
89013
89274
89371
89680
89821
90058
90076
90334
90475
90555
91225
91462
91870
92029
92199
92549
93827
93926
94178
94374
94461
94530
94568
94648
94774
95695
95743
95895
96507
97226
97310
97331
97790
97860
98253
98741
98879
98921
99011
99349
99481
99902
100396
100750
100840
100951
101271
101592
101733
101944
102106
102313
102340
103203
103245
104660
104866
104900
105011
105083
105099
106547
106865
107232
107514
108557
109233
109332
109359
109586
110569
110640
110753
111174
111302
111479
112122
112173
112420
112689
112907
113069
114055
114361
114392
114478
114747
114809
115073
115983
116018
116754
116886
117164
117940
118184
118262
118274
118340
118540
118568
118645
118863
119197
119925
119968
120112
120239
120631
121424
121503
121662
122009
122015
122972
123007
123455
123472
123946
124003
124405
124820
125134
125312
125441
125808
126310
126469
126839
126857
126930
127283
128163
128570
128815
129167
129177
129414
130087
130877
130935
131570
131601
131676
131910
131997
133744
133883
134396
135014
135518
135748
135782
135835
135979
135999
136635
136671
137004
137239
137262
137360
138576
138609
138642
139166
139340
139775
140482
140541
141165
141315
142088
142432
Number of cuts: 453

Erik
12
30
1029
1080
1849
2119
2508
2756
3309
4610
5047
6687
6862
6960
7178
7188
7321
7562
7610
7848
7900
8378
8670
8944
9085
9351
9371
9963
10012
10431
10472
11280
11313
12058
12338
12832
13729
14055
14871
15800
15874
16264
18146
18394
18403
18918
19700
20432
20501
20632
20802
21271
21536
21703
21742
21790
22016
22639
22658
23050
23109
23377
23436
23763
23940
23962
25095
25201
25373
25422
25512
25724
25972
26397
27526
27721
28365
28548
29577
29608
30167
30431
30599
31113
31336
31385
31975
32217
32257
32675
33265
33300
33374
33556
33650
34581
35481
36446
36655
37136
37305
37820
37882
38183
38914
40496
40521
41060
41236
42998
43782
44094
44467
44859
Number of cuts: 114

Espica
12
30
1029
1080
1849
2119
2508
2756
3309
4610
5047
6687
6862
6960
7178
7188
7321
7562
7610
7848
7900
8378
8670
8945
9086
9352
9372
9964
10013
10432
10473
11281
11314
12339
12833
13730
14056
14872
15801
15875
16265
18147
18395
18404
18919
19701
20433
20502
20633
20803
21272
21537
21704
21743
21791
22017
22640
22659
23051
23110
23378
23437
23765
23942
23964
25098
25204
25376
25425
25515
25727
25975
26400
27529
27724
28368
28551
29609
30168
30432
30600
31114
31337
31386
31976
32218
32258
32676
33266
33301
33375
33557
33651
35491
36456
36665
37146
37315
37830
37892
38193
38711
39114
39762
41170
41346
43108
43892
44204
44577
44969
Number of cuts: 111

Finch
362
915
1050
1233
1479
1503
1671
1857
1881
2049
2613
2676
2855
2863
2874
3020
3100
3134
3215
3323
3844
4446
4527
4871
4988
6152
6260
6641
6704
6734
7214
8417
8748
9052
9211
9622
9702
10689
10869
11012
11304
11466
11583
12385
12418
12558
12764
13469
13553
13613
13637
13714
13846
14117
14516
14915
14993
15089
15185
15408
15416
15431
15771
15777
16220
16527
16590
16660
16749
16873
17101
17163
18105
18598
18610
18849
20705
20888
21141
21441
22271
22310
22324
22354
22427
23919
24052
25350
25841
26466
26711
27044
27767
27979
28422
28438
28692
28899
29006
29203
30678
30895
30988
31265
31430
31595
32060
32080
32534
32540
32552
32800
32977
33034
33117
33316
33572
33810
34275
34688
34799
34808
35501
35812
36030
36309
36468
36543
36823
36911
37295
37550
37605
38091
38667
39192
39333
39644
39786
39818
40078
40565
41084
41192
41476
41569
41656
41668
41837
41905
41998
42016
42489
42510
42703
44028
44135
44298
44318
44884
45421
45520
45862
46444
46705
46779
46855
47161
47697
47789
48433
48670
48960
49150
49577
49664
49695
50061
50335
50418
50906
51129
51246
51414
51768
52194
52403
52506
52584
52856
53196
53268
53492
53516
53660
53750
54002
54122
54931
55095
55291
55622
55700
55712
55961
56088
56115
56177
56196
56595
57186
57254
57938
58082
58571
58905
58917
59215
60036
60162
60400
60460
60490
61008
61537
62008
62033
62569
62578
62599
62890
63006
63124
63304
63427
63433
63650
63993
64574
64633
64642
64852
64959
65002
65572
65676
65775
66004
66373
66400
66436
66640
66685
66775
67273
67336
67633
67740
68902
69789
70252
70796
71106
71177
71495
72022
72327
73433
73583
74138
74151
74331
74475
74835
75925
76045
76669
76877
77073
77236
77250
77944
77986
78856
79447
80206
80859
81906
81939
82085
82363
82529
83141
83450
83486
83685
83919
84152
84224
84344
84403
84552
85503
85726
85924
86040
86167
86277
86292
86349
86861
87093
87610
87788
89131
89307
89427
89732
89900
90060
91509
91632
91923
92216
92517
92841
93300
93402
93834
93900
94335
94385
94430
94864
94909
95761
96334
96627
97426
98085
99007
99024
99045
99702
100204
100211
100316
100352
100476
100727
100823
100859
101026
101084
102003
102319
102510
102518
103324
103572
103587
103746
103925
104030
104518
104535
104661
104711
104748
104828
104912
105002
105020
105198
105278
105403
105480
105499
105701
105725
105954
105975
106239
107016
107044
107091
107368
108603
108636
110015
110327
110417
110518
110550
110700
110762
110820
111019
111109
111450
111806
111866
112253
112304
112599
112703
112827
113021
113253
113440
113542
113845
113887
114257
114420
114605
114887
115332
115353
115365
115608
115626
115894
116310
116351
116481
116570
116607
116913
117179
117359
117692
117792
118030
118063
118072
118113
118594
118939
119106
119352
120048
120234
120264
120476
120528
120595
120813
121021
121668
121674
122111
122477
122504
122789
123283
124079
124523
124631
124683
124771
124936
124952
125844
126917
127742
127763
128075
128096
128520
129010
129925
130033
130306
130339
131302
131692
131926
131997
132172
132226
132349
132511
132689
132894
133182
133437
133554
133869
134304
134477
134640
134669
135066
135909
136800
136834
136862
137170
137228
137355
137516
137583
137619
138035
Number of cuts: 505

Gollum
12
30
1029
1080
1849
2119
2508
2756
3309
4610
5047
6687
6862
6960
7178
7188
7321
7562
7610
7848
7900
8378
8670
8945
9086
9352
9372
9964
10013
10432
10473
11281
11314
12339
12833
13730
14056
14872
15801
15875
15983
15989
16265
18147
18395
18404
18919
19701
20433
20502
20633
20803
21272
21537
21704
21743
21791
22017
22640
22659
23051
23110
23378
23437
23765
23942
23964
25097
25203
25424
25514
25726
25974
26399
27528
27723
28367
28550
29577
29608
30233
30497
30803
31179
31402
31451
32041
32283
32323
32741
33331
33366
33440
33622
33716
34647
35547
36512
36721
37202
37371
37886
37948
38249
38767
39170
40607
40632
41171
41347
43109
43893
44205
44578
44970
Number of cuts: 115

Grayson
1739
1830
2532
4331
4474
6238
11072
11619
11736
13144
14219
14382
15122
17028
18418
18463
18547
18745
19108
19737
23047
23562
23826
23883
25421
26983
27421
27612
28734
31049
31115
31327
31502
31517
31640
34577
35453
36590
36755
38618
43063
43405
43923
44251
46370
46799
50756
51152
51650
52645
54321
59217
59862
59891
60164
62507
64509
64539
66120
66483
66553
67350
67781
69201
71266
72455
73062
73225
73339
73597
75033
80033
83495
84842
84995
86523
87269
87372
87785
90704
91121
93907
95472
96321
99701
100891
104208
105475
105719
105734
107431
108011
108209
108255
108689
109519
110952
112828
115701
115896
117579
118122
119813
120976
123887
125208
126979
130640
130731
131433
Number of cuts: 110

Harlequin
12
30
1029
1080
1849
2119
2508
2756
3309
3650
4220
4610
5047
5206
6076
6491
6672
6847
7163
7173
7306
7547
7595
7757
7833
7885
8637
8760
8889
9296
9316
9726
9957
10376
10666
11231
11264
12009
12289
12328
12342
12513
13680
13799
14822
15751
15939
16215
16274
18097
18345
18354
18869
18943
20383
20452
20583
20726
20804
21222
21541
21708
21778
21795
22021
22645
22664
23056
23115
23207
23383
23442
23770
23947
23969
25102
25208
25429
25452
25519
25731
25979
26404
27353
27417
27533
27728
28555
29388
29584
29615
30283
30451
30589
30965
31188
31827
32069
32527
33152
33226
33408
33502
34433
35333
36298
36507
36988
37157
37672
37734
38035
38766
39564
41194
42957
43741
44053
44426
Number of cuts: 119

Hiro
12
30
1029
1080
1849
2119
2508
2756
3309
3650
4100
5047
6076
6672
6847
7163
7173
7306
7547
7595
7757
7833
7885
8637
8889
9030
9296
9316
9957
9971
10376
10423
11225
11258
12003
12486
12625
12679
13986
14105
14225
14895
15128
16057
16131
16245
16580
18403
18651
18660
19107
19249
19957
20444
20689
20695
20758
20889
21528
21793
22030
22047
22238
22273
23005
23082
23092
23153
23417
23635
23697
24025
24202
24224
24434
25357
25463
25684
25707
25774
25986
26234
26659
27788
27983
28627
28810
29643
29839
29870
30495
30759
30927
31441
31664
32303
32545
32585
33628
33702
33884
33978
34909
35809
36774
36983
37464
37633
38148
38210
38511
39029
39242
40038
40925
40950
41489
41665
43428
44212
44524
44897
45289
Number of cuts: 123

Jace
1808
2990
4209
4558
5531
6155
7131
7487
7523
8081
8667
9105
9463
9740
9749
9790
13341
13545
14289
14683
14804
15581
15938
16175
16196
17329
18233
18991
19663
20603
21214
21481
23421
24210
25134
25160
25780
26684
27110
27621
28514
28850
32251
33401
34244
34731
34855
34989
35434
36059
36745
36807
37341
39717
39816
39846
40952
41274
41785
42031
42452
44162
45154
45990
46107
46430
46868
47803
48037
48989
49634
50758
52339
53088
53424
53783
Number of cuts: 76

Jester
12
30
1029
1080
1849
2119
2508
2756
3309
3650
4220
4610
5047
5206
6076
6491
6672
6847
7163
7173
7306
7547
7595
7757
7833
7885
8637
8760
8889
9296
9316
9957
10376
10423
11225
11258
11454
12003
12283
13674
13793
14000
14583
14816
15745
15819
15933
16268
18091
18339
18348
18863
18937
20377
20446
20577
20720
20798
21216
21481
21648
21718
21735
21961
22576
22595
22987
23046
23138
23314
23373
23701
23878
23900
25033
25139
25360
25383
25450
25662
25910
26335
27284
27348
27464
27659
28486
29319
29515
29546
30214
30382
30520
30896
31119
31758
32000
32458
33083
33157
33339
33433
34364
35264
36229
36438
36919
37088
37603
37665
37966
38697
39495
41125
42888
43672
43984
44357
Number of cuts: 118

Krishelle
12
30
1029
1080
1849
2119
2508
2756
3309
4610
5047
6687
6862
6960
7178
7188
7321
7562
7610
7772
7848
7900
8652
8904
9045
9311
9331
9972
9986
10391
10438
11240
11273
12018
12501
12640
12694
14001
14120
14240
14910
15143
16072
16146
16260
16595
18418
18666
18675
19190
19264
19972
20459
20704
20710
20773
20904
21047
21543
21844
22081
22098
22289
22324
23056
23133
23143
23468
23686
23748
24077
25381
25487
25659
25708
25798
26010
26258
26683
27696
27812
28229
28657
28913
29308
29939
29970
30595
30859
31165
31541
31764
31813
32403
32645
32685
33103
33693
33728
33802
33984
34078
35009
35909
36883
37092
37573
37742
38257
38319
38620
39351
41034
41059
41774
43536
44320
44632
45005
45397
46044
Number of cuts: 121

Lillie
12
30
1029
1080
1849
2119
2756
3309
4610
5047
6687
6862
6960
7178
7188
7321
7562
7610
7848
7900
8378
8670
8945
9086
9352
9372
9964
10013
10432
10473
11281
11314
12059
12339
12833
13730
14056
14872
15801
15875
16265
18147
18395
18404
18919
19701
20433
20502
20633
20803
21272
21537
21662
21791
22017
22640
22659
23051
23110
23378
23437
23765
23942
23964
24723
25097
25203
25424
25447
25514
25726
25974
26399
27528
27723
28367
28550
29383
29579
29610
30235
30499
30805
31181
31404
31453
32043
32285
32325
32743
33333
33368
33442
33624
33718
34649
35549
36514
36723
37204
37373
37888
37950
38251
38982
40665
40690
41229
41405
43167
43951
44263
44636
45028
Number of cuts: 114

Mahdia
37
65
166
322
435
522
570
575
621
908
968
998
1140
1280
1349
1482
1542
1580
1665
1890
1989
2064
2081
2279
2351
2409
2511
2544
2566
2780
3228
3384
3570
3589
3713
3812
3929
4022
4087
4120
4166
4178
4259
4283
4339
4482
4632
4637
4659
4961
5193
5315
5328
5538
5808
5954
6336
6369
6439
6512
6531
6606
6708
6726
6864
7000
7111
7218
7254
7289
7400
7725
8306
8366
8390
8585
8591
8710
8868
8991
9000
9210
9380
9425
9542
9605
9637
9969
10025
10218
10557
10962
11028
11159
11490
11586
12185
12758
12807
12927
12965
13083
13284
13344
13437
13529
13548
13593
13614
13812
14060
14112
14121
14261
14279
14390
14456
14565
14727
15054
15060
15168
15278
15410
15591
15600
15650
16057
16083
16090
16555
16733
16769
16806
16833
16898
16910
16973
17211
17229
17235
17264
17393
17411
17566
17746
17801
17817
18031
18659
18814
18898
18964
19230
19248
19775
19838
19871
20042
20110
20131
20332
20342
20402
20605
20650
20696
20755
20771
21028
21268
21306
21328
21475
21661
21667
21699
21706
21741
22094
22110
22128
22227
22320
22625
22675
22692
22720
22733
22792
22814
23449
23536
23634
23730
23751
23776
23856
23985
23994
24054
24118
24183
24258
24342
24438
24554
24741
24936
24959
25126
25532
25671
25691
25847
25907
26000
26012
26150
26220
26282
26426
26459
26676
26702
26765
26813
26906
26942
26972
27066
27111
27308
27635
27677
27805
27947
28007
28073
28108
28397
28449
28496
28511
28559
28697
28734
28760
28825
28911
28949
29096
29136
29171
29265
29327
29356
29615
29630
29774
29958
30045
30183
30201
30362
30383
30513
30560
30687
30704
30719
30991
31130
31189
31239
31283
31312
31376
31551
31578
31917
31931
31983
31999
32074
32304
32351
32515
32684
32777
32790
32817
32939
33020
33053
33263
33339
33491
33503
33551
33572
33621
33701
33707
34172
34247
34254
34313
34322
34436
34562
34585
34640
34829
34988
35566
35598
35655
35732
36166
36240
36347
36417
36495
36526
36607
36699
36759
36945
37014
37232
37327
37366
37625
38137
38242
38406
38475
38481
38501
38616
38660
38714
38719
38729
38836
38864
38969
39021
39125
39265
39329
39432
39474
39493
39543
39576
39590
39627
39858
40447
40488
40648
40698
40704
40890
40974
41012
41070
41230
41335
41362
41492
41951
41972
42014
42193
42228
42303
42360
Number of cuts: 380

Naiad
12
30
1029
1080
1849
2119
2508
2756
3309
4610
5047
6687
6862
6960
7178
7188
7321
7562
7610
7848
7900
8378
8670
8945
9086
9352
9372
9964
10013
10432
10473
11281
11314
12339
12833
13730
14056
14872
15801
15875
16265
18147
18395
18404
18919
19701
20433
20502
20633
20803
21272
21537
21662
21791
22017
22672
22681
22750
23123
23391
23450
23778
23955
23977
25110
25216
25388
25437
25527
25643
25739
25987
26620
27541
27736
28380
28563
29396
29592
29623
30248
30512
30818
31194
31417
31466
32056
32298
32338
32756
33346
33381
33455
33637
33731
34662
35562
36536
36745
37226
37395
37910
37972
38273
39004
40687
40712
41427
43189
43973
44285
44658
45050
Number of cuts: 113

Nancinator
12
30
1029
1080
1849
2119
2508
2756
3309
4610
5047
6687
6862
6960
7178
7188
7321
7562
7610
7848
7900
8378
8670
8945
9086
9352
9372
9964
10013
10432
10473
11281
11314
12339
12833
13730
14056
14872
15801
15875
16265
18147
18395
18404
18919
19701
20433
20502
20633
20803
21272
21537
21704
21743
21791
22017
22640
22659
23051
23110
23378
23437
23765
23942
23964
25098
25204
25376
25425
25515
25727
25975
26400
27529
27724
28368
28551
29609
30168
30432
30600
31114
31337
31386
31976
32218
32258
32676
33266
33301
33375
33557
33651
35491
36456
36665
37146
37315
37830
37892
38193
38711
39114
40004
40029
40568
40744
42506
43290
43602
43975
44367
Number of cuts: 112

Natosaleda
12
30
1029
1080
1849
2119
2756
3309
4610
5047
6687
6862
6960
7178
7188
7321
7562
7610
7848
7900
8378
8670
8945
9086
9352
9372
9964
10013
10432
10473
11281
11314
12339
12833
13730
14056
14872
15801
15875
16265
18147
18395
18404
18919
19701
20433
20502
20633
20803
21272
21537
21704
21743
21791
22017
22640
22659
23051
23110
23378
23437
23765
23942
23964
25097
25203
25375
25424
25514
25726
25974
26399
27528
27723
28367
28550
29608
30167
30431
30599
31113
31336
31385
31975
32217
32257
32675
33265
33300
33374
33556
33650
35490
36455
36664
37145
37314
37829
37891
38192
38710
39113
39761
41169
41345
43107
43891
44203
44576
44968
45615
46093
Number of cuts: 112

Partridge
12
30
1022
1073
2178
2711
2815
3368
3709
4279
4669
5106
5265
6135
6550
6731
6906
7222
7232
7365
7606
7654
7816
7892
7944
8696
8972
9113
9379
9399
9809
10040
10459
11314
11347
12092
12372
12411
12806
13763
13882
14190
14684
14905
15834
16016
16022
16298
16357
16826
18180
18428
18437
19597
19734
20221
20253
20437
20466
20472
20535
20852
21191
21305
21461
21570
21807
21824
22015
22443
22783
23156
23220
23424
23483
23812
23989
24011
25144
25250
25408
25422
25471
25494
25597
25809
26057
26482
27495
27611
28028
28456
28712
29107
29739
29770
30395
30659
30965
31341
31564
31613
32203
32445
32833
32903
33490
33525
33599
33820
34947
35299
36396
36812
37021
37638
37672
38187
38249
38550
38903
39281
40079
40633
41135
41706
43872
44433
44524
44531
44745
Number of cuts: 131

Pepy6
42
821
858
2237
2468
3523
3595
3795
3845
4489
4945
5736
6057
6616
7803
7819
8674
10466
10994
12824
13775
14494
14506
14708
16074
16171
18558
19171
19605
22633
25114
25257
26891
27376
27601
28435
28983
28996
29250
29469
30031
31700
32483
33091
33856
34163
34786
34964
35587
35971
36362
37164
38070
39063
39859
39905
41420
41942
42781
43136
43667
43990
44228
44585
44712
45148
45326
45824
46718
47925
48611
48637
49470
51103
51873
52481
53787
54980
55079
55187
55945
56229
57194
57755
58023
58306
59365
61674
63822
64092
64340
64781
64930
65076
65199
65843
66232
66445
67380
70250
Number of cuts: 100

Peregrin
1862
4326
4332
4779
5457
6076
10933
11050
12458
12863
14480
15603
17970
18015
18099
18297
18660
22213
22728
22992
23049
23814
23829
26935
27126
28248
28647
30101
30854
31103
33359
34235
35516
39884
41843
42185
45150
49539
49935
50433
51428
52424
58229
58258
58531
60874
62927
62957
64139
64593
64978
65775
66206
67626
69676
70865
71635
71749
72007
72894
73738
75010
75421
76364
77514
80564
80662
80728
80839
82595
82888
83388
84729
84882
87188
87291
87679
90135
90552
93339
94242
95319
95354
95878
99435
100152
100952
101284
104613
105563
105896
106140
106155
107704
108446
109444
110613
112673
112740
114152
115128
116368
118306
118387
121249
125727
127218
127675
131931
Number of cuts: 109

Phrankenstein
12
30
1029
1080
1849
2119
2508
2756
3309
4610
5047
6687
6862
6960
7178
7188
7321
7562
7610
7848
7900
8378
8670
8945
9086
9352
9372
9782
9964
10013
10432
10473
11281
11314
12339
12833
13730
14056
14872
15801
15875
16265
18147
18395
18404
18919
19701
20433
20502
20633
20803
21272
21483
21650
21689
21737
21963
22586
22605
22997
23056
23324
23383
23711
23888
23910
24669
25043
25149
25370
25393
25460
25672
25920
26345
27474
27669
28313
28496
29525
29556
30181
30445
30613
31127
31350
31399
31989
32231
32271
32689
33279
33314
33388
33570
33664
34595
35495
36460
36669
37150
37319
37834
37896
38197
38928
40611
40636
41175
41351
43113
43897
44209
44582
44974
Number of cuts: 115

Pine5
127
155
176
454
497
524
713
1003
1396
1417
1529
1746
2044
2246
2274
2424
2738
2818
2942
2991
3082
3150
3258
3265
3351
3485
3632
3782
3879
4006
4060
4141
4177
4201
4287
4359
4459
4485
4615
4652
4662
4904
5029
5206
5282
5338
5464
5497
5565
6643
6924
7216
7455
7504
7573
7609
7627
7765
7774
8044
8184
8347
8352
8698
8938
8943
9093
9166
9270
9305
9346
9625
9769
9856
10009
10154
10162
10684
10690
10970
11171
11185
11191
11315
11391
12114
12297
13138
13213
13369
13465
13506
13590
13943
14080
14324
14459
14489
14665
14923
15529
15669
15878
15961
16072
16158
16241
16249
16651
16687
16737
16902
17406
17422
17442
17518
17785
17935
17947
18115
18135
18194
18232
18265
18736
18821
18836
18881
18985
19141
19212
19369
19551
19639
19663
19686
19774
19793
19846
20294
20528
20604
21114
21305
21489
21752
21843
21905
21957
22104
22158
22304
22571
23349
23463
23550
23686
23899
23908
24158
24510
24594
24684
24735
24858
24912
24920
24970
25180
25272
25350
25355
25680
25746
25784
25809
26011
26528
26591
26827
26867
26928
26951
26969
26992
27222
27378
27400
27538
27546
27553
27565
27586
27675
27690
27730
27805
28048
28264
28365
28840
28875
29128
29265
29270
29512
29604
29638
29646
29662
29686
29835
30558
30796
30882
30887
31028
31214
31505
31580
31702
31792
31879
31938
31956
31969
32187
32201
32258
32333
32402
32489
32566
32592
32627
32676
32703
32777
32784
32817
33002
33015
33138
33195
33231
33288
33476
33525
33559
33576
33597
33609
34840
35086
35092
35221
35299
35306
35407
35528
35566
35572
35990
36769
36963
37060
37293
37326
37414
37476
37545
37695
37791
38554
38898
38996
39264
39276
39473
39624
39752
39979
40070
40081
40344
40378
40452
40491
40914
41037
41084
41149
41340
41347
41362
41389
41431
41508
41565
41697
41703
41722
41909
42020
42065
42129
42134
42140
42233
42241
42782
42823
43225
43247
43375
43567
43735
43775
43877
43981
44232
44251
44578
44594
44626
44996
45645
45671
45843
45887
45944
46058
46122
46170
46176
46188
46223
46304
46334
46550
46824
46945
47080
47198
47359
47371
47381
47399
47470
47708
47821
47906
48013
48023
48083
48374
48475
48493
48695
48721
48995
49050
49090
49104
49280
49316
49443
49736
49793
50271
50397
50505
50645
50651
50657
51105
51110
51191
51505
51984
52037
52164
52222
52627
52763
52999
53158
53176
53203
53239
53322
53419
53611
53946
53964
54107
54266
54356
54561
54571
54674
54710
54835
54899
54968
54974
55156
55172
55481
55622
56077
56110
56401
56471
56624
56636
56849
56905
56910
57008
57245
57289
57424
57502
57635
57762
57783
57949
58008
58084
58184
58293
58299
58752
58807
58997
Number of cuts: 436

Poco6
803
821
5686
5842
6092
6359
6736
8211
9129
9288
9884
10089
11004
11019
11133
11157
12105
12124
12625
12840
14576
15436
16275
17226
17938
18834
19631
22714
24210
27127
27270
28396
29475
29563
29672
30405
31269
31488
32050
33000
33725
34508
35116
35443
36188
36314
36569
36808
36986
37993
39729
41989
42060
43222
44105
44674
45493
45814
46064
46309
46421
46444
47087
48031
48214
48654
49401
49600
49999
50156
50311
50631
51811
53382
53606
53989
55225
55295
55423
56024
56695
56896
57453
57466
57737
57748
60849
60963
61735
63513
63551
65641
65674
66488
67016
67397
67478
68022
68268
68898
70300
71038
71516
73491
74459
74720
75977
76300
Number of cuts: 108

Rasputin
12
30
1029
1080
1849
2119
2508
2756
3309
5047
6076
6672
6847
7163
7173
7306
7547
7595
7757
7833
7885
8638
8914
9055
9321
9341
9751
9982
10448
11250
11283
11479
12028
12308
12347
12532
13699
13818
14025
14126
14841
15770
15958
16234
16293
18116
18364
18373
18888
18962
20402
20471
20602
20745
20823
21241
21506
21673
21743
21760
21986
22610
22629
23080
23348
23407
23736
23913
23935
25068
25174
25418
25697
25945
26370
27499
27694
28338
28521
29354
29550
29581
30206
30470
30638
31152
31375
31424
32014
32256
32296
32714
33304
33339
33413
33595
33689
34620
35520
36485
36694
37175
37344
37859
37921
38222
38953
40636
40661
41200
41376
43138
43922
44234
44607
44999
Number of cuts: 116

RER2
12
30
1029
1080
1849
2119
2756
3309
4610
5047
6687
6862
6960
7178
7188
7321
7562
7610
7848
7900
8378
8670
8945
9086
9352
9372
9964
10013
10432
10473
11281
11314
12059
12339
12833
13730
14056
14872
15801
15875
16265
18147
18395
18404
18919
19701
20433
20502
20633
20776
20854
21272
21537
21704
21743
21791
22017
22640
22659
23051
23110
23378
23437
23765
23942
23964
25097
25203
25375
25424
25447
25514
25726
25974
26399
27528
27723
28367
28550
29383
29579
29610
30499
30805
31181
31404
31453
32043
32285
32325
32743
33333
33368
33442
33624
33718
34649
35549
36514
36723
37204
37373
37888
37950
38251
38982
40665
40690
41229
41405
43167
43951
44263
44636
45028
Number of cuts: 115

RexFury
12
30
1060
1111
1880
2150
2539
2787
3340
4641
5078
6718
6893
6991
7209
7219
7352
7593
7641
7879
7931
8409
8701
8976
9117
9383
9403
9813
9995
10044
10463
11312
11345
12370
12864
13761
14087
14903
15832
15906
16296
18178
18426
18435
18950
19732
20464
20533
20664
20834
21303
21568
21735
21774
21822
22048
22671
22690
23082
23141
23409
23468
23796
23973
23995
25128
25234
25478
25757
26005
26430
27559
27754
28581
29414
29610
29641
30266
30530
30698
31212
31435
31484
32074
32316
32356
32774
33364
33399
33473
33655
33749
34680
35580
36545
36754
37235
37404
37919
37981
38282
38800
39203
39851
41259
41435
43197
43981
44293
44666
45058
Number of cuts: 111

RGL3
12
30
106
1010
1061
1848
1880
1931
2118
2440
2450
2504
2510
2672
2906
3311
3408
4222
4360
4486
4612
5049
5208
5448
5487
6078
6680
6865
6950
7169
7179
7553
7601
7838
8430
8660
8782
8911
9073
9318
9338
9644
9659
9996
10448
10841
11252
11286
11341
11518
11718
11757
11802
11879
12319
12376
12383
12391
12475
12577
12628
12950
13063
13691
13875
13974
14007
14040
14051
14214
14306
15030
15287
16009
16147
16153
16168
16488
16926
17051
17883
18236
18308
18556
18760
19069
19603
19938
19999
20330
20741
20899
21271
21524
21557
21566
21692
21701
21809
21837
22074
22082
22301
22347
22436
22927
23221
23303
23313
23374
23568
23638
23856
23943
24205
24453
24894
25588
25694
25915
26598
26724
26772
26923
27438
27582
27752
27873
28098
28399
28515
28851
29283
29560
29806
30477
30508
30905
31169
31475
31517
31560
31700
32123
32189
32348
32438
32673
32713
32837
33023
33070
33076
33389
34014
34273
35030
35038
35113
35549
35556
36889
36952
37777
38057
38351
38385
38733
38742
38897
39149
39464
39560
41442
41679
41906
42402
42430
42904
43044
43064
43146
43703
43883
44500
44835
45516
45851
45965
46167
46198
46218
46920
47422
Number of cuts: 194

Rhodalysa
12
30
1029
1080
1849
2119
2756
3309
4610
5047
6687
6862
6960
7178
7188
7321
7562
7610
7848
7900
8378
8670
8945
9086
9352
9372
9964
10013
10432
10473
11281
11314
12059
12339
12833
13730
14056
14872
15801
15875
16265
18147
18395
18404
18919
19701
20433
20502
20633
20803
21272
21537
21662
21791
22017
22640
22659
23051
23110
23378
23437
23765
23942
23964
24723
25097
25203
25424
25447
25514
25726
25974
26399
27528
27723
28367
28550
29383
29579
29610
30235
30499
30805
31181
31404
31453
32043
32285
32325
32743
33333
33368
33442
33624
33718
34649
35549
36514
36723
37204
37373
37888
37950
38251
38982
40665
40690
41229
41405
43167
43951
44263
44636
45028
Number of cuts: 114

StCroix
12
30
1029
1080
1849
2119
2508
2756
3309
4610
5047
6687
6862
6960
7178
7188
7321
7562
7610
7848
7900
8378
8670
8945
9086
9352
9372
9964
10013
10432
10473
11281
11314
12339
12833
13730
14056
14872
15801
15875
16265
18147
18395
18404
18919
19701
20433
20502
20633
20803
21272
21537
21662
21791
22017
22672
22681
22750
23123
23391
23450
23778
23955
23977
25110
25216
25388
25437
25527
25643
25739
25987
26620
27541
27736
28380
28563
29396
29592
29623
30248
30512
30818
31194
31417
31466
32056
32298
32338
32756
33346
33381
33455
33637
33731
34662
35562
36536
36745
37226
37395
37910
37972
38273
39004
40687
40712
41427
43189
43973
44285
44658
45050
Number of cuts: 113

Swann
12
30
1029
1080
1849
2119
2508
2756
3309
4610
5047
6687
6862
6960
7178
7188
7321
7562
7610
7848
7900
8378
8670
8945
9086
9352
9372
9964
10013
10432
10473
11281
11314
12059
12339
12833
13730
14056
14872
15801
15875
16265
18147
18395
18404
18919
19701
20433
20502
20633
20803
21272
21537
21704
21743
21791
22017
22640
22659
23051
23110
23378
23437
23765
23942
23964
25097
25203
25447
25514
25726
25974
26399
27528
27723
28367
28550
29577
29608
30233
30497
30803
31179
31402
31451
32041
32283
32323
32741
33331
33366
33440
33622
33716
34647
35547
36512
36721
37202
37371
37886
37948
38249
38980
40663
40688
41227
41403
43165
43949
44261
44634
45026
Number of cuts: 113

Takoda
12
30
463
1022
1073
2111
2560
3301
4602
5039
6068
6664
6839
7155
7165
7298
7539
7587
7749
7825
7877
8905
9046
9312
9332
9742
10392
11241
11274
12019
12299
12338
12523
13690
13809
14611
14832
15761
15949
16225
18107
18355
18364
18879
19661
20148
20180
20393
20462
20593
20736
21232
21388
21497
21734
21751
21977
22631
22640
22709
23082
23174
23350
23409
23738
23915
25070
25176
25397
25420
25487
25699
25947
26372
26871
27321
27385
27696
27837
28523
29552
30142
30406
30712
31088
31311
31360
31950
32192
32650
33237
33272
33346
33567
33892
34832
35732
36697
36906
37387
37556
38071
38133
38434
38787
39165
39963
40517
41589
43716
44277
44368
44541
44589
46378
Number of cuts: 115

Trina
1378
4536
5257
6445
6959
7038
7604
8312
8402
9445
9536
9855
10131
10657
11344
12519
14634
14988
15634
16589
16657
17667
20344
21985
23002
23875
24106
27081
27162
27603
27801
28367
28491
28943
29009
29242
29417
29432
29504
29555
30576
32190
32202
32380
34174
34358
35525
38302
40110
41710
43678
44461
44727
45067
45130
47881
49135
49702
49729
50050
50377
51805
52193
54311
54408
54598
56932
57556
57689
59500
59944
60819
65602
65631
66547
67250
67532
68627
69229
69914
70361
71253
73203
73293
74344
76327
77284
78093
78151
78744
83819
87200
89368
89623
89697
90104
90287
91586
91679
92324
92379
92831
96561
97291
100281
101903
102921
103829
103919
104681
105823
106950
108259
108630
108777
109484
111959
112411
113698
114261
115137
119368
120859
122268
124523
124789
126213
126438
126862
127982
131844
131954
132873
137780
Number of cuts: 134

TWAMP
12
30
1029
1080
1849
2119
2756
3309
4610
5047
6687
6862
6960
7178
7188
7321
7562
7610
7848
7900
8378
8670
8945
9086
9352
9372
9964
10013
10432
10473
11281
11314
12059
12339
12833
13730
14056
14872
15801
15875
16265
18147
18395
18404
18919
19701
20433
20502
20633
20803
21272
21537
21662
21791
22017
22640
22659
23051
23110
23378
23437
23765
23942
23964
24723
25097
25203
25424
25447
25514
25726
25974
26399
27528
27723
28367
28550
29383
29579
29610
30235
30499
30805
31181
31404
31453
32043
32285
32325
32743
33333
33368
33442
33624
33718
34649
35549
36514
36723
37204
37373
37888
37950
38251
38982
40665
40690
41229
41405
43167
43951
44263
44636
45028
Number of cuts: 114

UhSalsa
12
30
1029
1080
1849
2119
2508
2756
3309
4610
5047
6687
6862
6960
7178
7188
7321
7562
7610
7848
7900
8378
8670
8945
9086
9352
9372
9964
10013
10432
10473
11281
11314
12339
12833
13730
14056
14872
15801
15875
16265
18147
18395
18404
18919
19701
20433
20502
20633
20803
21272
21537
21704
21743
21791
22017
22640
22659
23051
23110
23378
23437
23765
23942
23964
25098
25204
25376
25425
25515
25727
25975
26400
27529
27724
28368
28551
29609
30168
30432
30600
31114
31337
31386
31976
32218
32258
32676
33266
33301
33375
33557
33651
35491
36456
36665
37146
37315
37830
37892
38193
38711
39114
39762
41170
41346
43108
43892
44204
44577
44969
Number of cuts: 111

Weasels2
411
1391
4531
6551
6628
6660
6748
8324
12077
14682
14716
15471
15558
18579
18663
18861
19224
19859
23135
23399
23456
27125
27607
28247
28646
30298
30758
31625
34186
36199
36364
39020
40675
41271
43513
45871
46884
48522
50305
50327
51214
52170
52212
53208
55777
57963
59408
60243
60550
61000
61282
62020
64031
64061
64372
65133
65350
66647
66689
68297
68629
69435
69980
70687
72661
72783
73053
74891
77662
78523
78624
82091
87233
90290
90891
91472
93831
93964
94172
94589
96546
97707
97987
98123
102808
104624
105657
106672
108722
109548
110891
111610
112664
113028
115314
115904
118074
118626
120196
120265
121536
124014
125651
127770
128440
131227
131311
132116
133096
Number of cuts: 109

Yogi
12
30
1029
1080
1849
2119
2508
2756
3309
3650
4100
4220
4610
5047
6076
6672
6847
7163
7173
7306
7547
7595
7757
7833
7885
8637
8913
9320
9340
9580
9750
9981
10400
10690
11255
11288
12033
12313
12352
12366
12537
12747
13704
13823
14030
14131
14846
15775
15963
16239
16298
18121
18369
18378
18893
18967
20407
20476
20607
20750
20828
21246
21511
21678
21748
21765
21991
22614
22633
23084
23176
23352
23411
23739
23916
23938
25071
25177
25349
25398
25421
25488
25700
25948
26373
27502
27697
28341
28524
29357
29553
29584
30473
30641
30779
31155
31378
31427
32017
32259
32299
32717
33307
33342
33416
33598
33692
34620
35520
37074
37555
37724
38239
38301
38602
39120
39333
40129
41016
41041
41580
41756
44393
44400
44614
44987
45379
46497
Number of cuts: 128

Yoncess
12
30
1029
1080
1849
2119
2508
2756
3309
3650
4100
4220
4610
5047
6076
6672
6847
7163
7173
7306
7547
7595
7757
7833
7885
8637
8913
9054
9320
9340
9580
9750
9981
10400
10690
11255
11288
12033
12313
12352
12366
12537
13704
13823
14846
15775
15963
16239
16298
18121
18369
18378
18893
18967
20407
20476
20607
20828
21246
21511
21678
21748
21765
21991
22615
22634
23026
23085
23177
23353
23412
23740
23917
23939
25072
25178
25399
25422
25489
25701
25949
26374
27503
27698
28525
29358
29554
29585
30253
30421
30559
30935
31158
31797
32039
32079
32497
33087
33122
33196
33378
33472
34403
35303
36268
36477
36958
37127
37642
37704
38005
38736
40419
40444
40983
41159
42926
43710
44022
44395
Number of cuts: 120

