Alatin
1706
3000
3793
4337
5157
6807
8705
14503
16199
17406
17578
20191
20762
22908
25201
25599
27033
27762
28996
30110
33669
33981
34479
36550
38263
39367
40324
41761
42458
44602
44853
45091
45100
46276
46457
46512
46540
Number of cuts: 37

Alpacados
1658
1977
2962
3755
4299
5119
6754
8635
10374
10988
13649
13814
14439
16135
16709
17342
17514
17663
19203
20127
20698
21798
26052
27667
28901
30015
30144
33574
33886
36443
38555
39260
41191
41584
42281
44266
44425
44676
44914
44923
46099
46278
46332
46360
Number of cuts: 44

AngryOrchard
297
1651
2452
2945
3738
4282
6737
8618
10357
10971
13632
16118
16518
17325
17497
20681
22772
23784
25464
27626
30037
30639
33026
34046
34541
36603
39420
44485
44644
45241
46204
46437
46464
Number of cuts: 33

AppleCloud
1413
2709
3502
4046
6501
10097
10705
12286
13678
14461
14468
14743
16164
16482
16564
17371
17543
19232
20727
20911
23072
23822
25474
27637
28950
29969
30571
30675
30739
32078
33399
33705
36268
37981
38380
41085
41478
42175
44319
44570
44808
44817
45993
46173
46228
46256
Number of cuts: 46

Belenaria
1706
3000
3793
4337
5157
6807
8705
14503
16199
17406
17578
20191
20762
21664
22841
25533
27696
28930
30105
33535
33847
34354
36416
38129
38528
41233
41626
42323
44467
44718
44956
44965
46141
46322
46377
46405
Number of cuts: 36

BobbyDazzler
1770
2089
3071
3864
4408
5228
6863
8744
10483
11097
13758
14548
16244
16818
17451
17623
17772
19312
20236
20807
21907
25578
26126
27012
27741
28975
30089
30218
33648
33960
34458
36520
39337
41338
41732
42429
44414
44573
44824
45071
46247
46426
46480
46508
Number of cuts: 44

Bonanza
1706
3000
3793
4337
5157
6792
8673
10412
11026
13687
13852
14477
16173
16747
17380
17552
17701
19241
20165
20736
21182
21836
22815
25506
26054
27669
28903
30017
30146
33576
33888
38937
39642
41643
42036
42733
44718
44877
45128
45366
45375
46536
46548
46717
46771
46799
Number of cuts: 46

Bradshaw
1706
3000
3793
4337
5157
6807
8705
14503
16199
17406
17578
20191
20762
22841
25134
25532
26966
27695
28929
30043
33602
33914
34412
36483
38196
39300
40257
41694
42391
44535
44786
45033
46322
46389
46445
46473
Number of cuts: 36

Bryce
1706
3000
3793
4337
5157
6792
8673
10412
11026
13687
14477
16173
16747
17380
17552
17701
19241
20165
20736
20920
21836
25507
27670
28904
29926
33356
33668
34166
36228
39045
41046
41440
42137
44122
44281
44532
44770
44779
45955
46132
46186
46214
Number of cuts: 42

ChewyVIII
1229
1938
2825
6169
7515
17644
17797
18298
20054
27538
28279
33644
36353
37386
38034
39422
41496
42534
43099
43692
44833
45754
46789
46990
47823
48797
52045
53729
54935
56695
58101
59035
59451
61929
64339
68613
68668
Number of cuts: 37

CosmicSans
1706
3000
3793
4337
5157
6807
8705
14503
16199
17406
17578
20191
20762
22841
25532
27695
28929
30043
33602
33914
34412
36474
38187
39291
41292
41685
42382
44367
44526
44777
45015
45024
46200
46381
46435
46463
Number of cuts: 36

Dinger
110
1702
2996
3789
4333
6788
8669
8811
10408
13683
14748
16169
16743
17376
20732
22824
23836
25516
27679
28992
30041
30643
30811
34047
34554
36616
39433
41436
44503
44662
45258
46457
46484
Number of cuts: 33

DocB7
1099
1243
1896
3844
8043
8196
9429
9435
10236
10436
12140
16423
18761
19505
22917
23342
26534
28060
28636
30140
34674
35070
36049
37133
37510
38596
39915
41009
41225
44595
46944
48395
49647
49761
51640
52036
52555
52658
53822
54284
54712
55689
57408
57727
58742
58776
60606
61314
61371
62801
64769
66602
67449
67703
69161
69673
70607
70738
70754
71433
71828
73984
74213
75137
75199
75572
75588
Number of cuts: 67

E3
564
747
2250
2973
3126
3342
3846
3879
3979
4382
6449
6905
7275
7607
8367
9574
9790
9876
10122
10173
10370
10753
11231
11377
11422
12188
12311
12886
14042
14375
15021
15108
16223
16537
16662
16677
16823
17609
17995
18087
18378
20518
20665
22571
24603
25005
29337
29377
30094
30148
31003
33679
33788
34145
34160
35514
35845
36323
36350
36451
37650
37914
39337
40367
40520
40786
41987
41996
42328
42917
43550
43770
44189
45394
45939
46829
47192
47226
48384
48899
48965
49671
49695
50556
50953
52169
52950
55021
55182
57602
58345
58799
60503
61950
63120
63510
64706
65095
65440
65601
65988
66028
66334
67442
67523
67798
67807
67991
68108
69358
71297
71568
72319
73031
73055
73766
73776
74285
75244
75626
75797
76780
76894
77068
78098
78199
79820
80220
80305
82026
82961
84484
85112
86119
86584
88487
88945
90018
90595
90876
91575
92430
94504
94841
95947
96218
96317
97874
102225
104077
106027
106413
107993
108310
108424
108468
108722
110307
110561
111103
111836
112840
115096
116230
117513
117618
118353
119235
120351
122508
122733
123390
126332
127048
128201
128924
129107
130127
130167
130377
131644
132141
132551
135190
135726
136964
137078
138490
138694
142388
Number of cuts: 190

Erik
1706
3000
3793
4337
5157
6807
14502
16198
17405
17577
20190
20761
21663
22840
25530
27693
28927
30104
33534
33846
34344
36406
38119
39223
40180
41123
41516
42213
44357
44608
44846
44855
46031
46213
46268
46296
Number of cuts: 36

Espica
1706
3000
3793
4337
5157
6807
8705
14503
16199
17406
17578
20191
20762
21664
22841
25533
27696
28930
30105
33535
33847
34354
36416
38129
38528
41233
41626
42323
44467
44718
44956
44965
46141
46321
46376
46404
Number of cuts: 36

Finch
887
2400
2909
2969
4107
4391
5501
7056
7602
7690
8886
10243
11897
12315
12864
13860
17296
17712
20540
22663
23321
24020
25870
26789
28081
28520
29767
30922
31028
33258
33466
34169
40974
41390
41580
41627
44803
45363
45488
46938
47810
48583
51004
51916
52895
53774
54228
54435
56922
57414
58301
58874
58979
60871
63233
65638
67028
67706
69896
71461
71935
72051
74087
74652
75293
75713
78096
78445
79264
80420
81740
82033
83768
83993
84955
85037
85048
85075
85117
85144
85385
86583
87187
87509
93371
96776
97624
98359
98866
99712
100193
101055
101160
101450
102559
103105
106286
108182
108320
108458
108524
108616
110693
111525
111772
112248
113007
114137
114986
116274
116465
117400
117463
117759
118865
119015
120199
120911
122711
123564
124183
124649
126078
126944
127173
128214
130014
131314
131480
132428
132560
133004
133080
133121
133613
134534
135172
135240
135578
136023
138142
Number of cuts: 141

Gollum
1706
3000
3793
4337
5157
6807
8705
14503
16199
17406
17578
20191
20762
21664
22841
25134
25532
27695
28929
30041
33162
33600
33912
34410
36472
38185
38584
40190
41234
41627
42324
44309
44468
44719
44957
44966
46142
46320
46374
46402
Number of cuts: 40

Grayson
1639
2182
10866
15085
23912
27926
34433
60912
62155
65643
70597
72150
78598
79306
81222
86154
86371
92368
98836
99279
108065
108322
109660
112631
125201
125779
126113
130540
131083
Number of cuts: 29

Harlequin
1706
3000
3793
6792
8673
10388
11002
13663
14453
16149
16723
17356
17528
17677
19217
20141
20712
20896
21866
25537
27700
28934
29956
33386
33698
34196
36258
38370
39075
41081
41475
42172
44157
44316
44567
44805
44814
45990
46168
46222
46250
Number of cuts: 41

Hiro
1706
3000
3793
4337
5157
6792
10388
10996
12120
12577
14752
14759
15034
16455
16855
17662
17834
19523
21018
21202
25792
26340
27955
29189
30303
30432
31034
33862
34174
34672
36734
38846
39551
41552
41946
42643
44628
44787
45038
45276
45285
46461
46640
46693
46721
Number of cuts: 45

Jace
1039
2355
2655
4227
4349
4356
4823
5517
5757
5785
6435
6997
7836
8641
10071
12323
13811
14002
14043
15761
16641
16984
17031
17143
19301
19453
20357
20415
21316
25169
26145
26449
28065
28477
29916
29956
30007
30358
31559
32889
33560
34347
34878
36364
36387
36678
36738
37574
37604
39223
39394
40250
40701
41294
42074
43423
43788
44365
44967
45509
46832
49300
49579
51098
51258
52123
52388
52460
52526
52550
53614
Number of cuts: 71

Jester
1706
3000
3793
6792
8673
10388
10996
13657
14440
14447
16143
16461
16543
17350
17522
19211
20135
20706
20890
21806
25468
27631
28865
29887
33317
33629
34127
36189
38301
39006
41012
41406
42103
44088
44247
44498
44736
44745
45921
46099
46153
46181
Number of cuts: 42

Krishelle
1706
3000
3793
4337
5157
6807
10403
11011
12592
13984
14767
14774
15049
16470
16788
16870
17677
17849
19538
21033
21217
23414
24164
25816
27979
29292
30403
33962
34274
34772
36843
38556
39660
40617
42054
42751
44895
45146
45384
45393
46557
46578
46845
46852
Number of cuts: 44

Lillie
1706
3000
3793
4337
5157
6807
8705
14503
16199
17406
17578
20191
20762
22841
25532
27695
28929
30043
33602
33914
34412
36474
38187
39291
41292
41685
42382
44367
44526
44777
45015
45024
46200
46381
46435
46463
Number of cuts: 36

Mahdia
343
1719
5020
15425
15685
18100
18158
19803
20181
20438
21045
22618
25757
28329
31082
33309
36402
40856
41005
42213
42376
Number of cuts: 21

Naiad
1706
3000
3793
4337
5157
6807
8705
14503
16199
17406
17578
20191
20762
22854
25147
25545
26979
27708
28942
30056
33615
33927
34425
36496
38209
39313
40270
41707
42404
44548
44799
45037
45046
46222
46403
46458
46486
Number of cuts: 37

Nancinator
1706
3000
3793
4337
5157
6807
8705
14503
16199
17406
17578
20191
20762
21664
22841
25533
27696
28930
30105
33535
33847
34354
36416
38129
38528
39587
40631
41024
41721
43865
44116
44354
44363
45539
45720
45775
45803
Number of cuts: 37

Natosaleda
1706
3000
3793
4337
5157
6807
8705
14503
16199
17406
17578
20191
20762
21664
22841
25532
27695
28929
30104
33534
33846
34353
36415
38128
38527
41232
41625
42322
44466
44717
44955
44964
46132
46312
46366
46394
Number of cuts: 36

Partridge
110
1765
3059
3852
4396
5216
6851
8732
8874
10471
11085
13746
14811
16232
16806
17439
20569
20626
20795
22887
23899
27778
29091
30203
30332
30934
31102
34203
34710
36772
39590
41593
44849
45008
45603
46802
46829
Number of cuts: 37

Pepy6
3347
4115
18322
24534
39269
44692
54520
55853
56112
60790
60823
74083
Number of cuts: 12

Peregrin
2089
2211
20445
23078
27440
33197
49587
50420
51517
54407
60522
64061
69007
70207
70560
78806
79696
81752
86073
91799
94646
97282
97725
108338
117014
124253
127211
128109
132158
132280
Number of cuts: 30

Phrankenstein
1706
3000
3793
4337
5157
6807
8705
9440
14503
16199
17406
17578
20191
20762
21610
22787
25478
27641
28875
29989
33548
33860
34358
36420
38133
39237
40194
41238
41631
42328
44472
44723
44961
44970
46146
46326
46380
46407
Number of cuts: 38

Pine5
1192
1479
2638
3310
4089
5784
6152
6508
9834
10356
16296
17807
18010
19628
19958
20071
21178
21223
24709
28381
28553
32323
32476
32645
33180
34906
36597
39639
39936
40905
44162
45764
49684
51189
51703
51869
52026
52585
53779
Number of cuts: 39

Poco6
9073
12390
16563
26547
31304
34079
39962
41291
47355
53751
55752
57361
61291
63809
65714
66237
71091
75593
Number of cuts: 18

Rasputin
1706
3000
3793
4337
5157
6792
8674
11021
13682
14472
16168
16742
17375
17547
17696
19236
20160
20731
22811
23823
25503
27666
28900
29025
30014
33573
33885
34383
36445
38158
39262
40219
41263
41656
42353
44497
44748
44986
44995
46171
46353
46408
46436
Number of cuts: 43

RER2
1706
3000
3793
4337
5157
6807
8705
14503
16199
17406
17578
20191
20762
21664
25136
25532
26080
27695
28929
30043
30172
33602
33914
34412
36474
38187
39291
40248
41292
41685
42382
44526
44777
45015
45024
46200
46379
46435
46463
Number of cuts: 39

RexFury
1737
3031
3824
4368
5188
6838
8736
9471
14534
16230
17437
17609
20222
20793
21695
22872
25563
26997
27726
28960
29085
30074
33633
33945
34443
36505
38218
38617
41322
41715
42412
44397
44556
44807
45045
45054
46230
46411
46466
46494
Number of cuts: 40

RGL3
447
1705
1865
1892
1929
2352
3002
3463
5500
6797
7268
10469
11709
13561
13845
14189
14640
14936
15805
16363
16763
17739
19333
20213
22187
22699
23242
23366
24335
25648
27103
27209
27941
30842
31548
31612
31740
32202
33498
34084
34351
34815
34857
35242
35790
35797
35821
35944
36920
37366
37469
38218
39026
39377
40230
41278
41969
42933
43701
46056
46639
46816
47482
47783
47911
47944
Number of cuts: 66

Rhodalysa
1706
3000
3793
4337
5157
6807
8705
14503
16199
17406
17578
20191
20762
22841
25532
27695
28929
30043
33602
33914
34412
36474
38187
39291
41292
41685
42382
44367
44526
44777
45015
45024
46200
46381
46435
46463
Number of cuts: 36

StCroix
1706
3000
3793
4337
5157
6807
8705
14503
16199
17406
17578
20191
20762
22854
25147
25545
26979
27708
28942
30056
33615
33927
34425
36496
38209
39313
40270
41707
42404
44548
44799
45037
45046
46222
46403
46458
46486
Number of cuts: 37

Swann
1706
3000
3793
4337
5157
6807
8705
14503
16199
17406
17578
20191
20762
22841
25532
26966
27695
28929
30041
33600
33912
34410
36472
38185
39289
40246
41290
41683
42380
44524
44775
45013
45022
46199
46380
46435
46463
Number of cuts: 37

Takoda
297
1698
2992
3785
4329
6784
8665
10404
13673
16159
16559
17366
17538
20722
22157
22813
23825
25505
27668
30079
30681
34046
34088
34595
36657
39474
40499
44693
44852
45103
45449
46413
46647
46674
Number of cuts: 34

Trina
809
1339
1646
1664
2051
2252
2423
4765
11609
13668
21404
26036
26204
28896
35114
36960
37902
41282
42358
44826
45477
46368
47682
50163
57114
59556
59585
61791
62217
62387
64470
64725
65337
65471
67360
72732
73415
74221
76267
76694
79586
81104
82037
82198
83354
85948
97687
100337
101081
102036
102366
107420
109931
111608
113739
119960
120466
121463
122052
123777
128542
130942
131420
134688
135822
137211
137741
138048
138066
138453
138654
138825
Number of cuts: 72

TWAMP
1706
3000
3793
4337
5157
6807
8705
14503
16199
17406
17578
20191
20762
22841
25532
27695
28929
30043
33602
33914
34412
36474
38187
39291
41292
41685
42382
44367
44526
44777
45015
45024
46200
46381
46435
46463
Number of cuts: 36

UhSalsa
1706
3000
3793
4337
5157
6807
8705
14503
16199
17406
17578
20191
20762
21664
22841
25533
27696
28930
30105
33535
33847
34354
36416
38129
38528
41233
41626
42323
44467
44718
44956
44965
46141
46322
46378
46406
Number of cuts: 36

Weasels2
4368
6386
23485
27319
27439
70019
80797
82030
103686
103828
109722
110889
111503
116945
120653
124615
129049
129822
130891
Number of cuts: 19

Yogi
1706
3000
3793
4337
5157
6792
8673
10412
11026
13687
13852
14477
16173
16747
17380
17552
17701
19241
20165
20736
21182
21836
22815
25506
26054
27669
28903
30017
30146
33576
33888
38937
39642
41643
42036
42733
44718
44877
45128
45366
45375
46536
46548
46715
46769
46797
Number of cuts: 46

Yoncess
1706
3000
3793
4337
5157
6792
8673
10412
11026
13687
14477
16173
16747
17380
17552
17701
19241
20165
20736
21836
25507
26055
26941
27670
28904
29926
33356
33668
34166
36228
39045
41046
41440
42140
44126
44285
44536
44774
44783
45959
46138
46192
46220
Number of cuts: 43

