Alatin
2145
16082
17326
20808
21075
21565
21905
27173
37452
44486
46446
46468
Number of cuts: 12

Alpacados
2098
16157
17262
21011
21447
27078
39730
44309
46267
46289
Number of cuts: 10

AngryOrchard
2090
11786
17245
21430
27037
36275
Number of cuts:  6

AppleCloud
1854
17291
21040
21476
21816
27048
37170
44203
46162
46184
Number of cuts: 10

Belenaria
2145
16082
17326
20808
21075
21511
21851
27107
37318
44351
46311
46333
Number of cuts: 12

BobbyDazzler
2210
17371
21120
27152
37422
39807
44457
46415
46437
Number of cuts:  9

Bonanza
2145
16195
17300
21049
21485
27080
44761
46706
46728
Number of cuts:  9

Bradshaw
2145
16082
17326
20808
21075
21511
21851
27106
37385
44419
46378
46400
Number of cuts: 12

Bryce
2145
17300
21049
27081
37130
44165
46121
46143
Number of cuts:  8

ChewyVIII
1749
17404
17589
17769
33856
36421
37303
38287
63537
Number of cuts:  9

CosmicSans
2145
16082
17326
20808
21075
21511
21851
27106
37376
44410
46370
46392
Number of cuts: 12

Dinger
17296
21045
21821
27090
Number of cuts:  4

DocB7
2233
7135
12901
16439
19136
27460
28902
36079
47058
49440
50727
51574
59215
60695
Number of cuts: 14

E3
1324
20389
22142
32572
51051
62304
65162
98625
123275
Number of cuts:  9

Erik
2145
16081
17325
20807
21074
21510
21850
27104
37308
44241
46202
46224
Number of cuts: 12

Espica
2145
16082
17326
20808
21075
21511
21851
27107
37318
44351
46310
46332
Number of cuts: 12

Finch
4058
20790
30198
30795
31954
36987
42877
43785
44642
52170
64160
78735
81234
87030
110595
113682
126528
128176
135874
135874
Number of cuts: 20

Gollum
2145
16082
17326
20808
21075
21511
21851
27106
44352
46309
46331
Number of cuts: 11

Grayson
108
1688
1897
2554
4104
19878
31083
42924
45381
52754
57150
60028
60860
63360
64079
64736
68678
72789
74596
77560
78528
79572
84996
86264
96751
97007
101920
105928
111805
116453
120009
121898
122194
125017
125943
126845
129009
130589
130798
131455
Number of cuts: 40

Harlequin
2145
17276
21025
27111
37160
44200
46157
46179
Number of cuts:  8

Hiro
2145
17582
21331
21767
22107
27366
37636
44671
46629
46651
Number of cuts: 10

Jace
8727
9677
11159
21799
26652
28234
29823
34182
Number of cuts:  8

Jester
2145
17270
21019
27042
37091
44131
46088
46110
Number of cuts:  8

Krishelle
2145
17597
21346
21818
22158
27390
37745
44779
Number of cuts:  8

Lillie
2145
16082
17326
20808
21075
21511
21851
27106
37376
44410
46370
46392
Number of cuts: 12

Mahdia
13475
20170
26715
39032
Number of cuts:  4

Naiad
2145
16082
17326
20808
21075
21511
21851
27119
37398
44432
46392
46414
Number of cuts: 12

Nancinator
2145
16082
17326
20808
21075
21511
21851
27107
37318
43749
45709
45731
Number of cuts: 12

Natosaleda
2145
16082
17326
20808
21075
21511
21851
27106
37317
44350
46301
46323
Number of cuts: 12

Partridge
17359
21108
21884
27189
Number of cuts:  4

Pepy6
3239
36947
40544
48897
52197
55388
57846
59669
70364
Number of cuts:  9

Peregrin
5640
32646
32739
35755
44161
51537
58395
61555
62446
67103
71199
74573
77770
78736
84883
86183
89172
95784
99039
102307
106349
111200
117261
119347
127882
Number of cuts: 25

Phrankenstein
2145
16082
17326
20808
21075
21457
21797
27052
37322
44356
46315
46337
Number of cuts: 12

Pine5
9269
20021
21420
26618
28938
34526
34534
38202
Number of cuts:  8

Poco6
30697
38634
39888
51623
53706
65784
71630
Number of cuts:  7

Rasputin
2145
17295
21044
21820
27077
37347
44381
46342
46364
Number of cuts:  9

RER2
2145
16082
17326
21075
21511
21851
27106
37376
44410
46391
Number of cuts: 10

RexFury
2176
16113
17357
20839
21106
21542
21882
27137
37407
44440
46400
46422
Number of cuts: 12

RGL3
16828
17487
20740
23120
35284
41037
Number of cuts:  6

Rhodalysa
2145
16082
17326
20808
21075
21511
21851
27106
37376
44410
46370
46392
Number of cuts: 12

StCroix
2145
16082
17326
20808
21075
21511
21851
27119
37398
44432
46392
46414
Number of cuts: 12

Swann
2145
16082
17326
20808
21075
21511
21851
27106
37374
44408
46369
46391
Number of cuts: 12

Takoda
2137
11827
17286
21471
27079
36329
Number of cuts:  6

Trina
2989
17188
19291
22727
29803
38251
44180
50130
51394
51564
55250
57936
69703
73053
84331
85962
86932
98196
108867
109648
109732
118128
124034
128045
Number of cuts: 24

TWAMP
2145
16082
17326
20808
21075
21511
21851
27106
37376
44410
46370
46392
Number of cuts: 12

UhSalsa
2145
16082
17326
20808
21075
21511
21851
27107
37318
44351
46311
46333
Number of cuts: 12

Weasels2
4078
21738
24761
34061
40513
40642
55520
58754
62704
63364
63897
70485
75744
79098
92592
111722
122523
125326
126158
126324
128354
Number of cuts: 21

Yogi
2145
16195
17300
21049
21485
27080
44761
46704
46726
Number of cuts:  9

Yoncess
2145
17300
21049
27081
37130
39515
44169
46127
46149
Number of cuts:  9

