Alatin
582
597
991
1023
1728
1866
2376
2502
2995
3505
3711
4332
4369
4678
5093
5314
5495
6135
6225
6366
6968
7144
7277
7995
8388
8847
9229
9787
10094
10188
10841
11155
12282
14681
15749
16108
16467
16479
16719
16768
17898
18047
18413
19250
19628
19721
19790
20536
21352
21581
21721
21757
21880
21913
22090
22856
22903
23243
23513
23612
23740
23915
24198
24408
24623
24928
25091
25332
25738
25840
26450
26609
27128
27549
28198
29483
29494
29921
30199
31110
31635
32005
32409
32503
33017
33484
33666
33725
33978
34476
34901
35566
36172
36376
36385
36811
36981
37763
38172
38184
39136
39264
39349
39977
40960
41185
41217
41241
41581
41607
41756
41989
42292
42316
42806
43461
43915
44074
44401
44473
44648
44850
46298
46462
46476
46496
46624
Number of cuts: 127

Alpacados
582
597
991
1023
1595
1680
2338
2464
2957
3467
4294
4331
4640
5055
5068
5276
5375
5457
6097
6313
6915
7091
7224
7942
8350
8356
8465
8738
8777
8993
9717
10024
10455
10739
10777
11091
12218
13644
13653
13809
14617
15391
15685
16044
16188
16236
16403
16415
16450
16655
16704
17658
17876
18349
19186
19415
19564
19657
19726
20472
20960
21288
21341
21463
21478
21795
21972
23112
23382
23481
23609
23784
24067
24277
24492
24797
25201
25643
25745
26169
26514
27033
27056
27454
28103
29388
29399
29467
29826
30104
31015
31540
31910
32314
32408
32922
33389
33571
33630
33883
34803
35468
36074
36269
36278
36704
36874
37656
38065
38077
38552
38957
39029
39082
39242
39870
41008
41064
41430
41579
41812
42115
42139
42629
43738
43897
44224
44296
44471
44673
45179
46121
46283
46297
46316
46444
Number of cuts: 136

AngryOrchard
580
595
986
1016
1588
1673
1811
2292
2321
2447
2940
3450
3656
4277
4314
4623
5038
5051
5294
5358
5440
6080
6296
6898
7074
7207
7925
8333
8339
8448
9700
9782
10007
10438
10604
10722
10760
11074
12201
13132
13627
13636
14600
15668
15691
16027
16219
16386
16398
16638
16687
17817
18332
19398
19547
19640
19709
20117
20171
20669
21271
21324
21342
21446
21749
21955
22720
22767
23107
23377
23476
23604
24063
24273
24793
24956
25197
25603
25705
26117
26150
26177
26314
26473
26992
27015
28062
29347
29358
29426
29997
30753
30908
31433
32227
32812
33021
33279
33790
33900
34043
34177
34963
35628
36234
36340
36429
36438
36864
37034
37324
37816
38225
38237
39117
39189
39242
39402
40032
40797
41014
41239
41295
41634
42042
42231
42854
43365
43957
44116
44443
44690
44892
44913
46226
46389
46548
Number of cuts: 137

AppleCloud
85
346
361
786
816
1435
1892
2056
2085
2211
2704
3214
3420
4041
4387
5058
5122
5204
5844
6060
6838
6971
7689
8097
8103
8212
8382
8485
8512
9522
9747
9841
10178
10456
10494
10808
12147
12153
13673
13682
14301
14646
15714
15737
15785
16073
16265
16432
16444
16684
16733
17863
18378
19593
19686
19755
20163
20217
20789
21173
21317
21492
21824
22001
22245
22907
23642
24073
24283
24803
24929
25207
25559
25613
25715
26325
27003
27026
27575
28073
29434
29445
29513
29929
30685
30840
31326
31365
32139
32159
32335
32747
33214
33338
33396
33455
33559
33702
34628
35293
35899
36103
36529
36699
37481
37890
37902
38377
38782
38854
39067
40677
40902
40934
40958
41324
41473
41706
42009
42033
42523
43178
43632
43791
44118
44190
44365
44567
46015
46178
46192
46212
46340
Number of cuts: 133

Belenaria
582
597
991
1023
1728
1866
2376
2502
2995
3505
3711
4332
4369
4678
5093
5314
5495
6135
6225
6366
6968
7144
7277
7995
8388
8847
9229
9787
10094
10188
10841
11155
12282
14681
15749
16108
16467
16479
16719
16768
17898
18047
18413
19628
19721
19790
20536
21352
21527
21661
21826
21859
22036
22789
22836
23176
23446
23545
23673
23848
24132
24342
24557
24862
25266
25774
26384
26543
27062
27085
27483
28132
29415
29426
29494
29874
30065
30976
31501
32275
32369
32883
33350
33532
33591
33844
34351
34776
35441
36047
36251
36677
36847
37629
38038
38050
38525
38930
39002
39215
40825
41050
41082
41106
41472
41621
41854
42157
42181
42671
43326
43780
43939
44266
44338
44513
44715
46163
46327
46341
46361
46489
Number of cuts: 122

BobbyDazzler
582
597
991
1023
1595
1792
2447
2573
3066
3576
4403
4440
4749
5164
5177
5385
5484
5566
6206
6422
7024
7200
7333
8051
8459
8465
8574
8847
8886
9826
10133
10564
10848
10886
11200
12327
13753
13762
14726
15500
15794
16153
16297
16345
16512
16524
16559
16764
16813
17767
17985
18458
19295
19524
19673
19835
20581
21069
21253
21450
21865
21904
22081
23222
23492
23591
23719
23894
24177
24387
24602
24907
25311
25717
25819
26243
26588
27107
27130
27528
27748
28177
29462
29473
29541
29900
31089
31614
31984
32388
32482
32996
33463
33645
33704
33957
34455
34880
35545
36151
36346
36355
36781
36951
37733
38142
38154
39034
39106
39159
39319
39947
40340
41155
41211
41578
41727
41960
42263
42287
42777
43291
43432
43886
44045
44372
44444
44619
44821
46269
46431
46445
46464
46592
Number of cuts: 134

Bonanza
582
597
991
1023
1728
1866
2376
2502
2995
3505
4332
4369
4678
5093
5106
5314
5413
5495
6135
6351
6953
7129
7262
7980
8388
8394
8503
8776
8815
9031
9755
10062
10493
10777
10815
11129
12256
13682
13691
13847
14655
15429
15723
16082
16226
16274
16441
16453
16488
16693
16742
17696
17914
18387
19224
19453
19602
19764
20510
20998
21177
21326
21379
21501
21516
21833
22010
22810
23150
23420
23519
23647
23822
24105
24315
24530
24835
25239
25645
25747
26171
26516
27035
27058
27456
28105
29390
29401
29469
29828
30106
31017
31542
31912
32316
32410
32924
33391
33573
33632
33885
34805
35470
36076
36271
36280
36427
36683
37086
37256
38038
38447
38459
38934
39339
39411
39464
39624
40252
41460
41516
41882
42031
42264
42567
42591
43081
43517
44190
44349
44676
44748
44923
45125
45631
46558
46722
46736
46755
46883
Number of cuts: 140

Bradshaw
582
597
991
1023
1728
1866
2376
2502
2995
3505
3711
4332
4369
4678
5093
5314
5495
6135
6225
6366
6968
7144
7277
7995
8388
8847
9229
9787
10094
10188
10841
11155
12282
14681
15749
16108
16467
16479
16719
16768
17898
18047
18413
19628
19721
19790
20536
21352
21527
21667
21703
21826
21859
22036
22789
22836
23176
23446
23545
23673
23848
24131
24341
24556
24861
25024
25265
25671
25773
26383
26542
27061
27482
28131
29416
29427
29854
30132
31043
31568
31938
32342
32436
32950
33417
33599
33658
33911
34409
34834
35499
36105
36309
36318
36744
36914
37696
38105
38117
39069
39197
39282
39910
40893
41118
41150
41174
41514
41540
41689
41922
42225
42249
42739
43394
43848
44007
44334
44406
44581
44783
46254
46394
46408
46429
46557
Number of cuts: 126

Bryce
582
597
991
1023
1728
1866
2376
2502
2995
3505
4332
4369
4678
5093
5106
5314
5413
5495
6135
6351
6953
7129
7262
7980
8388
8394
8503
8776
8815
9031
9755
10062
10493
10777
10815
11129
12256
13682
13691
14655
15429
15723
16082
16226
16274
16441
16453
16488
16693
16742
17696
17914
18387
19224
19453
19602
19764
20510
20998
21379
21794
21833
22010
23151
23421
23520
23648
23823
24106
24316
24531
24836
25240
25646
25748
26172
26517
27036
27059
28106
29391
29402
29470
29886
30797
31322
31692
32096
32190
32704
33171
33353
33412
33665
34163
34588
35253
35859
36054
36063
36489
36659
37441
37850
37862
38742
38814
38867
39027
39655
40048
40863
40919
41286
41435
41668
41971
41995
42485
43140
43594
43753
44080
44152
44327
44529
45977
46137
46151
46170
46298
Number of cuts: 131

ChewyVIII
272
372
518
540
643
715
962
1286
1326
1735
1794
1969
2512
2772
3023
3210
3464
3699
4767
5019
5068
5079
6414
7054
7287
7512
7696
8555
10392
10401
10957
11743
11905
11965
12514
13751
13802
13804
14113
14958
15021
15120
15719
17113
17239
17333
17565
17644
17677
17771
17797
17887
18127
18226
18295
19006
19553
19823
19884
19972
20084
20125
20297
20412
20425
20594
20701
20968
21496
21828
22542
22859
23037
23292
23375
23548
24503
24586
25532
26290
26377
26468
27533
27580
27776
27950
28159
28276
28877
29218
29337
29343
29353
29940
30181
30380
30438
31243
31802
32351
32545
32788
32808
33316
33641
34559
34574
34790
35163
35228
35663
35804
35840
36350
36461
36743
36959
37259
37383
37471
37663
37843
38034
38389
38975
39970
40052
40561
40674
40989
41370
41398
41711
42770
42902
43073
43687
43728
44742
44815
44833
45680
45784
45975
46229
46789
46985
47163
47208
47621
47820
48150
48215
48538
49863
50172
51631
51881
51973
52022
52045
52446
52691
52825
53108
53426
53571
53726
54223
54337
54476
54552
54673
55373
55436
55465
55579
55802
56690
58098
58577
59023
59138
59247
59292
59448
61090
61334
61651
61711
62058
62705
62732
63655
64339
65167
66236
67625
68221
68610
68665
68926
68938
Number of cuts: 203

CosmicSans
582
597
991
1023
1728
1866
2376
2502
2995
3505
3711
4332
4369
4678
5093
5314
5495
6135
6225
6366
6968
7144
7277
7995
8388
8847
9229
9787
10094
10188
10841
11155
12282
14681
15749
16108
16467
16479
16719
16768
17898
18047
18413
19628
19721
19790
20536
21352
21527
21667
21703
21826
21859
22036
22789
22836
23176
23446
23545
23673
23848
24131
24341
24556
24861
25265
26383
26542
27061
27482
28131
29416
29427
29854
30132
31043
31568
32342
32436
32950
33417
33599
33658
33911
34409
34834
35499
36105
36309
36735
36905
37687
38096
38108
39060
39188
39273
39901
41109
41165
41531
41680
41913
42216
42240
42730
43385
43839
43998
44325
44397
44572
44774
46222
46386
46400
46419
46547
Number of cuts: 118

Dinger
583
598
988
1018
1724
1862
2372
2498
2991
3501
3707
4328
4365
4674
5089
5102
5345
5409
5491
5576
6347
6482
6949
7125
7258
7976
8384
8390
8499
8777
8808
9751
10058
10489
10655
10811
11125
12252
12556
13678
13687
14651
15719
15742
16078
16270
16437
16449
16689
16738
17868
18383
19598
19691
20222
20563
20720
21178
21322
21375
21790
21829
22006
22172
22772
22819
23159
23429
23528
23656
24115
24325
24845
25249
25601
25655
25757
26280
26367
27045
27068
27592
27617
28115
29477
29488
29556
30001
30757
30912
31437
32211
32231
32340
32557
32819
33286
33797
33901
34044
34398
34551
34976
35641
36247
36353
36442
36451
36877
37047
37337
37829
38238
38250
39130
39202
39415
39612
40045
40834
41028
41253
41309
41431
41649
41675
42060
42249
42872
43017
43383
43975
44134
44461
44708
44910
44931
46245
46390
46407
46568
Number of cuts: 141

DocB7
2578
4293
4466
5464
6287
6721
6957
7530
8807
10543
11220
11427
11843
12710
12917
13397
13609
13860
13953
14077
14826
15169
15638
15730
16081
16162
16330
16420
18483
18549
19017
19152
21132
21261
21378
21963
23964
25044
25146
25251
25671
26313
26531
27614
27715
28025
28055
29531
31691
33465
34532
34546
35376
36087
36786
37067
37128
38352
38558
40035
41220
41498
42024
42774
44068
44719
45354
45994
46638
46876
47074
48021
50743
51973
52031
52550
52804
53180
53817
53853
53923
54709
55123
55544
56699
56948
57123
57590
58363
59785
60601
60916
61309
61366
61822
62320
62796
63963
64162
65130
66205
66801
67257
67898
69484
69621
69673
70607
71433
71678
71703
72479
73195
73981
74146
75196
75583
75758
Number of cuts: 118

E3
9
39
744
2121
2375
2489
2519
2667
2698
2715
3218
3776
3874
5309
5325
5381
5463
6164
6670
6823
7406
7697
7712
7898
7996
8222
8455
8800
9095
9550
9724
9756
10170
10365
10587
10748
11008
11046
11136
11175
11295
11412
11713
12008
12484
13039
13082
13179
13546
13832
13985
14681
14754
15278
15356
15374
16000
16333
16820
17606
17967
18084
18160
18320
18795
19128
19424
19857
19904
20014
20129
20564
20767
21250
21373
21801
22613
23364
23626
23866
24359
24556
24600
24787
24960
25845
26517
27611
27629
29095
29436
29589
30052
30091
31000
31260
31472
31489
31896
32221
33039
33676
33728
33940
34140
34155
35440
35615
35667
35673
35840
36028
36220
36265
36356
36462
36872
37095
37623
38019
38040
38057
38136
39334
39356
39484
39704
39994
40803
41444
41538
41646
41746
41982
42325
42547
42892
42908
43097
43730
43740
43878
43949
44127
44502
45099
45304
45543
45889
45923
46027
46826
46837
47138
47221
47292
47888
48645
48896
48962
49201
49509
49515
49578
49616
49668
49692
49749
49827
49878
50418
50948
51034
51084
51369
51384
51591
51830
52166
52644
52947
53064
53335
53498
53791
54189
54290
54467
54682
55179
56204
56497
56613
57118
57337
57474
57507
57527
57597
57724
57789
57975
58026
58224
58365
58677
59063
59069
59234
59504
60127
60500
60819
60844
60861
61191
61889
62377
63004
63117
63465
63507
63529
64377
64606
64748
64921
65058
65598
65982
65997
66003
66329
66727
67398
67520
67601
67942
67986
68252
68294
68554
68680
68958
69104
69281
69578
69650
69665
70326
70337
70362
70439
71565
71705
71735
71815
72085
72113
72170
72524
73003
73028
73763
74490
74615
74826
74907
75106
75139
75464
75727
75751
76109
76442
76664
76720
76767
76777
76903
76969
76996
77065
77257
77740
77790
78089
78196
78646
78693
78807
78886
79330
79788
79989
80302
80590
80802
80816
81104
81458
81846
81951
82206
82226
82374
82451
83252
83300
83510
83678
83955
84142
84144
84250
84481
84515
84607
84744
84746
84954
85172
85398
85418
85687
85879
86004
86021
86281
86581
87494
87685
88430
89411
90166
90278
90322
90523
90590
90600
90749
91087
92279
92466
92889
93156
93285
93490
93745
93853
94899
95103
95329
95401
95849
95944
96263
96312
96539
96632
96913
97003
97211
97886
98039
98185
98270
98670
99202
99433
99874
99898
100938
100987
101010
101087
101379
101919
102257
102294
103093
103436
104071
104298
104452
104461
104974
105160
105315
105888
106230
106251
106540
106582
106726
106756
106815
106933
107248
108717
109067
109259
109557
109594
109615
109864
110118
110286
110558
110924
111100
111111
111430
111964
112104
112142
112516
112842
112939
113041
113367
113710
113749
113901
114300
114721
114774
115011
115056
115093
115216
115270
115360
116057
116135
116227
117352
117606
117789
118350
118902
118985
119216
119364
119487
119498
119580
119700
119986
120075
120348
120952
121742
122441
122501
122595
122728
122847
123130
123190
123387
123888
124101
124462
124527
124650
124709
124750
124809
125156
125437
125835
126204
126316
126563
126951
127066
127257
127610
127722
127812
127958
128300
128536
128723
128885
129121
129128
129307
129663
130124
130162
130245
130999
131218
131641
131744
131794
131915
132740
133040
133318
133500
133989
134547
134813
134841
135007
135057
135152
135209
135458
135723
135960
137011
137481
137894
137903
138161
138250
138404
138487
138535
138691
138750
138788
139483
139639
139880
140038
140404
140464
140981
141233
142177
142354
142383
142521
Number of cuts: 538

Erik
582
597
991
1023
1728
1866
2376
2502
2995
3505
3711
4332
4369
4678
5093
5314
5495
6135
6225
6366
6968
7144
7277
7995
8388
8846
9228
9786
10093
10187
10840
11154
12281
14680
15748
16107
16466
16478
16718
16767
17897
18046
18412
19627
19720
19789
20535
21351
21526
21660
21825
21858
22035
22788
22835
23175
23445
23543
23671
23846
24129
24339
24554
24859
25263
25771
26381
26540
27059
27082
27480
28129
29414
29425
29873
30064
30975
31500
31870
32274
32368
32882
33349
33531
33590
33843
34341
34766
35431
36037
36241
36667
36837
37619
38028
38040
38992
39120
39205
39833
40940
40996
41362
41511
41744
42047
42071
42561
43216
43670
43829
44156
44228
44403
44605
46053
46218
46232
46252
46380
Number of cuts: 120

Espica
582
597
991
1023
1728
1866
2376
2502
2995
3505
3711
4332
4369
4678
5093
5314
5495
6135
6225
6366
6968
7144
7277
7995
8388
8847
9229
9787
10094
10188
10841
11155
12282
14681
15749
16108
16467
16479
16719
16768
17898
18047
18413
19628
19721
19790
20536
21352
21527
21661
21826
21859
22036
22789
22836
23176
23446
23545
23673
23848
24132
24342
24557
24862
25266
25774
26384
26543
27062
27085
27483
28132
29415
29426
29494
29874
30065
30976
31501
32275
32369
32883
33350
33532
33591
33844
34351
34776
35441
36047
36251
36677
36847
37629
38038
38050
38525
38930
39002
39215
40825
41050
41082
41106
41472
41621
41854
42157
42181
42671
43326
43780
43939
44266
44338
44513
44715
46326
46340
46360
46488
Number of cuts: 121

Finch
454
593
697
769
2594
2904
3036
3240
3589
3693
4066
4182
4386
5241
5268
5490
5639
6355
6601
6915
7035
7627
8136
8292
8648
8881
9686
9762
10238
10518
10570
10700
10708
10757
10779
11314
11456
11813
11892
12220
12310
12366
12627
12784
13942
14022
14257
14415
14535
14715
14739
15291
15629
15713
15893
16100
16407
16493
16640
16649
16687
16745
16762
17094
17120
17293
17480
17821
18962
19626
19966
20201
20378
20414
20899
20961
20980
21192
21376
21604
22168
22382
22641
23578
23781
24017
24403
24547
25130
25324
25464
25634
25636
25768
25791
25822
25867
25963
26386
26990
27216
27627
28078
28846
28904
29044
29611
29798
30246
30609
30866
30917
31023
31413
31747
31970
32001
32339
32371
32446
32931
32999
33075
33091
33189
33253
33692
33739
33799
33905
34326
34476
34738
34770
34847
34995
35010
35169
35530
35796
36112
36199
36350
36485
36833
36872
36884
37499
37603
37751
38147
38533
38594
38965
39970
40971
41387
41441
41575
41718
41735
42578
42581
42665
42680
42686
42893
42951
42963
43499
43793
43809
43897
44014
44120
44482
44548
44554
44674
44783
45180
45485
45803
45878
46072
46234
46417
46776
47012
47027
47807
47901
48420
48430
48467
48958
48986
49160
50380
50582
51074
51244
51253
51262
51290
51380
51561
51608
51780
51913
52178
52441
52666
52990
53056
53232
53372
53654
53769
53810
53907
53922
54071
54096
54220
54255
54261
54596
54631
55471
55480
56419
56469
57092
57738
58005
58165
58296
58492
58667
58869
59767
59911
60107
60232
60363
60392
60660
60866
60927
61167
61296
61593
62107
62323
62516
63387
63459
63489
63571
64157
65085
65121
65181
65655
66265
66459
67025
67146
67509
68836
68860
68871
69165
69409
69686
69821
69957
70458
71063
71084
71325
71394
71458
71997
72042
72208
72690
73276
73318
74238
74582
74649
74754
74955
75095
75303
75535
75673
76438
76602
76643
76699
77057
77649
77904
78037
78091
78583
78990
79043
79634
79706
79763
80118
80281
81020
81631
81659
81737
81841
81846
82183
82210
82330
82354
82569
82642
82822
82872
82899
83185
83443
83476
83534
83717
84007
84274
84699
85096
85157
85382
85526
85845
85965
86658
87169
87184
87346
87540
88592
88976
89315
89327
89359
89551
89770
90126
90210
90255
90544
90920
91201
91506
92384
93194
93389
93720
94019
94065
94982
95230
95558
95637
95662
95725
95740
95854
96000
96231
96621
96687
96823
97398
98094
98142
98230
98980
99382
99707
99810
100134
100222
100378
100647
100816
101031
101155
101281
101292
101477
101976
102256
102498
103529
103704
104365
104550
104803
104843
104895
104995
105422
105561
106585
106632
107179
107198
107480
107524
107767
107943
108093
108315
108491
108669
108688
109056
109222
109510
109649
110738
111604
111769
111831
112028
112101
112181
113004
113096
113105
113558
113690
113740
114029
114665
114772
114899
115200
115512
115639
115671
115880
115970
116111
116141
116888
117033
117313
117369
117701
117981
118862
118979
119198
119266
119291
119539
119625
119643
120196
120630
120881
121048
121180
121424
121712
122007
122201
122418
122629
122641
122655
122671
122708
122749
122981
123005
123784
123812
124178
124835
125153
125314
125581
125877
125989
126073
126179
126629
126859
126877
126914
127050
127170
128137
128159
128169
128441
129168
129268
129531
129564
130009
130262
130293
130724
130745
130766
130793
130902
131224
131456
131477
131786
132057
132109
132425
132460
132662
133001
133022
133907
133921
134092
134293
134329
134370
134536
135114
135167
135237
135523
135754
135872
136020
136150
136471
136492
136663
136907
137276
138139
138239
Number of cuts: 554

Gollum
582
597
991
1023
1728
1866
2376
2502
2995
3505
3711
4332
4369
4678
5093
5314
5495
6135
6225
6366
6968
7144
7277
7995
8388
8847
9229
9787
10094
10188
10841
11155
12282
14681
15749
16108
16300
16467
16479
16719
16768
17898
18047
18413
19479
19628
19721
19790
20536
21352
21527
21661
21826
21859
22036
22789
22836
23176
23446
23545
23673
23848
24131
24341
24556
24861
25265
25671
26383
26542
27061
27084
27482
28131
29414
29425
29493
29852
30130
31041
31566
32340
32434
32948
33157
33415
33597
33656
33909
34407
34832
35497
36103
36307
36733
36903
37685
38094
38106
38581
38986
39058
39271
39843
41051
41107
41473
41622
41855
42158
42182
42672
43327
43781
43940
44267
44339
44514
44716
46164
46325
46339
46358
46486
Number of cuts: 124

Grayson
2049
4112
10734
14409
16897
17528
18114
23909
34168
34475
35090
36863
38348
40577
43723
46207
46346
46379
47326
50347
50789
57266
78593
80359
80500
81080
82268
83335
92045
98833
105490
108317
109373
110403
112323
112628
114615
115640
120400
124580
124994
125705
127600
128086
130950
Number of cuts: 45

Harlequin
582
597
991
1023
1728
1866
2376
2502
2995
3505
3711
4678
5349
5413
5495
6351
6953
7129
7262
7980
8388
8394
8503
8803
9731
10038
10469
10753
10791
11105
12232
13658
13667
14631
15405
15699
16058
16202
16250
16417
16429
16464
16669
16718
17672
17890
18363
19200
19429
19578
19740
20486
20974
21355
21824
21863
22040
23181
23451
23550
23678
23853
24136
24346
24561
24866
25270
25676
25778
26202
26547
27066
27089
28136
29421
29432
29500
29916
30827
31352
31722
32126
32220
32734
33201
33383
33442
33695
34193
34618
35283
35889
36084
36093
36519
36689
37471
37880
37892
38367
38772
38844
39057
39687
39981
40071
40673
40898
40954
41321
41470
41703
42006
42030
42520
43175
43629
43788
44115
44187
44362
44564
46012
46173
46187
46206
46334
Number of cuts: 127

Hiro
582
597
991
1023
1728
1866
2376
2502
2995
3505
4332
4369
4678
5093
5106
5314
5413
5495
6135
6351
6953
7129
7262
7980
8388
8394
8503
8673
8776
8803
9813
10038
10132
10469
10747
10785
11099
12438
12444
13114
13973
14592
14937
16005
16364
16508
16556
16723
16735
16975
17024
18154
18669
19074
19884
19977
20046
20454
20508
21080
21464
21608
21783
22115
22292
22536
23198
23933
24108
24391
24601
24816
25121
25525
25931
26033
26457
26802
27321
27344
27742
28391
29676
29687
29755
30114
30392
31303
31828
32198
32602
32696
33210
33677
33859
33918
34171
34669
35094
35759
36365
36560
36569
36995
37165
37947
38356
38368
38843
39248
39320
39373
39533
40161
41369
41425
41792
41941
42174
42477
42501
42991
43505
43646
44100
44259
44586
44658
44833
45035
45044
46483
46645
46659
46677
46805
Number of cuts: 136

Jace
83
461
556
759
816
888
1005
1166
1188
1375
2131
2158
2352
2652
3303
3723
3815
4288
4337
4800
4956
5477
5514
5698
5754
6246
6474
6541
6861
7344
7774
8800
9343
9441
10504
10765
10969
11110
11407
12053
12318
12804
12889
14040
14151
14868
15203
15389
16450
16536
16638
16851
16933
16979
17272
17434
18461
19298
19352
19395
19450
19679
20162
20297
20354
20581
20635
20971
21077
21091
21109
21133
21220
21316
21652
21936
22955
23044
23123
23199
23720
23813
24331
25091
25169
25467
25522
25554
26142
26195
26409
26415
26511
26587
26728
27303
27420
28029
28962
28999
29286
29419
29704
30369
30829
31816
31983
32148
32230
32790
33220
33542
33792
34464
34902
35307
35514
35732
36282
37540
37601
38084
38470
38897
39342
39389
39439
39441
39567
39622
39647
40698
41162
41720
41741
42071
43371
43392
43569
43748
44360
45466
45571
45984
46804
47004
47742
47759
48176
48982
49576
49826
49883
49913
49926
50173
50551
50972
51209
51306
51412
52281
52366
52526
52568
52592
52619
52679
53535
53611
53663
53757
53812
Number of cuts: 173

Jester
582
597
991
1023
1728
1866
2376
2502
2995
3505
3711
4678
5349
5413
5495
6351
6953
7129
7262
7980
8388
8394
8503
8803
9813
10038
10469
10747
11099
11467
12226
12530
13652
13661
14625
15693
16052
16244
16411
16423
16663
16712
17842
17884
18357
19194
19423
19572
19734
20480
20968
21349
21764
21803
23112
23382
23481
23609
23784
24067
24277
24492
24797
25201
25607
25709
26133
26478
26997
27020
28067
29352
29363
29431
29847
30758
31283
31653
32057
32151
32665
33132
33314
33373
33626
34124
34549
35214
35820
36015
36024
36450
36620
37402
37811
37823
38298
38703
38775
38988
39618
39912
40002
40604
40829
40885
41252
41401
41634
41937
41961
42451
43106
43560
43719
44046
44118
44293
44495
45943
46104
46118
46137
46265
Number of cuts: 124

Krishelle
582
597
991
1023
1728
1866
2376
2502
2995
3505
3711
4332
4369
4678
5093
5314
5495
6135
6225
6366
6968
7144
7277
7995
8403
8409
8518
8688
8791
8818
9828
10053
10147
10484
10762
10800
11114
12453
12459
13979
13988
14607
14952
16020
16043
16091
16379
16571
16738
16750
16990
17039
18169
18684
19899
19992
20061
20469
20523
21095
21479
21623
21834
22166
22343
22587
23249
23984
24415
24625
25145
25271
25549
25901
25955
26057
26667
27345
27368
27917
28415
29776
29787
30214
30492
31403
31928
32298
32702
32796
33310
33777
33959
34018
34271
34769
35194
35859
36465
36669
36678
37104
37274
38056
38465
38477
39429
39557
39642
40270
41253
41478
41510
41534
41874
41900
42049
42282
42585
42609
43099
43754
44208
44367
44694
44766
44941
45143
46074
46639
46804
46811
46936
Number of cuts: 133

Lillie
582
597
991
1023
1728
1866
2376
2502
2995
3505
3711
4332
4369
4678
5093
5314
5495
6135
6225
6366
6968
7144
7277
7995
8388
8847
9229
9787
10094
10188
10841
11155
12282
14681
15749
16108
16467
16479
16719
16768
17898
18047
18413
19628
19721
19790
20536
21352
21527
21667
21703
21826
21859
22036
22789
22836
23176
23446
23545
23673
23848
24131
24341
24556
24861
25265
26383
26542
27061
27482
28131
29416
29427
29854
30132
31043
31568
32342
32436
32950
33417
33599
33658
33911
34409
34834
35499
36105
36309
36735
36905
37687
38096
38108
39060
39188
39273
39901
41109
41165
41531
41680
41913
42216
42240
42730
43385
43839
43998
44325
44397
44572
44774
46222
46386
46400
46419
46547
Number of cuts: 118

Mahdia
632
740
1088
1233
1512
1709
1714
1773
1829
1855
1901
2182
2924
3961
3970
3992
4298
4627
4715
4763
4783
4786
4899
5014
5017
5281
5527
5832
5990
6402
6838
7099
7107
7495
8372
8577
8979
9098
9662
10001
10065
10202
10489
10537
10670
10917
10949
11177
12229
12235
12404
13150
13298
13477
13483
13775
13934
14736
15069
15560
15682
16659
17044
18181
18571
18612
18888
19423
19606
19800
19923
20115
20178
21042
21135
21298
21350
21360
21390
21589
21764
21813
22166
22244
22342
22635
23129
23444
23708
23768
24089
24128
24604
24957
25003
25155
25437
25446
25752
26133
26899
26983
27689
27885
28196
28305
29232
29495
29611
30316
31318
31527
31595
31722
31966
32159
32302
32656
32957
33412
33515
33646
33745
33799
34726
35118
35163
35208
35378
35593
35777
36096
36766
36977
37041
37219
37683
37994
38251
38285
38371
38436
38740
38800
38845
39752
40443
40485
40535
40558
40669
40850
40943
40972
41002
41208
41568
41763
41848
42063
42160
42343
Number of cuts: 162

Naiad
582
597
991
1023
1728
1866
2376
2502
2995
3505
3711
4332
4369
4678
5093
5314
5495
6135
6225
6366
6968
7144
7277
7995
8388
8847
9229
9787
10094
10188
10841
11155
12282
14681
15749
16108
16467
16479
16719
16768
17898
18047
18413
19250
19628
19721
19790
20536
21352
21527
21667
21703
21826
21859
22036
22802
22849
23189
23459
23558
23686
23861
24144
24354
24569
24874
25037
25278
25684
25786
26396
26555
27074
27495
28144
29429
29440
29867
30145
31056
31581
31951
32355
32449
32963
33430
33612
33671
33924
34422
34847
35512
36118
36322
36331
36757
36927
37709
38118
38130
39082
39210
39295
39923
40906
41131
41163
41187
41527
41553
41702
41935
42238
42262
42752
43407
43861
44020
44347
44419
44594
44796
46244
46408
46422
46442
46570
Number of cuts: 127

Nancinator
582
597
991
1023
1728
1866
2376
2502
2995
3505
3711
4332
4369
4678
5093
5314
5495
6135
6225
6366
6968
7144
7277
7995
8388
8847
9229
9787
10094
10188
10841
11155
12282
14681
15749
16108
16467
16479
16719
16768
17898
18047
18413
19628
19721
19790
20536
21352
21527
21661
21826
21859
22036
22789
22836
23176
23446
23545
23673
23848
24132
24342
24557
24862
25266
25774
26384
26543
27062
27085
27483
28132
29415
29426
29494
29874
30065
30976
31501
32275
32369
32883
33350
33532
33591
33844
34351
34776
35441
36047
36251
36677
36847
37629
38038
38050
38525
38930
39002
39215
40448
40504
40870
41019
41252
41555
41579
42069
42724
43178
43337
43664
43736
43911
44113
45561
45725
45739
45759
45887
Number of cuts: 120

Natosaleda
582
597
991
1023
1728
1866
2376
2502
2995
3505
3711
4332
4369
4678
5093
5314
5495
6135
6225
6366
6968
7144
7277
7995
8388
8847
9229
9787
10094
10188
10841
11155
12282
14681
15749
16108
16467
16479
16719
16768
17898
18047
18413
19628
19721
19790
20536
21352
21527
21661
21826
21859
22036
22789
22836
23176
23446
23545
23673
23848
24131
24341
24556
24861
25265
25773
26383
26542
27061
27084
27482
28131
29414
29425
29493
29873
30064
30975
31500
32274
32368
32882
33349
33531
33590
33843
34350
34775
35440
36046
36250
36676
36846
37628
38037
38049
38524
38929
39001
39214
40824
41049
41081
41105
41471
41620
41853
42156
42180
42670
43325
43779
43938
44265
44337
44512
44714
45645
46154
46317
46331
46350
46478
Number of cuts: 123

Partridge
580
595
986
1016
1588
1787
1925
2435
2561
3054
3564
3770
4391
4428
4737
5152
5165
5408
5472
5554
6410
7012
7188
7321
8039
8447
8453
8562
8840
8871
9814
10121
10552
10718
10874
11188
12315
12619
13741
13750
14714
15782
15805
16141
16333
16500
16512
16752
16801
17931
18446
19661
19754
20231
20285
20564
20783
21241
21385
21438
21853
21892
22069
22235
22835
22882
23492
23591
23719
24178
24388
24908
25312
25700
25754
25856
26466
27144
27167
27691
27716
28214
29576
29587
29655
30292
31048
31203
31728
32522
33107
33574
34057
34200
34554
34707
35132
35797
36555
36598
36607
37033
37203
37494
37986
38395
38407
39287
39359
39572
39769
40202
40991
41185
41410
41466
41588
41806
41832
42214
42403
43218
43363
43729
44321
44480
44807
45054
45256
45277
46590
46735
46752
46913
Number of cuts: 134

Pepy6
502
649
721
1336
1462
2136
2596
2677
2871
2936
3255
3290
3946
4115
4334
4730
5516
5691
6192
6478
6904
7675
11681
11695
11956
11984
12938
13046
13640
13839
14401
14537
14595
14853
15561
15689
15818
15883
16514
16770
17393
17432
17693
18011
18322
18528
19552
19795
19812
21431
22724
23966
25070
25139
25190
25283
25532
26354
26382
27043
28378
29739
29806
29845
29910
30077
30596
31024
31860
32288
32586
32996
33191
34046
34232
34667
36889
36911
39264
39879
40978
41143
41431
41612
43469
43736
44037
44138
44493
44702
45112
45139
48117
48857
49742
50095
50952
52065
52296
52819
53930
54321
54520
54931
54974
55291
56109
56475
57701
59298
60157
60823
60917
60982
61034
61175
61404
61965
62713
62769
62844
63669
63969
64111
65859
67612
67688
68834
69731
72497
72977
73985
74080
74122
74498
74747
74990
75031
75194
75292
76355
76535
76772
Number of cuts: 143

Peregrin
8011
8934
13741
16496
17127
17707
23075
33257
33353
37130
39357
45126
46106
49130
49572
50415
51512
55633
60089
67643
70207
78801
80890
81031
81839
81922
83228
86470
91476
95434
97279
105911
106331
112417
114619
117011
121833
122610
127206
128637
129577
Number of cuts: 41

Phrankenstein
582
597
991
1023
1728
1866
2376
2502
2995
3505
3711
4332
4369
4678
5093
5314
5495
6135
6225
6366
6968
7144
7277
7995
8388
8847
9229
9787
10094
10188
10841
11155
12282
14681
15749
16108
16467
16479
16719
16768
17898
18047
18413
19628
19721
19790
20536
21352
21473
21607
21772
21805
21982
22735
22782
23122
23392
23491
23619
23794
24077
24287
24502
24807
25211
26329
26488
27007
27030
27428
28077
29362
29373
29441
29800
30078
30989
31514
32288
32382
32896
33363
33545
33604
33857
34355
34780
35445
36051
36255
36681
36851
37633
38042
38054
39006
39134
39219
39847
41055
41111
41477
41626
41859
42162
42186
42676
43331
43785
43944
44271
44343
44518
44720
46168
46331
46345
46364
46491
Number of cuts: 119

Pine5
368
489
1275
1311
1474
1945
2133
2638
3307
3732
3813
4084
4215
4305
4827
5045
5307
5414
5808
6149
6269
6632
6747
9630
10099
10255
11088
11554
11809
12442
12682
12754
13895
14162
14177
14629
16191
16781
17075
17972
19453
19625
19856
19955
20944
21091
21220
21289
21613
21634
21859
22963
23098
23266
23337
23590
24340
24400
24706
24751
25051
25510
25558
26265
26757
26904
27035
27101
27252
27336
27613
27704
28378
28954
29591
29911
29940
30486
30539
31625
32762
32797
32839
33074
33177
33534
33585
33688
34185
34419
34542
34901
35039
36335
36529
36630
36949
37462
37917
38083
38650
38866
38934
39202
39931
40234
40271
40303
40626
41458
42285
42710
42893
43127
43415
43904
44157
44226
44459
45336
45759
45864
46131
46537
46884
47114
47489
48054
48803
48875
50135
50764
50883
51184
51968
52023
52157
52288
52580
53445
53674
53776
54396
55127
56040
56513
57022
57156
57168
57203
57398
57479
58326
58937
Number of cuts: 154

Poco6
295
337
721
1702
2845
3249
4503
4665
5494
5508
5537
5990
6332
6413
6581
6972
8058
8414
8948
9293
9662
13526
15110
15404
15432
16888
17290
17947
18321
18449
18643
19080
20167
21817
22770
23360
23453
24609
24893
25056
25979
27152
27203
27545
27631
28367
29056
29103
29124
29359
29430
30892
31758
31825
31929
32096
32615
32778
33096
34283
34313
34611
34718
35258
35408
36689
38911
38933
41286
42771
42992
43233
45731
45974
46329
46731
46964
46991
47355
49578
50372
51076
51607
52260
52479
53259
53501
53574
53597
53805
54327
54716
55438
55551
55829
56439
56799
57617
57983
58087
58951
59300
59599
59691
59964
60477
60698
62118
62235
62259
62290
62676
63140
63612
63630
63743
64029
64726
65792
66343
66501
66722
67635
68840
69323
71350
71748
72213
72981
73630
73681
73759
74239
74349
74359
74692
75247
75760
76009
76258
76419
76462
76579
77623
77801
Number of cuts: 145

Rasputin
582
597
991
1023
1728
1866
2376
2502
2995
3505
3711
4332
4369
4678
5093
5106
5314
5413
5495
6135
6351
6953
7129
7262
7980
8389
8395
8504
8777
8816
9032
9756
9838
10063
10772
10810
11124
12251
13677
13686
14650
15424
15718
16077
16221
16269
16436
16448
16483
16688
16737
17691
17909
18382
19219
19448
19597
19759
20505
20993
21177
21321
21374
21828
22005
22806
23146
23416
23515
23643
24102
24312
24832
25236
25588
25642
25744
26354
26513
27032
27055
27453
28102
29387
29398
29466
29825
30103
31014
31539
32313
32407
32921
33388
33570
33629
33882
34380
34805
35470
36076
36280
36706
36876
37658
38067
38079
39031
39159
39244
39872
41080
41136
41502
41651
41884
42187
42211
42701
43356
43810
43969
44296
44368
44543
44745
46193
46358
46372
46392
46520
Number of cuts: 131

RER2
582
597
991
1023
1728
1866
2376
2502
2995
3505
3711
4332
4369
4678
5093
5314
5495
6135
6225
6366
6968
7144
7277
7995
8388
8847
9229
9787
10094
10188
10841
11155
12282
14681
15749
16108
16300
16467
16479
16719
16768
17898
18047
18413
19628
19721
19790
20536
21024
21352
21527
21661
21826
21859
22036
23176
23446
23545
23673
23848
24131
24341
24556
24861
25265
25671
25773
26197
26542
27061
27084
27482
28131
29416
29427
29495
29854
30132
31043
31568
31938
32342
32436
32950
33417
33599
33658
33911
34409
34834
35499
36105
36300
36309
36735
36905
37687
38096
38108
39060
39188
39273
39901
41109
41165
41531
41680
41913
42216
42240
42730
43385
43839
43998
44325
44397
44572
44774
46222
46385
46399
46419
46547
Number of cuts: 123

RexFury
582
597
1022
1054
1759
1897
2407
2533
3026
3536
3742
4363
4400
4709
5124
5345
5526
6166
6256
6397
6999
7175
7308
8026
8419
8878
9260
9818
10125
10219
10872
11186
12313
14712
15780
16139
16331
16498
16510
16750
16799
17929
18078
18444
19510
19659
19752
19821
20567
21383
21558
21692
21857
21890
22067
22820
22867
23207
23477
23576
23704
23879
24162
24372
24587
24892
25296
25648
25702
25804
26414
26573
27092
27513
28162
29447
29458
29526
29885
30163
31074
31599
31969
32373
32467
32981
33448
33630
33689
33942
34440
34865
35530
36136
36340
36766
36936
37718
38127
38139
38614
39019
39091
39304
40914
41139
41171
41195
41561
41710
41943
42246
42270
42760
43415
43869
44028
44355
44427
44602
44804
46252
46416
46430
46450
46578
Number of cuts: 126

RGL3
572
588
1004
1614
1944
2349
2378
2997
3458
3507
4044
4050
4339
4680
4980
4994
5238
5497
5582
6478
6756
6829
7132
7985
8193
8378
8511
9253
9980
10157
10410
10464
10509
10605
10778
10816
11130
11538
11550
11807
12093
13558
13833
14196
14910
15800
15913
16272
16386
16464
16631
16643
16883
16932
16974
17261
17899
18101
18433
18532
18900
18949
19097
19301
19417
19544
19868
20163
20210
20378
20411
20470
20664
20861
20912
21033
21361
21459
21617
21644
21827
21964
22237
22406
22672
22757
23613
23844
24155
24620
24789
24829
25044
25134
26035
26119
26236
26374
26585
26825
26974
27100
27313
27517
27748
27905
27936
28036
28190
28467
28469
28595
28912
29309
29454
29482
29970
30033
30327
30334
30393
30772
31713
31723
31753
32199
32238
32369
32516
33011
33334
33441
33528
33610
34063
34348
34612
34657
34711
34854
34968
35004
35064
35744
35794
35878
36008
37030
37052
37086
37205
37363
37416
37505
37730
37900
37903
39097
39374
39612
40225
40637
40727
41273
41477
41516
41922
41944
42133
42199
42882
43384
43518
44090
44460
45004
46129
47008
47477
47680
47778
47861
47906
Number of cuts: 183

Rhodalysa
582
597
991
1023
1728
1866
2376
2502
2995
3505
3711
4332
4369
4678
5093
5314
5495
6135
6225
6366
6968
7144
7277
7995
8388
8847
9229
9787
10094
10188
10841
11155
12282
14681
15749
16108
16467
16479
16719
16768
17898
18047
18413
19628
19721
19790
20536
21352
21527
21667
21703
21826
21859
22036
22789
22836
23176
23446
23545
23673
23848
24131
24341
24556
24861
25265
26383
26542
27061
27482
28131
29416
29427
29854
30132
31043
31568
32342
32436
32950
33417
33599
33658
33911
34409
34834
35499
36105
36309
36735
36905
37687
38096
38108
39060
39188
39273
39901
41109
41165
41531
41680
41913
42216
42240
42730
43385
43839
43998
44325
44397
44572
44774
46222
46386
46400
46419
46547
Number of cuts: 118

StCroix
582
597
991
1023
1728
1866
2376
2502
2995
3505
3711
4332
4369
4678
5093
5314
5495
6135
6225
6366
6968
7144
7277
7995
8388
8847
9229
9787
10094
10188
10841
11155
12282
14681
15749
16108
16467
16479
16719
16768
17898
18047
18413
19250
19628
19721
19790
20536
21352
21527
21667
21703
21826
21859
22036
22802
22849
23189
23459
23558
23686
23861
24144
24354
24569
24874
25037
25278
25684
25786
26396
26555
27074
27495
28144
29429
29440
29867
30145
31056
31581
31951
32355
32449
32963
33430
33612
33671
33924
34422
34847
35512
36118
36322
36331
36757
36927
37709
38118
38130
39082
39210
39295
39923
40906
41131
41163
41187
41527
41553
41702
41935
42238
42262
42752
43407
43861
44020
44347
44419
44594
44796
46244
46408
46422
46442
46570
Number of cuts: 127

Swann
582
597
991
1023
1728
1866
2376
2502
2995
3505
3711
4332
4369
4678
5093
5314
5495
6135
6225
6366
6968
7144
7277
7995
8388
8847
9229
9787
10094
10188
10841
11155
12282
14681
15749
16108
16467
16479
16719
16768
17898
18047
18413
19250
19628
19721
19790
20536
21352
21527
21661
21826
21859
22036
22789
22836
23176
23446
23545
23673
23848
24131
24341
24556
24861
25265
25617
25671
25773
26383
26542
27061
27482
28131
29414
29425
29493
29852
30130
31041
31566
31936
32340
32434
32948
33415
33597
33656
33909
34407
34832
35497
36103
36298
36307
36733
36903
37685
38094
38106
39058
39186
39271
39899
41107
41163
41529
41678
41911
42214
42238
42728
43383
43837
43996
44323
44395
44570
44772
46221
46385
46399
46419
46547
Number of cuts: 124

Takoda
580
595
986
1016
1720
1858
2368
2494
2987
3497
3703
4324
4361
4670
5085
5098
5341
5405
5487
6127
6217
6343
6945
7121
7254
7972
8380
8386
8495
8807
9747
9829
10054
10485
10763
10801
11115
12242
13173
13668
13677
14641
15709
15732
15780
16068
16260
16427
16439
16679
16728
17858
18373
19439
19588
19681
19750
20158
20212
20710
21043
21312
21365
21383
21487
21996
22154
22761
22808
23148
23517
23645
24104
24314
24834
24997
25238
25644
25746
26356
26515
27034
27057
28104
29389
29400
29468
29848
30039
30795
30950
31475
32269
32854
33321
33832
33942
34085
34592
35017
35682
36288
36483
36492
36918
37088
37378
37870
38279
38291
39171
39243
39296
39456
40086
40851
41068
41293
41349
41688
42096
42285
42908
43282
43573
43714
44165
44324
44651
44898
45100
45121
46435
46598
46631
46758
Number of cuts: 136

Trina
1336
2048
2247
4414
4760
9370
9910
12563
14399
14535
18793
23348
25696
26201
33110
33845
35118
35722
40219
40225
40737
43576
44821
47182
49393
49660
51515
51769
54637
57111
59553
64720
67214
67243
70120
72403
73405
74216
75673
75705
76264
81516
83349
84021
84880
86494
87101
89005
96192
96231
100437
102756
104351
105478
107009
107024
109757
115737
119411
119838
122470
122895
122925
125048
129333
131744
131943
137738
138450
138649
Number of cuts: 70

TWAMP
582
597
991
1023
1728
1866
2376
2502
2995
3505
3711
4332
4369
4678
5093
5314
5495
6135
6225
6366
6968
7144
7277
7995
8388
8847
9229
9787
10094
10188
10841
11155
12282
14681
15749
16108
16467
16479
16719
16768
17898
18047
18413
19628
19721
19790
20536
21352
21527
21667
21703
21826
21859
22036
22789
22836
23176
23446
23545
23673
23848
24131
24341
24556
24861
25265
26383
26542
27061
27482
28131
29416
29427
29854
30132
31043
31568
32342
32436
32950
33417
33599
33658
33911
34409
34834
35499
36105
36309
36735
36905
37687
38096
38108
39060
39188
39273
39901
41109
41165
41531
41680
41913
42216
42240
42730
43385
43839
43998
44325
44397
44572
44774
46222
46386
46400
46419
46547
Number of cuts: 118

UhSalsa
582
597
991
1023
1728
1866
2376
2502
2995
3505
3711
4332
4369
4678
5093
5314
5495
6135
6225
6366
6968
7144
7277
7995
8388
8847
9229
9787
10094
10188
10841
12282
14681
15749
16108
16467
16479
16719
16768
17898
18047
18413
19628
19721
19790
20536
21352
21527
21661
21826
21859
22036
22789
22836
23176
23446
23545
23673
23848
24132
24342
24557
24862
25266
25774
26384
26543
27062
27085
27483
28132
29415
29426
29494
29874
30065
30976
31501
32275
32369
32883
33350
33532
33591
33844
34351
34776
35441
36047
36251
36677
36847
37629
38038
38050
38525
38930
39002
39215
40825
41050
41082
41106
41472
41621
41854
42157
42181
42671
43326
43780
43939
44266
44338
44513
44715
46163
46327
46341
46362
46490
Number of cuts: 121

Weasels2
1041
1785
2234
2693
4472
6782
9012
13693
14743
17188
17991
18171
23028
23482
27316
30989
34180
34839
40780
43362
46618
49896
50755
58717
66143
79537
79558
81188
82576
87413
89717
97071
98517
103137
103502
103845
106460
107463
108301
116942
117253
121316
122477
122520
124534
129049
132746
133490
133939
134398
Number of cuts: 50

Yogi
582
597
991
1023
1728
1866
2376
2502
2995
3505
4332
4369
4678
5093
5106
5314
5413
5495
6135
6351
6953
7129
7262
7980
8388
8394
8503
8776
8815
9031
9755
10062
10493
10777
10815
11129
12256
13682
13691
13847
14655
15429
15723
16082
16226
16274
16441
16453
16488
16693
16742
17696
17914
18387
19224
19453
19602
19764
20510
20567
20998
21177
21326
21379
21501
21516
21833
22010
22810
23150
23420
23519
23647
23822
24105
24315
24530
24835
25239
25645
25747
26171
26516
27035
27058
27456
28105
29390
29401
29469
29828
30106
31017
31542
31912
32316
32410
32924
33391
33573
33632
33885
34805
35470
36076
36271
36280
36427
36683
37086
37256
38038
38447
38459
38934
39339
39411
39464
39624
40252
41460
41516
41882
42031
42264
42567
42591
43081
43517
44190
44349
44676
44748
44923
45125
45631
46558
46720
46734
46753
46881
Number of cuts: 141

Yoncess
582
597
991
1023
1728
1866
2376
2502
2995
3505
4332
4369
4678
5093
5106
5314
5413
5495
6135
6351
6953
7129
7262
7980
8388
8394
8503
8776
8815
9755
10062
10493
10777
10815
11129
12256
13682
13691
14655
15429
15723
16082
16226
16274
16441
16453
16488
16693
16742
17696
17914
18387
19224
19453
19602
19764
20510
20998
21182
21379
21794
21833
22010
23151
23421
23520
23648
23823
24106
24316
24531
24836
25240
25646
25748
26172
26517
27036
27059
27457
28106
29391
29402
29470
29886
30797
31322
31692
32096
32190
32704
33171
33353
33412
33665
34163
34588
35253
35859
36054
36063
36489
36659
37441
37850
37862
38742
38814
38867
39027
39655
40048
40863
40919
41286
41435
41608
41671
41974
41998
42488
43003
43144
43598
43757
44084
44156
44331
44533
45981
46143
46157
46176
46304
Number of cuts: 134

