Alatin
582
597
991
1023
1728
1866
2376
3711
5093
5314
6135
6225
6366
7277
7995
8847
9229
10188
10841
12282
14681
15749
16108
16467
16479
16719
17898
18047
18413
19250
20536
21352
22856
23243
23513
23612
23740
24198
25091
25332
25738
25840
26609
27128
29921
32005
32409
33484
34901
36981
38172
38184
39264
39977
40960
41185
41217
41241
41989
42292
42806
43461
43915
44401
44473
44648
46496
Number of cuts: 67

Alpacados
582
597
991
1023
1595
1680
2338
5055
5068
5276
5375
6097
6313
7224
7942
8465
8777
10739
10777
12218
14617
15391
15685
16044
16188
16236
16403
16415
16655
17876
18349
19186
19415
20472
20960
21288
23112
23382
23481
23609
24067
25201
25643
25745
26169
26514
27033
29467
29826
31910
32314
33389
34803
36874
38065
38077
39082
39870
41008
41064
41812
42115
42629
43738
44224
44296
44471
45179
46316
Number of cuts: 69

AngryOrchard
580
595
986
1016
1588
1673
1811
2321
3656
5038
5051
5294
5358
6080
6296
7207
7925
8448
9782
10604
10722
10760
12201
14600
15668
15691
16027
16219
16386
16398
16638
17817
18332
19398
20669
21271
21342
21749
22720
23107
23377
23476
23604
24063
24956
25197
25603
25705
26117
26150
26177
26473
26992
29426
30753
32227
33279
33900
34177
34963
36340
37034
37324
38225
38237
39242
40032
41014
41239
41295
42042
42854
43365
43957
44443
44690
44913
Number of cuts: 77

AppleCloud
85
346
361
786
816
1435
1892
2085
3420
5058
5122
5844
6060
6971
7689
8212
8382
8512
9522
9841
10456
10494
12147
12153
14301
14646
15714
15737
15785
16073
16265
16432
16444
16684
17863
18378
21173
21317
22245
23642
24073
25207
25559
25613
25715
27003
27575
29513
30685
32139
32159
32335
33214
33338
33559
34628
36699
37890
37902
40677
40902
40934
40958
41706
42009
42523
43178
43632
44118
44190
44365
46212
Number of cuts: 72

Belenaria
582
597
991
1023
1728
1866
2376
3711
5093
5314
6135
6225
6366
7277
7995
8847
9229
10188
10841
12282
14681
15749
16108
16467
16479
16719
17898
18047
18413
20536
21352
22789
23176
23446
23545
23673
24132
25266
25774
26543
27062
29494
29874
32275
33350
34776
36847
38038
38050
40825
41050
41082
41106
41854
42157
42671
43326
43780
44266
44338
44513
46361
Number of cuts: 62

BobbyDazzler
582
597
991
1023
1595
1792
2447
5164
5177
5385
5484
6206
6422
7333
8051
8574
8886
10848
10886
12327
14726
15500
15794
16153
16297
16345
16512
16524
16764
17985
18458
19295
19524
20581
21069
21253
23222
23492
23591
23719
24177
25311
25717
25819
26243
26588
27107
27748
29541
29900
31984
32388
33463
34880
36951
38142
38154
39159
39947
41155
41211
41960
42263
42777
43291
43432
43886
44372
44444
44619
46464
Number of cuts: 71

Bonanza
582
597
991
1023
1728
1866
2376
5093
5106
5314
5413
6135
6351
7262
7980
8503
8815
10777
10815
12256
14655
15429
15723
16082
16226
16274
16441
16453
16693
17914
18387
19224
19453
20510
20998
21326
23150
23420
23519
23647
24105
25239
25645
25747
26171
26516
27035
29469
29828
31912
32316
33391
34805
37256
38447
38459
39464
40252
41460
41516
42264
42567
43081
44190
44676
44748
44923
45631
46755
Number of cuts: 69

Bradshaw
582
597
991
1023
1728
1866
2376
3711
5093
5314
6135
6225
6366
7277
7995
8847
9229
10188
10841
12282
14681
15749
16108
16467
16479
16719
17898
18047
18413
20536
21352
22789
23176
23446
23545
23673
24131
25024
25265
25671
25773
26542
27061
29854
31938
32342
33417
34834
36914
38105
38117
39197
39910
40893
41118
41150
41174
41922
42225
42739
43394
43848
44334
44406
44581
46429
Number of cuts: 66

Bryce
582
597
991
1023
1728
1866
2376
5093
5106
5314
5413
6135
6351
7262
7980
8503
8815
10777
10815
12256
14655
15429
15723
16082
16226
16274
16441
16453
16693
17914
18387
19224
19453
20510
20998
23151
23421
23520
23648
24106
25240
25646
25748
26172
26517
27036
29470
31692
32096
33171
34588
36659
37850
37862
38867
39655
40863
40919
41668
41971
42485
43140
43594
44080
44152
44327
46170
Number of cuts: 67

ChewyVIII
372
518
643
715
962
1286
1326
1735
2512
2772
3464
4767
5068
5079
6414
10957
11743
11965
13802
14958
17113
17333
17565
17644
17771
17797
19006
19823
19972
20125
20297
20594
22859
23375
24503
24586
25532
26290
26468
27950
29218
29353
30181
31243
32545
32788
34574
35163
37259
38034
38389
38975
39970
40052
40989
41370
41711
44815
44833
45784
46229
46789
47621
48150
48538
51631
52022
52045
52446
52691
52825
53571
54476
54552
54673
55373
55436
55802
58577
59023
61651
62058
62705
64339
67625
Number of cuts: 85

CosmicSans
582
597
991
1023
1728
1866
2376
3711
5093
5314
6135
6225
6366
7277
7995
8847
9229
10188
10841
12282
14681
15749
16108
16467
16479
16719
17898
18047
18413
20536
21352
22789
23176
23446
23545
23673
24131
25265
26542
27061
29854
32342
33417
34834
36905
38096
38108
39188
39901
41109
41165
41913
42216
42730
43385
43839
44325
44397
44572
46419
Number of cuts: 60

Dinger
583
598
988
1018
1724
1862
2372
3707
5089
5102
5345
5409
5576
6347
6482
7258
7976
8499
8777
10655
10811
12252
12556
14651
15719
15742
16078
16270
16437
16449
16689
17868
18383
20563
20720
21178
21322
22772
23159
23429
23528
23656
24115
25249
25601
25655
25757
26280
27045
27592
27617
29556
30757
32211
32231
32340
32557
33286
33901
34398
34976
36353
37047
37337
38238
38250
39612
40045
41028
41253
41309
42060
42872
43383
43975
44461
44708
44931
Number of cuts: 78

DocB7
38352
69673
70607
71433
Number of cuts:  4

E3
9
39
2519
2667
2715
3218
3776
5309
5325
5381
6164
6670
6823
7712
7898
8455
9095
9550
9724
11008
11136
11295
11412
11713
12008
12484
13039
13546
13985
14681
15278
15356
15374
16000
18160
19128
19424
19857
20014
20129
20564
20767
21373
23866
24359
24556
24960
26517
27611
29589
31489
33039
33728
33940
35440
35615
35667
35673
36028
36220
36265
36462
36872
37623
38019
38040
38136
39356
39704
39994
40803
41538
41646
41746
42908
43097
43730
43740
43878
44127
44502
45889
46027
47138
47292
48645
49201
49509
51034
51084
51384
52644
53064
53335
53498
53791
54189
54290
54467
54682
57337
57474
57724
59063
59069
59234
59504
60844
60861
61191
62377
63004
64921
65982
65997
66003
66727
67398
67942
68252
68294
68554
68680
68958
69104
69281
70326
70337
70362
70439
71705
71735
72085
72113
74615
74826
74907
75106
75464
76664
78089
78886
79330
79788
80802
81104
81846
81951
82206
82226
82451
84142
84250
84515
84607
84744
84954
85398
85418
85687
86004
86021
91087
92889
93490
93745
93853
95329
95401
95849
96263
96539
97211
97886
98039
98670
99202
99433
99898
100938
101010
101087
101379
101919
104071
104298
104452
104974
105160
106230
106251
106540
106582
106726
106756
106933
107248
109067
109259
109557
109615
110118
110286
110924
111430
111964
112142
112516
112939
113041
113710
113749
114300
114774
115216
115270
115360
116057
116135
117352
118902
118985
119364
119487
119580
119700
120075
120952
121742
122441
122501
122847
123130
123190
123888
124101
124527
124650
124709
124750
124809
125437
126204
127066
127257
127722
127812
127958
128300
128536
129121
129128
130999
131218
131744
132740
133318
133500
133989
134547
135007
137894
137903
138404
138750
140038
140464
141233
142177
Number of cuts: 269

Erik
582
597
991
1023
1728
1866
2376
3711
5093
5314
6135
6225
6366
7277
7995
8846
9228
10187
10840
12281
14680
15748
16107
16466
16478
16718
17897
18046
18412
20535
21351
22788
23175
23445
23543
23671
24129
25263
25771
26540
27059
29873
31870
32274
33349
34766
36837
38028
38040
39120
39833
40940
40996
41744
42047
42561
43216
43670
44156
44228
44403
46252
Number of cuts: 62

Espica
582
597
991
1023
1728
1866
2376
3711
5093
5314
6135
6225
6366
7277
7995
8847
9229
10188
10841
12282
14681
15749
16108
16467
16479
16719
17898
18047
18413
20536
21352
22789
23176
23446
23545
23673
24132
25266
25774
26543
27062
29494
29874
32275
33350
34776
36847
38038
38050
40825
41050
41082
41106
41854
42157
42671
43326
43780
44266
44338
44513
46360
Number of cuts: 62

Finch
454
593
697
2594
3589
3693
4182
5241
6355
6601
6915
7627
8136
8648
9762
10570
10700
10708
10757
10779
11456
11813
12366
13942
14022
14257
15629
15713
15893
16100
16493
16640
16649
16687
16745
17120
17480
17821
19626
19966
20201
20414
20899
20980
21376
22168
23578
24403
24547
25130
25634
25768
25791
26990
29611
29798
30866
31747
32371
32446
32931
33075
33091
33692
33799
33905
34476
34738
34847
35010
35530
36199
36350
36485
36833
36872
36884
37603
37751
38147
38965
41718
42578
42963
43809
44014
45180
46072
46776
47012
47901
48430
48958
49160
50380
50582
51074
51244
51290
51380
51561
51608
52666
52990
53232
53907
54220
54631
55471
55480
57092
58005
58165
58492
59767
60107
60363
60392
60927
61167
62107
62323
63387
63459
63489
63571
64157
65085
65121
66459
67146
67509
68836
69165
69686
69821
69957
70458
71063
71084
71997
72042
72690
73276
74754
75303
76438
76643
76699
77649
77904
78583
78990
79634
79706
79763
81020
81631
81659
81841
82183
82210
82330
82354
82642
82822
82872
82899
83443
83476
83534
84007
84274
84699
85157
85526
85845
85965
86658
87169
87346
87540
88592
89327
89551
89770
90255
90544
90920
91201
91506
92384
93194
93389
93720
94019
94065
94982
95230
95637
95662
95725
95740
95854
96231
96621
96823
97398
100222
100378
100647
100816
101281
101477
101976
102256
102498
103529
104803
104843
104995
105422
105561
106632
107198
107480
107524
107767
107943
108093
108491
109056
109510
110738
111604
112028
112101
112181
113096
113105
114665
114772
114899
115512
115639
115671
115970
116141
116888
117033
117701
119198
119266
119291
119539
119625
119643
120630
120881
121180
121424
121712
122201
122418
122629
122641
122671
122749
123784
124835
125153
125989
126179
126629
126859
126877
126914
128169
129168
129531
129564
130293
130745
130766
130902
131224
131456
132057
132460
132662
133907
133921
134092
135523
135872
136663
136907
137276
138239
Number of cuts: 299

Gollum
582
597
991
1023
1728
1866
2376
3711
5093
5314
6135
6225
6366
7277
7995
8847
9229
10188
10841
12282
14681
15749
16108
16300
16467
16479
16719
17898
18047
18413
19479
20536
21352
22789
23176
23446
23545
23673
24131
25265
25671
26542
27061
29493
29852
32340
33415
34832
36903
38094
38106
39843
41051
41107
41855
42158
42672
43327
43781
44267
44339
44514
46358
Number of cuts: 63

Grayson
124994
Number of cuts:  1

Harlequin
582
597
991
1023
1728
1866
2376
3711
5349
5413
6351
7262
7980
8503
8803
10753
10791
12232
14631
15405
15699
16058
16202
16250
16417
16429
16669
17890
18363
19200
19429
20486
20974
23181
23451
23550
23678
24136
25270
25676
25778
26202
26547
27066
29500
31722
32126
33201
34618
36689
37880
37892
39687
39981
40673
40898
40954
41703
42006
42520
43175
43629
44115
44187
44362
46206
Number of cuts: 66

Hiro
582
597
991
1023
1728
1866
2376
5093
5106
5314
5413
6135
6351
7262
7980
8503
8673
8803
9813
10132
10747
10785
12438
12444
13114
14592
14937
16005
16364
16508
16556
16723
16735
16975
18154
18669
19074
21464
21608
22536
23933
24391
25525
25931
26033
26457
26802
27321
29755
30114
32198
32602
33677
35094
37165
38356
38368
39373
40161
41369
41425
42174
42477
42991
43505
43646
44100
44586
44658
44833
46677
Number of cuts: 71

Jace
83
461
759
816
1005
2131
2158
3723
4800
5698
6541
6861
7774
10504
11110
12053
12889
19395
20635
21077
21316
21936
23044
23123
23720
23813
24331
25091
25169
25467
25554
26587
26728
27420
28029
28999
33542
34464
34902
35514
35732
36282
37540
38084
39439
39567
39647
47004
47742
49883
49913
49926
50173
50551
52366
52526
52568
52592
52619
53757
53812
Number of cuts: 61

Jester
582
597
991
1023
1728
1866
2376
3711
5349
5413
6351
7262
7980
8503
8803
9813
10747
12226
12530
14625
15693
16052
16244
16411
16423
16663
17842
17884
18357
19194
19423
20480
20968
23112
23382
23481
23609
24067
25201
25607
25709
26133
26478
26997
29431
31653
32057
33132
34549
36620
37811
37823
39618
39912
40604
40829
40885
41634
41937
42451
43106
43560
44046
44118
44293
46137
Number of cuts: 66

Krishelle
582
597
991
1023
1728
1866
2376
3711
5093
5314
6135
6225
6366
7277
7995
8518
8688
8818
9828
10147
10762
10800
12453
12459
14607
14952
16020
16043
16091
16379
16571
16738
16750
16990
18169
18684
21479
21623
22587
23984
24415
25549
25901
25955
26057
27345
27917
30214
32298
32702
33777
35194
37274
38465
38477
39557
40270
41253
41478
41510
41534
42282
42585
43099
43754
44208
44694
44766
44941
46074
Number of cuts: 70

Lillie
582
597
991
1023
1728
1866
2376
3711
5093
5314
6135
6225
6366
7277
7995
8847
9229
10188
10841
12282
14681
15749
16108
16467
16479
16719
17898
18047
18413
20536
21352
22789
23176
23446
23545
23673
24131
25265
26542
27061
29854
32342
33417
34834
36905
38096
38108
39188
39901
41109
41165
41913
42216
42730
43385
43839
44325
44397
44572
46419
Number of cuts: 60

Mahdia
632
740
1088
1233
1512
1709
1773
1829
1855
1901
2182
2924
3961
3970
4627
4715
4763
4783
5014
5527
5832
6402
6838
7099
7107
8577
9098
9662
10001
10065
10202
10489
10670
10917
10949
11177
12404
13298
13477
13775
15069
15560
16659
17044
18181
18571
19606
19923
21360
21390
21589
22342
22635
23129
23444
23708
23768
24089
24128
24604
24957
25155
25437
25446
26899
26983
27689
27885
28196
29495
29611
30316
31527
31595
31722
32159
32302
32957
33412
33646
33745
33799
34726
35118
35163
35208
35378
35593
35777
36096
36977
37041
37219
37683
37994
38251
38285
38800
38845
39752
40443
40485
40558
40669
40850
40943
40972
41208
41568
41763
42160
42343
Number of cuts: 112

Naiad
582
597
991
1023
1728
1866
2376
3711
5093
5314
6135
6225
6366
7277
7995
8847
9229
10188
10841
12282
14681
15749
16108
16467
16479
16719
17898
18047
18413
19250
20536
21352
22802
23189
23459
23558
23686
24144
25037
25278
25684
25786
26555
27074
29867
31951
32355
33430
34847
36927
38118
38130
39210
39923
40906
41131
41163
41187
41935
42238
42752
43407
43861
44347
44419
44594
46442
Number of cuts: 67

Nancinator
582
597
991
1023
1728
1866
2376
3711
5093
5314
6135
6225
6366
7277
7995
8847
9229
10188
10841
12282
14681
15749
16108
16467
16479
16719
17898
18047
18413
20536
21352
22789
23176
23446
23545
23673
24132
25266
25774
26543
27062
29494
29874
32275
33350
34776
36847
38038
38050
40448
40504
41252
41555
42069
42724
43178
43664
43736
43911
45759
Number of cuts: 60

Natosaleda
582
597
991
1023
1728
1866
2376
3711
5093
5314
6135
6225
6366
7277
7995
8847
9229
10188
10841
12282
14681
15749
16108
16467
16479
16719
17898
18047
18413
20536
21352
22789
23176
23446
23545
23673
24131
25265
25773
26542
27061
29493
29873
32274
33349
34775
36846
38037
38049
40824
41049
41081
41105
41853
42156
42670
43325
43779
44265
44337
44512
45645
46350
Number of cuts: 63

Partridge
580
595
986
1016
1588
1787
1925
2435
3770
5152
5165
5408
5472
6410
7321
8039
8562
8840
10718
10874
12315
12619
14714
15782
15805
16141
16333
16500
16512
16752
17931
18446
20783
21241
21385
22835
23492
23591
23719
24178
25312
25700
25754
25856
27144
27691
27716
29655
31048
32522
33574
34057
34554
35132
36555
37203
37494
38395
38407
39769
40202
41185
41410
41466
42214
43218
43729
44321
44807
45054
45277
Number of cuts: 71

Pepy6
1462
2936
3290
3946
4115
4730
5516
6478
6904
7675
11681
11984
12938
13839
14537
14595
15561
15689
15818
15883
16514
17693
18322
19812
21431
26354
27043
28378
29845
31024
31860
32586
36911
39879
41143
41431
41612
43469
43736
44037
44493
44702
45112
45139
52296
52819
54520
54931
55291
60157
60823
60982
61034
61175
61965
62713
62844
63669
67688
69731
72497
73985
74498
74747
74990
76535
Number of cuts: 66

Peregrin
70207
Number of cuts:  1

Phrankenstein
582
597
991
1023
1728
1866
2376
3711
5093
5314
6135
6225
6366
7277
7995
8847
9229
10188
10841
12282
14681
15749
16108
16467
16479
16719
17898
18047
18413
20536
21352
22735
23122
23392
23491
23619
24077
25211
26488
27007
29441
29800
32288
33363
34780
36851
38042
38054
39134
39847
41055
41111
41859
42162
42676
43331
43785
44271
44343
44518
46364
Number of cuts: 61

Pine5
2638
Number of cuts:  1

Poco6
295
3249
5494
5537
8414
8948
9662
13526
15432
17290
18321
18449
18643
23360
23453
24609
24893
25056
28367
29056
29124
29430
30892
32778
33096
34611
38933
42771
42992
43233
46329
46731
46964
46991
47355
49578
51076
52260
53805
54327
55551
56439
56799
58087
58951
59691
59964
60698
62235
62259
62290
62676
63140
63612
63630
63743
64029
66343
66722
68840
69323
72981
73681
73759
74359
74692
75247
75760
76009
76258
76419
76579
77801
Number of cuts: 73

Rasputin
582
597
991
1023
1728
1866
2376
3711
5093
5106
5314
5413
6135
6351
7262
7980
8504
8816
9838
10772
10810
12251
14650
15424
15718
16077
16221
16269
16436
16448
16688
17909
18382
19219
19448
20505
20993
21177
21321
23146
23416
23515
23643
24102
25236
25588
25642
25744
26513
27032
29466
29825
32313
33388
34805
36876
38067
38079
39159
39872
41080
41136
41884
42187
42701
43356
43810
44296
44368
44543
46392
Number of cuts: 71

RER2
582
597
991
1023
1728
1866
2376
3711
5093
5314
6135
6225
6366
7277
7995
8847
9229
10188
10841
12282
14681
15749
16108
16300
16467
16479
16719
17898
18047
18413
20536
21024
21352
23176
23446
23545
23673
24131
25265
25671
25773
26197
26542
27061
29495
29854
31938
32342
33417
34834
36905
38096
38108
39188
39901
41109
41165
41913
42216
42730
43385
43839
44325
44397
44572
46419
Number of cuts: 66

RexFury
582
597
1022
1054
1759
1897
2407
3742
5124
5345
6166
6256
6397
7308
8026
8878
9260
10219
10872
12313
14712
15780
16139
16331
16498
16510
16750
17929
18078
18444
19510
20567
21383
22820
23207
23477
23576
23704
24162
25296
25648
25702
25804
26573
27092
29526
29885
31969
32373
33448
34865
36936
38127
38139
40914
41139
41171
41195
41943
42246
42760
43415
43869
44355
44427
44602
46450
Number of cuts: 67

RGL3
572
588
1004
2378
4044
4050
4339
4994
5582
6478
6756
7132
7985
8193
8511
9253
9980
10157
10778
10816
11538
11550
12093
14196
14910
15913
16272
16464
16631
16643
16883
16974
17261
18101
18532
18949
19097
19417
19544
20163
20411
20470
20664
21361
21459
21617
21644
21827
22237
22757
23844
24155
24620
24789
25134
26035
26119
26236
26585
26825
26974
27517
27748
27905
28036
28190
28467
28595
29309
29454
29970
30033
30327
30393
30772
31723
31753
33011
33334
33441
34063
34612
34711
34968
35004
35878
37030
37086
37416
37505
37900
39097
40637
41477
41516
41944
42133
42882
44460
45004
46129
47008
Number of cuts: 102

Rhodalysa
582
597
991
1023
1728
1866
2376
3711
5093
5314
6135
6225
6366
7277
7995
8847
9229
10188
10841
12282
14681
15749
16108
16467
16479
16719
17898
18047
18413
20536
21352
22789
23176
23446
23545
23673
24131
25265
26542
27061
29854
32342
33417
34834
36905
38096
38108
39188
39901
41109
41165
41913
42216
42730
43385
43839
44325
44397
44572
46419
Number of cuts: 60

StCroix
582
597
991
1023
1728
1866
2376
3711
5093
5314
6135
6225
6366
7277
7995
8847
9229
10188
10841
12282
14681
15749
16108
16467
16479
16719
17898
18047
18413
19250
20536
21352
22802
23189
23459
23558
23686
24144
25037
25278
25684
25786
26555
27074
29867
31951
32355
33430
34847
36927
38118
38130
39210
39923
40906
41131
41163
41187
41935
42238
42752
43407
43861
44347
44419
44594
46442
Number of cuts: 67

Swann
582
597
991
1023
1728
1866
2376
3711
5093
5314
6135
6225
6366
7277
7995
8847
9229
10188
10841
12282
14681
15749
16108
16467
16479
16719
17898
18047
18413
19250
20536
21352
22789
23176
23446
23545
23673
24131
25265
25617
25671
25773
26542
27061
29493
29852
31936
32340
33415
34832
36903
38094
38106
39186
39899
41107
41163
41911
42214
42728
43383
43837
44323
44395
44570
46419
Number of cuts: 66

Takoda
580
595
986
1016
1720
1858
2368
3703
5085
5098
5341
5405
6127
6217
6343
7254
7972
8495
8807
9829
10763
10801
12242
14641
15709
15732
15780
16068
16260
16427
16439
16679
17858
18373
19439
20710
21312
21383
22761
23148
23517
23645
24104
24997
25238
25644
25746
26515
27034
29468
29848
30795
32269
33321
33942
35017
37088
37378
38279
38291
39296
40086
41068
41293
41349
42096
42908
43573
43714
44165
44651
44898
45121
46631
Number of cuts: 74

Trina
Number of cuts:  0

TWAMP
582
597
991
1023
1728
1866
2376
3711
5093
5314
6135
6225
6366
7277
7995
8847
9229
10188
10841
12282
14681
15749
16108
16467
16479
16719
17898
18047
18413
20536
21352
22789
23176
23446
23545
23673
24131
25265
26542
27061
29854
32342
33417
34834
36905
38096
38108
39188
39901
41109
41165
41913
42216
42730
43385
43839
44325
44397
44572
46419
Number of cuts: 60

UhSalsa
582
597
991
1023
1728
1866
2376
3711
5093
5314
6135
6225
6366
7277
7995
8847
9229
10188
10841
12282
14681
15749
16108
16467
16479
16719
17898
18047
18413
20536
21352
22789
23176
23446
23545
23673
24132
25266
25774
26543
27062
29494
29874
32275
33350
34776
36847
38038
38050
40825
41050
41082
41106
41854
42157
42671
43326
43780
44266
44338
44513
46362
Number of cuts: 62

Weasels2
82576
103845
129049
Number of cuts:  3

Yogi
582
597
991
1023
1728
1866
2376
5093
5106
5314
5413
6135
6351
7262
7980
8503
8815
10777
10815
12256
14655
15429
15723
16082
16226
16274
16441
16453
16693
17914
18387
19224
19453
20510
20567
20998
21326
23150
23420
23519
23647
24105
25239
25645
25747
26171
26516
27035
29469
29828
31912
32316
33391
34805
37256
38447
38459
39464
40252
41460
41516
42264
42567
43081
44190
44676
44748
44923
45631
46753
Number of cuts: 70

Yoncess
582
597
991
1023
1728
1866
2376
5093
5106
5314
5413
6135
6351
7262
7980
8503
8815
10777
10815
12256
14655
15429
15723
16082
16226
16274
16441
16453
16693
17914
18387
19224
19453
20510
20998
21182
23151
23421
23520
23648
24106
25240
25646
25748
26172
26517
27036
29470
31692
32096
33171
34588
36659
37850
37862
38867
39655
40863
40919
41608
41671
41974
42488
43003
43144
43598
44084
44156
44331
46176
Number of cuts: 70

