Alatin
2531
4333
4402
4932
5220
7264
7540
8218
8941
9568
9848
10885
11001
12027
12984
13164
13188
13761
13935
17110
18674
18700
19173
19872
21830
22586
23547
24852
26466
27191
27299
27659
27902
29357
31613
32174
33426
33767
34077
34288
34465
34845
34851
35173
35765
37590
37707
37794
38409
39167
39764
39854
40032
40874
41187
42205
42380
42710
42761
42770
42986
43408
43886
44240
44752
44827
Number of cuts: 66

Alpacados
2493
4295
4364
4894
5182
5305
7211
7487
8871
9498
10821
10937
11963
12920
13100
13124
13697
13871
17046
18610
18636
19808
21217
22577
23416
24721
25345
26371
27096
27204
27564
27807
29262
31518
32079
33331
33982
34138
34193
34747
34753
35075
35667
37483
37600
37687
38302
39060
39747
39925
42028
42203
42533
42584
42593
43231
43607
43709
44063
44575
44650
Number of cuts: 61

AngryOrchard
414
4004
4278
4347
4877
5165
5288
5842
7194
7470
8854
9481
10804
10920
11946
12903
13083
13107
13680
17029
18593
18619
19791
22450
23411
24717
26330
27055
27523
29221
31411
31972
32124
33221
34142
34298
34353
34907
34913
35235
35827
36641
37643
37760
37847
38462
39220
39909
40087
42423
42739
42758
42818
43031
43928
44282
44794
44869
45049
Number of cuts: 59

AppleCloud
682
2022
2240
2458
3768
4042
4111
4641
4929
6958
7234
8501
8594
9347
10538
11680
12949
13129
13153
13726
13900
14985
17075
18639
18665
19837
22123
23983
27066
27174
27983
29308
31343
31904
32056
33156
33337
33497
34012
34572
34578
34900
35492
37308
37425
37512
38127
38885
39479
39569
39747
40591
40904
41922
42097
42427
42478
42487
42703
43125
43603
43957
44469
44544
Number of cuts: 64

Belenaria
2531
4333
4402
4932
5220
7264
7540
8218
8941
9568
9848
10885
11001
12027
12984
13164
13188
13761
13935
17110
18674
18700
19173
19872
22641
23480
24786
27125
27233
27593
27836
29289
31479
32040
33292
33633
33943
33980
34154
34720
34726
35048
35640
37456
37573
37660
38275
39033
39627
39717
39895
40739
41052
42070
42245
42575
42626
42635
42851
43273
43751
44105
44617
44692
Number of cuts: 64

BobbyDazzler
2602
4404
4473
5003
5291
5414
7320
7596
8980
9607
10930
11046
12072
13029
13209
13233
13806
13980
17155
18719
18745
19917
22687
23526
24831
26445
27170
27278
27638
27881
29336
31522
31592
32153
33405
34056
34212
34267
34444
34824
34830
35152
35744
37560
37677
37764
38379
39137
39824
40002
42176
42351
42681
42732
42741
42957
43379
43857
44211
44723
44798
Number of cuts: 61

Bonanza
2531
4333
4402
4932
5220
5343
7249
7525
8909
9536
10859
10975
12001
12958
13138
13162
13735
13909
17084
18648
18674
19846
22615
23454
24759
26373
27098
27206
27566
27809
29264
31520
32081
33333
33984
34140
34195
34749
34755
35077
35669
37865
37982
38069
38684
39442
40129
40307
42480
42655
42985
43036
43045
43261
43683
44059
44161
44515
45027
45102
Number of cuts: 60

Bradshaw
2531
4333
4402
4932
5220
7264
7540
8218
8941
9568
9848
10885
11001
12027
12984
13164
13188
13761
13935
17110
18674
18700
19173
19872
21776
22641
23480
24785
26399
27124
27232
27592
27835
29290
31546
32107
33359
33700
34010
34221
34398
34778
34784
35106
35698
37523
37640
37727
38342
39100
39697
39787
39965
40807
41120
42138
42313
42643
42694
42703
42919
43341
43819
44173
44685
44760
Number of cuts: 66

Bryce
2531
4333
4402
4932
5220
5343
7249
7525
8909
9536
10859
10975
12001
12958
13138
13162
13735
13909
17084
18648
18674
19846
22616
23455
24760
26374
27099
27207
27567
27810
29265
31230
31300
31861
33113
33764
33920
33975
34152
34532
34538
34860
35452
37268
37385
37472
38087
38845
39532
39710
41884
42059
42389
42440
42449
42665
43087
43565
43919
44431
44506
Number of cuts: 61

ChewyVIII
186
564
609
813
946
1692
2312
2861
5343
7419
8430
9025
9108
9213
9288
9298
9744
9835
9882
10349
10535
10845
11176
12866
13789
15107
15330
15369
16306
17478
18163
18675
19161
19738
20009
22290
24161
24265
24479
25495
26019
27035
28417
28713
29408
31588
31792
34403
34912
35044
35068
37188
38932
39576
39672
39811
41425
42775
43866
44000
45270
46248
46936
49297
49703
50143
50715
50874
50952
51327
53617
53731
53790
53884
54991
55350
56062
56341
56748
57313
57468
57608
58283
59292
60001
60886
61108
61269
61590
61826
62686
63268
64990
66924
Number of cuts: 94

CosmicSans
2531
4333
4402
4932
5220
7264
7540
8218
8941
9568
9848
10885
11001
12027
12984
13164
13188
13761
13935
17110
18674
18700
19173
19872
21776
22641
23480
24785
27124
27232
27592
27835
29290
31546
32107
33359
33700
34010
34221
34398
34778
34784
35106
35698
37514
37631
37718
38333
39091
39688
39778
39956
42129
42304
42634
42685
42910
43332
43810
44164
44676
44751
Number of cuts: 62

Dinger
4055
4329
4398
4928
5339
7245
8905
9532
10855
10971
11997
12954
13134
13158
13731
13905
17080
18644
18670
19842
22502
23463
27108
28025
29351
31345
31415
31976
32128
32399
33839
34143
34299
34354
34540
34920
34926
35248
35840
37656
37773
37860
38475
39233
39922
40100
42441
42776
42836
43049
43946
44300
44812
44887
45067
Number of cuts: 55

DocB7
438
1278
3138
8690
10723
13249
15084
19722
21644
26132
44398
44762
48726
51687
52063
56446
57735
61640
71217
Number of cuts: 19

E3
426
609
1334
4606
7627
7723
9032
11988
13871
18346
18455
22116
22847
25100
25432
25724
27019
27365
29581
29669
32439
35611
36530
36604
38990
39033
40087
40825
40951
41335
42579
44870
47996
49851
49994
50868
51420
52372
53758
55867
62502
64067
67625
68486
68814
70798
73859
74593
78261
78377
78999
79044
79829
81400
82256
83401
85199
87171
88309
92280
93702
93848
94064
94167
94721
95806
97993
98756
99231
99959
100459
102222
105983
107418
107598
108057
109509
111612
111991
113873
114035
114149
115407
116464
117395
117590
117767
120766
121988
123164
124340
124790
126248
129129
130418
130481
130771
130905
132066
136164
136316
139029
139684
140446
140655
Number of cuts: 105

Erik
2531
4333
4402
4932
5220
7264
7540
8218
8940
9567
9847
10884
11000
12026
12983
13163
13187
13760
13934
17109
18673
18699
19172
19871
22640
23479
24783
27122
27230
27590
27833
29288
31478
32039
33291
33632
33942
34153
34330
34710
34716
35038
35630
37446
37563
37650
38265
39023
39620
39710
39888
41960
42135
42465
42516
42525
42741
43163
43641
43995
44507
44582
Number of cuts: 62

Espica
2531
4333
4402
4932
5220
7264
7540
8218
8941
9568
9848
10885
11001
12027
12984
13164
13188
13761
13935
17110
18674
18700
19173
19872
22641
23480
24786
27125
27233
27593
27836
29289
31479
32040
33292
33633
33943
33980
34154
34720
34726
35048
35640
37456
37573
37660
38275
39033
39627
39717
39895
40739
41052
42070
42245
42575
42626
42635
42851
43273
43751
44105
44617
44692
Number of cuts: 64

Finch
973
1921
3281
4119
4143
4482
4556
4858
6478
6795
6930
7015
7131
7207
7273
7300
7411
7713
7926
8337
8353
8764
11249
11480
14634
15241
16058
16101
16817
17209
17525
17555
17597
17671
17807
17959
18143
18462
18584
18893
19279
19447
19877
20175
23975
24607
24624
28986
29244
29303
29836
29843
29850
29941
30052
33131
33652
34313
34665
36946
38938
39560
40950
41191
43459
43560
46514
46733
47722
48151
53959
57023
58763
59151
59240
61647
62454
63364
63517
64629
66024
66417
66914
68671
70123
71670
72113
72616
72943
72981
75156
75610
76197
76292
77894
79094
79191
81232
82242
82946
84359
86477
86918
90771
91041
91150
91292
91386
93065
95910
97838
99251
101631
101681
104602
106122
106417
107922
108637
110104
111015
113064
113649
118015
120368
120977
121148
122698
122728
124162
125177
126815
127099
128274
129830
130191
134737
137024
138281
Number of cuts: 139

Gollum
2531
4333
4402
4932
5220
7264
7540
8218
8941
9568
9848
10885
11001
12027
12984
13164
13188
13761
13935
17110
18674
18700
19173
19872
22641
23480
24785
27124
27232
27592
27835
29288
31544
32105
33357
33698
34008
34045
34219
34396
34776
34782
35104
35696
37512
37629
37716
38331
39089
39683
39898
42071
42246
42576
42627
42852
43274
43752
44106
44618
44693
Number of cuts: 61

Grayson
3447
4179
4935
6096
10417
11281
13236
14963
15207
16352
17322
17738
21461
23633
26692
28018
30164
32230
38824
39315
39906
42284
42574
42851
43658
45477
45616
45751
45960
46644
49335
49751
50946
51264
53468
55633
57871
58468
59631
59935
63412
64393
64731
65551
71793
71919
71952
73163
73309
74322
75160
75184
75205
76048
76713
77544
78348
79225
82792
83163
84028
84067
84735
85982
86473
87863
88554
88831
89592
89974
90386
90580
91615
92670
93524
93830
94046
95978
96014
97146
97297
99787
100197
100819
101990
102332
103428
103966
105257
107025
107589
108037
109499
109616
109743
110800
113307
114085
114180
116064
117526
117661
118080
118450
118807
123032
123908
123923
124404
125832
Number of cuts: 110

Harlequin
2531
4059
4333
4402
4932
5220
7249
7525
8792
8885
9512
10835
10951
11977
12934
13114
13138
13711
13885
17060
18624
18650
19822
22646
23485
24790
26404
27129
27237
27597
27840
29295
31260
31330
31891
33143
33794
33950
34005
34182
34562
34568
34890
35482
37298
37415
37502
38117
38875
39564
39742
41919
42094
42424
42475
42484
42700
43122
43600
43954
44466
44541
Number of cuts: 62

Hiro
2531
4333
4402
4932
5220
5343
7249
7525
8792
8885
9638
10829
11971
13240
13420
13444
14017
14191
15276
17366
18930
18956
20128
22414
25045
26659
27384
27492
27852
28095
29550
31736
31806
32367
33619
34270
34426
34481
34658
35038
35044
35366
35958
37774
37891
37978
38593
39351
40038
40216
42390
42565
42895
42946
42955
43171
43593
44071
44425
44937
45012
Number of cuts: 61

Jace
412
1447
4390
5121
6476
6663
7130
9049
9691
11461
11506
12337
13540
16120
17484
19338
21586
21916
23182
23321
24569
24614
26962
26979
28545
28702
31620
31772
33557
36008
38437
39872
41128
42238
44325
48380
48459
48885
49287
Number of cuts: 39

Jester
2531
4059
4333
4402
4932
5220
7249
7525
8792
8885
9512
10829
11971
12928
13108
13132
13705
13879
14726
14750
14964
15093
17054
18618
18644
19816
22577
23416
24721
26335
27060
27168
27528
27771
29226
31191
31261
31822
33074
33725
33881
33936
34113
34493
34499
34821
35413
37229
37346
37433
38048
38806
39495
39673
41850
42025
42355
42406
42415
42631
43053
43531
43885
44397
44472
Number of cuts: 65

Krishelle
2531
4333
4402
4932
5220
7264
7540
8807
8900
9653
10844
11986
13255
13435
13459
14032
14206
15291
17381
18945
18971
20143
22465
24325
27408
27516
28325
29650
31906
32467
33719
34060
34370
34581
34758
35138
35144
35466
36058
37883
38000
38087
38702
39460
40057
40147
40325
41167
41480
42498
42673
43003
43054
43063
43279
43701
44179
44533
45045
45120
Number of cuts: 60

Lillie
2531
4333
4402
4932
5220
7264
7540
8218
8941
9568
9848
10885
11001
12027
12984
13164
13188
13761
13935
17110
18674
18700
19173
19872
21776
22641
23480
24785
27124
27232
27592
27835
29290
31546
32107
33359
33700
34010
34221
34398
34778
34784
35106
35698
37514
37631
37718
38333
39091
39688
39778
39956
42129
42304
42634
42685
42910
43332
43810
44164
44676
44751
Number of cuts: 62

Mahdia
Number of cuts:  0

Naiad
2531
4333
4402
4932
5220
7264
7540
8218
8941
9568
9848
10885
11001
12027
12984
13164
13188
13761
13935
17110
18674
18700
19173
19872
21776
22532
23493
24798
26412
27137
27245
27605
27848
29303
31559
32120
33372
33713
34023
34234
34411
34791
34797
35119
35711
37536
37653
37740
38355
39113
39710
39800
39978
40820
41133
42151
42326
42656
42707
42716
42932
43354
43832
44186
44698
44773
Number of cuts: 66

Nancinator
2531
4333
4402
4932
5220
7264
7540
8218
8941
9568
9848
10885
11001
12027
12984
13164
13188
13761
13935
17110
18674
18700
19173
19872
22641
23480
24786
27125
27233
27593
27836
29289
31479
32040
33292
33633
33943
33980
34154
34720
34726
35048
35640
37456
37573
37660
38275
39033
41468
41643
41973
42024
42249
42671
43149
43503
44015
44090
Number of cuts: 58

Natosaleda
2531
4333
4402
4932
5220
7264
7540
8218
8941
9568
9848
10885
11001
12027
12984
13164
13188
13761
13935
17110
18674
18700
19173
19872
22641
23480
24785
27124
27232
27592
27835
29288
31478
32039
33291
33632
33942
33979
34153
34719
34725
35047
35639
37455
37572
37659
38274
39032
39626
39716
39894
40738
41051
42069
42244
42574
42625
42634
42850
43272
43750
44104
44616
44691
Number of cuts: 64

Partridge
4118
4392
4461
4991
5279
5402
7308
8968
9595
10918
11034
12060
13017
13197
13221
13794
13968
17143
18707
18733
22565
23526
27207
27315
28124
29450
31636
31706
32267
32419
34299
34510
34696
35076
35082
35404
35996
37813
37930
38017
38632
39390
40079
40257
42595
43122
43182
43395
44292
44646
45158
45233
45412
Number of cuts: 53

Pepy6
320
1391
2238
2742
3301
5827
6256
6492
10939
11065
11080
11915
12058
12600
12974
13926
16351
16478
16813
18981
19008
20886
21240
21565
22645
22764
22831
22887
22972
24119
26261
26304
28005
28596
31528
34182
34566
34614
34649
35454
37191
38996
39377
40793
43203
43593
45169
45236
46476
46559
46617
49140
50521
51541
51957
52755
53432
53699
53701
54097
54468
56396
59103
59471
59528
60071
61068
61661
61926
62786
62929
63389
63508
63590
64053
66070
67549
69693
69900
70751
73297
73850
74023
74162
74535
Number of cuts: 85

Peregrin
3475
6905
8441
9731
10595
13385
14565
15957
20629
26269
26309
29675
37606
38096
38687
41064
41354
41631
42438
44116
44257
44433
44531
44740
47394
48115
48235
48534
49491
52497
56238
56835
57243
57998
58302
58532
61779
62622
62760
63163
63765
64228
70108
70203
70329
71573
71719
73684
75167
75188
77198
77754
78556
79615
81821
82683
83915
85901
86392
87757
88199
88420
88996
90011
91046
91892
92101
92955
93319
94620
95053
96327
100184
101212
101825
101982
102734
103830
104368
107300
108035
109258
110032
111488
113303
113883
114084
114995
115354
118469
118856
119752
120070
122948
123012
123193
125748
125763
126252
126396
127324
129037
Number of cuts: 102

Phrankenstein
2531
4333
4402
4932
5220
7264
7540
8218
8941
9568
9848
10885
11001
12027
12984
13164
13188
13761
13935
17110
18674
18700
19173
19872
22587
23426
24731
27070
27178
27538
27781
29236
31492
32053
33305
33646
33956
34167
34344
34724
34730
35052
35644
37460
37577
37664
38279
39037
39634
39724
39902
42075
42250
42580
42631
42640
42856
43278
43756
44110
44622
44697
Number of cuts: 62

Pine5
25
702
1623
1687
4627
4777
6522
6569
7151
7168
7370
7946
8144
10186
10310
10446
10856
12415
14583
15648
19921
20178
20917
21001
21724
22335
23197
25924
28284
29831
30193
32005
33111
33408
34168
34805
35063
35426
35899
37572
38908
39008
39496
39540
43695
44948
45554
45843
48713
51549
53370
53636
55116
55317
56562
58745
58763
Number of cuts: 57

Poco6
1388
1451
3405
3575
3929
4228
4599
4989
5394
6478
6513
7134
7753
8061
8244
8734
9179
10756
10914
11174
11326
12993
13115
13586
14495
14510
15506
15674
16051
16425
17377
17821
19812
20030
20647
20827
21232
22249
22908
23262
24657
24670
24786
24841
24988
26132
28137
28274
28317
28891
30230
32918
33030
33867
36207
36333
36588
36636
36671
37825
38983
39773
41399
44639
44993
45893
48297
48623
48760
48818
50652
52036
52299
53466
54263
54547
54940
55207
55209
55605
55976
56600
56763
58444
58678
59071
60147
60279
61080
62031
62602
62736
62831
63092
64442
64471
64516
64902
65006
66187
66899
68626
68897
69248
69773
70746
71001
72014
74412
74559
75112
75285
75680
75741
75797
77022
Number of cuts: 116

Rasputin
2531
4333
4402
4932
5220
5343
7249
7525
8910
9537
10854
11996
12953
13133
13157
13730
13904
17079
18643
18669
19841
21250
23450
27095
27203
27563
27806
29261
31447
31517
32078
33330
33671
33981
34192
34369
34749
34755
35077
35669
37485
37602
37689
38304
39062
39659
39749
39927
42100
42275
42605
42656
42881
43303
43781
44135
44647
44722
Number of cuts: 58

RER2
2531
4333
4402
4932
5220
7264
7540
8218
8941
9568
9848
10885
11001
12027
12984
13164
13188
13761
13935
17110
18674
18700
19173
19872
22641
23480
24785
26399
27124
27232
27592
27835
29290
31546
32107
33359
33700
34010
34221
34398
34778
34784
35106
35698
37514
37631
37718
38333
39091
39688
39778
39956
42129
42304
42634
42685
42910
43332
43810
44676
44751
Number of cuts: 61

RexFury
2562
4364
4433
4963
5251
7295
7571
8249
8972
9599
9879
10916
11032
12058
13015
13195
13219
13792
13966
17141
18705
18731
19204
19903
22672
23511
24816
27155
27263
27623
27866
29321
31507
31577
32138
33390
33731
34041
34252
34429
34809
34815
35137
35729
37545
37662
37749
38364
39122
39716
39806
39984
40828
41141
42159
42334
42664
42715
42724
42940
43362
43840
44194
44706
44781
Number of cuts: 65

RGL3
2315
4859
7170
7255
7531
8907
9208
9660
10592
12002
13109
13313
20539
20630
20941
22635
28099
28822
28826
29028
30197
30616
34643
34668
35156
35627
36651
38036
38526
41788
42255
43104
43740
44509
44857
44933
45250
45560
45749
46263
46634
Number of cuts: 41

Rhodalysa
2531
4333
4402
4932
5220
7264
7540
8218
8941
9568
9848
10885
11001
12027
12984
13164
13188
13761
13935
17110
18674
18700
19173
19872
21776
22641
23480
24785
27124
27232
27592
27835
29290
31546
32107
33359
33700
34010
34221
34398
34778
34784
35106
35698
37514
37631
37718
38333
39091
39688
39778
39956
42129
42304
42634
42685
42910
43332
43810
44164
44676
44751
Number of cuts: 62

StCroix
2531
4333
4402
4932
5220
7264
7540
8218
8941
9568
9848
10885
11001
12027
12984
13164
13188
13761
13935
17110
18674
18700
19173
19872
21776
22532
23493
24798
26412
27137
27245
27605
27848
29303
31559
32120
33372
33713
34023
34234
34411
34791
34797
35119
35711
37536
37653
37740
38355
39113
39710
39800
39978
40820
41133
42151
42326
42656
42707
42716
42932
43354
43832
44186
44698
44773
Number of cuts: 66

Swann
2531
4333
4402
4932
5220
7264
7540
8218
8941
9568
9848
10885
11001
12027
12984
13164
13188
13761
13935
17110
18674
18700
19173
19872
22641
23480
24785
27124
27232
27592
27835
29288
31544
32105
33357
33698
34008
34219
34396
34776
34782
35104
35696
37512
37629
37716
38331
39089
39776
39954
42127
42302
42632
42683
42908
43330
43808
44162
44674
44749
Number of cuts: 60

Takoda
414
4051
4325
4394
4924
5212
5335
5889
7241
7517
8901
9528
10845
10961
11987
12944
13124
13148
13721
17070
18634
18660
19832
22491
23452
24758
26372
26473
27097
27565
29263
31453
32014
32166
33263
34184
34340
34395
34961
34967
35289
35881
36695
37697
37814
37901
38516
39274
39963
40141
42477
42812
42872
43085
44136
44490
45002
45077
45257
Number of cuts: 59

Trina
3538
8321
8930
10981
11742
12208
13186
13767
13829
15027
15551
16336
16375
17673
21216
23459
23852
24856
26120
27508
28127
28399
30145
32793
33492
34092
34225
34563
35777
36014
36670
37440
38976
39109
39513
40241
41498
41669
42521
43389
43786
48536
48955
52076
53241
53597
54507
54846
55139
56055
60017
60570
61602
61965
63110
63981
64033
65681
67340
67563
68365
68413
69450
70287
71963
74890
75597
78020
82642
84939
85083
86832
88350
92037
92358
93702
96106
96493
99345
100229
102576
107405
111562
112194
116493
116689
122184
124044
124378
132788
135439
Number of cuts: 91

TWAMP
2531
4333
4402
4932
5220
7264
7540
8218
8941
9568
9848
10885
11001
12027
12984
13164
13188
13761
13935
17110
18674
18700
19173
19872
21776
22641
23480
24785
27124
27232
27592
27835
29290
31546
32107
33359
33700
34010
34221
34398
34778
34784
35106
35698
37514
37631
37718
38333
39091
39688
39778
39956
42129
42304
42634
42685
42910
43332
43810
44164
44676
44751
Number of cuts: 62

UhSalsa
2531
4333
4402
4932
5220
7264
7540
8218
8941
9568
9848
10885
11001
12027
12984
13164
13188
13761
13935
17110
18674
18700
19173
19872
22641
23480
24786
27125
27233
27593
27836
29289
31479
32040
33292
33633
33943
33980
34154
34720
34726
35048
35640
37456
37573
37660
38275
39033
39627
39717
39895
40739
41052
42070
42245
42575
42626
42635
42851
43273
43751
44105
44617
44692
Number of cuts: 64

Weasels2
175
334
1009
6238
6492
7090
7239
8144
11019
11799
16552
17972
18102
20336
22304
24262
25187
26272
31245
33845
38172
38196
38887
38945
39404
39482
39503
39890
39903
40896
41599
43666
44959
45170
47206
48887
49300
49630
50257
52168
57240
59148
59613
61994
62558
64253
65058
68575
71052
71517
72706
74441
75062
75097
75858
78945
81789
83573
83850
84377
84446
86123
86209
87302
88911
89639
91256
91749
92069
92075
92488
94048
94910
95083
98837
99282
99316
99750
100849
101506
101516
101611
101749
101903
102632
103565
103802
104935
108099
109082
109454
110044
111081
111795
112641
112769
115360
116732
116870
117399
117799
120344
120876
121034
122659
122814
126281
126362
130802
131243
131880
132039
132714
Number of cuts: 113

Yogi
2531
4333
4402
4932
5220
5343
7249
7525
8909
9536
10859
10975
12001
12958
13138
13162
13735
13909
17084
18648
18674
19846
22615
23454
24759
26373
27098
27206
27566
27809
29264
31520
32081
33333
33984
34140
34195
34749
34755
35077
35669
37865
37982
38069
38684
39442
40129
40307
42480
42655
42985
43036
43045
43261
43683
44059
44161
44515
45027
45102
Number of cuts: 60

Yoncess
2531
4333
4402
4932
5220
5343
7249
7525
8909
9536
10859
10975
12001
12958
13138
13162
13735
13909
17084
18648
18674
19846
22616
23455
24760
26374
27099
27207
27567
27810
29265
31230
31300
31861
33113
33764
33920
33975
34152
34532
34538
34860
35452
37268
37385
37472
38087
38845
39532
39710
41887
42062
42392
42443
42452
42668
43091
43569
43923
44435
44510
Number of cuts: 61

