Alatin
158
541
1317
1440
1488
1900
2012
2111
2283
2555
2651
2657
3042
3311
3576
3831
4212
5210
5338
5605
5710
5725
5789
6215
6693
6873
7295
7835
7880
8381
9862
9930
10229
10234
10420
10563
10893
11930
12043
12095
12098
12107
12301
12304
12368
12814
12817
12940
13015
13040
13072
13423
13734
13849
13908
13941
14323
14326
14476
14479
14553
14864
16851
17096
17425
17503
17657
19465
19508
19583
19982
20053
20084
20087
20458
20735
21319
21334
21592
21798
22511
22968
23067
24469
24881
25349
25481
25620
26238
26346
26514
26916
26966
28522
28566
28690
28843
29600
30004
30540
32203
32822
33186
33510
35427
35773
35915
36149
37159
37452
38033
38275
38868
39299
39701
39803
40539
41658
42070
42185
42205
42881
42979
43727
43912
44494
44916
44994
46142
46540
Number of cuts: 130

Alpacados
158
541
1317
1440
1488
1853
2245
2517
2613
2619
3004
3273
3538
3793
4174
4381
5172
5325
5567
5672
5687
5751
6177
6640
6820
7242
7782
9657
9792
9860
10159
10164
10350
10829
11866
11979
12031
12034
12043
12237
12240
12467
12750
12876
12951
12976
13008
13040
13359
13785
13959
14046
14259
14262
14412
14415
14489
14800
14970
16787
17032
17361
17439
17593
18307
18712
19379
19401
19444
19519
19918
19989
20020
20023
20114
20394
20535
20671
20739
21043
21255
21270
21474
21680
22380
22837
22936
24338
24757
25218
25350
25525
26143
26251
26419
26821
26871
28427
28471
28595
29505
29909
30445
30883
32108
32727
33091
33415
35329
35675
35817
36051
37052
37345
38168
38736
39192
39594
39696
40362
40614
40919
41481
41893
42704
42802
43550
43735
43804
44317
44739
44817
45015
45965
46360
Number of cuts: 135

AngryOrchard
542
1310
1433
1845
1957
2056
2228
2602
2987
3256
3521
3776
4157
5155
5308
5550
5655
5670
5734
6160
6623
6803
7225
7765
8099
9640
9775
9843
10142
10333
10562
10812
11849
11962
12014
12017
12026
12220
12223
12450
12733
12859
12934
12959
12991
13023
13342
13860
14029
14242
14245
14359
14373
14472
14953
15788
17015
17344
17422
17576
19384
19427
19502
19901
19972
20003
20006
20543
20654
21253
21457
21663
22350
22832
24334
24550
24577
24746
25214
25346
25485
26103
26378
26780
26830
27998
28386
28430
28554
28707
29464
29825
30363
31276
32981
33521
35489
35835
35977
36211
38086
38328
39352
39960
40593
41175
41782
42123
43954
44023
44958
45747
46070
46464
Number of cuts: 114

AppleCloud
305
1110
1233
1609
1721
1820
1992
2360
2366
2700
2751
3020
3285
3921
4128
4919
5072
5314
5419
5434
5498
5924
6567
6989
7529
7863
8489
9430
9515
9583
10073
10546
10738
11583
11696
11748
11751
11760
12060
12269
12272
12367
12488
12554
12568
12615
12647
12731
12788
12812
12892
12962
12980
13005
13037
13069
13537
13627
13906
14075
14162
14288
14291
14405
14518
14528
14727
14999
16816
17390
17468
17622
19473
19548
19947
20018
20049
20052
20700
21284
21299
21424
21503
22885
24344
24451
24560
24587
24756
25224
25356
25495
26113
26389
26791
26841
27017
28009
28371
28476
28520
28644
29551
30270
30708
32916
35154
35500
35642
35876
36877
37170
37751
37993
38561
39017
39416
39518
40253
41375
41787
41902
41922
42598
42696
43444
43629
44211
44633
44711
45859
46256
Number of cuts: 132

Belenaria
158
541
1317
1440
1488
1900
2012
2111
2283
2555
2651
2657
3042
3311
3576
3831
4212
5210
5338
5605
5710
5725
5789
6215
6693
6873
7295
7835
7880
8381
9862
9930
10229
10234
10420
10563
10893
11930
12043
12095
12098
12107
12301
12304
12368
12814
12817
12940
13015
13040
13072
13423
13734
13849
13908
13941
14323
14326
14476
14479
14553
14864
16851
17096
17425
17503
17657
19465
19508
19583
19982
20053
20084
20087
20458
20735
21319
21334
21538
21744
22444
22901
23000
24403
24815
25283
25415
25554
26172
26280
26448
26850
26900
28456
28500
28624
29532
30406
30844
32069
32688
33052
33376
35302
35648
35790
36024
37025
37318
37899
38141
38709
39165
39564
39666
40401
41523
41935
42050
42070
42746
42844
43592
43777
44359
44781
44859
46007
46405
Number of cuts: 129

BobbyDazzler
158
541
1317
1440
1488
1538
1965
2354
2626
2722
2728
3113
3382
3647
3902
4283
4490
5281
5434
5676
5781
5860
6286
6749
6929
7351
7891
8225
9766
9901
9969
10268
10273
10459
10938
11975
12088
12140
12143
12152
12346
12349
12576
12859
12985
13060
13085
13117
13149
13468
13894
14068
14155
14368
14371
14521
14524
14598
15079
16896
17141
17470
17548
17702
18416
18821
19553
19628
20027
20098
20129
20132
20780
20848
21152
21364
21379
21583
21789
22490
22947
23046
24448
24639
24691
24867
25328
25460
25599
25600
26217
26325
26493
26895
26945
28501
28545
28669
29579
29983
30519
32801
33165
33489
35406
35752
35894
36128
37129
37422
38245
38841
39269
39671
39773
40509
40761
41066
41629
42041
42156
42176
42852
42950
43698
43883
44465
44887
44965
46113
46508
Number of cuts: 131

Bonanza
158
541
1317
1440
1488
1900
2012
2111
2283
2555
2651
2657
3042
3311
3576
3831
4212
4419
5210
5363
5605
5710
5725
5789
6215
6678
6858
7280
7820
9695
9830
9898
10197
10202
10388
10867
11904
12017
12069
12072
12081
12275
12278
12505
12788
12914
12989
13014
13046
13078
13397
13823
13997
14084
14297
14300
14450
14453
14527
14838
15008
16825
17070
17399
17477
17631
18345
18750
19417
19439
19482
19557
19956
20027
20058
20061
20152
20432
20573
20709
20777
21293
21308
21512
21718
22418
22875
24376
24795
25256
25388
25527
25528
26145
26253
26421
26823
26873
28429
28473
28597
29507
29911
30447
30885
32110
32729
33093
33417
35331
35677
35819
36053
36577
36795
37434
37727
38550
39118
39574
39976
40078
40814
41066
41371
41933
42345
43156
43254
44002
44187
44256
44769
45191
45269
45467
46078
46402
46799
Number of cuts: 139

Bradshaw
158
541
1317
1440
1488
1900
2012
2111
2283
2555
2651
2657
3042
3311
3576
3831
4212
4419
5210
5338
5605
5710
5725
5789
6215
6693
6873
7295
7835
7880
8381
9862
9930
10420
10563
10893
11930
12043
12095
12098
12107
12301
12304
12368
12814
12817
12940
13015
13040
13072
13423
13734
13849
13908
13941
14323
14326
14476
14479
14553
14864
16851
17096
17425
17503
17657
19465
19508
19583
19982
20053
20084
20087
20458
20599
20735
21319
21334
21538
21744
22444
22901
23000
24402
24814
25282
25414
25553
26171
26279
26447
26849
26899
28455
28499
28623
28776
29533
29937
30473
32136
32755
33119
33443
35360
35706
35848
36082
37092
37385
37966
38208
38801
39232
39634
39736
40472
41591
42003
42118
42138
42814
42912
43660
43845
44427
44849
44927
46075
46473
Number of cuts: 130

Bryce
158
541
1317
1440
1488
1900
2012
2111
2283
2555
2651
2657
3042
3311
3576
3831
4212
4419
5210
5363
5605
5710
5789
6215
6678
6858
7280
7820
8154
9695
9830
9898
10197
10202
10388
10867
11904
12017
12069
12072
12081
12275
12278
12505
12788
12914
12989
13014
13046
13078
13397
13823
13997
14084
14297
14300
14450
14453
14527
14838
15008
16825
17070
17399
17477
17631
18345
18750
19439
19482
19557
19956
20027
20058
20709
20777
21293
21308
21512
21718
22419
22876
22975
24377
24568
24620
24796
25257
25389
25528
25529
26146
26254
26422
26824
26874
28430
28474
28598
29508
30227
30690
32509
32873
33197
35114
35460
35602
35836
36837
37130
37953
38521
38977
39379
39481
40217
40469
40774
41337
41749
41864
41884
42560
42658
43406
43591
44173
44595
44673
45821
46214
Number of cuts: 132

ChewyVIII
2
305
384
416
1632
1926
2843
3166
3824
4158
4610
5387
5453
5501
6988
7358
7755
7835
8257
9253
9490
10207
10574
11140
11276
11360
11435
11954
12051
12352
12657
12850
13561
13726
14216
14409
14771
15702
16156
16366
16672
16697
16715
16860
17112
17541
18269
18881
19329
19346
19524
19815
20087
21477
21777
22325
22391
22469
22594
22727
22730
22905
23028
23031
23034
23075
23090
23105
23368
23601
24329
24399
24539
24755
24804
24854
25059
25345
25908
26348
26962
27150
27263
27335
27849
28089
28611
28985
29342
29453
29925
30059
30115
30276
30417
31187
31286
31548
31634
31643
32142
32913
32996
33077
33083
33256
33347
33572
33814
33951
34575
34811
34849
34905
35186
35645
35709
36036
36431
36598
36660
36678
36964
37009
37090
37248
37251
37549
37877
38058
38652
38749
38752
38911
39168
39258
39701
39734
40108
40559
41342
41511
41544
41552
41746
41749
41914
42085
42097
42100
42103
42609
42648
43173
43947
44548
44764
45024
45027
45114
45677
46007
46434
46583
46886
47007
47441
47453
47609
48563
49163
49209
49747
50416
51056
52011
52268
52413
52650
52672
52693
52740
52998
53196
53862
54011
54020
54215
54228
54233
54630
54811
54837
55220
55295
55355
55639
55814
55927
55942
55988
56421
56505
56520
56788
58144
58208
58727
59736
59778
60005
60231
60234
60347
60480
61337
61938
62394
63079
63802
64013
64221
64599
64620
64866
64978
65819
66114
66183
66467
66789
66821
67023
67508
67928
67949
68128
68285
69004
69032
Number of cuts: 240

CosmicSans
158
541
1317
1440
1488
1900
2012
2111
2283
2555
2651
2657
3042
3311
3576
3831
4212
4419
5210
5338
5605
5710
5725
5789
6215
6693
6873
7295
7835
7880
8381
9862
9930
10420
10563
10893
11930
12043
12095
12098
12107
12301
12304
12368
12814
12817
12940
13015
13040
13072
13423
13734
13849
13908
13941
14323
14326
14476
14479
14553
14864
16851
17096
17425
17503
17657
19465
19508
19583
19982
20053
20084
20087
20458
20599
20735
21319
21334
21538
21744
22444
22901
23000
24402
24814
25282
25414
25553
26171
26279
26447
26849
26899
28455
28499
28623
28776
29533
29937
30473
32136
32755
33119
33443
35360
35706
35848
36082
37083
37376
37957
38199
38792
39223
39625
39727
40463
40715
41020
41582
41994
42109
42129
42551
42805
42903
43651
43836
44418
44840
46066
46463
Number of cuts: 132

Dinger
293
302
542
1312
1435
1483
1896
2008
2107
2279
2647
2653
2987
3038
3307
3572
3827
4208
4415
5206
5359
5601
5706
5721
5785
6211
6854
7276
7816
8150
9691
9826
9894
10193
10198
10384
10613
10863
11900
12013
12065
12068
12077
12271
12274
12501
12784
12787
12910
12985
13010
13042
13074
13393
13819
13911
13993
14080
14293
14296
14410
14424
14523
14533
14732
15004
15839
16821
17066
17395
17473
17627
19435
19478
19553
19952
20023
20054
20057
20705
21289
21304
21508
21714
24386
24493
24602
24629
24798
25266
25398
25537
26155
26431
26833
26883
27059
28051
28413
28518
28562
28686
29594
29901
30342
30780
32988
35502
35848
35990
36224
37225
38099
38341
38937
39365
39973
40606
41189
41726
41797
41915
42141
42901
43972
44041
44976
45765
46089
46484
Number of cuts: 130

DocB7
101
432
448
1054
1190
1401
1750
2042
2095
2365
2546
2954
3076
3079
4113
4264
4287
4410
4692
4915
5310
5336
5730
5939
6003
6006
6012
6096
6363
6489
6753
6853
6953
7285
7460
7748
8701
9661
10430
10556
10782
11180
11192
11222
11504
11552
11568
11717
11736
12139
12290
12292
12334
12678
12703
12706
12933
13117
13932
13953
13956
14229
14381
14545
15170
15694
15696
15810
15927
16122
16180
16446
17521
17614
17763
17957
18014
18020
18080
18090
18122
18131
18194
18312
18410
18416
18420
18426
18527
18542
18575
18801
19001
19071
19125
19199
19411
19415
19589
20171
20249
20282
20283
20286
20289
20456
20459
20598
20606
20711
20738
20837
20870
20990
20991
21002
21098
21104
21164
21236
21242
21257
21266
21287
21302
21305
21385
21399
21487
22217
22304
22370
22450
22547
22550
22607
22970
23043
23343
23821
23908
24158
24168
24246
24281
24422
24440
25019
25022
25488
25581
25727
26192
26273
26357
26505
26545
26557
26799
26810
26972
26975
26994
27641
27927
28099
30080
30118
31148
32925
32963
33210
33471
33490
33998
34366
34516
34814
35332
35357
35808
36146
36193
36290
36423
36559
36711
36897
38360
38398
38425
38569
38819
38825
39179
39339
40119
41257
41259
41325
42165
42429
42827
42911
42966
43154
43159
43339
43342
44007
44291
44403
44593
44605
44611
44640
44698
44863
45328
45398
45547
46047
46991
46998
47575
47776
48282
49093
49645
49734
50806
50995
51110
51165
51382
51784
52616
53415
53706
54411
54629
54744
54983
55541
55586
55816
55838
56303
56609
56703
56925
56990
57020
57488
57854
58619
58723
58792
59178
59251
59400
59558
59602
59608
59924
60062
60072
60401
60652
60655
60824
60829
60967
61098
61367
61529
61676
61853
61919
61982
62024
62395
62585
62923
63037
63395
63745
63996
63999
64012
64308
64362
64576
64694
64803
65030
65131
65176
65342
65402
65655
66091
66261
66264
66596
66650
66802
66846
66923
67352
67443
68250
69022
69322
70882
71609
72506
73592
73615
73859
74264
74766
75326
75330
75695
Number of cuts: 325

E3
252
440
580
743
821
843
985
1066
1071
1369
1478
1541
1687
1764
1822
1900
1939
2158
2161
2913
3366
3918
3921
4575
4694
4784
4797
5122
5180
5521
5915
6631
6893
7149
7355
7461
7470
7685
7796
7823
7826
8338
8477
8624
8711
9315
9644
9664
9708
9838
10265
10269
10322
10328
10473
10645
10660
10702
10765
10781
11023
11207
11292
11474
11594
11606
11645
11810
12026
12135
12177
12194
12353
12584
12599
12787
13289
13549
13871
13952
14037
14483
14537
14669
14761
14837
14881
14998
15001
15178
15377
15488
15621
15667
15714
15757
15799
16283
16298
16331
16405
16515
16777
16891
16921
17002
17032
17074
17138
17141
17179
17320
17397
17808
17814
17914
17922
18315
18621
18793
19449
19526
19541
19563
19573
19747
19854
19905
20316
20371
20382
20385
20482
20560
20671
20687
20754
20979
21110
21278
21343
21404
21469
21500
21714
21777
21857
21958
21961
22042
22335
22356
22387
22538
22730
22731
23274
23410
23508
23674
23678
23732
24010
24013
24189
24200
24782
24785
24823
24915
25190
25420
25560
25765
25899
26140
26370
26385
26559
26613
26667
26730
26752
27096
27220
27372
27489
27508
27523
27583
27885
27984
28050
28093
28116
28261
28279
28498
28627
28793
28847
28949
29046
29257
29328
29534
29593
29698
30127
30130
30179
30422
30425
30724
30733
31130
31153
31181
31267
31297
31432
31478
31513
31721
31763
31868
32001
32057
32337
32403
32464
32792
32927
32967
33059
33338
33360
33365
33456
33555
33695
34136
34233
34283
34437
34440
34443
34482
34599
34605
34620
34644
34817
34820
34829
35348
35351
35532
35551
35554
35765
35854
36058
36134
36483
36518
36578
36616
36972
36994
37283
37503
37722
37792
37815
37837
37941
38214
38222
38335
38344
38392
38415
38437
38630
38696
38845
38984
39398
39420
40034
40095
40186
40523
40967
41048
41084
41090
41921
42219
42221
42239
42264
42287
43324
43406
43686
43736
43758
44262
44499
44647
44680
44767
45026
45069
45163
45485
45544
46130
46150
46330
46467
46587
46632
46767
46770
47374
47496
47548
47575
47743
47797
48195
48336
48811
48830
49402
49543
49623
49795
50348
50452
50474
50549
50608
50636
50989
51269
51469
51515
51807
51987
51998
52104
52168
52231
52531
52935
53410
53429
53487
53650
54601
55020
55226
55603
55816
55832
56147
56204
56363
56618
56835
56961
57084
57307
57398
57503
58021
58075
58075
58078
58576
58737
58779
58932
59442
59564
59706
60053
60172
60723
60739
60761
61471
61509
61663
61666
61678
61708
61749
61758
61771
62014
62443
62769
62854
62857
62981
63224
63401
63443
63511
63688
63864
63962
64233
64269
64496
64779
64991
65231
65350
65620
65642
65866
66061
66340
66470
66913
67007
67297
67449
67544
67599
67754
68025
68048
68102
68132
68388
68609
68632
68695
69244
69424
69576
69671
69737
70051
70144
70302
70620
70874
70954
70986
71596
71995
72046
72084
72177
72199
72231
72237
72241
72259
72463
73170
73551
73566
73669
73730
73912
73968
73988
74086
74851
75109
75425
75761
75812
75831
75878
76065
76098
76131
76173
76254
76272
76511
76542
76616
76748
76820
77009
77031
77036
77710
77775
77855
77952
78008
78014
78036
78221
78248
78491
78729
78830
78895
79090
79225
79361
79794
79882
79911
80007
80029
80148
80152
80616
80665
80859
81120
81322
81555
81618
81774
81906
81912
81934
81987
82545
82592
82641
82668
82764
82894
83374
83430
83463
83538
83974
84430
84537
84626
85142
85612
86417
86507
86834
87873
87930
88133
88140
88205
88252
88392
88715
88887
88896
89009
89335
89349
89533
89538
89764
89953
89983
89986
89989
90371
90376
90814
90945
91009
91165
91201
91609
91822
91996
92017
92032
92070
92130
92338
92341
92369
92461
92506
92887
93007
93134
93153
93156
93322
93779
93782
93895
93967
94000
94055
94284
94567
94738
94871
94984
95287
95368
95387
95395
95841
96044
96161
96177
96275
96731
96753
96809
96998
97264
97708
97833
97964
98030
98036
98058
98219
98228
98231
98342
98369
98372
98504
98537
98953
99073
99175
99373
99397
99419
99473
99500
99507
99524
99850
100055
100528
100653
101146
101304
101438
101459
101630
101664
101686
101806
102060
103260
103316
103335
103362
103434
103461
103479
103497
103524
103542
103545
103557
103581
103617
103656
103662
103689
103701
103704
103707
103713
103716
103719
103725
103728
103731
103734
103755
103829
103841
103859
103887
103981
104210
104236
104376
104485
105355
105487
105490
105613
105706
105818
106144
106171
106390
107198
107646
107750
107828
108092
108134
108152
108188
108683
108953
109007
109013
109028
109100
109576
109643
109805
109948
110088
110095
110145
110392
110455
110479
110673
110979
111051
111404
111625
111905
111998
112080
112429
112439
112566
112606
112699
112759
113104
113119
113214
113349
113360
113552
113555
113908
114009
115036
115117
115297
115555
115632
115883
116060
116129
116279
116731
116971
117086
117208
117265
117295
117401
117937
118063
118123
118151
118154
118634
118728
119132
119460
119505
119861
119975
120145
120343
120363
120452
120676
120828
121341
121554
121601
121890
121904
121945
121951
121973
122622
122697
122781
122798
123359
123537
123765
123855
123980
124033
124437
124480
124768
124947
125000
125003
125066
125202
125309
125425
125459
125734
125754
125883
125904
126191
126202
126429
126578
126584
126706
126820
126922
126975
127157
127324
127674
128367
128381
128425
128789
129051
129148
129170
129221
129326
129496
129640
129683
130051
130349
130635
131060
131173
131174
131365
131456
131459
131471
131478
131609
131898
131975
132077
132287
132338
132696
133153
133175
133183
133315
133534
133653
133730
133837
133861
133898
134161
134620
135380
135457
135715
135760
135763
135874
136106
136240
136454
136458
136581
136592
136710
136814
136856
137121
137280
137399
137786
137945
138033
138572
138815
139810
140014
140250
140520
140681
140743
140984
141242
141320
141381
141839
141903
141914
141915
142286
142388
Number of cuts: 912

Erik
158
541
1317
1440
1488
1900
2012
2111
2283
2555
2651
2657
3042
3311
3576
3831
4212
5210
5338
5605
5710
5725
5789
6215
6693
6873
7295
7835
7880
8381
9861
9929
10419
10562
10892
11929
12042
12094
12097
12106
12300
12303
12367
12813
12816
12939
13014
13039
13071
13422
13733
13848
13907
13940
14322
14325
14475
14478
14552
14863
16850
17095
17424
17502
17656
19464
19507
19582
19981
20052
20083
20086
20457
20734
21318
21333
21537
21743
22443
22900
22999
24400
24812
25280
25412
25551
26169
26277
26445
26847
26897
28453
28497
28621
29531
30405
30843
32068
32687
33051
33375
35292
35638
35780
36014
37015
37308
37889
38131
38724
39155
39557
39659
40294
40546
40851
41413
41825
41940
41960
42636
42734
43482
43667
44249
44671
45897
46296
Number of cuts: 128

Espica
158
541
1317
1440
1488
1900
2012
2111
2283
2555
2651
2657
3042
3311
3576
3831
4212
5210
5338
5605
5710
5725
5789
6215
6693
6873
7295
7835
7880
8381
9862
9930
10229
10234
10420
10563
10893
11930
12043
12095
12098
12107
12301
12304
12368
12814
12817
12940
13015
13040
13072
13423
13734
13849
13908
13941
14323
14326
14476
14479
14553
14864
16851
17096
17425
17503
17657
19465
19508
19583
19982
20053
20084
20087
20458
20735
21319
21334
21538
21744
22444
22901
23000
24403
24815
25283
25415
25554
26172
26280
26448
26850
26900
28456
28500
28624
29532
30406
30844
32069
32688
33052
33376
35302
35648
35790
36024
37025
37318
37899
38141
38709
39165
39564
39666
40401
41523
41935
42050
42070
42746
42844
43592
43777
44359
44781
44859
46007
46404
Number of cuts: 129

Finch
24
27
152
300
1043
1583
2940
3408
4261
4812
4885
5093
5390
5956
6588
6668
6917
7223
7589
7700
7900
8031
8076
8150
8960
9179
9348
9416
9447
9683
10219
10496
10547
10566
10799
11075
11333
11345
11358
11888
11985
12159
12387
12821
12850
13540
13658
13659
13822
13918
14153
14190
14193
14202
14210
14382
15088
15336
15386
15433
15496
16195
16276
17623
17665
17684
17714
17766
17926
17953
17992
18187
18399
18436
18534
18627
18698
18864
18879
18913
19222
19252
19471
19538
21072
21194
21198
21333
21344
21366
21977
22050
22212
22459
22663
22693
23396
23432
23519
23633
23639
23837
24271
25283
25735
25903
26133
26145
26286
26378
26395
26417
26522
27295
27317
27506
27509
27590
27750
28053
28306
28595
28722
28853
29901
29904
30168
30171
30180
30364
30367
30591
31499
31722
32105
32146
32159
32168
32306
32732
32894
32923
33070
33112
34023
34292
34803
35123
35126
35132
35793
36353
36500
37087
37744
37811
37852
38271
38283
38333
38620
38973
39363
39436
40140
40216
41707
41710
41713
41781
41817
41914
42150
42583
42604
43158
44403
44517
44539
45094
45169
45543
45817
46569
47049
47342
47559
48132
48439
48642
48742
48819
48855
49245
49610
50067
50288
50500
50557
51561
52040
52618
52890
53017
53409
53548
54035
54038
54219
54524
55085
55239
55301
55374
55608
55617
55711
56007
56375
56462
56920
56967
57741
58051
58080
58469
58537
59139
59927
60065
60068
60233
60627
60859
60992
61161
61790
62633
62841
63626
64031
64725
64797
65110
65275
65309
65431
65447
65633
65861
66224
66823
67658
68223
68307
68497
68500
68673
69246
69752
69874
69909
70320
70801
70937
71267
71730
71737
71807
71984
72734
73236
73411
73509
73585
74102
74357
74423
74627
74692
74786
74830
75223
75676
75949
76109
76578
76592
77142
77160
77330
77401
78732
78889
78906
79443
79832
79835
79913
79916
80325
80517
80635
80798
81170
81301
81434
81543
81810
81903
81942
82149
82387
83029
83041
83128
83318
84252
84595
84716
85034
85646
85757
86264
86807
86914
87639
87697
87700
87765
88297
88623
88780
89238
89932
90449
90515
90516
90797
90961
91027
91449
91836
93133
93257
93344
93552
93673
93857
94579
94625
95014
95884
96739
96777
97248
98228
99179
99492
99664
99909
99912
100113
100161
100438
101856
101974
102064
102138
102159
102221
102458
102583
102718
103284
103541
103865
104076
104187
104941
105133
105267
105772
106153
106325
107409
107432
107711
107825
108148
108710
109422
109806
110198
110601
111075
112099
112179
112695
113734
114339
114467
114588
114591
114660
115048
115224
115419
115865
115886
116428
116516
116713
116860
116905
116993
117065
117145
117251
117391
117912
117959
118206
118278
118281
118393
118861
118878
119194
119483
119783
119914
121899
122050
122380
122583
122602
122605
123150
123720
124196
124425
124731
124896
124899
125216
125933
126407
126435
126662
127935
128350
128760
128916
128965
129642
130500
130571
130673
131544
132025
132295
132401
132430
132539
132874
133249
133283
133833
133945
134390
134969
135061
136011
136361
136409
136752
136799
136929
136969
137247
137423
138686
138757
Number of cuts: 484

Gollum
158
541
1317
1440
1488
1900
2012
2111
2283
2555
2651
2657
3042
3311
3576
3831
4212
5210
5338
5605
5710
5725
5789
6215
6693
6873
7295
7835
7880
8381
9862
9930
10420
10563
10893
11624
11930
12043
12095
12098
12107
12301
12304
12368
12814
12817
12940
13015
13040
13072
13423
13734
13849
13908
13941
14323
14326
14476
14479
14553
14864
16851
17096
17425
17503
17657
18892
19465
19508
19583
19982
20053
20084
20087
20458
20735
21319
21334
21538
21744
22444
22901
23000
24402
24814
25282
25414
25553
26171
26279
26447
26849
26899
28455
28499
28623
29531
29935
30471
32134
32753
33117
33441
35358
35704
35846
36080
37081
37374
37955
38197
38765
39221
39620
39722
40405
40657
40962
41524
41936
42051
42071
42493
42747
42845
43593
43778
44360
44782
44860
46008
46397
46402
Number of cuts: 133

Grayson
44
105
718
2737
3270
3818
4132
4135
4645
5039
7121
7312
7789
7920
7923
8346
8528
8765
8925
9083
10235
10394
10934
10937
10978
11110
13282
14267
14285
14700
15170
15933
16151
17568
18816
19119
19293
21311
23330
24404
25347
25656
26604
26956
27029
27291
27294
27324
28081
28779
28893
28947
29568
30853
32285
32462
32644
33512
33515
33740
33806
34064
34163
34720
34883
35000
35063
35066
35075
35156
35386
35483
35486
35582
35711
35963
36443
37283
37366
37577
38294
38526
38538
38756
39152
41066
42530
43693
44033
44404
45103
45269
46229
46268
46415
46421
46499
46541
46774
47300
47528
47684
47695
47786
48416
48665
48982
49081
49220
49292
49295
49646
49649
49679
49709
49951
50047
50408
50636
50857
50873
50881
50933
51007
51010
51026
51203
51263
51490
53199
54070
54237
54755
56292
56353
57095
57178
57597
58155
58644
59096
59154
59657
59781
60328
60394
60649
62420
63492
63666
63669
64565
64689
64917
65298
65588
66280
66610
66613
67279
67282
67338
67368
67821
68437
68625
68866
68878
71524
71888
73619
74808
74992
75389
76835
77438
77642
78317
78495
79357
79807
80266
82057
82060
83808
83833
84153
84156
84372
85557
85921
87232
87360
88701
89854
89887
90082
90094
90896
91049
92584
93639
93642
93696
94333
94709
95053
95292
95550
95810
96363
96603
97662
98301
98304
98322
98472
98575
98967
99156
99341
100469
100816
101531
101769
101809
101830
103209
103442
103809
103818
104209
104434
104660
105899
105902
106024
106611
106871
106908
107690
108434
109056
109059
109322
109925
112107
112359
113402
113642
114174
116411
116639
116747
118071
118551
119449
120245
120290
120356
120598
122722
126699
127783
128413
128945
129006
129619
131638
Number of cuts: 269

Harlequin
158
541
1317
1440
1488
1900
2012
2111
2283
2555
2651
2657
3042
3311
3576
4212
4419
5210
5363
5605
5710
5725
5789
6215
6858
7280
7820
8154
9671
9806
9874
10173
10178
10364
10843
11880
11993
12045
12048
12057
12251
12254
12481
12764
12890
12965
12990
13022
13054
13373
13799
13973
14060
14273
14276
14426
14429
14503
14814
14984
16801
17046
17375
17453
17607
18321
18726
19415
19458
19533
19932
20003
20034
20685
20753
21269
21284
21542
21748
22449
22906
23005
24407
24598
24650
24826
25287
25419
25558
25559
26176
26284
26452
26854
26904
28460
28504
28628
29538
30257
30720
32539
32903
33227
35144
35490
35632
35866
36867
37160
37983
39007
39513
40411
40809
41372
41784
41899
41919
42595
42693
43441
43626
44208
44630
44708
45856
46250
Number of cuts: 128

Hiro
158
541
1317
1440
1488
1900
2012
2111
2283
2555
2651
2657
3042
3311
3576
3831
4212
4419
5210
5363
5605
5710
5789
6215
6678
6858
7280
7820
8154
8780
9721
9806
9874
10364
10837
11029
11874
11987
12039
12042
12051
12351
12560
12563
12658
12779
12845
12859
12906
12938
13022
13079
13103
13183
13253
13271
13296
13328
13360
13828
14197
14366
14453
14579
14582
14696
14809
14819
15018
15290
17107
17681
17759
17913
19408
19721
19764
19839
20238
20309
20340
20343
20991
21575
21590
21715
21794
23176
24662
24853
24905
25081
25542
25674
25813
25814
26431
26539
26707
27109
27159
28715
28759
28883
29793
30197
30733
33015
33379
33703
35620
35966
36108
36342
37343
37636
38459
39027
39483
39885
39987
40723
40975
41280
41843
42255
42370
42390
43066
43164
43912
44097
44679
45101
45179
46327
Number of cuts: 136

Jace
494
638
832
835
1135
1157
1264
1468
1690
1783
1800
1810
1822
1967
1992
2411
2439
2675
2770
2834
3389
3561
3618
3694
3953
4020
4546
4549
4577
4644
4753
4756
4895
4913
4922
4931
5017
5234
5266
5306
5537
5561
5591
6115
6196
6346
6409
6696
6879
7234
7270
7825
7849
7852
8012
8436
8598
8807
9344
9482
9521
9522
9525
9583
10113
10157
10350
10415
10553
10674
10889
10901
11004
11149
11170
11239
11384
11389
11597
11645
11821
11928
11975
12076
12156
12156
12279
12449
12797
13139
13307
13350
13412
13434
13519
13662
13679
13721
14399
14438
14498
14628
14684
14696
14727
15040
15070
15073
15217
15221
15430
15727
16168
16171
16782
16846
17255
17428
17588
17707
17929
17938
18013
18126
18342
18438
18549
18975
19269
19479
19573
19604
19661
19692
19945
20001
20059
20164
20197
20200
20231
20249
20466
20527
20675
21215
21343
21561
21747
21750
21764
21776
22002
22005
22014
22058
22068
22145
22152
22162
22197
22238
22258
22445
22598
22619
22844
22879
22934
22988
23010
23014
23016
23357
23387
23390
23765
23793
23845
23926
23956
24466
24565
24644
24664
24758
24768
24789
25040
25276
25398
25426
25626
25982
26010
26077
26080
26109
26123
26172
26191
26219
26291
26485
26557
26585
26714
26929
27161
27252
27554
27576
27647
27697
27796
27810
27862
27874
27881
27942
28044
28151
28360
28626
28766
28777
28816
29047
29249
29371
29463
29491
29712
29724
29745
29755
30023
30032
30043
30046
30111
30114
30145
30156
30244
30298
30430
30857
31195
31228
31293
31354
31390
31469
31533
31730
31850
31871
31874
32010
32104
32326
32430
32497
32678
32706
32754
32835
32841
32844
32917
32969
33151
33437
33482
33608
33750
34128
34156
34364
34610
34632
34662
34713
34728
34878
35105
35281
35366
35554
35855
35888
36192
36204
36234
36284
36537
36619
36865
36893
37058
37131
37259
37344
37642
37959
38058
38229
38304
38358
38569
38572
38609
38663
38670
38956
39039
39111
39200
39783
39977
40035
40038
40177
40217
40267
40350
40412
40461
40708
40885
41002
41231
41322
41359
41426
41450
41745
41878
41906
42118
42165
42306
42846
42927
42947
43023
43079
43099
43154
43173
43175
43195
43389
43617
43649
43686
43806
43907
44047
44127
44206
44228
44478
44547
44565
44720
44857
45194
45473
45476
45703
45921
45989
45992
46085
46086
46089
46257
46613
46808
47246
47249
47304
47505
47533
47561
47824
47913
48102
48129
48157
48286
48399
48478
48552
48710
48860
49016
49038
49159
49273
49382
49468
49575
49757
49830
49940
49962
50076
50144
50476
50491
50519
50661
50664
50693
50887
50917
51067
51331
51609
51779
51790
51832
51885
51952
51987
52040
52138
52677
52785
52902
53007
53273
53464
53552
53778
53855
Number of cuts: 439

Jester
158
541
1317
1440
1488
1900
2012
2111
2283
2555
2651
2657
3042
3311
3576
4212
4419
5210
5363
5605
5710
5725
5789
6215
6858
7280
7820
8154
9671
9721
9806
9874
10364
10837
11874
11987
12039
12042
12051
12245
12248
12475
12623
12758
12761
12884
12959
12984
13016
13048
13367
13793
13967
14054
14267
14420
14423
14497
14706
14978
16795
17369
17447
17601
18720
19409
19452
19527
19926
19997
20028
20679
20747
21263
21278
21482
21688
22380
22837
22936
24338
24529
24581
24757
25218
25350
25489
25490
26107
26215
26383
26785
26835
28391
28435
28559
29469
30188
30651
32470
32834
33158
35075
35421
35563
35797
36798
37091
37914
38938
39444
40342
40740
41303
41715
41830
41850
42526
42624
43372
43557
44139
44561
44639
45787
46181
Number of cuts: 126

Krishelle
158
541
1317
1440
1488
1900
2012
2111
2283
2555
2651
2657
3042
3311
3576
3831
4212
5210
5338
5605
5710
5725
5789
6215
6693
6873
7295
7835
8169
8795
9736
9821
9889
10379
10852
11044
11889
12002
12054
12057
12066
12366
12575
12578
12673
12794
12860
12874
12921
12953
13037
13094
13118
13198
13268
13286
13311
13343
13375
13843
13933
14212
14381
14468
14594
14597
14711
14824
14834
15033
15305
17122
17696
17774
17928
19779
19854
20253
20324
20355
20358
21006
21590
21605
21730
21766
21845
23227
24686
24793
24902
24929
25098
25566
25698
25837
26455
26731
27133
27183
27359
28351
28713
28818
28862
28986
29893
30297
30833
32496
33115
33479
33803
35720
36066
36208
36442
37452
37745
38326
38568
39161
39592
39994
40096
40832
41951
42363
42478
42498
43174
43272
44020
44205
44787
45209
45287
46425
Number of cuts: 138

Lillie
158
541
1317
1440
1488
1900
2012
2111
2283
2555
2651
2657
3042
3311
3576
3831
4212
4419
5210
5338
5605
5710
5725
5789
6215
6693
6873
7295
7835
7880
8381
9862
9930
10420
10563
10893
11930
12043
12095
12098
12107
12301
12304
12368
12814
12817
12940
13015
13040
13072
13423
13734
13849
13908
13941
14323
14326
14476
14479
14553
14864
16851
17096
17425
17503
17657
19465
19508
19583
19982
20053
20084
20087
20458
20599
20735
21319
21334
21538
21744
22444
22901
23000
24402
24814
25282
25414
25553
26171
26279
26447
26849
26899
28455
28499
28623
28776
29533
29937
30473
32136
32755
33119
33443
35360
35706
35848
36082
37083
37376
37957
38199
38792
39223
39625
39727
40463
40715
41020
41582
41994
42109
42129
42551
42805
42903
43651
43836
44418
44840
46066
46463
Number of cuts: 132

Mahdia
2338
11304
16419
17345
Number of cuts:  4

Naiad
158
541
1317
1440
1488
1900
2012
2111
2283
2555
2651
2657
3042
3311
3576
3831
4212
5210
5338
5605
5710
5725
5789
6215
6693
6873
7295
7835
7880
8381
9862
9930
10229
10234
10420
10563
10893
11930
12043
12095
12098
12107
12301
12304
12368
12814
12817
12940
13015
13040
13072
13423
13734
13849
13908
13941
14323
14326
14476
14479
14553
14864
16851
17096
17425
17503
17657
19465
19508
19583
19982
20053
20084
20087
20458
20735
21319
21334
21538
21744
22457
22914
23013
24415
24827
25295
25427
25566
26184
26292
26460
26862
26912
28468
28512
28636
28789
29546
29950
30486
32149
32768
33132
33456
35373
35719
35861
36095
37105
37398
37979
38221
38814
39245
39647
39749
40485
41604
42016
42131
42151
42827
42925
43673
43858
44440
44862
44940
46088
46486
Number of cuts: 130

Nancinator
158
541
1317
1440
1488
1900
2012
2111
2283
2555
2651
2657
3042
3311
3576
3831
4212
5210
5338
5605
5710
5725
5789
6215
6693
6873
7295
7835
7880
8381
9862
9930
10229
10234
10420
10563
10893
11930
12043
12095
12098
12107
12301
12304
12368
12814
12817
12940
13015
13040
13072
13423
13734
13849
13908
13941
14323
14326
14476
14479
14553
14864
16851
17096
17425
17503
17657
19465
19508
19583
19982
20053
20084
20087
20458
20735
21319
21334
21538
21744
22444
22901
23000
24403
24815
25283
25415
25554
26172
26280
26448
26850
26900
28456
28500
28624
29532
30406
30844
32069
32688
33052
33376
35302
35648
35790
36024
37025
37318
37899
38141
38709
39165
39802
40054
40359
40921
41333
41448
41468
41890
42144
42242
42990
43175
43757
44179
44257
45405
45803
Number of cuts: 130

Natosaleda
158
541
1317
1440
1488
1900
2012
2111
2283
2555
2651
2657
3042
3311
3576
3831
4212
5210
5338
5605
5710
5725
5789
6215
6693
6873
7295
7835
7880
8381
9862
9930
10229
10234
10420
10563
10893
11930
12043
12095
12098
12107
12301
12304
12368
12814
12817
12940
13015
13040
13072
13423
13734
13849
13908
13941
14323
14326
14476
14479
14553
14864
16851
17096
17425
17503
17657
19465
19508
19583
19982
20053
20084
20087
20458
20735
21319
21334
21538
21744
22444
22901
23000
24402
24814
25282
25414
25553
26171
26279
26447
26849
26899
28455
28499
28623
29531
30405
30843
32068
32687
33051
33375
35301
35647
35789
36023
37024
37317
37898
38140
38708
39164
39563
39665
40400
41522
41934
42049
42069
42745
42843
43591
43776
44358
44780
44858
45998
46394
Number of cuts: 129

Partridge
293
302
542
1310
1433
1959
2071
2170
2342
2710
2716
3050
3101
3370
3635
3890
4271
5269
5422
5664
5769
5784
5848
6274
6917
7339
7879
8213
9754
9889
9957
10256
10261
10447
10676
10926
11963
12076
12128
12131
12140
12334
12337
12564
12847
12850
12973
13048
13073
13137
13456
13882
13974
14056
14143
14356
14359
14473
14487
14586
14596
14795
15067
15902
16884
17129
17458
17536
17690
19498
19541
19616
20015
20086
20117
20120
20657
20768
21352
21367
21571
21777
22762
24449
24556
24665
24692
24861
25329
25461
25636
26254
26530
26932
26982
27158
28150
28512
28617
28661
28785
29233
29693
30097
30633
31071
33276
35658
36004
36146
36444
37381
38256
38498
39522
40130
40763
41346
41883
41954
42072
42295
42890
43247
44318
44387
45322
46110
46434
46829
Number of cuts: 130

Pepy6
144
1593
1838
1976
1997
2021
2039
2630
3149
3152
3192
3423
3646
3850
3917
4313
4499
4721
4787
5045
5372
6696
6938
9384
9644
9749
9920
10068
10084
10359
10959
11385
11938
12237
12689
12960
13554
13632
13994
14274
14455
14514
14741
14777
14805
14891
15465
16010
16292
16427
16600
17180
17713
17746
18010
18480
18653
18969
19080
19095
19217
19833
20105
21176
21179
21480
21483
21612
21640
21774
22255
22684
22687
22729
22837
22978
23059
23662
23706
23709
24156
24637
25307
25363
26171
26321
26324
27467
28558
29138
29194
29321
30129
30595
30943
30991
31280
31304
32134
32169
32238
32350
32378
32428
33026
33051
33054
33517
33883
33941
34096
34675
34999
35260
35713
36666
36828
37973
38449
38630
38760
39589
39633
39984
40026
40029
40558
40659
40978
41655
41683
41784
43710
44096
44110
44174
44318
46502
46857
47213
47673
47697
47723
47804
47811
47816
48006
48716
50317
50358
50643
51164
54716
54780
54999
55087
56650
56832
57677
58066
58172
58381
58962
59860
59894
59928
60305
60615
61460
62017
62334
64040
64155
65330
65888
67403
67407
67582
68058
69189
69323
69461
69557
70004
70818
70943
71146
72712
72930
73092
73332
73758
73875
74697
74700
74832
74854
75252
75300
75328
76167
76170
76357
76513
76566
Number of cuts: 205

Peregrin
105
743
2494
2499
2802
3032
5207
5676
6382
7004
7056
7230
7650
8079
8239
8397
9549
9708
10424
12596
13599
13617
14007
15291
15509
16831
16855
18368
18671
18747
18764
18845
20477
23640
23978
25233
26181
26533
26606
26805
26808
27595
28293
28407
28461
29082
29935
29972
29981
30176
30851
30947
31091
31163
31334
31426
32269
32522
32588
32846
32849
33502
33782
33845
33848
33857
33938
33977
34168
34265
34268
34745
34919
35060
35135
35540
35618
36065
36148
36359
37076
37308
37320
37538
37933
39846
41310
42095
42473
42813
43184
43883
44049
44823
44826
45009
45048
45195
45201
45279
45296
45554
46080
46308
46464
46475
46566
47473
47762
47861
48072
48075
48426
48429
48459
48492
48734
48830
49191
49419
49479
49640
49656
49664
49782
49809
49818
50046
50273
52010
52853
53020
53538
55462
55545
55964
56522
57011
57463
57521
58024
58148
58695
58761
59016
60762
61859
62033
62036
62921
63068
63107
63335
63716
64573
64747
65104
65704
65707
65763
66246
67050
67303
69934
70025
70298
72029
76837
77648
77852
78525
79880
80797
81451
82844
84259
85465
85840
87279
88027
89288
89321
89516
89528
90327
90480
93073
93127
93948
94067
95396
96747
96750
96768
96918
97413
97602
97787
98233
98348
98641
98997
99357
99401
100881
101209
101918
102184
102208
102631
103611
103844
104211
104220
104429
104614
104838
106320
106323
107147
107184
107963
108815
108818
109081
109341
111931
112266
113395
113398
117219
117447
117561
117594
119918
121678
121789
122312
123115
126441
127709
127736
129002
129191
129641
130174
130812
132563
132568
132871
Number of cuts: 250

Phrankenstein
158
541
1317
1440
1488
1900
2012
2111
2283
2555
2651
2657
3042
3311
3576
3831
4212
4419
5210
5338
5605
5710
5725
5789
6215
6693
6873
7295
7835
7880
8381
9862
9930
10420
10563
10893
11930
12043
12095
12098
12107
12301
12304
12368
12814
12817
12940
13015
13040
13072
13423
13734
13849
13908
13941
14323
14326
14476
14479
14553
14864
16851
17096
17425
17503
17657
19465
19508
19583
19982
20053
20084
20087
20458
20735
21319
21334
21484
21690
22390
22847
22946
24348
24760
25228
25360
25499
26117
26225
26393
26795
26845
28401
28445
28569
29479
29883
30419
30857
32082
32701
33065
33389
35306
35652
35794
36028
37029
37322
37903
38145
38738
39169
39571
39673
40409
40661
40966
41528
41940
42055
42075
42751
42849
43597
43782
44364
44786
44864
46012
46407
Number of cuts: 131

Pine5
1075
3110
3529
7747
8930
9536
10702
11424
11454
12542
12710
12862
15573
18152
20105
20653
21231
21258
23871
25090
25714
26872
28347
30546
35306
37042
39470
39547
39568
40652
41558
42932
44953
45305
47202
50508
50937
51942
52724
55920
56211
Number of cuts: 41

Poco6
169
367
1590
1670
1698
2141
2152
2883
3670
3855
4232
4235
4268
5396
5424
5439
6111
6535
6746
6968
7034
7079
7780
8502
8648
8906
9071
9080
9085
10074
10271
11076
11757
11760
12790
13180
13351
13499
13515
14389
14759
14866
15229
15475
15700
16140
17005
17083
17445
17721
18225
18941
19163
19361
19478
19658
19745
20028
20583
20734
21266
21297
21382
21655
21740
22127
22739
22742
22799
22868
23502
23505
23524
23634
23662
24280
24709
24712
24994
25075
25618
25675
25719
25722
25774
25777
26169
27376
27504
27732
28388
31157
32148
32425
32620
32629
32965
33147
34159
34162
34194
34237
34263
34358
34403
34633
34820
35051
35231
35542
35830
35966
36121
36250
36697
37021
37063
37307
37735
38688
38850
39254
40115
40365
40471
41805
42071
42350
42878
43457
44831
44891
45004
45536
45932
45946
45976
45988
46595
47888
48705
48977
49186
49681
49731
49936
50113
50237
50873
51737
51885
52157
52286
52769
55504
55791
56075
56224
56507
58158
58813
59327
60795
61032
61066
61099
61270
61720
61927
62922
64702
65022
65070
65087
66077
66300
66548
67937
68039
68049
68409
69282
69545
70344
72081
74071
74192
74354
75045
75137
75959
75962
76116
76520
76571
76706
77438
77625
77781
77833
Number of cuts: 200

Rasputin
158
541
1317
1440
1488
1900
2012
2111
2283
2555
2651
2657
3042
3311
3576
3831
4212
4419
5210
5363
5605
5710
5789
6215
6678
6858
7280
7820
8155
9696
9831
9899
10203
10389
10557
10862
11079
11899
12012
12064
12067
12076
12270
12273
12500
12783
12909
12984
13009
13041
13073
13392
13818
13992
14079
14292
14295
14445
14448
14522
14833
15003
16820
17394
17472
17626
18340
18745
19434
19477
19552
19951
20022
20053
20056
20568
20704
20772
21076
21288
21303
21507
21713
22414
24373
24480
24589
24616
24785
25253
25385
25524
26142
26250
26418
26820
26870
28426
28470
28594
29504
29908
30444
32107
32726
33090
33414
35331
35677
35819
36053
37054
37347
37928
38170
38763
39194
39596
39698
40434
40686
40991
41553
41965
42080
42100
42522
42776
42874
43622
43807
44389
44811
44889
46037
46436
Number of cuts: 136

RER2
158
541
1317
1440
1488
1900
2012
2111
2283
2555
2651
2657
3042
3311
3576
3831
4212
4419
5210
5338
5605
5710
5725
5789
6215
6693
6873
7295
7835
7880
8381
9862
9930
10420
10563
10893
11930
12043
12095
12098
12107
12301
12304
12368
12814
12817
12940
13015
13040
13072
13423
13734
13849
13908
13941
14323
14326
14476
14479
14553
14864
16851
17096
17425
17503
17657
19465
19508
19583
19982
20053
20084
20087
20458
20599
20735
20803
21107
21319
21334
21538
21744
22444
22901
23000
24402
24821
25282
25414
25553
25554
26171
26279
26447
26849
26899
28455
28499
28623
29533
29937
30473
32136
32755
33119
33443
35360
35706
35848
36082
37083
37376
37957
38199
38792
39223
39625
39727
40463
40715
41020
41582
41994
42109
42129
42551
42805
42903
43651
43836
44418
44840
44918
46066
46463
Number of cuts: 135

RexFury
158
541
1348
1471
1519
1931
2043
2142
2314
2586
2682
2688
3073
3342
3607
3862
4243
5241
5369
5636
5741
5756
5820
6246
6724
6904
7326
7866
7911
8412
9893
9961
10451
10594
10924
11961
12074
12126
12129
12138
12332
12335
12399
12562
12845
12848
12971
13046
13071
13103
13135
13454
13765
13880
13939
13972
14354
14357
14507
14510
14584
14895
16882
17127
17456
17534
17688
19496
19539
19614
20013
20084
20115
20118
20489
20630
20766
21350
21365
21569
21775
22475
22932
23031
24433
24845
25313
25445
25584
26202
26310
26478
26880
26930
28486
28530
28654
29564
29968
30504
32167
32786
33150
33474
35391
35737
35879
36113
37114
37407
37988
38230
38798
39254
39653
39755
40490
41612
42024
42139
42159
42835
42933
43681
43866
44448
44870
44948
46096
46494
Number of cuts: 130

RGL3
134
241
532
1421
1472
1808
2110
2288
2469
2653
2893
3313
3833
5212
5712
5723
5727
5748
5791
6422
6772
7286
7825
8371
8386
8822
9711
10198
10364
10427
10472
10868
11060
11624
12018
12070
12073
12082
12276
12279
12917
13184
14247
14433
14456
14634
14901
15005
15022
17015
17793
19363
19730
19942
20104
20158
20218
20881
21096
21443
21603
21718
22134
22326
23110
24017
24890
25905
26448
26494
26546
27180
27513
27824
28039
28072
29324
29415
29500
29583
30516
30587
31054
31370
31606
35201
35979
36341
38011
39978
40014
41150
41525
41849
42510
42746
42930
43678
44340
44800
45396
45490
45913
45981
46866
Number of cuts: 105

Rhodalysa
158
541
1317
1440
1488
1900
2012
2111
2283
2555
2651
2657
3042
3311
3576
3831
4212
4419
5210
5338
5605
5710
5725
5789
6215
6693
6873
7295
7835
7880
8381
9862
9930
10420
10563
10893
11930
12043
12095
12098
12107
12301
12304
12368
12814
12817
12940
13015
13040
13072
13423
13734
13849
13908
13941
14323
14326
14476
14479
14553
14864
16851
17096
17425
17503
17657
19465
19508
19583
19982
20053
20084
20087
20458
20599
20735
21319
21334
21538
21744
22444
22901
23000
24402
24814
25282
25414
25553
26171
26279
26447
26849
26899
28455
28499
28623
28776
29533
29937
30473
32136
32755
33119
33443
35360
35706
35848
36082
37083
37376
37957
38199
38792
39223
39625
39727
40463
40715
41020
41582
41994
42109
42129
42551
42805
42903
43651
43836
44418
44840
46066
46463
Number of cuts: 132

StCroix
158
541
1317
1440
1488
1900
2012
2111
2283
2555
2651
2657
3042
3311
3576
3831
4212
5210
5338
5605
5710
5725
5789
6215
6693
6873
7295
7835
7880
8381
9862
9930
10229
10234
10420
10563
10893
11930
12043
12095
12098
12107
12301
12304
12368
12814
12817
12940
13015
13040
13072
13423
13734
13849
13908
13941
14323
14326
14476
14479
14553
14864
16851
17096
17425
17503
17657
19465
19508
19583
19982
20053
20084
20087
20458
20735
21319
21334
21538
21744
22457
22914
23013
24415
24827
25295
25427
25566
26184
26292
26460
26862
26912
28468
28512
28636
28789
29546
29950
30486
32149
32768
33132
33456
35373
35719
35861
36095
37105
37398
37979
38221
38814
39245
39647
39749
40485
41604
42016
42131
42151
42827
42925
43673
43858
44440
44862
44940
46088
46486
Number of cuts: 130

Swann
158
541
1317
1440
1488
1900
2012
2111
2283
2555
2651
2657
3042
3311
3576
3831
4212
4419
5210
5338
5605
5710
5725
5789
6215
6693
6873
7295
7835
7880
8381
9862
9930
10420
10563
10893
11930
12043
12095
12098
12107
12301
12304
12368
12814
12817
12940
13015
13040
13072
13423
13734
13849
13908
13941
14323
14326
14476
14479
14553
14864
16851
17096
17425
17503
17657
19465
19508
19583
19982
20053
20084
20087
20458
20735
21319
21334
21538
21744
22444
22901
23000
24402
24814
25282
25414
25553
26171
26279
26447
26849
26899
28455
28499
28623
29531
29935
30471
32134
32753
33117
33441
35358
35704
35846
36080
37081
37374
37955
38197
38790
39221
39623
39725
40461
40713
41018
41580
41992
42107
42127
42549
42803
42901
43649
43834
44416
44838
44916
46064
46463
Number of cuts: 131

Takoda
542
1310
1433
1892
2004
2103
2275
2649
3034
3303
3568
3823
4204
5202
5355
5597
5702
5717
5781
6207
6476
6670
6850
7272
7812
8146
9687
9822
9890
10194
10380
10853
11890
12003
12055
12058
12067
12261
12264
12491
12774
12900
12975
13000
13032
13064
13383
13901
14070
14283
14286
14400
14414
14513
14523
14994
15829
16811
17056
17385
17463
17617
19425
19468
19543
19942
20013
20044
20047
20584
20695
21279
21294
21498
21704
22391
22873
24375
24591
24618
24787
25255
25387
25526
26144
26420
26822
26872
28040
28428
28472
28596
28749
29506
30380
30818
31318
33563
35543
35889
36031
36265
38140
38382
38978
39406
39912
40014
40647
41229
41836
42177
43370
43423
44162
44231
45166
45955
46279
46674
Number of cuts: 120

Trina
134
308
552
561
1354
1736
2183
2359
2366
2475
2550
3128
3131
3218
3983
4000
4416
4608
5258
6167
6224
6270
8995
9277
10325
10969
11373
11376
11431
12128
12513
12856
13010
13500
14012
14265
15288
15783
15986
16040
16380
16582
16706
17143
17368
17681
18072
18467
18470
18485
18494
18715
19564
20530
21672
21982
22248
23244
24450
24483
24714
24717
25453
25540
26340
27297
27636
28655
28916
29852
30137
30200
30254
30461
30866
30875
31409
31603
32069
32407
32775
32979
33177
33585
33588
33639
34114
34306
34553
35211
35309
35620
35644
35675
35678
35720
37182
37185
37319
37743
37875
38422
38481
39340
39595
39884
40087
40090
40093
40586
40607
40841
40881
41177
41416
41736
41944
42008
42056
42059
42062
42080
42188
42986
43151
43875
43918
43945
44242
44290
44378
44832
44856
45141
45372
45384
45426
45427
45480
45489
45582
45765
45837
45933
45936
45954
45957
46020
46128
46149
46176
46395
46575
46578
46722
46734
46746
46749
47094
47340
47805
47853
47907
47910
48099
48123
48399
48432
48951
48990
49071
49392
49554
49707
49836
49936
50026
51770
51869
52100
53056
54065
54317
54383
55376
56379
56531
56672
57064
57151
57169
57706
57851
58097
58177
58387
58441
58444
58837
58920
59146
59239
59517
60202
60550
60553
61004
62534
63079
63218
63376
63779
63845
65524
66148
69322
70009
70012
70966
71203
71519
71712
71809
72094
72249
73173
73842
73935
75312
75758
75761
76433
76532
76677
76992
77440
77647
79161
79164
79277
79503
79663
79710
79846
80152
80381
81957
81975
82085
83490
83602
84309
84940
84974
85274
85475
85487
85490
85559
85649
85787
86324
86780
87274
87686
88382
88439
88442
88484
88631
88946
89481
90823
91541
91982
92102
92105
92108
92822
93356
93387
93419
93891
93939
94384
94543
95021
96145
96391
96884
97450
97565
97652
97753
98194
98657
98932
99275
100161
100580
103166
103572
103575
103712
104775
105092
106321
106329
106675
106699
106974
107888
108012
108810
109830
109974
110097
110232
110256
110277
110484
110487
111135
111860
112382
112497
112500
112894
113656
114576
114609
114619
114720
115068
115494
115789
115811
115820
116290
116931
117809
118190
118777
119033
119128
119219
119564
119875
119878
120142
120774
121059
121552
121694
121958
122288
122627
122630
122643
122784
122796
123687
123943
124583
124637
124895
125048
125072
125127
126077
126684
127643
127728
128094
128175
128791
129495
129595
129972
130233
132115
132358
133063
133408
133987
134388
134927
135010
135506
135790
135910
136187
136250
136304
136536
136710
136954
136963
137756
138138
138585
138761
138768
138877
138952
Number of cuts: 405

TWAMP
158
541
1317
1440
1488
1900
2012
2111
2283
2555
2651
2657
3042
3311
3576
3831
4212
4419
5210
5338
5605
5710
5725
5789
6215
6693
6873
7295
7835
7880
8381
9862
9930
10420
10563
10893
11930
12043
12095
12098
12107
12301
12304
12368
12814
12817
12940
13015
13040
13072
13423
13734
13849
13908
13941
14323
14326
14476
14479
14553
14864
16851
17096
17425
17503
17657
19465
19508
19583
19982
20053
20084
20087
20458
20599
20735
21319
21334
21538
21744
22444
22901
23000
24402
24814
25282
25414
25553
26171
26279
26447
26849
26899
28455
28499
28623
28776
29533
29937
30473
32136
32755
33119
33443
35360
35706
35848
36082
37083
37376
37957
38199
38792
39223
39625
39727
40463
40715
41020
41582
41994
42109
42129
42551
42805
42903
43651
43836
44418
44840
46066
46463
Number of cuts: 132

UhSalsa
158
541
1317
1440
1488
1900
2012
2111
2283
2555
2651
2657
3042
3311
3576
3831
4212
5210
5338
5605
5710
5725
5789
6215
6693
6873
7295
7835
7880
8381
9862
9930
10229
10234
10420
10563
10893
11930
12043
12095
12098
12107
12301
12304
12368
12814
12817
12940
13015
13040
13072
13423
13734
13849
13908
13941
14323
14326
14476
14479
14553
14864
16851
17096
17425
17503
17657
19465
19508
19583
19982
20053
20084
20087
20458
20735
21319
21334
21538
21744
22444
22901
23000
24403
24815
25283
25415
25554
26172
26280
26448
26850
26900
28456
28500
28624
29532
30406
30844
32069
32688
33052
33376
35302
35648
35790
36024
37025
37318
37899
38141
38709
39165
39564
39666
40401
41523
41935
42050
42070
42746
42844
43592
43777
44359
44781
44859
46007
46406
Number of cuts: 129

Weasels2
754
1302
3620
4333
4435
6025
6704
7380
7440
8682
9215
9423
10710
12637
13620
13653
13815
14601
14644
15009
16443
16452
17544
18217
19235
19418
25236
26184
26804
26807
27358
27594
28292
28406
28460
29056
30423
30908
31019
31544
32278
33121
33289
33349
33676
33772
34329
34480
34492
34606
34609
34740
34995
35092
35095
35530
36052
36901
37230
37806
38142
38154
38166
38757
40191
40906
42978
44031
44169
44386
44715
45825
45873
45916
45919
45975
46063
46108
46164
46441
46485
46579
46716
47797
48472
48658
48747
48844
48847
49179
49228
49258
49500
49957
50185
50245
50406
50422
50548
50556
50559
50575
50752
50797
51877
52869
52925
53732
55919
56311
56406
56617
56803
57097
58746
59298
59914
60850
61933
62266
62407
62410
62771
63008
63182
63185
64211
65107
65470
65784
66227
68294
68916
69968
70049
70106
70290
70970
71309
72180
73075
73963
74146
75094
75267
76750
76753
78657
78799
79180
79183
80609
80895
81150
83495
84359
84650
84739
84964
85983
86573
87947
88723
89087
89332
89518
89830
90325
91046
91758
92186
92708
94151
94364
94517
95317
95446
98281
98354
98710
99532
100534
100949
101041
101101
101179
101654
101733
104865
105096
106064
106577
107631
108182
108188
108384
109120
110248
110254
110257
110580
110745
110863
111810
111831
111903
112094
112416
112495
113897
114326
114331
116436
116439
117117
117286
117301
124061
124222
130386
130729
132459
133007
Number of cuts: 223

Yogi
158
541
1317
1440
1488
1900
2012
2111
2283
2555
2651
2657
3042
3311
3576
3831
4212
4419
5210
5363
5605
5710
5725
5789
6215
6678
6858
7280
7820
9695
9830
9898
10197
10202
10388
10867
11904
12017
12069
12072
12081
12275
12278
12505
12788
12914
12989
13014
13046
13078
13397
13823
13997
14084
14297
14300
14450
14453
14527
14838
15008
16825
17070
17399
17477
17631
18345
18750
19417
19439
19482
19557
19956
20027
20058
20061
20152
20432
20573
20709
20777
21293
21308
21512
21718
22418
22875
24376
24795
25256
25388
25527
25528
26145
26253
26421
26823
26873
28429
28473
28597
29507
29911
30447
30885
32110
32729
33093
33417
35331
35677
35819
36053
36577
36795
37434
37727
38550
39118
39574
39976
40078
40814
41066
41371
41933
42345
43156
43254
44002
44187
44256
44769
45191
45269
45467
46078
46402
46797
Number of cuts: 139

Yoncess
158
541
1317
1440
1488
1900
2012
2111
2283
2555
2651
2657
3042
3311
3576
3831
4212
4419
5210
5363
5605
5710
5789
6215
6678
6858
7280
7820
8154
9695
9830
9898
10197
10202
10388
10867
11904
12017
12069
12072
12081
12275
12505
12788
12914
12989
13014
13046
13078
13397
13823
13997
14084
14297
14300
14450
14453
14527
14838
15008
16825
17070
17399
17477
17631
18345
18750
19482
19557
19956
20027
20058
20061
20709
20777
21081
21293
21308
21512
21718
22419
22876
22975
24377
24568
24620
24796
25257
25389
25528
25529
26146
26254
26422
26824
26874
28430
28474
28598
29508
30227
32509
32873
33197
35114
35460
35602
35836
36837
37130
37953
38549
38977
39379
39481
40217
40469
40774
41337
41752
41867
41887
42563
42661
43410
43595
44177
44599
44677
45825
46220
Number of cuts: 131

