Alatin
555
1850
2385
2802
3055
3427
3867
4262
5005
5053
6121
6670
6794
7176
7679
7872
8427
9126
10063
10097
10270
11065
11119
11992
12609
12645
13168
13336
13590
13599
13863
14775
14779
14971
15792
16873
16918
17277
17546
18272
19068
19072
19265
19989
20424
20449
20759
20906
21271
22230
22598
23003
23880
24399
24454
24823
25531
25755
26055
26118
27561
27852
28213
28757
30222
30535
30951
31367
31393
31453
32067
32318
32927
33060
33644
33788
34790
35682
35931
37460
37723
37843
38811
39049
39306
39600
39877
40230
40400
41769
42684
43104
43558
44302
44527
44715
44739
44903
45177
45218
45827
46102
46573
Number of cuts: 103

Alpacados
555
745
1803
2347
2764
3017
3218
3389
3829
4224
4967
5015
6083
6617
6741
9005
9056
9993
10027
10200
11001
11055
11928
13272
13535
13799
14907
15728
16318
16809
17213
17482
18208
19004
19008
19113
19173
20385
21207
22467
22872
23749
24268
24323
24692
24704
25400
25960
26023
27466
27757
28118
30184
30440
30856
31269
31298
31358
31718
31972
32223
32832
32965
33207
33549
33693
33989
34312
34692
35584
35833
36239
37353
38704
38942
39199
39493
39770
40053
40223
41258
41592
41678
42507
42927
43381
44125
44350
44538
44562
44726
45000
45041
45650
45925
46393
Number of cuts: 96

AngryOrchard
444
740
1795
2330
2747
3812
4207
4950
4998
6066
6600
6724
7106
9039
9314
9451
9976
10010
10050
10183
10984
11038
11911
13518
13782
14698
14890
15711
16301
17465
18191
18987
18991
20368
20678
20974
21872
22462
22867
23042
23745
24264
24319
24679
24688
24700
25396
25920
25983
27716
28077
29838
30333
30749
31165
31191
31251
31611
31865
32116
32348
32534
32722
32855
33439
33853
34149
34472
34852
35993
36399
37513
37776
38236
38864
39102
39359
39932
40455
41489
42376
43149
43464
43603
44344
44569
44757
44781
44945
45150
45169
45207
46030
46497
Number of cuts: 94

AppleCloud
319
540
1010
1559
2094
2511
2652
2965
3136
3576
3971
4714
4762
5830
6364
6406
6488
6870
8779
9191
9716
9750
9923
10718
11645
12431
13087
13564
13828
14936
15757
16347
17242
17511
18237
19033
19037
19142
20201
20484
20871
21015
21236
21655
22644
23076
23313
23473
23597
23783
24274
24329
24698
24710
25406
25930
25993
27727
28088
28602
28711
29952
30265
30681
30822
31097
31123
31183
32048
32280
32466
32657
32790
33374
33953
34517
35409
35658
36064
37178
37441
37561
38529
39024
39315
39592
39945
40474
41152
41486
41572
42401
42821
43275
44019
44244
44432
44456
44620
44894
44935
45544
45819
46289
Number of cuts: 104

Belenaria
555
1850
2385
2802
3055
3427
3867
4262
5005
5053
6121
6670
6794
7176
7679
7872
8427
9126
10063
10097
10270
11065
11119
11992
12609
12645
13168
13336
13590
13599
13863
14775
14779
14971
15792
16873
16918
17277
17546
18272
19068
19072
19265
19989
20424
20449
20906
21271
21754
22531
22936
23813
24333
24388
24757
25465
25989
26052
26412
27495
27786
28147
30401
30817
31230
31259
31319
31933
32184
32793
32926
33510
33654
33950
34665
35557
35806
36212
37326
37589
37709
38677
39172
39463
39740
40093
40622
41300
41634
41720
42549
42969
43423
44167
44392
44580
44604
44768
45042
45083
45692
45967
46438
Number of cuts: 103

BobbyDazzler
555
745
1915
2456
2873
3126
3327
3498
3938
4333
5076
5124
6192
6726
6850
9165
10102
10136
10176
10309
11110
11164
12037
13381
13644
13908
15016
15837
16427
16918
17591
18317
19113
19117
19222
19282
20494
20689
21316
22577
22982
23859
24378
24433
24793
24802
24814
25510
26034
26097
27540
27831
28192
30258
30514
30930
31343
31372
31432
31792
32046
32297
32906
33039
33499
33623
33767
34063
34769
35661
35910
36316
37430
37813
38781
39019
39276
39570
39847
40200
41405
41740
42655
43075
43529
44273
44498
44686
44710
44874
45148
45189
45798
46073
46541
Number of cuts: 95

Bonanza
555
745
1850
2385
2802
3055
3256
3427
3867
4262
5005
5053
6121
6655
6779
9043
9094
10031
10065
10238
11039
11093
11966
13310
13573
13837
14945
15670
15766
16356
16847
17251
17520
18246
19042
19046
19151
19211
20423
22505
22910
23787
24306
24361
24730
24742
25438
25962
26025
27468
27759
28120
30186
30442
30858
31271
31300
31360
31720
31974
32225
32834
32967
33209
33551
33695
33991
34314
34694
35586
35835
36238
36241
37735
38118
39086
39324
39581
39875
40152
40505
40675
40956
41710
42044
42565
42959
43379
43833
44577
44802
44990
45014
45178
45452
45493
46362
Number of cuts: 97

Bradshaw
555
745
1850
2385
2802
3055
3867
4262
5005
5053
6121
6670
6794
7176
7679
7872
8427
9126
10063
10097
10270
11065
11119
11992
12609
12645
13168
13336
13590
13599
13863
14775
14779
14971
15792
16873
16918
17277
17546
18272
19068
19072
19265
19989
20123
20424
20449
20906
21271
22531
22936
23813
24332
24387
24756
25464
25688
25988
26051
27494
27785
28146
28690
30155
30468
30884
31300
31326
31386
32000
32251
32860
32993
33577
33721
34723
35615
35864
37393
37656
37776
38744
38982
39239
39533
39810
40163
40333
41702
42617
43037
43491
44235
44460
44672
44836
45110
45151
45760
46035
46506
Number of cuts: 101

Bryce
555
745
2385
2802
3055
3256
3427
3867
4262
5005
5053
6121
6655
6779
9043
9094
10031
10065
10105
10238
11039
11093
11966
13310
13573
13837
14749
14945
15766
16356
16847
17251
17520
18246
19042
19046
19151
19211
20423
22506
22911
23788
24307
24362
24722
24731
24743
25439
25963
26026
27760
28121
29966
30222
30638
31054
31080
31140
31754
32005
32614
32747
32989
33207
33331
33475
33771
34477
35369
35618
36024
37138
37521
38489
38984
39278
39555
39908
40078
41113
41448
42363
42783
43237
43981
44206
44394
44418
44582
44856
44897
45506
45781
46247
Number of cuts: 94

ChewyVIII
295
497
744
799
1089
1116
1149
1306
2333
2407
2644
3536
3862
3965
4392
4464
4539
4887
5547
5624
5844
5863
6072
6758
7229
7479
7862
8300
8423
8734
8885
9011
9125
9278
9350
9560
10652
10898
11179
12249
12355
12799
13066
13127
13653
14019
14583
15485
15508
15577
15849
16029
16038
16113
16380
18018
18055
18331
18442
18449
18704
19730
19891
20177
20712
21180
21360
21451
21471
21580
22202
22302
22736
23272
23532
23793
23970
24951
25618
25732
25819
25978
26139
26500
26949
27219
28448
28503
29447
29731
29825
29931
30756
32236
32505
32932
33049
33086
33625
33949
33982
34057
34142
34151
34267
34294
34328
34373
34514
34573
34578
35006
35390
35428
35500
36046
36656
36959
37171
37329
37529
37660
37996
38513
38623
39017
39076
39679
39809
39847
39849
40736
41275
41388
41568
41674
42053
42073
42213
42505
44301
45586
45772
46626
47181
47196
47325
47406
47511
48164
48755
49047
49496
49566
49851
50211
50239
50514
50914
51089
51207
52156
52482
52542
52765
53035
53278
54047
54137
54343
54404
55032
55531
56017
56364
56848
57244
57793
57870
58576
58619
58868
59283
59510
59761
59945
59974
60847
61062
61172
61258
61768
61877
62413
63149
63712
64947
65028
65424
68146
68672
68849
Number of cuts: 202

CosmicSans
555
745
1850
2385
2802
3055
3867
4262
5005
5053
6121
6670
6794
7176
7679
7872
8427
9126
10063
10097
10270
11065
11119
11992
12609
12645
13168
13336
13590
13599
13863
14775
14779
14971
15792
16873
16918
17277
17546
18272
19068
19072
19265
19989
20424
20449
20906
21271
22531
22936
23813
24332
24387
24756
25464
25988
26051
26411
27494
27785
28146
30155
30468
30884
31300
31326
31386
32000
32251
32860
32993
33577
33721
34723
35615
35864
36270
37384
37647
37767
38735
38973
39230
39524
39801
40154
40324
41359
41693
41779
42608
43028
43482
44226
44451
44639
44663
44827
45101
45142
45751
46026
46496
Number of cuts: 103

Dinger
556
742
1846
2381
2798
2939
3423
3863
4258
5001
5049
6117
6651
6775
7157
9090
9365
9502
10027
10061
10101
10234
11035
11089
11962
12615
13306
13569
13833
14941
15762
16352
17247
17516
18242
19038
19042
19147
20206
20419
20729
21020
21963
22514
22919
23797
24316
24371
24740
24752
25448
25972
26035
27769
28130
28644
28753
30337
30753
31169
31195
31255
31869
32120
32352
32361
32729
32862
33446
33969
34150
34865
35757
36006
36412
37526
37789
38877
39115
39372
39663
39945
40468
42341
42394
43482
43621
44362
44587
44775
44799
44963
45168
45187
46049
46517
Number of cuts: 96

DocB7
512
1413
1470
2854
3149
3330
3371
3704
4235
6993
7310
7459
7514
8393
8616
9842
10019
10463
11532
11876
11989
12011
12404
13009
13807
14017
14370
14434
14502
14683
14811
15184
15386
15416
16023
16243
16304
16855
17126
17614
17757
18566
18604
18648
18707
18812
19124
20021
20061
20372
20804
21258
21510
22380
23399
23526
23619
24326
24735
24741
25019
25222
25467
26540
26742
26931
27515
27650
27764
28823
29099
30268
30745
31228
31230
31264
31272
31851
31968
31994
32038
33884
33896
34841
35616
36189
37013
37796
38062
38198
38774
39065
39762
39929
40278
40528
40536
40687
40782
41088
41441
42003
42099
44835
45235
45660
46859
47262
47390
47695
48183
48613
48748
48926
48948
49016
49243
49304
49700
49937
50002
50095
51040
51154
51536
51672
51707
51840
51855
52454
53268
53342
53542
53761
54379
55341
55414
56291
56499
57363
57886
58755
58824
59252
59545
59875
60138
61519
62023
62410
62749
62809
63066
63199
64056
64834
65709
65814
66003
66349
67502
68190
68490
70376
70689
71360
71813
72299
72773
73304
73659
74893
75062
75076
75145
75170
75460
75620
Number of cuts: 178

E3
51
527
585
810
879
1452
1606
1912
2737
3020
3329
3960
4078
4122
4162
4418
4683
5230
5718
6039
6601
6792
7110
7400
7662
7940
8467
8971
9479
9582
9768
10793
11061
11409
12556
13043
13476
14442
14499
14871
15007
15303
15465
15548
15975
16345
16619
16627
16943
17323
17655
17696
18228
19060
19372
19386
19477
20080
20170
20620
20723
21069
21326
21821
22032
22331
22677
23432
23462
23518
23712
24490
24512
24539
24612
24976
26819
27436
27597
27712
27790
28857
29143
29216
30135
31209
31806
31923
32223
32526
32610
32769
32880
33012
33360
33594
33966
34398
34488
34572
34677
35228
35250
35286
35396
35638
35718
36217
36358
36442
36551
36854
36946
38602
38847
40107
40166
40411
40804
41228
41678
42208
42731
43287
43431
43446
43661
43928
43970
44631
44828
45138
45507
46210
46299
46606
46733
47234
47327
47486
47718
48588
48995
49058
49506
49527
49529
50126
50187
50256
50481
50757
51016
51089
51168
51270
51616
51725
51752
52325
52563
52790
52840
53472
53751
53953
53993
54149
54161
54217
54346
55446
56021
56404
56596
56802
57163
57236
57372
57471
57744
57814
57927
58331
58498
58607
58741
58760
58848
60043
60127
60947
61225
61306
62648
63829
64174
64795
64807
65394
65436
65553
65595
65621
66594
66707
67135
67325
67474
67532
68236
68347
68385
69214
69331
69475
69538
70537
70588
71313
71508
72082
72124
72182
72853
74389
74812
75655
75670
76436
76533
76597
76903
76915
77151
78417
78794
78911
78954
79050
79629
79721
79904
80419
80713
81043
81188
81476
82070
83050
83723
83724
83877
84511
84947
85409
85714
86521
86593
86866
87096
87126
87230
87255
87965
88657
89285
89859
90615
90801
90936
91182
91251
91452
92119
92240
92493
93096
93286
93630
94531
94655
94659
94949
95034
95199
95483
95537
95548
95560
95810
95949
96562
96663
96693
96700
97155
97422
97484
98318
98662
99296
99464
100195
100846
101025
101037
101094
101124
101521
101908
102319
102524
103105
103977
104125
104405
104999
105027
105137
105422
105750
105834
106037
106042
106122
106709
106970
107200
107592
107599
108443
109018
109029
109378
109667
109929
110197
110273
110887
110907
111312
111467
111910
111961
112000
112443
113148
113189
113607
113666
113953
113983
114621
114747
115118
115567
115801
115859
116206
116215
116470
117522
118317
118517
118553
118673
118679
119249
119602
119675
119689
119716
120676
121329
121468
121740
121800
122107
122257
122303
122464
122482
122719
122863
123419
123620
123677
124484
124987
125632
125782
125895
126075
126140
126461
127415
127535
127622
127820
127861
127888
128893
129287
129471
129609
129611
130395
130577
130745
131988
132477
132559
132933
132972
133518
133542
133769
134292
134808
135552
136644
136858
137817
138321
138343
138499
139239
139271
139329
139440
139766
139908
140263
140349
140652
140944
141268
141364
142153
142482
142519
Number of cuts: 442

Erik
555
745
1850
2385
2802
3055
3427
3867
4262
5005
5053
6121
6670
6794
7176
7679
7872
8427
9125
10062
10096
10269
11064
11118
11991
12608
12644
13167
13335
13589
13598
13862
14774
14778
14970
15791
16872
16917
17276
17545
18271
19067
19071
19264
19988
20423
20448
20905
21270
21753
22530
22935
23811
24330
24385
24754
25462
25986
26049
26409
27492
27783
28144
30400
30677
30816
31232
31258
31318
31932
32183
32792
32925
33167
33509
33653
34655
35547
35796
36202
37316
37579
37699
38667
38905
39162
39456
39733
40086
41190
41524
41610
42439
42859
43313
44057
44282
44470
44494
44658
44932
44973
45582
45857
46329
Number of cuts: 105

Espica
555
1850
2385
2802
3055
3427
3867
4262
5005
5053
6121
6670
6794
7176
7679
7872
8427
9126
10063
10097
10270
11065
11119
11992
12609
12645
13168
13336
13590
13599
13863
14775
14779
14971
15792
16873
16918
17277
17546
18272
19068
19072
19265
19989
20424
20449
20906
21271
21754
22531
22936
23813
24333
24388
24757
25465
25989
26052
26412
27495
27786
28147
30401
30817
31230
31259
31319
31933
32184
32793
32926
33168
33510
33654
33950
34665
35557
35806
36212
37326
37589
37709
38677
39172
39463
39740
40093
40622
41300
41634
41720
42549
42969
43423
44167
44392
44580
44604
44768
45042
45083
45692
45967
46437
Number of cuts: 104

Finch
502
574
661
1495
1930
2176
2370
2730
2776
2968
3278
3458
3477
3524
3526
3731
4183
4322
4330
5668
5705
5740
6132
6402
6555
6588
7077
7152
7407
7658
8175
8276
8310
8349
8585
8666
8761
8872
9070
9713
9969
9998
10271
10668
11346
12037
12121
12384
12619
12642
12828
12949
13236
13401
13628
13757
13761
13803
13972
14052
14102
14153
15176
15343
15359
15670
18385
18387
18454
18986
19112
19173
19509
20069
20166
20964
21228
21369
21501
21636
21651
21655
22201
22754
22901
24285
25666
25756
25987
26053
26670
26800
26926
27324
27603
27980
28003
28418
28534
28884
29026
29032
29583
30297
30564
31092
31928
32165
32759
32988
33006
33266
33357
33416
33428
34056
34214
34980
35046
35442
36456
36489
36787
37410
37562
38025
38305
38394
38562
39117
39444
39517
39615
39672
39792
40648
40663
40860
40893
41500
41528
41636
42293
42305
42398
42743
43039
43304
43468
43556
43721
44211
44551
44847
45000
45242
45362
45401
45490
45751
45851
45979
46145
46588
47195
47661
48076
48212
48278
48701
48848
48974
49428
49546
49618
50101
50227
50313
50896
51015
51130
51265
51780
52394
53509
54247
54847
54937
55022
55302
55439
55539
56233
56335
56826
57145
57214
57545
57842
57873
57938
58134
58185
58238
58242
58643
58667
59064
59176
59177
59437
59664
60244
60547
60821
60881
60938
61150
61273
61471
61716
61851
62019
62067
62190
62297
62686
63337
63341
63497
63551
63741
64187
64933
65687
65909
65932
66037
66400
66631
66841
66896
66994
67060
67199
67244
67289
67492
68011
68272
68381
68455
68483
68794
69301
69404
69486
69650
69895
69934
69989
70076
70211
70273
70307
70459
70694
70822
71326
71406
71648
71692
72208
72314
72406
72478
72727
73087
73272
73583
73815
73847
74594
74634
75355
75425
75536
75740
75784
75806
75808
76366
76493
76857
76862
77093
77411
77450
77585
77589
78426
79245
79802
79972
80234
80249
80700
80729
81479
81749
81784
82312
82391
82433
82547
82724
82729
83176
83201
83327
83441
83584
83760
83851
84108
84365
84468
84813
84887
85231
85443
85603
86061
86065
86111
86269
86504
86708
87061
87264
87563
87876
88214
88496
88762
89555
89778
90033
90177
90272
90372
90903
91030
91263
91415
91660
92133
92145
92272
92393
92767
92916
93211
93468
93565
94097
94232
94236
94309
94357
94421
94509
94738
94928
95177
95399
95532
95541
95679
96015
96873
96896
97254
97317
97384
97427
97555
97729
97789
97926
98052
98242
98436
98562
98727
98856
99264
99455
99541
99613
99693
100040
100578
100649
100850
101068
101253
101532
101876
101976
102230
102586
102625
103023
103127
103213
103636
103775
103833
104450
104537
104594
104854
104884
105099
105532
105882
106211
106428
106522
106528
106990
107775
108128
108289
108550
108729
108763
108849
108879
109026
109744
110619
111152
111401
112299
112347
112684
112746
113032
114019
114929
115178
115258
115619
116235
116352
116997
117808
117890
118157
118567
118823
119243
119809
120128
120327
120570
120586
121090
121363
121443
121925
122367
122778
123020
123321
123765
123902
123996
124359
125199
125326
125743
126100
126225
126247
126651
128629
129152
129274
129877
130069
130271
130637
130883
131249
131673
131771
131804
132143
132473
132664
132668
133193
133217
133810
134065
134305
134344
134410
134488
135122
135180
135198
135318
135742
136450
136483
136618
136933
136994
137293
137536
137753
137759
138420
138432
138444
138483
Number of cuts: 530

Gollum
555
745
1850
2385
2802
3055
3427
3867
4262
5005
5053
6121
6670
6794
7176
7679
7872
8427
9126
10063
10097
10270
11065
11119
11992
12609
12645
13168
13336
13590
13599
13863
14775
14779
14971
15792
16873
16918
17546
18272
19068
19072
19265
19989
20123
20424
20449
20906
21271
21754
22531
22936
23813
24332
24387
24747
24756
25464
25988
26051
26411
27494
27785
28146
30153
30466
30882
31295
31324
31384
31998
32249
32858
32991
33233
33575
33719
34015
34721
35613
35862
36268
37382
37645
37765
38733
39228
39519
40096
40266
41301
41635
41721
42550
42970
43424
44168
44393
44605
44769
45043
45084
45693
45968
46435
Number of cuts: 105

Grayson
566
1317
1644
1670
1739
1971
2071
2231
2247
2275
2368
2482
2888
3350
4470
4513
4543
6211
6524
7798
8194
8261
8406
8669
9215
9584
11362
11727
12398
14057
14507
14880
14929
15133
16374
16550
17970
18558
18648
18699
19094
19712
20446
20521
21095
21151
22086
22174
22261
23698
25541
25982
27098
30578
31238
31493
31705
32009
32256
32378
32452
32631
33143
33269
34772
35302
35351
35464
35771
36210
36430
37514
37976
37995
38751
39293
39326
40211
40784
41005
42169
42355
43331
43841
45047
45935
46327
47051
47159
48169
48377
48478
48826
48947
49645
49654
50698
50779
51763
51806
52057
52136
52591
52600
52920
53627
54406
54869
55758
55868
57429
57926
58045
58310
60132
60155
60239
60714
61482
61511
61575
61629
62791
63918
64518
64651
64710
65570
66196
66495
66508
66885
67934
69053
69185
71411
71576
71917
72042
72047
72503
72787
72958
74240
74442
74619
74814
76423
77336
78194
78596
78709
79516
81270
81430
81533
81636
82102
82806
83270
83486
83904
84439
86777
86801
87473
88302
88332
88806
88857
88909
89236
90223
91243
91325
91883
92153
92850
92958
93662
94223
95090
95196
97225
97980
98337
99500
99531
100247
100882
100908
102818
105618
106037
106832
107614
107824
107973
108200
109530
109667
109822
110412
110520
110548
110830
111073
112314
112987
114721
114749
114920
114977
115012
115682
115692
116093
116904
116917
117956
118619
118738
119100
119186
119260
119717
122152
122548
122579
122764
123214
126801
129467
130218
130545
130571
130640
130872
130972
131132
131148
131176
131269
131383
131789
Number of cuts: 245

Harlequin
555
745
2385
2802
3055
3256
3427
3867
4262
5005
5053
6121
6655
6779
7161
9070
9482
10007
10041
10081
10214
11015
11069
11942
13286
13549
13813
14725
14921
15742
16332
16823
17227
17496
18222
19018
19022
19127
19187
20399
22536
22941
23818
24337
24392
24752
24761
24773
25469
25993
26056
27790
28151
30252
30668
31084
31110
31170
31784
32035
32644
32777
33019
33237
33361
33505
33801
34507
35399
35648
36054
37168
37551
38519
38537
39014
39940
40319
41148
41483
42398
42818
43272
44016
44241
44429
44453
44617
44891
44932
45541
45816
46283
Number of cuts: 93

Hiro
555
745
1850
2385
2802
3055
3256
3427
3867
4262
5005
5053
6121
6655
6779
9070
9482
10007
10041
10214
11009
11936
12722
13378
13855
14119
15227
16048
16638
17533
17802
18528
19324
19328
20492
20775
21162
21306
21527
21946
22935
23367
23604
23764
23888
24073
24592
24647
25016
25028
25724
26248
26311
27754
28045
28406
30472
30728
31144
31560
31586
31646
32006
32260
32511
33120
33253
33495
33713
33837
33981
34277
34983
35875
36124
36530
37644
38027
38995
39233
39490
39784
40061
40414
40584
41619
41954
42869
43289
43743
44487
44712
44900
44924
45088
45362
45403
46012
46287
46754
Number of cuts: 100

Jace
166
198
559
697
825
900
1098
1509
1991
2523
3272
4177
6626
7046
7380
7423
7785
8222
8222
8760
9070
9738
9793
10009
10176
10491
10776
12507
13365
13614
13905
14142
14496
14574
14578
15251
16158
17405
17435
17716
18128
18395
18752
19024
19321
19832
19952
20503
20659
21103
21894
22408
22759
22881
23199
23287
24118
24445
24645
24892
25655
25948
26304
26787
27099
27779
28575
29321
29439
29695
30327
30569
30994
31586
31613
31957
32297
32474
32706
33109
33232
33241
33378
33448
33694
34033
34108
34117
34162
34326
34553
34628
34768
35060
35199
35486
35545
36372
36562
36626
36659
37559
38370
38580
39453
39591
40429
40947
41586
41686
41924
42523
42600
42618
42904
43394
44114
44153
44471
45487
45532
45672
46251
46450
46755
47049
47160
47993
48385
49994
50070
50769
50936
51749
52322
52801
53106
53130
53584
53610
Number of cuts: 140

Jester
555
745
2385
2802
3055
3256
3427
3867
4262
5005
5053
6121
6655
6779
7161
9070
9482
10007
10041
10214
11009
11936
12589
13543
13807
14915
15736
16326
17221
17490
18216
19012
19016
19121
19181
20393
22467
22872
23749
24268
24323
24683
24692
24704
25400
25924
25987
27721
28082
30183
30599
31015
31041
31101
31715
31966
32575
32708
32950
33168
33292
33436
33732
34438
35330
35579
35985
37099
37482
38450
38468
38945
39871
40250
41079
41414
42329
42749
43203
43947
44172
44360
44384
44548
44822
44863
45472
45747
46214
Number of cuts: 89

Krishelle
555
1850
2385
2802
3055
3427
3867
4262
5005
5053
6121
6670
6794
7176
9085
9497
10022
10056
10229
11024
11951
12737
13393
13870
14134
15242
16063
16653
17548
17817
18543
19339
19343
19448
20507
20790
21177
21321
21542
21997
22986
23418
23655
23815
23939
24125
24616
24671
25040
25052
25748
26272
26335
28069
28430
28944
29053
30515
30828
31244
31660
31686
31746
32360
32611
33220
33353
33937
34081
35083
35975
36224
37753
38016
38136
39104
39342
39599
39893
40170
40523
40693
42062
42977
43397
43851
44595
44820
45008
45032
45196
45470
45511
46085
Number of cuts: 94

Lillie
555
745
1850
2385
2802
3055
3867
4262
5005
5053
6121
6670
6794
7176
7679
7872
8427
9126
10063
10097
10270
11065
11119
11992
12609
12645
13168
13336
13590
13599
13863
14775
14779
14971
15792
16873
16918
17277
17546
18272
19068
19072
19265
19989
20424
20449
20906
21271
22531
22936
23813
24332
24387
24756
25464
25988
26051
26411
27494
27785
28146
30155
30468
30884
31300
31326
31386
32000
32251
32860
32993
33577
33721
34723
35615
35864
36270
37384
37647
37767
38735
38973
39230
39524
39801
40154
40324
41359
41693
41779
42608
43028
43482
44226
44451
44639
44663
44827
45101
45142
45751
46026
46496
Number of cuts: 103

Mahdia
76
90
1262
1340
1360
1567
1735
1912
1936
2632
2651
2701
2910
3555
4005
4038
4732
5002
5029
5044
5847
6174
6278
6461
6846
7273
8548
8644
9082
9109
9181
9510
9616
9880
10282
10819
10867
10996
11100
11383
11455
11697
11785
11920
11932
11962
12148
12196
12256
12286
12394
12763
12844
12868
13381
13671
14108
14158
14240
14335
14376
15025
15383
15433
15533
15755
15961
16047
16135
16336
16565
16566
16658
17142
17247
17799
18276
18690
18940
19094
19160
19209
19659
19696
19740
19866
20043
20258
20631
20696
21410
21490
21800
22052
22605
22616
22778
22874
23219
23257
23285
23370
23537
23778
23821
23827
23902
24506
24633
25059
25493
25784
26067
26206
26245
26472
26625
26667
26877
26974
27181
27477
28725
28836
28896
28940
28980
29301
29862
30011
30165
30720
31011
31413
31423
31504
31846
31879
32217
33243
33372
33372
33436
33464
34407
34674
35407
35692
35969
36155
36347
36607
36698
36825
37184
37590
37739
38148
38702
38740
39185
39373
39374
39830
40168
40268
40351
41098
41553
41931
41989
Number of cuts: 171

Naiad
555
1850
2385
2802
3055
3427
3867
4262
5005
5053
6121
6670
6794
7176
7679
7872
8427
9126
10063
10097
10270
11065
11119
11992
12609
12645
13168
13336
13590
13599
13863
14775
14779
14971
15792
16873
16918
17277
17546
18272
19068
19072
19265
19989
20424
20449
20759
20906
21271
22176
22544
22949
23826
24345
24400
24769
25477
25701
26001
26064
27507
27798
28159
28703
30168
30481
30897
31313
31339
31399
32013
32264
32873
33006
33590
33734
34736
35628
35877
37406
37669
37789
38757
38995
39252
39546
39823
40176
40346
41715
42630
43050
43504
44248
44473
44661
44685
44849
45123
45164
45773
46048
46519
Number of cuts: 103

Nancinator
555
1850
2385
2802
3055
3427
3867
4262
5005
5053
6121
6670
6794
7176
7679
7872
8427
9126
10063
10097
10270
11065
11119
11992
12609
12645
13168
13336
13590
13599
13863
14775
14779
14971
15792
16873
16918
17277
17546
18272
19068
19072
19265
19989
20424
20449
20906
21271
21754
22531
22936
23813
24333
24388
24757
25465
25989
26052
26412
27495
27786
28147
30401
30817
31230
31259
31319
31933
32184
32793
32926
33168
33510
33654
33950
34665
35557
35806
36212
37326
37589
37709
38677
39172
39463
39493
39663
40698
41032
41118
41947
42367
42821
43565
43790
43978
44002
44166
44440
44481
45090
45365
45836
Number of cuts: 103

Natosaleda
555
745
1850
2385
2802
3055
3427
3867
4262
5005
5053
6121
6670
6794
7176
7679
7872
8427
9126
10063
10097
10270
11065
11119
11992
12609
12645
13168
13336
13590
13599
13863
14775
14779
14971
15792
16873
16918
17277
17546
18272
19068
19072
19265
19989
20424
20449
20906
21271
21754
22531
22936
23813
24332
24387
24756
25464
25988
26051
26411
27494
27785
28146
30400
30816
31229
31258
31318
31932
32183
32792
32925
33167
33509
33653
33949
34664
35556
35805
36211
37325
37588
37708
38676
39171
39462
39739
40092
40621
41299
41633
41719
42548
42968
43422
44166
44391
44579
44603
44767
45041
45082
45656
45958
46427
Number of cuts: 105

Partridge
740
1210
1909
2444
2861
3002
3486
3926
4321
5064
5112
6180
6714
6838
7220
9153
9428
9565
10090
10124
10164
10297
11098
11152
12025
12678
13369
13632
13896
15004
15825
16415
17310
17579
18305
19101
19105
19210
20269
20482
20792
21083
22026
22577
22982
23860
24379
24434
24803
24815
25511
26071
26134
26406
27868
28229
28743
28852
30628
31044
31460
31486
31546
32160
32411
32643
32829
33017
33150
33734
34125
34306
34451
35021
35913
36162
37683
37946
39034
39272
39529
39820
40102
40625
42495
42548
43828
43967
44708
44933
45121
45145
45309
45513
45532
46394
46862
Number of cuts: 97

Pepy6
183
328
604
715
805
1180
1941
2190
2478
2811
2944
3351
3362
3653
3695
3743
4464
4557
4722
5939
6293
6705
6729
6791
6807
7012
7084
7155
7446
7919
8883
8906
8992
9115
9222
9367
9517
9938
10139
10208
10337
11484
11581
11680
11815
12250
12271
12286
12488
12546
12750
12781
12971
13058
13202
13651
13652
13891
13916
13984
14178
15006
15074
15825
17327
17695
19005
19640
20352
20916
21279
21616
21958
21974
22014
22026
22196
22211
22517
23099
23711
23879
24245
24475
24863
25154
25205
25481
25607
25655
25682
26021
26737
27078
27081
27947
28009
28100
28308
28419
29111
29262
29446
29595
29895
29976
30355
30386
31148
31526
31661
32030
32383
32431
32953
33185
33193
34571
34643
34808
34925
35801
35956
36752
37214
37621
37770
37989
38057
38234
38482
39012
39051
39154
39548
39865
40119
40303
40393
40669
41007
41104
41626
41944
42890
43188
43579
43647
44218
44490
44576
44597
44728
44899
45328
45350
45428
46139
46147
47481
47819
48069
48887
48952
49760
50848
50999
51324
51328
51787
52012
52079
52335
52472
52512
52556
52715
53375
53768
53787
54443
54659
54944
55956
56223
56316
56452
56678
57332
57578
58141
58555
58694
59084
59313
59405
59481
59500
59555
60202
60319
60732
60772
60928
62123
62273
62759
62781
63294
64010
64123
64386
65363
65491
66261
66927
67308
67585
67706
67733
67882
68020
68122
68134
68438
68822
69249
69414
70426
70740
71252
72160
72229
72322
72807
73646
73756
73833
73942
74063
74176
74182
74254
74353
74593
74803
75094
75243
75327
75427
75750
75904
76544
Number of cuts: 253

Peregrin
1739
1762
2123
2260
2276
2304
2397
2616
2925
3687
5088
5309
6049
6359
7353
7710
7940
7983
8529
8898
10676
11041
11712
13371
14131
14226
14287
14292
14311
14400
14491
16687
17563
18110
18200
18251
18646
18884
19264
20038
20317
21252
21340
22864
23644
25118
25559
29127
30044
30305
30398
30622
30782
31211
31413
31925
32051
33554
34084
34133
34553
34998
35654
35735
36296
36758
36777
38074
38107
38992
39564
39785
40949
41135
42111
42621
43827
44349
44715
45107
45939
46023
46949
47001
47157
47727
48425
48434
48701
49562
50589
50840
50919
51374
51703
51755
52410
52746
52756
53189
53652
54541
54651
55796
56293
56412
58606
59081
59849
59878
59942
59996
61158
62039
62285
62796
63833
63988
64467
64920
64933
66359
67478
67610
68133
69986
70327
70457
70879
71197
71368
72816
72996
74217
74419
74791
75421
75967
76504
76607
76713
76717
78402
78804
78917
81801
81961
82064
82697
83066
83163
83379
83791
84612
85180
86720
86864
87392
87622
87793
88464
88494
89016
89473
89657
90756
91314
91584
92281
92733
93093
94104
94400
95007
95144
96783
97977
98993
99291
101275
101301
103220
105968
106039
106458
107108
107887
108097
108500
110073
110209
110491
110734
111176
111492
111559
111886
112832
114188
114725
114753
115524
115581
116095
116563
117077
117725
118734
119315
119374
119561
119882
120001
120363
120523
121153
123219
123954
124120
124151
124336
127096
127706
127838
129948
131808
131831
132192
132329
132345
132373
132466
132685
132994
Number of cuts: 234

Phrankenstein
555
745
1850
2385
2802
3055
3427
3867
4262
5005
5053
6121
6670
6794
7176
7679
7872
8427
9126
10063
10097
10270
11065
11119
11992
12609
12645
13168
13336
13590
13599
13863
14775
14779
14971
15792
16873
16918
17277
17546
18272
19068
19072
19265
19989
20424
20449
20906
21271
21700
22477
22882
23759
24278
24333
24702
25410
25934
25997
26357
27440
27731
28092
30101
30414
30830
31243
31272
31332
31946
32197
32806
32939
33523
33667
34669
35561
35810
36216
37330
37593
37713
38681
38919
39176
39470
39747
40100
40270
41305
41639
41725
42554
42974
43428
44172
44397
44585
44609
44773
45047
45088
45697
45972
46440
Number of cuts: 105

Pine5
30
38
118
300
926
1060
2018
2232
2362
2954
3852
4037
4508
4974
5609
5739
6263
7292
7864
8015
8288
8929
9017
9134
9367
9494
10025
10607
11082
11703
12085
12529
12907
13489
13589
13628
14249
14450
14641
14652
14667
14795
14819
14826
14829
14982
15050
15054
15353
16657
16793
18517
19119
19158
19211
19956
20754
20799
20811
20832
21537
21649
21706
21804
22020
22126
22248
23145
23340
23833
23956
24210
25123
25212
25537
25596
26117
26195
26343
26396
26523
26544
26775
27502
27655
27716
27857
28639
28761
28825
29073
29285
29524
29633
29770
29902
29936
29940
30561
30954
31187
31481
31560
31591
31736
31952
31960
32005
32050
32147
32169
32198
32759
32888
33150
33154
33377
33617
34176
34249
34598
34778
35335
35364
36048
36401
36482
36484
36887
36926
37235
37942
38033
38213
38342
38540
38699
38777
39014
39343
39872
40918
41910
42120
42172
42618
42686
42910
43041
43406
43472
43554
43578
43596
43598
43811
44417
44487
45238
45264
46039
46270
46565
47227
47372
47472
47710
47855
48014
48227
48435
48476
48553
48706
48887
48942
49036
49095
49149
49314
49899
50331
50632
50882
51096
51150
51228
51259
51379
51496
52014
52111
52320
52326
52499
52597
53266
53468
53510
53627
53686
53788
54018
54051
54093
54296
54496
54584
54940
55193
55323
55336
55539
56141
56385
56997
56999
57047
57110
57182
58032
58515
58825
59045
59070
59217
Number of cuts: 226

Poco6
379
931
2061
2227
2404
2791
3115
3373
3734
3754
4143
4156
4257
4260
4404
4596
4677
5426
5598
5609
6711
6963
6969
7082
7182
7711
8070
8247
8277
8625
8796
8934
9150
9801
9825
9903
10226
10598
10626
10934
11016
11370
11401
11433
12314
12337
12423
12527
12743
12798
12851
13351
13369
13678
14475
14567
15077
15167
15562
15737
15939
16232
16422
16653
17102
17342
17367
17435
17628
18585
19343
20644
21408
22130
22938
22959
23055
23638
23980
23996
24048
24197
24221
24542
24563
24986
25892
26258
26488
26876
27167
27674
28034
28671
28750
29091
29094
29314
29580
30119
31130
31281
31347
31614
31914
31995
32197
32348
32354
32374
32405
33176
34240
34349
34456
34750
34871
34921
34997
35210
35275
35867
36161
36665
37649
37978
38774
39436
39792
40011
40079
40504
41026
41176
42001
42206
42345
42921
43428
44028
45008
45171
45402
45473
45988
46054
46412
46433
46465
46519
46751
47179
47201
47314
47513
47707
47924
48691
48700
49465
50005
50050
50402
50467
50549
52279
52375
52526
52668
52833
52837
53154
53238
53296
53521
53588
53844
53980
54020
54064
54223
54883
55276
55295
55581
56167
56452
56954
57464
58208
58271
58291
58574
59174
59595
59978
60260
60272
60493
60663
60716
61135
61141
61178
61403
61476
61520
61973
62768
63024
63193
64755
64859
65235
65884
67280
67371
67558
67971
68548
68773
68935
69277
69655
70322
70620
70844
71362
71534
71692
72424
72515
73491
73584
74069
74908
75095
75204
75444
75516
75534
75615
75762
75855
76065
76191
76362
76511
76695
77018
77172
77189
77313
77810
Number of cuts: 254

Rasputin
555
745
1850
2385
2802
3055
3427
3867
4262
5005
5053
6121
6655
6779
9044
9095
10032
10066
10239
11088
11961
13305
13568
13832
14940
15761
16351
16842
17515
18241
19037
19041
19146
19206
20418
21240
22501
22906
23784
24303
24358
24727
24739
25435
25959
26022
26382
27465
27756
28117
30126
30855
31271
31297
31357
31971
32222
32831
32964
33548
33692
34694
35586
35835
36241
37355
37618
37738
38706
38944
39201
39495
39772
40125
40295
41330
41664
41750
42579
42999
43453
44197
44422
44610
44634
44798
45072
45113
45722
45997
46469
Number of cuts: 91

RER2
555
745
1850
2385
2802
3055
3867
4262
5005
5053
6121
6670
6794
7176
7679
7872
8427
9126
10063
10097
10270
11065
11119
11992
12609
12645
13168
13336
13590
13599
13863
14775
14779
14971
15792
16873
16918
17277
17546
18272
19068
19072
19265
19989
20424
20449
21271
21754
22531
22936
23813
24332
24387
24756
24768
25464
25988
26051
27494
27785
28146
30212
30468
30884
31300
31326
31386
32000
32251
32860
32993
33577
33721
34723
35615
35864
36270
37384
37647
37767
38735
38973
39230
39524
39801
40154
40324
41693
41779
42608
43028
43482
44226
44451
44639
44663
44827
45101
45142
45751
46026
46496
Number of cuts: 102

RexFury
555
776
1881
2416
2833
3086
3458
3898
4293
5036
5084
6152
6701
6825
7207
7710
7903
8458
9157
10094
10128
10301
11096
11150
12023
12676
13367
13621
13630
13894
14806
14810
15002
15823
16904
16949
17577
18303
19099
19103
19296
20020
20154
20455
20937
21302
21785
22562
22967
23844
24363
24418
24778
24787
25495
26019
26082
26442
27525
27816
28177
30186
30915
31331
31357
31417
32031
32282
32891
33024
33608
33752
34754
35646
35895
36301
37415
37678
37798
38766
39261
39552
39829
40182
40711
41389
41723
41809
42638
43058
43512
44256
44481
44669
44693
44857
45131
45172
45781
46056
46527
Number of cuts: 101

RGL3
1492
2387
3057
3258
3429
3674
3869
5007
5203
5536
5998
6123
6421
6784
7862
8417
9234
9367
9499
9504
10032
10239
10439
10533
11094
11462
13724
14355
14532
17037
17082
17438
17442
17707
18423
18433
19218
19222
19470
20144
20645
20647
21235
21680
21841
21880
23069
23825
24316
24820
26257
26340
26749
27386
28006
28481
28526
29134
29541
31138
31339
31967
33059
33506
33639
34001
34576
35536
35569
35865
36002
37220
37244
38335
38396
38647
38656
39526
40021
40199
40655
40998
41582
42110
42653
43454
43548
43654
43807
43856
44751
45083
45384
45606
46932
47605
47999
Number of cuts: 97

Rhodalysa
555
745
1850
2385
2802
3055
3867
4262
5005
5053
6121
6670
6794
7176
7679
7872
8427
9126
10063
10097
10270
11065
11119
11992
12609
12645
13168
13336
13590
13599
13863
14775
14779
14971
15792
16873
16918
17277
17546
18272
19068
19072
19265
19989
20424
20449
20906
21271
22531
22936
23813
24332
24387
24756
25464
25988
26051
26411
27494
27785
28146
30155
30468
30884
31300
31326
31386
32000
32251
32860
32993
33577
33721
34723
35615
35864
36270
37384
37647
37767
38735
38973
39230
39524
39801
40154
40324
41359
41693
41779
42608
43028
43482
44226
44451
44639
44663
44827
45101
45142
45751
46026
46496
Number of cuts: 103

StCroix
555
1850
2385
2802
3055
3427
3867
4262
5005
5053
6121
6670
6794
7176
7679
7872
8427
9126
10063
10097
10270
11065
11119
11992
12609
12645
13168
13336
13590
13599
13863
14775
14779
14971
15792
16873
16918
17277
17546
18272
19068
19072
19265
19989
20424
20449
20759
20906
21271
22176
22544
22949
23826
24345
24400
24769
25477
25701
26001
26064
27507
27798
28159
28703
30168
30481
30897
31313
31339
31399
32013
32264
32873
33006
33590
33734
34736
35628
35877
37406
37669
37789
38757
38995
39252
39546
39823
40176
40346
41715
42630
43050
43504
44248
44473
44661
44685
44849
45123
45164
45773
46048
46519
Number of cuts: 103

Swann
555
1850
2385
2802
3055
3867
4262
5005
5053
6121
6670
6794
7176
7679
7872
8427
9126
10063
10097
10270
11065
11119
11992
12609
12645
13168
13336
13590
13599
13863
14775
14779
14971
15792
16873
16918
17277
17546
18272
19068
19072
19265
19989
20424
20449
20759
20906
21271
21754
22531
22936
23813
24332
24387
24756
25464
25988
26051
26411
27494
27785
28146
30153
30466
30882
31298
31324
31384
31998
32249
32858
32991
33575
33719
34721
35613
35862
36268
37382
37645
37765
38733
38971
39228
39522
39799
40152
40322
41691
41777
42606
43026
43480
44224
44449
44637
44661
44825
45099
45140
45749
46024
46496
Number of cuts: 103

Takoda
444
740
1842
2377
2794
3859
4254
4997
5045
6113
6647
6771
7153
9361
10023
10057
10230
11025
11079
11952
13559
13823
14739
14931
15752
16342
17506
18232
19028
19032
20409
20719
21015
21913
22503
22908
23786
24305
24720
24729
25437
25961
26024
27758
28119
30375
30791
31207
31233
31293
31653
31907
32158
32390
32576
32764
32897
33481
33895
34191
34906
36047
36453
37567
37830
38290
38918
39156
39413
39986
40509
41543
42430
43329
43672
43811
44552
44777
44965
44989
45153
45358
45377
45415
46239
46707
Number of cuts: 86

Trina
1348
4519
4571
4679
6143
6501
6795
7049
7582
7838
7850
9928
10567
10668
10780
11079
11169
11448
11720
12666
12794
13391
14063
14101
14477
15547
15819
15846
16201
16525
17965
17994
18283
20756
23279
23834
24281
24993
25627
27316
27348
27516
27825
28097
28102
28732
29408
29566
30293
33137
36366
36861
37756
37813
38930
39008
39662
40393
43249
45120
45701
45748
46377
47040
47191
47233
47325
48834
50137
50221
50911
50949
51030
51539
52495
53402
55118
55206
55866
58447
58884
59258
62537
63073
63082
63315
64318
65225
65996
67136
67391
67926
68100
69146
70990
71079
71203
71509
71612
72816
72951
73447
74335
75125
75340
75902
75979
78844
78921
79101
80089
80554
80676
84746
84824
85696
86047
86263
87739
88740
89095
89927
90576
91847
92227
92231
92503
94338
94514
94782
95742
95820
96141
96183
97046
97469
97766
98411
99063
99089
99263
99890
100323
100993
101794
102159
103458
104272
104648
104762
105714
105773
106143
107716
107897
109252
110174
111439
111752
112947
113676
114052
114077
114356
116959
117169
117279
119379
119402
119657
119875
120850
121172
122092
122759
123237
125764
126652
127590
127757
128006
128041
128546
128601
128795
129955
130044
131822
131920
132450
132457
132526
132912
134936
135095
135342
135534
137750
Number of cuts: 198

TWAMP
555
745
1850
2385
2802
3055
3867
4262
5005
5053
6121
6670
6794
7176
7679
7872
8427
9126
10063
10097
10270
11065
11119
11992
12609
12645
13168
13336
13590
13599
13863
14775
14779
14971
15792
16873
16918
17277
17546
18272
19068
19072
19265
19989
20424
20449
20906
21271
22531
22936
23813
24332
24387
24756
25464
25988
26051
26411
27494
27785
28146
30155
30468
30884
31300
31326
31386
32000
32251
32860
32993
33577
33721
34723
35615
35864
36270
37384
37647
37767
38735
38973
39230
39524
39801
40154
40324
41359
41693
41779
42608
43028
43482
44226
44451
44639
44663
44827
45101
45142
45751
46026
46496
Number of cuts: 103

UhSalsa
555
1850
2385
2802
3055
3427
3867
4262
5005
5053
6121
6670
6794
7176
7679
7872
8427
9126
10063
10097
10270
11065
11119
11992
12609
12645
13168
13336
13590
13599
13863
14775
14779
14971
15792
16873
16918
17277
17546
18272
19068
19072
19265
19989
20424
20449
20906
21271
21754
22531
22936
23813
24333
24388
24757
25465
25989
26052
26412
27495
27786
28147
30401
30817
31230
31259
31319
31933
32184
32793
33168
33510
33654
33950
34665
35557
35806
36212
37326
37589
37709
38677
39172
39463
39740
40093
40622
41300
41634
41720
42549
42969
43423
44167
44392
44580
44604
44768
45042
45083
45692
45967
46439
Number of cuts: 103

Weasels2
569
1602
1685
1971
3110
5911
6838
7074
7882
8130
8288
8346
9663
10178
11484
12068
13007
14703
15248
15337
15758
16759
17112
18387
18764
18815
18821
19457
19683
19834
19927
20539
20579
20701
21549
21648
23271
23356
25121
25562
26682
27218
29640
30094
30759
31242
31253
31277
31636
32108
32248
32530
34381
34911
34960
35380
35819
36039
37045
37130
37158
37333
37458
37604
37623
38379
38868
38923
39781
40402
40677
41371
42146
42228
42969
43480
44245
45385
45523
45714
46556
46660
47311
48226
48499
49203
50328
51370
51624
51703
52487
53194
53351
53610
53973
54115
54389
54410
55242
55299
55393
55742
56454
57377
57903
58131
59399
60348
60500
60541
61029
61141
61317
61739
61828
62313
63055
63434
63496
64544
66680
67763
68481
68881
69139
69388
70997
71933
72034
72220
74173
74212
74389
74491
74547
75950
76022
76145
77897
78120
78151
78235
79143
79548
79550
79601
80085
80481
80487
81485
81724
83903
84425
84772
85118
86018
87678
88528
90462
90664
90960
91222
91703
92083
92346
93119
94711
95261
96977
97978
98013
98238
98747
98853
99610
99895
100110
100750
100894
101275
101313
101473
101594
102139
103703
104615
104641
104717
105304
105471
105826
105876
106048
106165
106472
107475
107657
108302
108492
108776
108903
109229
109575
110193
111182
111262
111411
112964
113019
114533
114951
115503
115603
115759
116361
119175
119922
120443
121662
123012
123139
124014
124338
124393
125284
125478
125892
125938
126661
127297
127810
127855
128481
129204
129242
129347
129536
129784
129970
130041
130412
130493
131093
131137
131220
132274
133307
133390
133676
134815
Number of cuts: 250

Yogi
555
745
1850
2385
2802
3055
3256
3427
3867
4262
5005
5053
6121
6655
6779
9043
9094
10031
10065
10238
11039
11093
11966
13310
13573
13837
14945
15670
15766
16356
16847
17251
17520
18246
19042
19046
19151
19211
20423
22505
22910
23787
24306
24361
24730
24742
25438
25962
26025
27468
27759
28120
30186
30442
30858
31271
31300
31360
31720
31974
32225
32834
32967
33209
33551
33695
33991
34314
34694
35586
35835
36238
36241
37735
38118
39086
39324
39581
39875
40152
40505
40675
41710
42044
42565
42959
43379
43833
44577
44802
44990
45014
45178
45452
45493
46362
Number of cuts: 96

Yoncess
555
745
2385
2802
3055
3256
3427
3867
4262
5005
5053
6121
6655
6779
9094
10031
10065
10105
10238
11039
11093
11966
13310
13573
13837
14945
15766
16356
16847
17520
18246
19042
19046
19151
19211
20423
21245
22506
22911
23788
24307
24362
24722
24731
24743
25439
25963
26026
27469
27760
28121
29966
30222
30638
31054
31080
31140
31500
31754
32614
32747
32989
33331
33475
33771
34477
35369
35618
36024
37138
37521
38489
38727
38984
39278
39555
39705
39908
40078
41113
41448
42366
42786
43241
43985
44210
44398
44422
44586
44860
44901
45510
45785
46253
Number of cuts: 94

