Alatin
138
850
1309
1977
2034
2200
2217
2819
3049
3552
3854
4295
4652
4743
4787
5130
5191
5767
5832
6049
6317
6379
6913
7089
7363
7455
8528
8748
9170
9376
9577
9616
9681
10164
10995
11019
11526
11645
12641
13119
13198
13272
13976
14150
14420
14554
14967
15174
15381
15527
16474
16620
17044
17122
17426
17709
18194
19153
19228
19462
19735
20218
20321
20878
20992
21166
21172
22026
22765
22784
23008
23191
23348
23724
25200
25359
25368
25399
26214
26393
26837
27092
27520
27723
27931
28338
29010
29136
29422
29461
29560
30173
30298
31351
31465
31998
32057
32547
32960
33171
33196
33398
33930
34159
34189
34814
34883
34910
34923
35614
35692
36028
36611
36788
37402
38234
38822
39008
39089
39264
40077
40731
41363
41808
41975
42380
42991
44190
44298
45023
45328
45828
46555
46651
Number of cuts: 134

Alpacados
138
850
1309
1930
1966
2125
2781
2998
3011
3514
3816
4008
4191
4257
4614
4705
4749
5092
5153
5242
5372
5729
6011
6264
6326
6493
6860
7036
7310
7402
8193
8247
8472
8678
9100
9306
9546
9611
9866
10094
10931
11462
11581
12468
12577
13055
13134
13208
13289
13912
14086
14173
14356
14490
14903
14969
15317
15463
16392
16410
16623
16980
17058
17362
17645
17703
18130
18642
18853
19164
19398
19519
19647
19671
20184
20257
20535
20906
20928
21102
21108
21489
21905
21908
22634
22766
22877
23593
25069
25228
25237
25268
26068
26214
26611
26742
26974
26997
27425
27628
27836
28243
28915
29327
29366
30078
30203
31256
31370
31903
31962
32452
32865
33076
33303
33829
33835
33849
34094
34716
34785
34812
34825
35516
35594
36504
36681
37295
38127
38715
38901
38982
39157
39970
40554
41186
41798
41894
42203
42839
44013
44121
44846
45151
45651
46375
46471
Number of cuts: 147

AngryOrchard
138
845
1252
1302
1922
2066
2498
2507
2764
2981
2994
3497
3799
4240
4597
4688
4732
5075
5136
5225
5712
5994
6309
6476
6843
7019
7293
7385
8038
8176
8230
8455
8661
9083
9289
9490
9529
9594
9849
10077
10294
10525
10914
11445
11564
12451
12560
13038
13117
13191
13272
14069
14156
14339
14473
14886
14952
15300
15446
15789
16393
16539
16606
17041
17345
18113
19072
19147
19207
19381
20065
20185
20443
20889
21085
21091
21472
21888
22629
22648
22872
23055
23212
23588
25065
25224
26701
26956
26993
27384
27587
27795
28202
28874
29286
29325
29897
29971
30323
31149
31263
31855
32345
32485
32559
32755
32966
33193
33770
33989
33995
34009
34254
34876
34972
34985
35676
35754
36664
36841
37354
37455
38287
38875
39061
39142
39317
40132
40557
40931
41417
41713
41762
41818
42028
42473
42490
43000
43406
43460
43761
43989
44154
44232
44340
45283
46575
Number of cuts: 147

AppleCloud
1052
1102
1623
1686
1743
1830
1881
2262
2271
2528
2745
2758
3261
3563
3755
3882
4004
4361
4452
4813
4839
4900
4989
5119
5758
6011
6073
6240
6607
6783
7057
7149
7940
7994
8219
8425
8823
9029
9230
9269
9515
9817
10034
10648
10672
11179
11298
11938
12512
12781
13084
13163
13237
13941
14115
14202
14365
14385
14519
14721
14767
14932
15346
15492
16439
16585
16652
17391
18159
18882
19118
19193
19253
19427
19676
19700
20111
20564
21062
21518
21668
22228
25075
26268
26712
26967
27395
27602
27806
28213
29373
29388
29412
29829
29903
30028
30255
31304
31360
31787
32277
32404
32417
32617
32690
33128
33340
33648
33654
33913
34541
34610
34637
34650
35341
35419
36329
36506
37120
37952
38540
38726
38807
38982
39792
40247
41080
41692
41788
42097
42708
43907
44015
44740
45045
45545
46271
46367
Number of cuts: 138

Belenaria
138
850
1309
1977
2034
2200
2217
2819
3049
3552
3854
4295
4652
4743
4787
5130
5191
5767
5832
6049
6317
6379
6913
7089
7363
7455
8528
8748
9170
9376
9577
9616
9681
10164
10995
11019
11526
11645
12641
13119
13198
13272
13976
14150
14420
14554
14967
15174
15381
15527
16474
16620
17044
17122
17426
17709
18194
19153
19228
19462
19735
20218
20321
20878
20992
21166
21172
21972
22017
22698
22941
23281
23657
25134
25293
25302
25333
26148
26327
26640
26721
26771
27454
27657
27865
28272
28944
29070
29354
29369
29393
29965
30039
30164
31217
31331
31864
31923
32413
32826
33037
33062
33264
33790
33796
33810
34025
34055
34689
34758
34785
34798
35489
35567
36477
36654
37268
38100
38688
38874
38955
39130
39940
40395
41228
41840
41936
42245
42856
44055
44163
44888
45193
45693
46420
46516
Number of cuts: 136

BobbyDazzler
138
850
1309
2042
2078
2186
2237
2890
3107
3120
3623
3925
4117
4300
4366
4723
4814
4858
5201
5262
5351
5481
5838
6120
6373
6435
6602
6969
7145
7419
7511
8302
8356
8581
8787
9209
9415
9616
9655
9720
9975
10203
11040
11571
11690
12577
12686
13164
13243
13317
13398
14021
14195
14282
14465
14599
15012
15078
15426
15572
15915
16501
16732
17089
17167
17471
17754
17812
18239
18751
18962
19273
19507
19628
19756
19780
20290
20366
20644
21015
21037
21217
21598
22014
22017
22744
22987
23327
23703
25179
25338
25378
26288
26685
26816
27071
27108
27499
27702
27910
28317
28989
29401
29440
29539
30152
30277
31330
31444
31977
32036
32526
32939
33150
33377
33903
33909
33923
34793
34862
34889
34902
35671
36581
36758
37372
38204
38792
38978
39059
39234
40047
40701
41333
41946
42042
42351
42962
44161
44269
44994
45299
45799
46523
46619
Number of cuts: 145

Bonanza
138
850
1309
1977
2034
2200
2819
3036
3049
3552
3854
4046
4229
4295
4652
4743
4787
5130
5191
5280
5410
5767
6049
6302
6364
6531
6898
7074
7348
7440
8231
8285
8510
8716
9138
9344
9545
9584
9649
9904
10132
10969
11500
11619
12506
12615
13093
13172
13246
13327
13950
14124
14211
14394
14528
14941
15007
15355
15501
16430
16448
16661
17018
17096
17400
17683
17741
18168
18680
18891
19202
19436
19557
19685
19709
20219
20295
20573
20944
20966
21140
21146
21527
21943
21946
22672
22915
23255
23631
25107
25266
25306
26070
26216
26613
26744
26976
26999
27427
27630
27838
28245
28917
29329
29368
30080
30205
31258
31372
31905
31964
32454
32867
33078
33305
33831
33837
33851
34096
34718
34787
34814
34827
35518
35596
36886
37063
37677
38509
39097
39283
39364
39539
40352
41006
41638
42250
42346
42655
43266
44465
44573
45298
45603
46910
Number of cuts: 145

Bradshaw
138
850
1309
1977
2034
2200
2217
2819
3049
3552
3854
4295
4652
4743
4787
5130
5191
5767
5832
6049
6317
6379
6913
7089
7363
7455
8528
8748
9170
9376
9577
9616
9681
10164
10995
11019
11526
11645
12641
13119
13198
13272
13976
14150
14420
14554
14967
15174
15381
15527
16474
16620
17044
17122
17426
17709
18194
19153
19228
19462
19735
20218
20245
20321
20878
20992
21166
21172
21972
22698
22941
23124
23281
23657
25133
25292
25301
25332
26147
26326
26770
27025
27453
27656
27864
28271
28943
29069
29355
29394
29493
30106
30231
31284
31398
31931
31990
32480
32893
33104
33129
33331
33863
34092
34122
34747
34816
34843
34856
35547
35625
35961
36544
36721
37335
38167
38755
38941
39022
39197
40010
40664
41296
41741
41908
42313
42924
44123
44231
44956
45261
45761
46488
46584
Number of cuts: 134

Bryce
138
850
1309
1977
2034
2200
2819
3036
3049
3552
3854
4046
4229
4295
4652
4743
4787
5130
5191
5280
5410
5767
6049
6302
6364
6531
6898
7074
7348
7440
8231
8285
8510
8716
9138
9344
9545
9584
9649
9904
10132
10969
11500
11619
12506
12615
13093
13172
13246
13327
13950
14124
14211
14394
14528
14941
15007
15355
15501
16150
16430
16661
17018
17096
17400
17683
17741
18168
18680
18891
19202
19436
19557
19685
19709
20219
20295
20573
20944
20966
21140
21146
21527
21943
21946
22673
22805
22916
23256
23632
25108
25267
25307
26217
26614
26745
27000
27037
27428
27631
27839
28246
28918
29330
29369
29468
29786
29860
29985
31038
31152
31685
31744
32234
32647
32858
33085
33611
33617
33631
34501
34570
34597
34610
35379
36289
36466
37080
37912
38500
38686
38767
38942
39755
40409
41041
41654
41750
42059
42670
43869
43977
44702
45007
45507
46229
46325
Number of cuts: 147

ChewyVIII
398
1305
1323
1437
2026
2125
3072
3119
3198
3458
3541
3619
3730
3757
3980
4609
5319
5373
5423
5482
7151
7245
7652
7757
7799
8189
8294
8778
8990
10389
10826
11482
11808
11887
12367
12375
12444
12468
12958
13089
13792
13793
14267
14389
14410
14780
15120
15373
15733
15936
16257
16492
16582
16887
16935
17055
17678
17915
18105
18141
18606
18840
19107
19121
19309
19404
19604
19674
19689
20079
20418
20460
20715
20955
20956
20982
21005
21336
21905
22013
22170
22316
22376
22602
22709
22951
23437
23655
23839
24575
24613
24780
25222
25233
25384
25402
25442
25486
25578
25698
25820
26031
26051
26187
26391
26567
27036
27774
27790
28163
28205
28590
29015
29110
29273
29375
29492
29645
29699
30089
30256
30296
30404
30426
30437
30560
30609
31025
31160
31286
31637
33218
33260
33332
33572
33883
33988
34303
34516
34630
34744
34933
35114
35254
35293
35539
35725
35779
35797
35812
35881
36232
36463
36499
36699
36712
36742
37091
37164
37440
37459
37572
37651
37662
37776
37878
38243
38458
38545
38728
38883
38887
38889
39010
39441
39505
39677
39810
39922
39923
39977
40108
40158
40187
40467
40535
40592
40616
40854
41080
41233
41386
41801
41887
41953
42328
42443
42553
42704
42793
43098
43117
43356
43581
43742
44426
44531
44630
44660
44675
44717
44792
44945
45115
45156
45279
45678
45684
45900
46121
46269
46547
46584
46659
46899
46965
47277
47363
47424
47478
47873
48011
48322
48414
48499
48564
49330
49457
49534
49851
49857
50160
50167
50427
50655
50941
51489
51545
51696
52298
52306
53238
53414
53570
54181
54191
54329
54376
54520
54631
55696
55753
55876
56294
56324
56428
56570
58170
58540
58628
58792
59152
59235
59310
59701
59959
60118
60232
60556
60589
61078
61545
61939
62702
63507
64204
64366
64611
64706
64798
64923
65024
65209
65587
65723
65731
65757
66084
66168
66389
66714
66735
67007
67063
67073
67331
67509
67522
68952
Number of cuts: 309

CosmicSans
138
850
1309
1977
2034
2200
2217
2819
3049
3552
3854
4295
4652
4743
4787
5130
5191
5767
5832
6049
6317
6379
6913
7089
7363
7455
8528
8748
9170
9376
9577
9616
9681
10164
10995
11019
11526
11645
12641
13119
13198
13272
13976
14150
14420
14554
14967
15174
15381
15527
16474
16563
16620
17044
17122
17426
17709
18194
19153
19228
19462
19735
20218
20245
20321
20878
20992
21166
21172
21972
22017
22698
22941
23657
25133
25292
26147
26326
26639
26770
27062
27453
27656
27864
28271
28943
29069
29355
29394
29493
30106
30231
31284
31398
31990
32480
32893
33104
33129
33331
33863
34092
34122
34747
34816
34843
34856
35547
35625
36535
36712
37326
38158
38746
38932
39013
39188
40001
40655
41287
41899
41995
42304
42915
44114
44222
44947
45252
45752
46478
46574
Number of cuts: 131

Dinger
847
1254
1304
1973
2030
2117
2549
2558
2747
2815
3032
3045
3548
3850
4291
4648
4739
4783
5126
5187
5276
5406
5763
6045
6360
6527
6894
7070
7344
7436
8089
8227
8506
8712
9134
9340
9541
9580
9645
9900
10128
10345
10965
11496
11615
12502
13089
13168
13242
13323
13946
14120
14207
14390
14524
14772
14937
15003
15351
15497
15840
16444
16590
16657
17014
17092
17396
17465
18164
19123
19258
19432
19705
20116
20569
20590
20848
20940
20962
21136
21523
22681
22700
22924
23264
23640
25117
26310
26623
26754
27009
27437
27644
27848
28255
29416
29431
29455
29901
29975
30100
30327
31153
31267
31859
32349
32489
32563
32762
32973
33200
33990
33996
34255
34889
34958
34985
34998
35767
36103
36677
36854
37367
38300
38888
39074
39155
39330
40945
41431
41777
41833
41876
42046
42491
42508
43018
43278
43424
43779
44007
44250
44358
46595
Number of cuts: 144

DocB7
81
171
1811
1867
2428
2758
3990
4192
4591
4741
4816
5313
5334
5571
5601
5652
6440
6594
6735
6971
7795
7966
8065
9252
10031
10557
10646
10835
10868
10907
11180
11555
11998
12115
12130
12844
12853
12994
13129
13389
13869
14301
15280
15652
15938
15953
16646
16764
17029
17353
18686
18906
19072
19267
20724
20838
21007
21025
21139
21959
22880
23081
23630
24047
24101
24131
24169
24752
24857
25223
25394
25733
25790
26743
26800
27031
27262
27307
27469
27525
28569
28734
29342
29632
30033
30513
30977
32132
32831
32921
32980
33080
33263
33472
34024
34080
34162
34718
35482
35542
35547
35919
37055
37499
37891
38399
38622
38780
38959
39352
39360
39399
39980
39982
40190
40268
41157
41260
42110
42430
42486
42543
42579
42672
42754
43362
43464
43659
44109
44583
44775
45111
46890
47509
47659
48411
48485
48648
48653
48945
50536
50901
51202
51379
52379
52497
53911
53981
54160
54494
54856
55249
55908
55918
55921
56433
56544
56687
57180
57493
57509
58029
58113
58191
58509
58620
58790
58965
59195
61246
63396
63883
64370
65343
65812
65829
66508
66515
66924
67088
67532
67784
67836
68305
69130
70874
71050
71692
72545
74030
74896
75705
75719
Number of cuts: 193

E3
272
536
541
715
1333
1460
1691
2113
2228
2314
2321
2506
2611
2722
2881
3640
3663
3690
3883
4306
4533
4555
4678
4845
4870
5130
5496
5566
5592
5732
5841
5960
5990
5994
6072
6331
6349
6444
6585
6696
7073
7114
7926
8115
8139
8520
8533
8644
8763
9076
9151
9344
9540
9629
9998
10601
10712
10913
10985
11060
11221
11407
11444
11653
11961
12318
12436
12639
13046
13088
13148
13186
13193
13379
13400
13427
13475
13646
13706
13827
13832
13880
14670
14737
15041
15226
15328
15369
15470
15578
15610
15830
16037
16037
16120
16216
16326
16347
16452
16595
16616
16753
17161
17341
17359
17380
17500
17639
17734
17883
17981
18115
18116
18143
18181
18478
18716
18809
18911
19261
19489
19892
20015
20107
20134
20214
20226
20508
20626
20798
20923
21129
21596
22112
22339
22741
22826
22848
23181
23873
23888
24181
24205
24223
24390
24417
24488
24698
24913
25113
25403
25404
25651
25669
25737
25907
26039
26255
26386
26493
26560
26850
27040
27116
27445
27556
27643
27754
28003
28120
28124
28138
28330
28367
28486
28567
28618
28760
28806
28839
29055
29058
29109
29315
29348
29598
29636
29749
30005
30011
30092
30128
30344
30392
30512
30542
30617
30659
30695
30701
30767
30782
30824
30992
31063
31097
31199
31232
31532
31691
31700
31860
31875
31899
31983
32591
32690
32803
33405
33510
33616
33711
34327
34695
34836
34905
34916
35299
35841
36078
36116
36324
36516
36633
36706
36763
36919
37019
37372
37654
37903
37942
38090
38170
38176
38272
39049
39123
39498
39687
40353
40365
40539
40607
41618
41901
42060
42206
42232
42234
42343
42371
42664
42895
42906
43200
43358
44096
44272
44458
44648
44802
45011
45163
45242
45401
45426
45641
45685
46034
46485
46486
46528
46621
47352
47588
47668
47797
47815
47944
48039
48084
48140
48183
48261
48752
48854
49106
49311
49398
49588
49604
49622
49718
49771
49820
49892
49955
49960
50453
50459
50582
51383
51514
51536
51742
51790
51808
51821
52000
52077
52118
52207
52315
52538
53699
53714
53987
55025
55666
56403
56457
56526
56605
56711
56739
56769
56876
57036
57072
57132
57166
57183
57411
57465
58010
58029
58092
58238
58289
58340
58477
58622
58900
59181
59374
59806
59820
60168
60217
60806
61340
61351
62028
62216
62444
62526
62564
63212
63267
63461
63506
63682
63795
63851
63928
64080
64307
64318
64429
64674
64910
65010
65034
65121
65507
65763
66155
66227
66298
66356
66446
66773
66784
66875
66974
67343
67780
67785
68005
68259
68654
68816
68897
69036
69084
69148
69169
69175
69181
69227
69296
69309
69400
69526
69575
69633
69698
69859
70126
70165
70618
70675
70685
70753
70762
70786
70918
71122
71152
71153
71442
71490
71495
71613
71635
71787
71802
72490
72595
72833
72931
73162
73328
73479
73487
73540
73592
73645
73660
74224
74248
74287
74301
74314
74454
74488
74510
74785
75007
75456
75468
75499
75542
75891
76081
76174
76201
76312
76367
76561
76760
76961
77185
77505
77547
77607
77829
77872
77986
78548
78719
78819
79091
79196
79253
79271
79304
79361
79418
79454
79509
79546
79851
80158
80344
80357
80401
80425
80599
80604
80638
80830
80867
80920
81022
81163
81336
81349
81529
81747
81748
81874
82284
82426
82447
82498
82509
82596
83108
83217
83398
83508
84090
84180
84342
84450
84688
84977
85588
85741
85857
86008
86116
86156
86220
86511
86544
87030
87119
87191
87225
87232
87314
87478
87562
87653
87856
87991
88089
88149
88385
88458
89440
89682
89702
90055
90157
90251
90491
90599
90736
90761
90905
91007
91043
91121
91743
91952
91953
92080
92227
92446
92591
93911
93988
94080
94430
94643
94925
94928
95087
95171
95288
95606
95705
95774
95788
95986
96042
96054
96174
96385
96528
96549
96570
96670
97371
97455
97601
97648
97852
98181
98494
98547
98860
99017
99146
99192
99197
99243
99272
99620
99660
99744
99791
99992
100120
100183
100310
100396
100439
100597
100997
101023
101092
101314
101631
101712
101968
102061
102807
102966
103146
103149
103317
103352
103389
103404
103428
103512
103521
103569
103638
103674
103863
104042
104210
104378
104402
104618
104824
105091
105305
105788
105822
106025
106175
106452
106649
107253
107787
107801
107907
107911
107940
108021
108138
108422
108593
108693
108760
108774
108813
108879
109623
109760
109835
109839
110255
111099
111405
111711
111814
111844
111903
111988
112004
112075
112225
112490
112629
112856
112895
112910
112982
113306
113802
113888
113915
114048
114287
114364
114531
114654
115058
115448
115465
115703
115711
115739
116049
116105
116186
116354
116368
116405
116780
116852
117093
117131
117484
117576
117604
117680
117803
117815
118023
118047
118334
118502
118517
118729
118789
119068
119249
119402
119791
119842
119974
119983
120232
120316
120403
120698
120977
121051
121346
121465
121508
121615
121787
123044
123501
123532
123706
123892
123923
124132
124453
124852
124865
125070
125223
125624
125677
125863
126167
126199
126412
126544
126577
127121
127367
127394
127469
127571
127599
127624
127983
128016
128124
128136
128405
128508
128776
129213
129459
129527
129677
129810
129855
130255
130648
130958
131299
131442
131597
131835
131897
132637
132647
132652
132766
132870
133028
133310
133535
133589
133709
133712
133802
133828
134090
134507
134570
134588
134682
134695
134741
134770
134812
134922
135197
135337
135442
135468
135515
135821
135917
135953
136082
136088
136276
136302
136590
136677
136773
136779
136926
137139
137244
137292
137381
137705
137862
137979
138073
138117
138664
139259
139346
139382
139581
139592
139655
139814
139886
140069
140126
140448
140751
140940
141005
141231
141294
141705
141711
141829
141877
142089
142287
142329
142362
142368
142375
Number of cuts: 876

Erik
138
850
1309
1977
2034
2200
2217
2819
3049
3552
3854
4295
4652
4743
4787
5130
5191
5767
5832
6049
6317
6379
6913
7089
7363
7455
8528
8747
9169
9375
9576
9615
9680
10163
10994
11018
11525
11644
12640
13118
13197
13271
13975
14149
14419
14553
14966
15173
15380
15526
16473
16619
17043
17121
17425
17708
18193
19152
19227
19461
19734
20217
20320
20877
20991
21165
21171
21971
22016
22697
22940
23655
25131
25290
25299
25330
26145
26324
26637
26718
26768
27451
27654
27862
28269
28941
29067
29353
29368
29392
29964
30038
30163
31216
31330
31863
31922
32412
32825
33036
33263
33795
34024
34054
34679
34748
34775
34788
35479
35557
36467
36644
37258
38090
38678
38864
38945
39120
39933
40486
41118
41730
41826
42135
42746
43945
44053
44778
45083
45583
46311
46407
Number of cuts: 132

Espica
138
850
1309
1977
2034
2200
2217
2819
3049
3552
3854
4295
4652
4743
4787
5130
5191
5767
5832
6049
6317
6379
6913
7089
7363
7455
8528
8748
9170
9376
9577
9616
9681
10164
10995
11019
11526
11645
12641
13119
13198
13272
13976
14150
14420
14554
14967
15174
15381
15527
16474
16620
17044
17122
17426
17709
18194
19153
19228
19462
19735
20218
20321
20878
20992
21166
21172
21972
22017
22698
22941
23281
23657
25134
25293
25302
25333
26148
26327
26640
26721
26771
27454
27657
27865
28272
28944
29070
29354
29369
29393
29965
30039
30164
31217
31331
31864
31923
32413
32826
33037
33264
33790
33796
33810
34025
34055
34689
34758
34785
34798
35489
35567
36477
36654
37268
38100
38688
38874
38955
39130
39940
40395
41228
41840
41936
42245
42856
44055
44163
44888
45193
45693
46419
46515
Number of cuts: 135

Finch
218
480
667
986
1011
1254
1299
1431
1934
2033
2498
2509
2646
3033
3181
3384
3668
3784
4205
4341
4425
4426
4441
4488
4533
4763
4788
5627
6515
6728
6808
6860
6887
7100
7618
8195
8306
8385
8619
8689
9001
9373
9696
9819
9846
10008
10028
10134
10310
10352
10420
10926
11262
11368
12001
12251
12307
12462
12534
12540
12585
13186
13193
13331
13541
13796
14020
14326
14408
14549
14576
14588
14801
14888
15239
15541
15708
15826
16117
16194
16360
16647
16743
16812
16945
16965
17242
17606
17894
17972
18183
18308
18416
18437
18685
18880
18939
18976
19014
19093
19202
19361
19669
20320
20392
20417
20762
20764
20962
21262
21601
21714
21727
22139
22655
22980
22999
23277
23373
23568
23634
23713
24000
24314
24830
25121
25195
25413
25464
25977
26102
26271
26290
26359
26421
26511
26523
26530
26769
26796
26949
27050
27211
27282
27289
27439
27495
27565
27905
28123
28302
28384
28618
28663
28758
28881
28932
29228
29629
29849
30007
30050
30301
30455
30755
30794
30961
30979
31243
31298
31619
31693
31698
31705
31886
32015
32282
32457
32513
32636
32708
32750
32912
33021
33093
33140
33205
33526
33578
33981
34688
34712
34731
34779
35003
35256
35279
35330
35668
35791
35860
35882
36054
36105
36309
36409
36690
36914
37198
37443
37759
37850
38037
38250
38539
38557
38912
38965
39474
39582
39795
39852
39885
40150
40285
40366
41412
41932
42274
42317
42370
42415
42579
42738
42740
42848
43030
43354
43396
43401
43624
43629
43654
44208
44223
44444
44528
44555
44611
44669
44828
44838
44911
45337
45379
45457
45590
46069
46361
46399
46714
46821
46842
47041
47301
47438
47619
47646
47835
47995
48062
48561
48730
48906
49000
49015
49295
50037
50056
50252
50415
50620
50730
50853
50937
51225
51250
51376
51691
51896
52092
52138
52290
52698
52933
52966
53694
53835
53854
54039
55302
55362
55933
55993
56145
56269
56407
56421
56445
56545
56739
56993
57099
57157
57320
57324
57457
57575
57839
57854
57922
57975
58112
58189
58311
58631
58832
58970
59070
59338
59895
59916
60186
60481
60506
60590
60922
61105
61397
61510
61689
61815
61900
62054
62061
62186
62446
62542
62781
62995
63330
63501
63531
63680
63894
64101
64360
64504
64909
64942
65005
65050
65310
65518
65593
65887
66103
66193
66225
66430
66564
66940
67063
67318
67368
67540
67684
67722
67872
68002
68014
68411
68556
68594
68790
69097
69351
69494
69561
69679
69813
69901
69912
70255
70423
70524
70593
70632
70680
70983
71115
71212
71298
71579
71618
72078
72136
73047
73118
73236
73306
73752
73761
74044
74399
74449
74460
74628
74641
74750
74939
75114
75187
75391
75733
75931
76051
76074
76490
76817
76818
76919
77296
77302
77487
77556
77984
78469
79159
79265
79860
79920
80027
80069
80125
80369
80384
81333
81342
81811
81937
82175
82226
82583
83680
83731
83851
83979
84009
84247
84463
84507
84755
84773
85491
85754
85800
85980
86609
86632
86901
86931
87057
87212
87680
88319
88529
89031
89248
89413
89505
89597
89679
89821
89851
90352
90516
90576
90782
90858
90972
91555
91582
92225
92266
92342
92417
92612
92974
93081
93223
93261
93309
93345
93531
93957
94192
94436
94472
94495
94915
95147
95263
96941
97431
97695
97711
97772
98085
98119
98460
98466
98551
98618
98780
99263
99395
99417
99505
99557
99736
99873
99913
100024
100289
100454
100601
100884
101152
101210
101306
101392
101667
101694
101706
101916
102311
102546
102607
102680
102694
102748
103056
103170
103285
103356
103414
103517
103770
103878
104089
104438
104543
104582
104671
104707
105122
105173
105233
105253
105383
105445
105487
105502
105536
105538
106358
106540
106858
106977
107104
107410
107705
107936
108193
108206
108675
108697
109191
109660
109690
109841
110378
110631
110664
110976
111395
111418
111717
111768
112035
112908
112980
113096
113205
113592
114254
114465
114818
115458
115513
115729
115842
115894
115975
116477
116498
116550
116680
116727
116881
117327
117359
117591
117925
118225
118382
118516
118783
118885
118993
119001
119068
119626
119877
119897
120169
120447
120711
121226
121493
121518
121985
122068
122399
122669
123036
123137
123355
123363
123490
123652
123663
123697
123721
123773
124116
124157
124270
124279
124403
124453
124675
124715
124792
124911
125022
125228
125328
125474
125934
125983
126032
126051
126152
126598
127064
127498
127684
127710
127821
128898
128948
129430
129520
129632
129968
130421
130534
130609
130694
130781
130828
131009
131053
131134
131194
131485
131826
131866
131923
132199
132284
132591
132600
132754
132768
132808
132976
133036
133332
133442
133542
133655
133799
133878
133954
134259
134283
134482
134550
134565
134619
134695
134830
134882
134918
134966
135228
135266
135348
135747
136218
136362
136449
136698
136716
136860
136890
137037
137347
137610
138030
138501
138576
Number of cuts: 745

Gollum
138
850
1309
1977
2034
2200
2819
3049
3552
3854
4295
4652
4743
4787
5130
5191
5767
5832
6049
6317
6379
6913
7089
7363
7455
8528
8748
9170
9376
9577
9616
9681
10164
10995
11019
11526
11645
12641
13119
13198
13272
13976
14150
14420
14554
14967
15174
15381
15527
16474
16620
17044
17122
17426
17709
18194
19153
19228
19462
19735
20218
20245
20321
20878
20992
21166
21172
21972
22017
22698
22941
23281
23657
25133
25292
25332
26147
26326
26639
26770
27025
27062
27453
27656
27864
28271
28943
29069
29353
29368
29392
30104
30229
31282
31396
31929
31988
32478
32891
33102
33329
33855
33861
33875
34120
34745
34814
34841
34854
35545
35623
36533
36710
37324
38156
38744
38930
39011
39186
39943
40597
41229
41841
41937
42246
42857
44056
44164
44889
45194
45694
46417
46513
Number of cuts: 133

Grayson
1028
2512
2639
4873
5236
8552
12335
12657
12802
14397
21932
22707
23046
27270
31210
31395
32262
34065
35132
35231
37559
37653
39000
39779
42814
45490
46517
46901
47542
54682
57179
57526
59673
63472
64882
67555
71549
75100
75895
77318
79999
81756
84525
87700
91558
93394
95136
95751
96408
96754
100674
101704
102947
105018
105390
107366
107597
107916
108534
114423
117512
121022
122636
123850
124620
126591
129929
131413
131540
Number of cuts: 69

Harlequin
138
287
850
1309
1977
2034
2200
2819
3036
3049
3552
3854
4046
4173
4295
4652
4743
5104
5130
5191
5280
5410
5767
6049
6364
6531
6898
7074
7348
7440
8093
8231
8285
8510
8716
9034
9114
9320
9521
9560
9625
9880
10108
10945
11476
11595
12482
12591
13069
13148
13222
13303
13926
14100
14187
14370
14504
14917
14983
15331
15477
16126
16406
16637
16994
17072
17376
17659
17717
18144
18656
18867
19178
19412
19533
19661
19685
20195
20271
20549
20920
20942
21116
21122
21557
21973
21976
22703
22835
22946
23286
23662
25138
25297
25337
26247
26644
26775
27030
27067
27458
27661
27869
28276
28948
29360
29399
29498
29816
29890
30015
31068
31182
31715
31774
32264
32677
32888
33115
33641
33647
33661
34531
34600
34627
34640
35409
36319
36496
37110
38530
38716
38797
38972
39787
40161
41076
41689
41785
42094
42705
43904
44012
44737
45042
45542
46265
46361
Number of cuts: 148

Hiro
138
850
1309
1977
2034
2200
2819
3036
3049
3552
3854
4046
4229
4295
4652
4743
4787
5130
5191
5280
5410
5767
6049
6302
6364
6531
6898
7074
7348
7440
8231
8285
8510
8716
9114
9320
9521
9560
9806
10108
10325
10939
10963
11470
11589
12229
13072
13375
13454
13528
14232
14406
14493
14656
14676
14810
15012
15058
15223
15637
15783
16712
16730
16876
16943
17682
18450
19409
19484
19544
19718
19991
20114
20402
20855
21353
21809
21959
22519
25078
25393
25552
25592
26502
26899
27030
27285
27322
27713
27916
28124
28531
29203
29615
29654
30366
30491
31544
31658
32191
32250
32740
33153
33364
33591
34117
34123
34137
35007
35076
35103
35116
35885
36795
36972
37586
38418
39006
39192
39273
39448
40261
40492
40915
41547
41931
42160
42256
42565
43176
44375
44483
45032
45208
45513
46013
46736
46832
Number of cuts: 138

Jace
148
216
639
692
956
1526
1772
2021
2165
2273
2330
2549
2577
2639
2825
2994
3177
3317
3690
3829
4070
4288
4390
4958
5134
5289
5348
5670
5735
5814
5884
6052
6086
6161
6182
6523
7162
7220
7313
7355
7375
7419
7461
7560
7569
7817
7873
8368
8523
8571
8814
9327
9467
9566
9694
10093
10429
10459
10605
10657
10695
10716
10863
11074
11088
11421
11820
11967
12237
12504
12690
12753
12798
12834
12858
13050
13284
13289
13542
13845
13983
14223
14448
14484
14499
14595
14601
14685
15995
16037
16349
16367
16763
16883
16973
17012
17035
17135
17159
17210
17572
17628
17643
17890
18056
18364
18475
18616
18997
19168
20164
20173
20311
20452
20479
20569
20749
20835
20859
21014
21066
21105
22085
22341
22401
22494
22660
22942
23040
23408
23746
23855
23952
24074
24209
24255
24510
24815
25065
25112
25252
25333
25642
25696
25711
26014
26406
26868
26918
27119
27176
27409
27427
27644
27867
28124
28365
28506
29061
29781
29797
30131
30302
30383
30495
31024
31376
31655
31893
31917
32102
32180
32210
32273
32337
32548
32671
32804
33119
33128
33417
33582
34117
34308
34341
34374
34794
34889
34957
35321
35355
35649
35736
36067
36224
36282
36782
36932
37361
37411
37417
37531
37666
37708
37758
38374
38395
38537
38998
39130
39235
39344
39356
39476
39636
39759
40035
40254
40301
40453
40678
40871
40893
41131
41170
41212
41346
41550
41848
41923
42097
42400
42857
43304
43320
43539
43687
43775
43817
43896
43926
44025
44369
44400
44462
44533
44598
44808
44908
45154
45238
45259
45546
45559
45599
45922
46077
46278
46284
46293
46300
46428
46554
46602
46749
46911
47434
47516
47695
47710
47953
47968
48053
48095
48343
48798
48864
48921
49250
49493
49667
50155
50960
51008
51188
51200
51269
51437
51665
51791
52009
52020
52273
52283
52288
52611
52623
52691
52720
52962
53172
53215
53274
53450
53549
53712
53801
Number of cuts: 307

Jester
138
287
850
1309
1977
2034
2200
2819
3036
3049
3552
3854
4046
4173
4295
4652
4743
5104
5130
5191
5280
5410
5767
6049
6364
6531
6898
7074
7348
7440
8093
8231
8285
8510
8716
9034
9114
9320
9521
9560
9880
10108
10325
10939
10963
11470
11589
12198
12476
13063
13142
13216
13297
13920
14094
14181
14498
14700
14911
15325
15471
16400
16418
16564
16631
17370
17439
18138
18650
18861
19172
19406
19527
19655
19679
20189
20265
20543
20914
20936
21110
21116
21497
21913
21916
22634
22766
22877
23217
23593
25069
25228
25268
26178
26575
26706
26961
26998
27389
27592
27800
28207
28879
29291
29330
29429
29747
29821
29946
30999
31113
31646
31705
32195
32608
32819
33046
33572
33578
33592
34462
34531
34558
34571
35340
36250
36427
37041
38461
38647
38728
38903
39718
40092
41007
41620
41716
42025
42636
43835
43943
44668
44973
45473
46196
46292
Number of cuts: 146

Krishelle
138
850
1309
1977
2034
2200
2217
2819
3049
3552
3854
4295
4652
4743
4787
5130
5191
5767
5832
6049
6317
6379
6913
7089
7363
7455
8246
8300
8525
8731
9129
9335
9536
9575
9821
10123
10340
10954
10978
11485
11604
12244
12818
13087
13390
13469
13543
14247
14421
14508
14671
14691
14825
15027
15073
15238
15652
15798
16745
16891
16958
17697
18465
19188
19424
19499
19559
19733
19982
20006
20417
20870
21368
21860
22010
22570
25417
26610
27054
27309
27737
27944
28148
28555
29715
29730
29754
29853
30466
30591
31644
31758
32291
32350
32840
33253
33464
33489
33691
34223
34452
34482
35107
35176
35203
35216
35907
35985
36321
36904
37081
37695
38527
39115
39301
39382
39557
40370
41024
41656
42101
42268
42673
43284
44483
44591
45316
45621
46963
Number of cuts: 129

Lillie
138
850
1309
1977
2034
2200
2217
2819
3049
3552
3854
4295
4652
4743
4787
5130
5191
5767
5832
6049
6317
6379
6913
7089
7363
7455
8528
8748
9170
9376
9577
9616
9681
10164
10995
11019
11526
11645
12641
13119
13198
13272
13976
14150
14420
14554
14967
15174
15381
15527
16474
16563
16620
17044
17122
17426
17709
18194
19153
19228
19462
19735
20218
20245
20321
20878
20992
21166
21172
21972
22017
22698
22941
23657
25133
25292
26147
26326
26639
26770
27062
27453
27656
27864
28271
28943
29069
29355
29394
29493
30106
30231
31284
31398
31990
32480
32893
33104
33129
33331
33863
34092
34122
34747
34816
34843
34856
35547
35625
36535
36712
37326
38158
38746
38932
39013
39188
40001
40655
41287
41899
41995
42304
42915
44114
44222
44947
45252
45752
46478
46574
Number of cuts: 131

Mahdia
547
559
737
765
813
1505
1594
1738
2142
2536
2589
2719
3155
3183
3221
3443
3478
3752
3856
4029
4056
4341
4369
4728
5295
5353
5414
5493
5505
5716
5944
6137
6189
6449
6489
6661
7281
7343
7545
7887
7988
8255
8291
8756
8948
9102
9491
10386
10707
11235
11410
11692
11971
12054
12225
12237
12270
12285
12328
12387
12471
12492
12768
13193
13621
13810
13919
14222
15252
15678
15704
15771
15788
16043
16178
16179
16203
16322
16358
16423
16507
16622
17280
17369
17469
17470
17603
17651
17663
17719
17795
18038
18143
18389
18419
18476
18521
18626
19161
19190
19374
19449
19463
19754
20327
20392
20694
20905
21050
21197
21208
21326
21747
21766
21958
21967
22565
22606
23402
23703
23849
24108
24129
24526
24579
24711
24776
24860
25095
25246
25300
25455
25749
25754
26193
26261
26387
27050
27101
27109
27152
27548
27714
27718
27806
27841
28307
28319
28411
28434
28649
28792
29018
29130
29165
29381
29708
31181
31304
31382
31518
31644
31693
31782
32242
32270
32350
32852
32982
32990
33033
33171
33297
33864
34012
34023
34298
34327
34439
34463
34680
35168
35338
35655
35690
35735
35763
36236
36780
37071
37241
37418
38168
38248
38415
38652
38754
39059
39301
39319
39361
39941
40259
40557
40608
40736
40749
41133
41412
41768
41880
42236
42456
Number of cuts: 213

Naiad
138
850
1309
1977
2034
2200
2217
2819
3049
3552
3854
4295
4652
4743
4787
5130
5191
5767
5832
6049
6317
6379
6913
7089
7363
7455
8528
8748
9170
9376
9577
9616
9681
10164
10995
11019
11526
11645
12641
13119
13198
13272
13976
14150
14420
14554
14967
15174
15381
15527
16474
16620
17044
17122
17426
17709
18194
19153
19228
19462
19735
20218
20321
20878
20992
21166
21172
21972
22711
22730
22954
23137
23294
23670
25146
25305
25314
25345
26160
26339
26783
27038
27466
27669
27877
28284
28956
29082
29368
29407
29506
30119
30244
31297
31411
31944
32003
32493
32906
33117
33142
33344
33876
34105
34135
34760
34829
34856
34869
35560
35638
35974
36557
36734
37348
38180
38768
38954
39035
39210
40023
40677
41309
41754
41921
42326
42937
44136
44244
44969
45274
45774
46501
46597
Number of cuts: 134

Nancinator
138
850
1309
1977
2034
2200
2217
2819
3049
3552
3854
4295
4652
4743
4787
5130
5191
5767
5832
6049
6317
6379
6913
7089
7363
7455
8528
8748
9170
9376
9577
9616
9681
10164
10995
11019
11526
11645
12641
13119
13198
13272
13976
14150
14420
14554
14967
15174
15381
15527
16474
16620
17044
17122
17426
17709
18194
19153
19228
19462
19735
20218
20321
20878
20992
21166
21172
21972
22017
22698
22941
23281
23657
25134
25293
25302
25333
26148
26327
26640
26721
26771
27454
27657
27865
28272
28944
29070
29354
29369
29393
29965
30039
30164
31217
31331
31864
31923
32413
32826
33037
33264
33790
33796
33810
34025
34055
34689
34758
34785
34798
35489
35567
36477
36654
37268
38100
38688
38874
38955
39130
39994
40626
41238
41334
41643
42254
43453
43561
44286
44591
45091
45818
45914
Number of cuts: 134

Natosaleda
138
850
1309
1977
2034
2200
2217
2819
3049
3552
3854
4295
4652
4743
4787
5130
5191
5767
5832
6049
6317
6379
6913
7089
7363
7455
8528
8748
9170
9376
9577
9616
9681
10164
10995
11019
11526
11645
12641
13119
13198
13272
13976
14150
14420
14554
14967
15174
15381
15527
16474
16620
17044
17122
17426
17709
18194
19153
19228
19462
19735
20218
20321
20878
20992
21166
21172
21972
22017
22698
22941
23281
23657
25133
25292
25301
25332
26147
26326
26639
26720
26770
27453
27656
27864
28271
28943
29069
29353
29368
29392
29964
30038
30163
31216
31330
31863
31922
32412
32825
33036
33263
33789
33795
33809
34024
34054
34688
34757
34784
34797
35488
35566
36476
36653
37267
38099
38687
38873
38954
39129
39939
40394
41227
41839
41935
42244
42855
44054
44162
44887
45192
46409
46505
Number of cuts: 134

Partridge
845
1252
1302
2036
2093
2180
2612
2621
2878
3095
3108
3611
3913
4354
4711
4802
4846
5189
5250
5339
5469
5826
6108
6423
6590
6957
7133
7407
7499
8290
8569
8775
9197
9403
9604
9643
9708
9963
10191
10408
11028
11678
12565
13152
13231
13305
13386
14009
14183
14270
14453
14587
14835
15000
15066
15414
15560
15903
16507
16653
16720
17077
17155
17459
17528
18227
19186
19321
19495
19768
20179
20575
20632
20653
20911
21003
21025
21199
21586
22744
22763
22987
23327
23703
25180
25339
26409
26722
26853
27108
27536
27743
27947
28354
29234
29515
29530
29554
30266
30391
30618
31200
31444
31558
32150
32549
32640
32767
32780
33050
33261
33488
34146
34152
34166
35045
35114
35141
35154
35923
36833
37010
37524
38457
39231
39312
39487
41102
41588
41934
41990
42033
42200
42645
42662
43364
43770
44125
44353
44596
44704
46940
Number of cuts: 142

Pepy6
954
1250
1285
1650
2031
2202
2967
3757
3876
6321
6766
6978
7285
8494
8940
9500
9759
9936
10069
10515
11160
11727
12124
13079
14064
14174
14238
14389
14423
14742
15318
15613
16601
17301
17426
18358
18509
18860
18873
18923
19071
19227
19739
20431
20445
20863
22103
22270
22390
22456
23032
23143
23286
23634
23809
24150
24310
24402
25333
25546
25898
26137
26463
26591
26705
27013
27070
27098
27374
28175
28685
28765
28862
29139
29347
29545
29753
29918
30418
30441
30777
31281
31559
32118
32138
33212
33254
33378
34220
34303
34432
34681
34746
35225
36789
36912
37221
37289
37830
38185
38335
39816
39985
40082
40461
40719
42795
43424
43779
43935
45013
45236
45604
45662
45947
46272
47021
47047
47526
47554
47960
49756
49836
49937
50285
50766
50925
51471
51515
51641
52534
53099
53669
53852
53861
54314
55469
56049
56524
56636
56938
57325
57571
57689
57766
57931
57996
58548
58665
58825
59409
59710
61805
62290
62403
62741
62769
62775
63095
63983
64525
65283
65426
65450
65554
65598
66025
66432
66947
67422
67819
68631
70088
70095
70418
70646
70783
71180
71715
73668
74523
74812
76702
76786
Number of cuts: 184

Peregrin
2111
2547
2676
4701
7171
8284
10373
11649
12116
12930
13729
16125
21098
21873
26662
26784
29944
29962
32992
33914
34013
35541
36341
36435
37781
38560
41594
44270
45297
45681
46322
49876
53465
55546
56698
61839
62316
65980
69029
69844
73645
75077
80530
81664
82131
82137
87688
94504
95441
95787
99664
102221
103349
107639
107870
108189
108615
109342
109390
109436
110204
111397
113228
114427
119195
119597
121669
122758
123542
124062
124208
126120
127148
127628
132180
132616
132745
Number of cuts: 77

Phrankenstein
138
850
1309
1977
2034
2200
2217
2819
3049
3552
3854
4295
4652
4743
4787
5130
5191
5767
5832
6049
6317
6379
6913
7089
7363
7455
8748
9170
9376
9577
9616
9681
10164
10995
11019
11526
11645
12641
13119
13198
13272
13976
14150
14420
14554
14967
15174
15381
15527
16474
16620
17044
17122
17426
17709
18194
19153
19228
19462
19735
20218
20321
20878
20992
21166
21172
21918
21963
22644
22887
23603
25079
25238
26093
26272
26585
26716
27399
27602
27810
28217
28889
29015
29301
29316
29340
30052
30177
31230
31344
31877
31936
32426
32839
33050
33075
33277
33809
34038
34068
34693
34762
34789
34802
35493
35571
36481
36658
37272
38104
38692
38878
38959
39134
39947
40601
41233
41845
41941
42250
42861
44060
44168
44893
45198
45698
46518
Number of cuts: 127

Pine5
221
477
584
608
775
864
908
1016
1062
1314
1636
1877
2470
2472
3018
3407
3440
3592
3725
4462
4934
4988
5359
5521
5874
6432
6515
6535
6620
7071
7114
7198
7371
7436
7732
8302
8427
8498
8592
9487
9832
9958
10317
10370
10562
10639
11606
11849
11862
11920
12494
12586
13208
13317
13506
13676
14000
14334
14681
14783
14900
15018
15433
15537
15859
15885
15975
16058
16138
16186
16697
16765
16876
16924
17508
18003
18310
18648
18708
19139
19312
19520
19870
20295
20454
20476
21001
21066
21611
22035
22698
22971
23106
23298
23473
23769
24008
24156
24381
24483
24739
24842
24894
24937
25517
26048
26201
26208
26409
26538
26693
27023
27204
27211
28356
28770
28919
29167
29219
29344
29358
29389
29605
30004
30375
30426
30971
31032
31084
31152
31302
31613
31876
32161
32521
32599
32745
32811
32827
33199
33342
33405
33411
33454
33620
33822
34113
34159
34238
34884
35027
35686
36323
36325
36383
36517
36711
36724
36979
37785
37824
37912
37938
37963
38078
38171
38374
38664
38703
38908
39097
39226
39314
39357
39546
39668
39871
40018
40189
40339
40374
40426
40742
41274
41307
41503
41595
41626
41728
41812
42378
42455
42592
42794
42872
43115
43133
43558
43761
43766
43877
44289
44655
44734
44847
45372
46239
46863
47313
47580
47961
48117
48668
48881
49101
49118
49132
49388
49437
49495
49733
49778
49803
50703
51080
51132
51438
51954
52030
52279
52356
52628
52675
52722
52761
52958
53454
53700
53823
53880
54711
54737
54834
54881
55076
55135
55276
55397
55417
55530
55629
56008
56398
56543
56558
56765
57170
57239
57662
Number of cuts: 259

Poco6
351
828
986
1227
1480
1716
2859
3564
3587
4364
4460
4556
4608
5759
6004
6827
7302
7525
8268
8378
8561
9210
9238
10231
10290
10465
10941
12371
13190
13352
13367
13945
14983
15124
15142
15882
16589
17624
18373
18459
18567
19074
19763
21267
21761
22453
22885
23904
24125
24259
24415
24802
25156
25299
25822
26163
26346
26415
27322
27645
27718
27911
28150
28718
28805
29026
29565
29723
29769
30194
31366
31564
31937
31943
32427
32839
32982
33378
33584
33620
33709
34143
34163
34587
34758
34843
35237
35340
35403
36108
36703
36768
37247
38220
38241
39158
39255
39464
39833
40017
40154
40291
40357
41381
42072
42285
42372
42471
43961
44915
45544
45608
46276
46621
48291
48474
48475
49223
49257
49861
50191
50333
51449
51800
52287
52452
52881
53767
54042
54607
55360
55369
55582
55822
57557
57610
58144
58212
58399
58658
58738
59257
59288
59514
59530
60079
60091
60108
60643
60882
61227
61246
61918
62152
63323
63940
64791
65039
65313
65374
65742
65806
66173
66434
66854
67138
68064
68410
68797
69350
71616
71684
71909
72046
72443
72978
75162
76302
77969
Number of cuts: 179

Rasputin
138
850
1309
1977
2034
2200
2217
2819
3049
3552
3854
4295
4652
4743
4787
5130
5191
5280
5410
5767
6049
6302
6364
6531
6898
7074
7348
7440
8232
8286
8511
8717
9139
9345
9546
9585
9650
9905
10133
10350
10581
10778
10964
10988
11495
11614
12501
12610
13088
13167
13241
13322
13487
13945
14119
14206
14389
14523
14936
15002
15350
15496
15839
16145
16425
16443
16656
17013
17395
17678
17736
18163
18675
18886
19197
19257
19431
19552
19680
19704
20214
20290
20568
20939
20961
21141
21522
21938
21941
22668
22911
22954
23251
25104
25263
25303
26118
26297
26610
26741
27033
27424
27835
28242
28914
29016
29326
29365
30077
30202
30429
31255
31369
31961
32451
32864
33075
33100
33302
33834
34063
34093
34718
34787
34814
34827
35518
35596
36506
36683
37297
38129
38717
38903
38984
39159
39972
40626
41258
41870
41966
42275
42886
44085
44193
44918
45223
45723
46451
46547
Number of cuts: 150

RER2
138
850
1309
1977
2034
2200
2217
2819
3049
3552
3854
4295
4652
4743
4787
5130
5191
5767
5832
6049
6317
6379
6913
7089
7363
7455
8528
8748
9170
9376
9577
9616
9681
10164
10995
11019
11526
11645
12641
13119
13198
13272
13976
14150
14420
14554
14967
15174
15381
15527
16474
16620
17122
17426
17709
18194
19153
19228
19462
19735
20218
20321
20970
20992
21166
21172
21972
22017
22698
22830
22941
23281
23657
25133
25292
25332
26096
26242
26639
26770
27062
27453
27656
27864
28271
28943
29355
29394
30106
30231
31284
31398
31931
31990
32480
32893
33104
33129
33331
33863
34092
34122
34747
34816
34843
34856
35547
35625
36535
36712
37326
38158
38746
38932
39013
39188
40001
40655
41287
41899
41995
42304
42915
44114
44222
44947
45252
45752
46478
46574
Number of cuts: 130

RexFury
138
881
1340
2008
2065
2231
2248
2850
3080
3583
3885
4326
4683
4774
4818
5161
5222
5798
5863
6080
6348
6410
6944
7120
7394
7486
8559
8779
9201
9407
9608
9647
9712
9967
10195
11026
11050
11557
11676
12563
13150
13229
13303
14007
14181
14451
14585
14998
15205
15412
15558
16505
16651
17075
17153
17457
17740
18225
19184
19259
19493
19766
20249
20276
20352
20909
21023
21197
21203
22003
22048
22729
22972
23312
23688
25164
25323
25363
26178
26357
26670
26751
26801
27056
27484
27687
27895
28302
29076
29386
29425
30137
30262
30489
31315
31429
31962
32021
32511
33135
33160
33362
33894
34123
34153
34778
34847
34874
34887
35578
35656
36566
36743
37357
38189
38777
38963
39044
39219
40029
40484
41317
41929
42025
42334
42945
44144
44252
44977
45282
45782
46509
46605
Number of cuts: 133

RGL3
135
224
988
1240
1262
1889
1976
2120
2171
2273
2747
3038
3051
3661
3856
4092
4297
4736
4796
4856
4920
5282
5412
5572
5641
6051
6139
6195
6372
6596
6651
6891
6903
7084
7088
7354
7439
7446
7661
8114
8221
8738
9136
9147
9342
9523
9540
9582
9647
10037
10133
10140
10547
10970
10994
11063
11587
12450
13244
13775
13821
14308
14375
14395
14558
14762
14914
14960
15191
15372
15589
15733
15889
15919
16620
16697
17226
17394
17870
17922
18036
18081
18355
18585
18723
19067
19303
19315
19338
19438
19612
19758
19882
19894
20012
20366
20408
20658
21013
21097
21697
22040
22431
22686
23314
23332
23422
23980
24018
24524
24817
25022
25124
25310
25624
25783
25823
26240
26299
26466
26734
27070
27695
28130
28162
28440
28612
28653
29892
29964
30008
30262
30277
30391
30702
30874
30901
31017
31128
31671
31710
31784
32068
32601
32646
33101
33253
33266
33466
33539
33750
34302
34390
34428
34657
34697
34806
35265
35469
35703
35772
35799
35922
36456
36564
36707
36731
36830
37193
37311
37331
37530
37652
37707
37987
38658
38974
39681
39870
39979
40364
40741
40807
41846
41947
42054
42575
42949
43326
43532
44078
44327
44552
44659
44886
44906
45749
45922
46276
48050
Number of cuts: 200

Rhodalysa
138
850
1309
1977
2034
2200
2217
2819
3049
3552
3854
4295
4652
4743
4787
5130
5191
5767
5832
6049
6317
6379
6913
7089
7363
7455
8528
8748
9170
9376
9577
9616
9681
10164
10995
11019
11526
11645
12641
13119
13198
13272
13976
14150
14420
14554
14967
15174
15381
15527
16474
16563
16620
17044
17122
17426
17709
18194
19153
19228
19462
19735
20218
20245
20321
20878
20992
21166
21172
21972
22017
22698
22941
23657
25133
25292
26147
26326
26639
26770
27062
27453
27656
27864
28271
28943
29069
29355
29394
29493
30106
30231
31284
31398
31990
32480
32893
33104
33129
33331
33863
34092
34122
34747
34816
34843
34856
35547
35625
36535
36712
37326
38158
38746
38932
39013
39188
40001
40655
41287
41899
41995
42304
42915
44114
44222
44947
45252
45752
46478
46574
Number of cuts: 131

StCroix
138
850
1309
1977
2034
2200
2217
2819
3049
3552
3854
4295
4652
4743
4787
5130
5191
5767
5832
6049
6317
6379
6913
7089
7363
7455
8528
8748
9170
9376
9577
9616
9681
10164
10995
11019
11526
11645
12641
13119
13198
13272
13976
14150
14420
14554
14967
15174
15381
15527
16474
16620
17044
17122
17426
17709
18194
19153
19228
19462
19735
20218
20321
20878
20992
21166
21172
21972
22711
22730
22954
23137
23294
23670
25146
25305
25314
25345
26160
26339
26783
27038
27466
27669
27877
28284
28956
29082
29368
29407
29506
30119
30244
31297
31411
31944
32003
32493
32906
33117
33142
33344
33876
34105
34135
34760
34829
34856
34869
35560
35638
35974
36557
36734
37348
38180
38768
38954
39035
39210
40023
40677
41309
41754
41921
42326
42937
44136
44244
44969
45274
45774
46501
46597
Number of cuts: 134

Swann
138
850
1309
1977
2034
2200
2217
2819
3049
3552
3854
4295
4652
4743
4787
5130
5191
5767
5832
6049
6317
6379
6913
7089
7363
7455
8528
8748
9170
9376
9577
9616
9681
10164
10995
11019
11526
11645
12641
13119
13198
13272
13976
14150
14420
14554
14967
15174
15381
15527
16474
16620
17044
17122
17426
17709
18194
19153
19228
19462
19735
20218
20321
20878
20992
21166
21172
21972
22017
22698
22941
23657
25133
25292
25301
25332
26147
26326
26639
26720
26770
27025
27453
27656
27864
28271
28943
29069
29353
29368
29392
30104
30229
31282
31396
31929
31988
32478
32891
33102
33127
33329
33861
34090
34120
34745
34814
34841
34854
35545
35623
36533
36710
37324
38156
38744
38930
39011
39186
39999
40653
41285
41897
41993
42302
42913
44112
44220
44945
45250
45750
46478
46574
Number of cuts: 133

Takoda
845
1252
1302
1969
2026
2113
2388
2554
2743
2811
3028
3041
3544
3846
4287
4644
4735
4779
5122
5183
5272
5402
5759
6041
6356
6523
6890
7066
7340
7432
8085
8223
8277
8502
8708
9130
9336
9537
9576
9641
9896
10124
10341
10955
11486
11605
12492
12601
13079
13158
13232
13313
13936
14110
14197
14380
14514
14927
14993
15341
15487
15830
16434
16580
16647
17082
17386
18154
19113
19188
19248
19422
19695
20106
20226
20484
20930
21126
21132
21513
21929
22670
22689
22913
23253
23629
25106
25265
26299
26612
26743
26998
27426
27629
27837
28244
28489
28916
29328
29343
29367
29939
30013
30365
31191
31305
31897
32387
32527
32797
33008
33235
33812
34037
34051
34296
34930
34999
35026
35039
35730
35808
36144
36718
36895
37408
38341
38929
39115
39196
39371
40186
40611
40985
41471
41767
41816
41872
41915
42082
42527
42544
43054
43614
43668
43969
44197
44362
44440
44548
46785
Number of cuts: 151

Trina
609
1037
1095
2012
3705
3792
4906
5018
6680
6806
8569
8784
9823
9940
10720
10970
11108
11150
12431
13913
14132
17164
17187
17974
18781
19126
19950
20706
20909
21676
21876
23175
23292
24950
25475
27077
27296
27704
28457
29110
29590
30363
31429
33965
34825
35299
35997
36297
36502
36704
36705
38418
39355
39845
40221
40513
42764
42822
42842
43919
46723
47023
49143
49252
50863
51976
52774
53595
54523
55377
57075
57111
58143
59047
59191
60463
61726
62608
63537
65416
67694
68999
69039
69468
70575
72380
73393
73549
74177
75009
76294
77647
78664
79945
80180
83547
86539
87930
88367
88846
89361
90982
93519
94168
95752
96034
96219
96528
98266
98325
98343
99150
99383
99451
100043
100108
101087
101521
102027
102245
102744
104088
105623
106142
106467
106584
106667
106749
108179
108240
108265
108598
108767
110589
111259
111575
112160
112390
112476
112573
114075
114222
114474
115807
116395
118804
119095
119693
120014
120292
120482
121895
123053
123931
125777
127147
128904
129327
129510
129547
130642
133842
134057
134977
137011
137439
137497
138414
Number of cuts: 168

TWAMP
138
850
1309
1977
2034
2200
2217
2819
3049
3552
3854
4295
4652
4743
4787
5130
5191
5767
5832
6049
6317
6379
6913
7089
7363
7455
8528
8748
9170
9376
9577
9616
9681
10164
10995
11019
11526
11645
12641
13119
13198
13272
13976
14150
14420
14554
14967
15174
15381
15527
16474
16563
16620
17044
17122
17426
17709
18194
19153
19228
19462
19735
20218
20245
20321
20878
20992
21166
21172
21972
22017
22698
22941
23657
25133
25292
26147
26326
26639
26770
27062
27453
27656
27864
28271
28943
29069
29355
29394
29493
30106
30231
31284
31398
31990
32480
32893
33104
33129
33331
33863
34092
34122
34747
34816
34843
34856
35547
35625
36535
36712
37326
38158
38746
38932
39013
39188
40001
40655
41287
41899
41995
42304
42915
44114
44222
44947
45252
45752
46478
46574
Number of cuts: 131

UhSalsa
138
850
1309
1977
2034
2200
2217
2819
3049
3552
3854
4295
4652
4743
4787
5130
5191
5767
5832
6049
6317
6379
6913
7089
7363
7455
8528
8748
9170
9376
9577
9616
9681
10164
10995
11019
11526
11645
12641
13119
13198
13272
13976
14150
14420
14554
14967
15174
15381
15527
16474
16620
17044
17122
17426
17709
18194
19153
19228
19462
19735
20218
20321
20878
20992
21166
21172
21972
22017
22698
22941
23281
23657
25134
25293
25302
25333
26148
26327
26640
26721
26771
27454
27657
27865
28272
28944
29070
29354
29369
29393
29965
30039
30164
31217
31331
31864
31923
32413
32826
33037
33264
33790
33796
33810
34025
34055
34689
34758
34785
34798
35489
35567
36477
36654
37268
38100
38688
38874
38955
39130
39940
40395
41228
41840
41936
42245
42856
44055
44163
44888
45193
45693
46421
46517
Number of cuts: 135

Weasels2
218
2334
14731
18395
22748
23545
25042
25322
26586
27381
30999
31416
38630
39851
39903
42587
44113
45178
45880
48126
52403
56593
59393
60978
61248
62021
62629
64957
66435
69328
70970
75359
76431
77046
81950
83692
86310
86862
87214
89797
92007
94458
95026
95423
97413
97920
98793
100898
101686
109394
110862
111689
111904
112392
113028
116259
118310
119269
120140
121698
124617
124641
125438
127250
131923
134039
Number of cuts: 66

Yogi
138
850
1309
1977
2034
2200
2819
3036
3049
3552
3854
4046
4229
4295
4652
4743
4787
5130
5191
5280
5410
5767
6049
6302
6364
6531
6898
7074
7348
7440
8231
8285
8510
8716
9138
9344
9545
9584
9649
9904
10132
10969
11500
11619
12506
12615
13093
13172
13246
13327
13950
14124
14211
14394
14528
14941
15007
15355
15501
16430
16448
16661
17018
17096
17400
17683
17741
18168
18680
18891
19202
19436
19557
19685
19709
20219
20295
20573
20944
20966
21140
21146
21527
21943
21946
22672
22915
23255
23631
25107
25266
25306
26070
26216
26613
26744
26976
26999
27427
27630
27838
28245
28917
29329
29368
30080
30205
31258
31372
31905
31964
32454
32867
33078
33305
33831
33837
33851
34096
34718
34787
34814
34827
35518
35596
36886
37063
37677
38509
39097
39283
39364
39539
40352
41006
41638
42250
42346
42655
43266
44465
44573
45298
45603
46908
Number of cuts: 145

Yoncess
138
850
1259
1309
1977
2034
2200
2819
3036
3049
3552
3854
4046
4229
4295
4652
4743
4787
5130
5191
5280
5410
5767
6049
6302
6364
6531
6898
7074
7348
7440
8231
8285
8510
8716
9138
9344
9545
9584
9649
9904
10132
10969
11500
11619
12506
12615
13093
13172
13246
13327
13950
14124
14211
14394
14528
14941
15007
15355
15501
16430
16661
17018
17096
17400
17683
17741
18168
18680
18891
19202
19436
19557
19685
19709
20219
20295
20573
20944
20966
21140
21527
21943
21946
22673
22805
22916
23256
23632
25108
25267
25276
25307
26217
26614
26745
27000
27037
27631
27839
28246
28918
29330
29369
29468
29786
29860
29985
31038
31152
31685
31744
32234
32647
32858
33085
33611
33617
33631
34501
34570
34597
34610
35379
36289
36466
37080
37912
38500
38686
38767
38942
39755
40409
41041
41657
41753
42062
42673
43873
43981
44706
45011
45511
46235
46331
Number of cuts: 146

