Alatin
153
213
851
2278
2808
3926
4314
4399
5333
6812
7782
8794
11616
12288
12718
13017
20064
24314
24555
26006
29003
29706
29733
32692
34227
35422
41257
41589
41848
41960
44000
44085
44090
46137
Number of cuts: 34

Alpacados
153
213
851
2240
2770
3888
4276
4361
6221
6595
6759
7729
7759
8059
12224
12654
12953
14269
20000
20721
24183
24424
24942
25911
29585
29611
30372
32597
35324
41080
41412
41783
43598
43823
43913
45960
Number of cuts: 36

AngryOrchard
153
213
846
887
2223
2753
3871
4259
4344
6204
6742
7712
8042
12207
12637
12936
13448
14252
14844
19983
22146
24179
25871
29570
29597
30340
35484
37177
41311
41901
42013
42247
44132
46065
Number of cuts: 34

AppleCloud
646
687
1987
2517
3635
4023
5968
6067
6506
7476
7506
7806
12982
13483
14298
19924
20029
22999
24189
24430
24948
25881
29631
29657
29684
30197
35149
40974
41306
41677
43717
43802
43807
45854
Number of cuts: 34

Belenaria
153
213
851
2278
2808
3926
4314
4399
5333
6812
7782
8794
12288
12718
13017
20064
24248
24489
25007
25940
27166
29638
32558
34093
35297
41122
41454
41825
43865
43950
43955
46002
Number of cuts: 32

BobbyDazzler
153
213
851
2349
2879
3997
4385
6330
6704
6868
7838
7868
8168
12333
12763
13062
14378
19465
20109
20830
24293
24534
25052
25088
25985
29685
29712
32671
35401
41227
41819
41931
43971
44056
44061
46108
Number of cuts: 36

Bonanza
153
213
851
2278
2808
3926
4314
4399
6259
6633
6797
7767
7797
8097
12262
12692
12991
14307
20038
20759
23821
24221
24462
24980
25913
29587
29613
30374
32599
35326
41532
41864
42123
42235
44050
44275
44365
46397
Number of cuts: 38

Bradshaw
153
213
851
2278
2808
3926
4186
4314
4399
4425
5333
6812
7782
8794
11616
12288
12718
13017
20064
24247
24488
25939
28936
29639
29666
32625
34160
35355
41190
41522
41781
41893
43933
44018
44023
46070
Number of cuts: 36

Bryce
153
213
851
2278
2808
3926
4314
6259
6633
6797
7767
7797
8097
12262
12692
12991
14307
19394
24222
24463
24981
25017
25914
28100
29614
30154
32379
35109
40935
41527
41639
43679
43764
43769
45816
Number of cuts: 35

ChewyVIII
2656
3822
4218
5364
5700
5861
6570
8099
8980
9225
10175
12393
12861
14628
15328
18294
20094
22490
22855
22955
23311
24470
24800
25340
25647
25681
26098
26403
26584
29142
29276
29399
29725
30233
31233
31356
34669
34696
34903
35047
35794
35932
36013
36166
37431
37915
38923
38995
39292
39440
40103
42193
42511
44930
45289
45705
46848
47541
48749
49149
49684
49704
50830
50889
50909
50958
51695
52006
52035
54799
55275
55405
56473
56525
59420
59713
61726
61906
63460
63666
65214
65799
66501
66784
67138
Number of cuts: 85

CosmicSans
153
213
851
2278
2808
3926
4186
4314
4399
5333
6812
7782
8794
11616
12288
12718
13017
20064
24247
24488
25006
25939
28936
29639
29666
32625
34160
35355
41181
41513
41884
43924
44014
46061
Number of cuts: 34

Dinger
153
213
848
889
2274
2804
3922
4310
6793
7763
7793
8093
12258
12987
14303
14895
19390
20034
24231
24472
24990
25923
29674
29700
29727
35497
36185
36261
38977
41325
41657
41916
42031
42265
42686
44060
44150
46084
Number of cuts: 38

DocB7
787
1167
1201
1831
1861
1929
2464
3053
5805
6522
7471
8274
8597
9759
9880
11405
13846
14394
15151
15260
17557
17775
18570
18929
19147
19274
19563
19673
20504
21376
21506
21731
21863
22395
23010
24968
25412
25719
26387
26615
34734
35057
35312
36295
38194
38402
38553
41038
42815
43815
49668
50221
50500
51101
51638
53228
53290
54699
55830
55895
55944
55999
56268
56341
56554
56774
58442
58753
61959
64059
64079
65337
67734
70971
71123
71894
72486
73481
74536
Number of cuts: 79

E3
1741
2387
2527
4282
4648
4663
5157
5657
6830
7196
8138
10145
10450
11287
11314
12507
12680
13284
15950
18326
18749
18920
20279
20508
21228
23533
23727
23936
24214
25070
25264
25312
25894
27052
27157
28096
28241
29246
30743
31148
31232
31716
31758
32010
32973
33099
35186
35303
35674
36446
36811
37573
38961
39441
39615
40849
41365
41796
42072
42259
42882
43053
43852
44176
44476
45312
45884
46882
47878
49013
49626
49644
50276
50488
50830
51382
53711
53934
55580
56514
57741
58038
58380
58571
59433
59595
59701
59844
60439
61766
61806
62420
62852
63497
63913
63967
66092
66311
66433
67549
67794
69931
70180
71607
71742
72379
73229
73355
75071
75086
75405
75603
76126
76551
76986
77031
77741
77872
78003
78567
78700
78839
79082
79202
80371
80813
80866
81574
81862
82003
83492
84643
84736
84782
89330
90194
92261
92664
93375
94619
94748
94866
96270
98274
98774
98948
99982
102463
102861
102927
105017
105077
105234
106202
107162
107667
109430
110974
111018
111054
112180
113282
114395
114697
114989
115034
115364
115566
117185
118157
118340
118430
119401
121479
121741
122648
123394
123838
123868
124254
126686
126701
128441
128474
128867
129120
129910
130588
131852
133250
133271
133292
133832
133922
135440
135797
135851
135938
136019
137116
137664
138388
140102
141526
142305
Number of cuts: 205

Erik
153
213
851
2278
2808
3926
4314
4399
5333
6812
7782
8793
11615
12287
12717
13016
20063
24245
24486
25004
25937
27163
28934
29637
29664
32557
34092
35287
41012
41344
41715
43755
43840
43845
45892
Number of cuts: 35

Espica
153
213
851
2278
2808
3926
4314
4399
5333
6812
7782
8794
12288
12718
13017
20064
23847
24248
24489
25007
25940
27166
29638
32558
34093
35297
41122
41454
41825
43865
43950
43955
46002
46152
Number of cuts: 34

Finch
1773
2173
3026
3604
4199
7463
7731
8699
8914
10536
10713
10759
13009
13325
14167
14679
15273
15540
16006
16744
17761
17826
18650
19373
19448
19616
20722
21360
22969
24371
25618
25927
26283
27161
27816
29675
32552
33589
34688
35417
37632
38488
41233
41702
42622
44464
44526
46326
46857
47170
47466
50008
50242
50994
55361
55631
57230
57903
58301
59639
59907
59970
64412
64600
66556
67865
68587
69451
69549
70011
70357
72112
72652
74014
76094
77695
79251
79423
79805
80320
81165
81429
82830
83201
83240
85062
85104
87732
90725
91827
93252
93650
94817
95907
97209
97791
99139
99641
100362
100415
101255
101781
102879
104181
105421
105702
105749
109417
109427
110755
110986
111552
112498
113730
114536
116526
116928
116970
118474
119877
122813
122963
123559
123965
124026
124705
124859
126414
127407
127520
128710
128863
130138
130835
132946
134853
135173
136593
138385
Number of cuts: 139

Gollum
153
213
851
2278
2808
3926
4314
4399
5333
6812
7782
8794
11616
12288
12718
13017
20064
24247
24488
25006
25070
25939
27165
29637
29664
32623
34158
35353
41123
41455
41826
43866
43951
43956
46003
Number of cuts: 35

Grayson
10998
14999
18032
19815
31427
32064
32657
34407
40169
41120
43607
58857
59091
60730
64617
64776
84255
85350
92375
96892
97254
98433
101586
102753
108450
108737
114833
121046
125085
Number of cuts: 29

Harlequin
153
213
851
2278
2808
3926
4314
6797
7767
7797
8097
12238
12668
12967
14283
19370
24252
24493
25011
25047
25944
28130
29644
30184
32409
35139
40970
41562
41674
43714
43799
43804
45851
Number of cuts: 33

Hiro
153
213
851
2278
2808
3926
4314
6259
6633
6797
7767
7797
8097
12965
13273
13774
14589
19676
20320
23290
24507
24748
25266
26199
29899
32885
35615
41441
42033
42145
44185
44270
44275
46322
Number of cuts: 34

Jace
920
1463
1484
1523
1748
2406
2765
3494
4183
4214
4950
5244
6044
6422
7214
8940
9578
9746
9921
10512
11045
11673
12151
13419
13788
14466
14704
16361
16961
17995
18319
18841
19753
19927
19975
20085
20239
20895
22676
23078
23931
25621
26282
26405
26765
30781
31189
32652
32731
33474
34035
36374
37770
38830
40212
40802
41367
41618
41710
41993
42592
42925
42990
43305
43353
43828
43884
45456
46017
46126
46650
46921
48085
48681
49377
50168
51044
51516
52154
52164
Number of cuts: 80

Jester
153
213
851
2278
2808
3926
4314
6797
7767
7797
8097
12232
12662
12961
14277
19364
24183
24424
24942
24978
25875
28061
29575
30115
32340
35070
40901
41493
41605
43645
43730
43735
45782
Number of cuts: 33

Krishelle
153
213
851
2278
2808
3926
4314
4399
5333
6812
7782
7812
8112
13288
13789
14604
20230
20335
23341
24531
24772
25290
26223
29999
30026
32985
34520
35715
41550
41882
42141
42253
44293
44378
44383
46420
Number of cuts: 36

Lillie
153
213
851
2278
2808
3926
4186
4314
4399
5333
6812
7782
8794
11616
12288
12718
13017
20064
24247
24488
25006
25939
28936
29639
29666
32625
34160
35355
41181
41513
41884
43924
44014
46061
Number of cuts: 34

Mahdia
Number of cuts:  0

Naiad
153
213
851
2278
2808
3926
4314
4399
5333
6812
7782
8794
11616
12288
12718
13017
20064
24260
24501
25952
28949
29652
29679
32638
34173
35368
41203
41535
41794
41906
43946
44031
44036
46083
Number of cuts: 34

Nancinator
153
213
851
2278
2808
3926
4314
4399
5333
6812
7782
8794
12288
12718
13017
20064
24248
24489
25007
25940
27166
29638
32558
34093
35297
40520
40852
41223
43263
43348
43353
45400
Number of cuts: 32

Natosaleda
153
213
851
2278
2808
3926
4314
4399
5333
6812
7782
8794
12288
12718
13017
20064
24247
24488
25006
25939
27165
29637
32557
34092
35296
41121
41453
41824
43864
43949
43954
45993
Number of cuts: 32

Partridge
153
213
846
887
2337
2867
3985
4373
4458
6856
7826
7856
8156
12321
13050
14366
14958
19453
20097
24294
24535
25053
26022
29773
29799
29826
35653
39134
41482
41814
42073
42185
42419
44406
44496
46429
Number of cuts: 36

Pepy6
256
1047
1191
1227
2112
2592
6237
6411
6512
6616
8049
8470
10079
10379
12056
12666
12965
13592
14029
14287
14383
14685
14847
15499
15934
15966
16110
16995
17289
17660
18005
18329
19399
21018
21892
22322
22973
25198
26316
26933
27658
28941
30130
30508
31595
31966
32812
34076
37707
39147
43755
44243
44333
44446
44801
46400
47640
48954
48989
49520
50847
51159
51239
53325
54576
55008
55325
56298
57708
58746
58939
59120
59686
59855
60610
61192
63833
64580
65043
65053
66344
67562
68358
69437
70051
72461
73081
73404
73621
74442
75295
76147
Number of cuts: 92

Peregrin
4630
6598
14357
17625
25509
31439
38950
39900
42387
43397
44834
59097
60976
61413
84117
91806
92040
92613
95925
96284
98272
101591
101973
104955
108863
114684
114837
117941
119348
122782
123947
129582
Number of cuts: 32

Phrankenstein
153
213
851
2278
2808
3926
4186
4314
4399
5333
6812
7782
8794
11616
12288
12718
13017
20064
24193
24434
24952
25885
27111
29585
29612
32571
34106
35301
41127
41459
41830
43870
43955
43960
46007
Number of cuts: 35

Pine5
75
1257
10547
11841
15030
16741
22248
24330
25041
28149
28428
31677
39987
44873
45702
47243
49950
50977
52924
58590
Number of cuts: 20

Poco6
579
2256
2680
2932
6182
8469
8790
10676
11392
13061
13510
14905
14918
16494
16662
16920
17043
18160
18259
18726
19653
22995
23914
24027
24277
24347
24884
24989
25292
26493
26677
27170
27211
27227
28239
28946
32149
33991
34450
34837
36101
36145
38197
41169
42063
42408
44259
46169
46387
50095
52149
52317
52374
52931
54833
56084
56327
56833
56984
57806
57983
58454
59133
59262
59922
60858
60957
61027
63650
63786
64867
65047
65212
65408
65429
65836
67974
68193
68861
69862
71304
72344
74666
75254
75704
75744
77415
Number of cuts: 87

Rasputin
153
213
851
2278
2808
3926
4314
6259
6633
6797
7767
7797
8098
12257
12687
12986
14302
19389
20033
24218
24459
24977
25910
27136
29610
29637
32596
34131
35326
41152
41484
41855
43895
43980
43985
46032
Number of cuts: 36

RER2
153
213
851
2278
2808
3926
4186
4314
4399
5333
6812
7782
8794
11616
12288
12718
13017
20064
20785
24247
24488
25006
25939
29613
29639
30400
32625
34160
35355
36119
41181
41513
41884
43924
44009
44014
46061
Number of cuts: 37

RexFury
153
213
882
2309
2839
3957
4345
4430
5364
6843
7813
8825
11647
12319
12749
13048
20095
24278
24519
25037
25970
27196
29670
29697
32656
34191
35386
41211
41543
41914
43954
44039
44044
46091
Number of cuts: 34

RGL3
837
1334
3928
5331
5911
6802
8567
9442
9710
9842
10422
10554
11015
12263
12890
13612
13789
13832
14176
14491
14867
15114
19937
21153
21597
24976
25556
25737
25740
25882
27090
27435
29113
29965
30511
30537
33518
34084
35198
35871
43720
44141
44321
44813
45575
46694
Number of cuts: 46

Rhodalysa
153
213
851
2278
2808
3926
4186
4314
4399
5333
6812
7782
8794
11616
12288
12718
13017
20064
24247
24488
25006
25939
28936
29639
29666
32625
34160
35355
41181
41513
41884
43924
44014
46061
Number of cuts: 34

StCroix
153
213
851
2278
2808
3926
4314
4399
5333
6812
7782
8794
11616
12288
12718
13017
20064
24260
24501
25952
28949
29652
29679
32638
34173
35368
41203
41535
41794
41906
43946
44031
44036
46083
Number of cuts: 34

Swann
153
213
851
2278
2808
3926
4186
4314
4399
5333
6812
7782
8794
11616
12288
12718
13017
20064
24247
24488
25006
25939
27165
29637
29664
32623
34158
35353
36117
41179
41511
41882
43922
44007
44012
46059
Number of cuts: 36

Takoda
153
213
846
887
2270
2800
3918
4306
4391
6251
6789
7759
8089
12248
12678
12977
13489
14293
20024
22187
24220
29612
29639
35538
37231
41365
41955
42067
42301
44250
44340
46274
Number of cuts: 32

Trina
532
817
1731
2433
3332
3894
4146
8711
10414
11581
12321
12634
18189
21200
22339
22821
24600
29781
30114
33445
34034
35670
37263
37518
42852
43922
48394
48540
49568
49993
50140
53260
56824
57874
58999
59601
59943
61478
62036
62064
62194
64721
65524
65722
66125
67337
68208
69050
72161
72416
73778
75279
76254
76752
84909
86464
87167
88862
94857
95322
95985
99055
105546
109803
112941
113176
113299
120392
121832
123273
123682
123979
124550
129562
131407
131633
132769
135573
136934
137219
138133
138835
Number of cuts: 82

TWAMP
153
213
851
2278
2808
3926
4186
4314
4399
5333
6812
7782
8794
11616
12288
12718
13017
20064
24247
24488
25006
25939
28936
29639
29666
32625
34160
35355
41181
41513
41884
43924
44014
46061
Number of cuts: 34

UhSalsa
153
213
851
2278
2808
3926
4314
4399
5333
6812
7782
8794
12288
12718
13017
20064
24248
24489
25007
25940
27166
29638
32558
34093
35297
41122
41454
41825
43865
43950
43955
46002
Number of cuts: 32

Weasels2
1410
6588
15294
38892
40297
60019
60250
60452
61637
63861
64298
64850
69492
70332
82864
83501
87378
92322
102378
106554
108561
119457
119862
122556
125740
131702
133115
Number of cuts: 27

Yogi
153
213
851
2278
2808
3926
4314
4399
6259
6633
6797
7767
7797
8097
12262
12692
12991
14307
20038
20759
23821
24221
24462
24980
25913
29587
29613
30374
32599
35326
41532
41864
42123
42235
44050
44275
44365
46397
Number of cuts: 38

Yoncess
153
213
851
2278
2808
3926
4314
5564
6259
6633
6797
7767
7797
8097
12262
12692
12991
14307
19394
20038
20759
24222
24463
24981
25017
25914
29614
30154
32379
35109
40935
41527
41642
43683
43768
43773
45820
Number of cuts: 37

