Alatin
1819
2146
6957
9030
9042
10355
12361
14706
18719
19709
25381
27088
30614
30689
31587
31747
34867
35511
40964
46345
Number of cuts: 20

Alpacados
2099
6904
8960
8972
12297
14531
14642
16833
17677
18655
20772
21905
25250
26993
27221
30519
30594
31492
33113
34354
34769
40176
46168
Number of cuts: 23

AngryOrchard
2091
6887
8943
8955
12280
14625
18638
25246
25395
27708
29855
30412
30487
31385
33003
34657
34929
35573
42435
44306
45149
46273
Number of cuts: 22

AppleCloud
1855
6651
8683
8695
10008
14560
18684
21068
21111
23113
30344
30419
32938
34594
35238
40681
46062
Number of cuts: 17

Belenaria
1819
2146
6957
9030
9042
10355
12361
14706
18719
19709
25315
27022
30480
30555
31453
31613
34742
35386
40829
46210
Number of cuts: 20

BobbyDazzler
2211
7013
9069
9081
12406
14640
14751
16942
17786
18764
20881
22014
25360
27067
30593
30668
31566
33187
33390
34846
35490
46315
Number of cuts: 22

Bonanza
1819
2146
6942
8998
9010
12335
14569
14680
16871
17715
18693
20810
21943
25288
26995
30521
30596
31494
33115
34356
34771
46604
Number of cuts: 22

Bradshaw
1819
2146
6957
9030
9042
10355
12361
14706
18719
19709
25314
27021
30547
30622
31520
31680
34800
35444
40897
46243
46278
46298
Number of cuts: 22

Bryce
1819
2146
6942
8998
9010
12335
14569
14680
16871
17715
18693
20810
21943
25289
26996
30301
30376
31274
32895
34554
35198
46022
Number of cuts: 22

ChewyVIII
2628
5001
6396
8388
17617
17797
23016
34619
37208
37304
45344
48014
48084
55327
59832
64950
Number of cuts: 16

CosmicSans
1819
2146
6957
9030
9042
10355
12361
14706
18719
19709
25314
27021
30547
30622
31520
31680
34800
35444
46269
Number of cuts: 19

Dinger
6938
8994
9006
12331
14676
18689
23130
30416
30491
31389
33010
33672
34942
35586
35937
42453
44324
45167
46292
Number of cuts: 19

DocB7
9013
10185
11788
14020
17897
22722
23646
23667
24437
25347
26351
27518
28293
28973
29105
30991
31796
36554
37155
39765
41491
44015
45153
54681
57770
58734
60018
60159
60300
60333
66484
67384
67956
70390
72888
75065
Number of cuts: 36

E3
1287
26402
36003
36312
49028
50711
52509
56155
58314
64860
64872
68339
71590
71973
75113
87533
105532
123276
128631
140127
141679
Number of cuts: 21

Erik
1819
2146
6957
9029
9041
10354
12360
14705
18718
19708
25312
27019
30479
30554
31452
31612
33073
34732
35376
46100
Number of cuts: 20

Espica
1819
2146
6957
9030
9042
10355
12361
14706
18719
19709
25315
27022
30480
30555
31453
31613
33074
34742
35386
40829
46143
46209
Number of cuts: 22

Finch
263
3671
4510
30451
31070
31179
34449
39280
41251
47493
47602
49581
53691
60935
61079
65639
71131
78166
79828
79934
88158
91613
98466
101448
116461
125209
127751
133684
134804
135598
Number of cuts: 30

Gollum
1819
2146
6957
9030
9042
10355
12361
14706
18719
19709
25314
25463
27021
30545
30620
31518
31678
33139
34798
35442
46210
Number of cuts: 21

Grayson
687
2274
3840
9474
10172
12079
15421
17297
18720
19241
19857
22285
22604
25365
27315
27960
29418
29883
29904
31145
31212
31704
36612
41348
42136
42453
46433
47852
49526
51653
54099
56687
60916
63336
63921
64080
66873
68937
70398
73627
73968
75311
75380
76267
77597
81537
82400
82486
83009
83177
86103
90522
97382
97821
97883
98384
102135
102620
103174
104981
107660
111833
112942
115789
118737
119151
120313
123618
125306
126263
126881
127181
128007
129588
131175
Number of cuts: 75

Harlequin
1819
2146
6942
8974
8986
12311
14545
14656
16847
17691
18669
20786
21973
25319
27026
30331
30406
31304
32925
34584
35228
46058
Number of cuts: 22

Hiro
1819
2146
6942
8974
8986
10299
14851
18975
21359
21402
23404
25574
27281
30807
30882
31780
33401
35060
35704
46529
Number of cuts: 20

Jace
11187
15518
21414
24117
24397
41404
45389
50450
Number of cuts:  8

Jester
1819
2146
6942
8974
8986
10018
10299
12305
14539
18663
20780
21913
25250
26957
30262
30337
31235
32856
34515
35159
45989
Number of cuts: 21

Krishelle
1819
2146
6957
8989
9001
10314
14866
18990
21374
21417
23455
30907
30982
31880
32040
35160
35804
41257
46960
Number of cuts: 19

Lillie
1819
2146
6957
9030
9042
10355
12361
14706
18719
19709
25314
27021
30547
30622
31520
31680
34800
35444
46269
Number of cuts: 19

Mahdia
1524
4125
6506
6804
7711
7725
8607
11689
12580
12883
13747
13951
14548
15931
16779
18783
20076
20198
20656
21245
21563
25610
27490
28053
29682
34907
39427
41246
Number of cuts: 28

Naiad
1819
2146
6957
9030
9042
10355
12361
14706
18719
19709
25327
27034
30560
30635
31533
31693
34813
35457
40910
46291
Number of cuts: 20

Nancinator
1819
2146
6957
9030
9042
10355
12361
14706
18719
19709
25315
27022
30480
30555
31453
31613
33074
34742
35386
45608
Number of cuts: 20

Natosaleda
1819
2146
6957
9030
9042
10355
12361
14706
18719
19709
25314
27021
30479
30554
31452
31612
33073
34741
35385
40828
46201
Number of cuts: 21

Partridge
7001
9057
9069
12394
14739
18752
23193
25361
30707
30782
31680
31840
33298
33960
35098
35742
36093
44670
45512
46637
Number of cuts: 20

Pepy6
1224
4982
7410
7898
8159
11030
20434
24721
28372
29919
31682
35656
38038
42585
44996
45972
46202
50662
52892
57181
65495
65772
68616
72547
73239
73948
Number of cuts: 26

Peregrin
712
1699
1835
2303
2615
8788
11393
16896
18272
18793
21451
21770
23694
25751
25893
26829
27790
28932
29397
29418
40128
41233
45213
46632
50436
51823
53111
59283
62288
62447
65298
67362
70351
72037
73945
75381
77807
82321
82901
83069
83331
83410
86966
89953
96094
96412
96944
99067
99955
103576
105387
111228
112787
112974
115041
119348
126800
127910
127918
128218
128665
129225
129414
130781
131768
131904
132372
132684
Number of cuts: 68

Phrankenstein
1819
2146
6957
9030
9042
10355
12361
14706
18719
19709
25260
26967
30493
30568
31466
31626
34746
35390
46215
Number of cuts: 19

Pine5
7720
8657
10268
17326
21448
24775
39072
41319
54612
Number of cuts:  9

Poco6
3486
5601
10590
17514
22456
26734
28663
30391
30725
31938
37160
37678
38577
38759
40060
48014
48404
52177
53277
53707
54400
57254
66670
73809
74875
Number of cuts: 25

Rasputin
1819
2146
6942
8999
9011
10324
12330
14564
14675
16866
17710
18688
20805
21938
23117
25285
26992
30518
30593
31491
31651
34771
35415
46240
Number of cuts: 24

RER2
1819
2146
6957
9030
9042
10355
12361
14706
18719
19709
20836
25314
27021
30547
30622
31520
31680
34800
35444
46269
Number of cuts: 20

RexFury
1850
2177
6988
9061
9073
10386
12392
14737
18750
19740
25345
27052
30578
30653
31551
31711
34831
35475
40918
46299
Number of cuts: 20

RGL3
1950
2145
3982
10324
13722
16061
31217
31292
33787
36400
38391
41074
47727
47817
47908
Number of cuts: 15

Rhodalysa
1819
2146
6957
9030
9042
10355
12361
14706
18719
19709
25314
27021
30547
30622
31520
31680
34800
35444
46269
Number of cuts: 19

StCroix
1819
2146
6957
9030
9042
10355
12361
14706
18719
19709
25327
27034
30560
30635
31533
31693
34813
35457
40910
46291
Number of cuts: 20

Swann
1819
2146
6957
9030
9042
10355
12361
14706
18719
19709
25314
27021
30545
30620
31518
31678
34798
35442
46268
Number of cuts: 19

Takoda
2138
6934
8990
9002
12321
14666
18567
18679
25287
27750
30454
30529
31427
33045
34983
35627
42489
43334
44514
45357
46482
Number of cuts: 21

Trina
802
1827
4000
9631
9721
11991
12032
15985
16690
16720
16939
17216
18612
22093
22961
25907
26920
30619
30999
31705
32593
38578
39971
40417
52004
54139
56117
58110
58594
60450
60885
66157
69857
69985
78045
78054
81306
81500
83548
85646
92597
94214
95575
96111
97216
98183
98645
101788
105828
107646
109398
113004
117487
118129
133407
133871
135095
137204
138229
Number of cuts: 59

TWAMP
1819
2146
6957
9030
9042
10355
12361
14706
18719
19709
25314
27021
30547
30622
31520
31680
34800
35444
46269
Number of cuts: 19

UhSalsa
1819
2146
6957
9030
9042
10355
12361
14706
18719
19709
25315
27022
30480
30555
31453
31613
33074
34742
35386
40829
46210
Number of cuts: 21

Weasels2
2492
3816
4758
6425
12420
13314
14119
17931
20621
21356
21941
22193
23731
24945
26237
28931
29396
29417
35362
36221
36898
40849
46572
47091
48357
52194
52964
58130
58755
62852
63155
63646
65985
69179
69230
72866
73083
81081
81252
81986
83281
83489
86846
93652
93990
97620
105841
111688
117386
118774
120075
123011
125354
126325
127522
127720
128705
129538
134197
Number of cuts: 59

Yogi
1819
2146
6942
8998
9010
12335
14569
14680
16871
17715
18693
20810
21943
25288
26995
30521
30596
31494
33115
34356
34771
46604
Number of cuts: 22

Yoncess
1819
2146
6942
8998
9010
12335
14569
14680
16871
17715
18693
20810
21943
25289
26996
30301
30376
31274
32895
34554
35198
46028
Number of cuts: 22

