Alatin
10126
14900
Number of cuts:  2

Alpacados
Number of cuts:  0

AngryOrchard
Number of cuts:  0

AppleCloud
38131
Number of cuts:  1

Belenaria
10126
14900
38279
Number of cuts:  3

BobbyDazzler
Number of cuts:  0

Bonanza
Number of cuts:  0

Bradshaw
10126
14900
Number of cuts:  2

Bryce
Number of cuts:  0

ChewyVIII
3194
3945
4370
7378
10786
11688
14854
15908
17133
23933
27091
27099
28289
29707
30058
31833
33171
39249
41820
44998
45821
49476
50003
55473
63031
63058
64775
67387
Number of cuts: 28

CosmicSans
10126
14900
Number of cuts:  2

Dinger
Number of cuts:  0

DocB7
36
1224
4377
5922
10161
13065
19507
21574
22925
23266
26233
26914
29904
30878
35099
35843
37436
37589
37882
41425
48795
53420
54122
56433
57282
57412
57734
58478
65438
71508
72169
73742
74481
Number of cuts: 33

E3
364
691
2415
3780
6150
12068
15239
22084
24410
32750
50377
54164
58168
58267
64646
66877
69906
72531
75299
80202
81054
86795
88109
90676
95646
98258
98489
102442
102782
107525
107933
109993
113182
116592
119334
119457
120033
120722
122523
124862
127973
141116
Number of cuts: 42

Erik
10125
14899
Number of cuts:  2

Espica
10126
14900
38279
Number of cuts:  3

Finch
761
2332
2518
5853
10631
12122
13041
31048
36074
38849
39356
43985
46185
47556
50624
52361
53069
53573
53699
54107
56729
61257
64282
64539
65055
67107
67212
69062
70973
73144
75480
75516
76244
77853
80187
80731
82968
83892
85752
90279
91895
92475
95473
96313
100996
101855
103002
106420
106728
106857
111740
114162
118701
124069
124572
130404
135256
Number of cuts: 57

Gollum
10126
14900
38335
Number of cuts:  3

Grayson
2497
3161
5243
8651
12711
13044
15581
26723
26762
33444
34096
44716
46615
48078
48991
51126
59320
70825
73998
78867
80077
80875
82917
87850
90258
93313
97649
98423
102652
108709
110933
111738
118642
131398
Number of cuts: 34

Harlequin
Number of cuts:  0

Hiro
Number of cuts:  0

Jace
Number of cuts:  0

Jester
Number of cuts:  0

Krishelle
Number of cuts:  0

Lillie
10126
14900
Number of cuts:  2

Mahdia
Number of cuts:  0

Naiad
10126
14900
Number of cuts:  2

Nancinator
10126
14900
38279
Number of cuts:  3

Natosaleda
10126
14900
38278
Number of cuts:  3

Partridge
Number of cuts:  0

Pepy6
345
5255
9686
9837
12642
18754
18905
20629
21674
31878
33426
33510
33753
34647
41600
42766
43610
44548
46387
53839
54676
57888
58932
60058
63606
66213
70816
73361
73902
74099
75269
76007
Number of cuts: 32

Peregrin
5071
5089
7965
12358
20209
20233
26300
26339
46858
49909
57687
59242
69235
70930
73975
75240
80608
81406
83026
87744
92744
99185
103054
108466
108967
115229
Number of cuts: 26

Phrankenstein
10126
14900
Number of cuts:  2

Pine5
2529
7668
12056
16207
20515
22754
24233
27954
29070
30233
34613
36975
43492
46836
48141
50384
52691
Number of cuts: 17

Poco6
3527
7172
7258
9113
13006
16093
17930
22651
23696
33903
35535
35646
36669
43402
44697
47069
48357
52873
55347
56184
58988
60108
61558
62834
64251
64604
69008
70193
73396
73928
74809
75361
76973
77275
Number of cuts: 34

Rasputin
Number of cuts:  0

RER2
10126
14900
Number of cuts:  2

RexFury
10157
14931
38368
Number of cuts:  3

RGL3
Number of cuts:  0

Rhodalysa
10126
14900
Number of cuts:  2

StCroix
10126
14900
Number of cuts:  2

Swann
10126
14900
Number of cuts:  2

Takoda
14860
Number of cuts:  1

Trina
45
1256
7104
7722
9424
13803
13879
16303
39219
40879
44330
48066
48924
54663
58739
61267
68003
69522
73059
79286
79541
83278
88762
91819
94277
97582
99540
100695
102616
103275
107977
109561
114981
115536
115909
119873
126702
136447
137658
Number of cuts: 39

TWAMP
10126
14900
Number of cuts:  2

UhSalsa
10126
14900
38279
Number of cuts:  3

Weasels2
995
1548
1630
3139
3511
5536
7792
11200
12002
15882
15903
20810
26303
26342
27061
31873
41864
42896
45243
48543
49026
50675
53351
57120
67370
70127
70247
73451
73613
74412
75351
75805
78731
78906
83452
85072
86259
86433
87340
90783
92653
97332
101138
102539
102648
102690
104330
106412
106934
111179
111630
113786
114621
121039
122215
125594
125958
127006
129033
129914
131501
132700
133253
133335
134844
Number of cuts: 65

Yogi
Number of cuts:  0

Yoncess
Number of cuts:  0

