Alatin
611
1257
1699
3282
5003
7470
10366
12214
14078
14107
16086
16388
18772
20049
21736
22149
22428
23771
23799
23836
24040
24168
24805
26833
28108
28189
28287
29878
32151
33361
33498
35233
38213
38872
40441
40521
42077
42421
43202
44671
45437
45478
45685
45829
46033
46325
46658
Number of cuts: 47

Alpacados
257
611
1257
3244
4965
6162
10296
12150
13641
14673
16022
18708
19204
19792
20278
22084
22297
23640
23668
23705
23909
24037
24674
25605
26152
28013
28094
29783
32056
33266
35135
38106
38252
40264
40344
40631
41900
42244
43025
44494
45260
45301
45508
45652
45856
46148
46179
46478
Number of cuts: 48

AngryOrchard
1250
3227
3305
4948
6145
7400
10279
12133
16005
18691
19775
21601
22067
22292
23027
23635
23663
23701
23788
24033
24670
25565
26260
28053
28151
29780
31949
33156
35295
38266
40321
40496
40575
42130
43182
43247
44713
45392
45433
45553
45594
45629
45961
46253
46582
Number of cuts: 45

AppleCloud
375
1050
1406
2991
3069
4438
4751
5909
10019
16051
16353
16674
18737
19233
19821
21678
22060
22114
22264
22363
22407
23673
23701
23739
23826
24680
25575
26122
27983
28064
28162
31881
33091
34960
35816
37931
38250
38590
40235
41794
42138
42919
44388
45154
45195
45402
45546
45750
46042
46374
Number of cuts: 50

Belenaria
611
1257
1699
3282
3468
5003
7470
10366
12214
14078
14107
14737
16086
16388
18772
20049
21671
21682
22148
22361
23704
23732
23769
23973
24101
24739
25634
28042
28123
28221
29848
32017
33227
33364
35108
35964
38079
38398
38738
40383
41942
42286
43067
44536
45302
45343
45550
45694
45898
46190
46523
Number of cuts: 51

BobbyDazzler
611
1257
1488
1763
3353
5074
6271
7526
9156
10405
12259
13750
14782
16131
18817
19313
20387
22140
22194
22407
22808
23750
23778
23815
24077
24147
24784
25679
26226
28087
28168
29857
32130
32665
33340
35212
38183
38329
39828
40411
40778
42048
42392
43173
44642
45408
45449
45656
45800
46004
46296
46327
46626
Number of cuts: 53

Bonanza
611
1257
1699
3282
5003
6200
10334
12188
13679
14711
16060
18746
19242
20316
22122
22335
23678
23706
23743
23947
24075
24712
25607
26154
28015
28096
29785
32058
33268
35137
38488
38634
40716
40796
41083
42352
42696
43477
44946
45712
45753
45884
45925
45960
46293
46584
46618
46862
46917
Number of cuts: 49

Bradshaw
611
1257
1699
3282
5003
7470
10366
12214
14078
14107
16086
16388
18772
20049
21682
22148
22361
23704
23732
23769
23973
24101
24738
28041
28122
28220
29811
32084
33294
33431
35166
38146
38805
40374
40454
42010
42354
43135
44604
45370
45411
45618
45762
45966
46591
Number of cuts: 45

Bryce
611
1257
1699
3282
5003
5438
6200
7455
9085
10334
12188
13679
16060
16362
18746
19242
20316
22069
22123
22336
22737
23679
23707
23744
24006
24076
24713
25608
26104
26155
28016
28097
31838
32373
33048
34419
34920
37891
38037
40119
40486
41756
42100
42881
44350
45116
45157
45364
45508
45712
46003
46034
46332
Number of cuts: 53

ChewyVIII
1061
2097
2161
2382
6524
8669
8958
13025
14781
15047
16491
18720
18939
21473
24913
25549
30989
38579
39757
41371
43547
45207
45361
48017
49155
52437
55141
55164
61878
61891
63392
63660
63776
63862
64466
64518
65374
66017
66564
67882
68014
68539
Number of cuts: 42

CosmicSans
611
1257
1699
3282
5003
7470
10366
12214
14078
14107
16086
16388
18772
20049
20738
21682
22148
22361
23704
23732
23769
23973
24101
24738
25633
28041
28122
28220
32084
33294
33431
35166
38137
38796
40365
40445
40732
42001
42345
43126
44595
45361
45402
45609
45753
45957
46249
46581
Number of cuts: 48

Dinger
1252
1695
3278
3356
4999
6196
7451
9195
10330
12184
16056
18742
19826
22065
22344
23687
23715
23753
23840
23957
24015
24085
24722
25617
26164
28025
28106
28204
31953
33163
35308
38279
40334
40381
40509
40588
41254
42148
42375
43265
44731
45409
45450
45570
45611
45647
45980
46272
46424
46602
Number of cuts: 50

DocB7
124
968
1394
1587
3773
5291
6323
6335
6380
6749
9128
10340
16967
17896
21907
32166
34324
36022
36350
36415
36446
36920
37679
38457
38639
39968
43321
43772
46276
48328
48870
49155
49299
50682
50733
51950
52623
53334
54059
54553
54993
55725
56228
56234
59703
60216
60231
60707
61123
62996
63144
63354
63537
63612
64551
64974
65005
65447
65478
65492
65547
66035
66546
66951
66981
67393
67927
68372
68423
68447
68459
68616
68686
68704
68747
68905
68912
69032
69114
69120
69192
69404
69738
70399
70806
70834
71053
71061
72261
74857
Number of cuts: 90

E3
3751
5006
5858
10511
12627
17788
24153
29883
36528
42810
43116
52383
53048
53138
53196
54785
57637
58972
66504
67657
68894
85477
88515
91286
91426
91470
97362
102209
102496
111180
111230
111512
112272
113468
113955
118605
120768
120810
122271
122493
122774
125959
127497
127743
130525
132713
140955
Number of cuts: 47

Erik
611
1257
1699
3282
3468
5003
7470
10365
12213
14077
14106
16085
16387
18771
20048
21670
21681
22147
22360
23702
23730
23767
23971
24099
24736
25631
28039
28120
28218
29847
32016
33226
35098
38069
38728
40276
40563
41832
42176
42957
44426
45192
45233
45440
45584
45788
46080
46414
Number of cuts: 48

Espica
611
1257
1699
3282
3468
5003
7470
10366
12214
14078
14107
16086
16388
18772
20049
21671
21682
22148
22361
23704
23732
23769
23973
24101
24739
25634
28042
28123
28221
29848
32017
33227
35108
35964
38079
38398
38738
40383
41942
42286
43067
44536
45302
45343
45550
45694
45898
46160
46189
46522
Number of cuts: 50

Finch
4606
5216
11512
13091
13123
17240
20809
24584
25195
27161
27838
34154
52019
57566
58825
62435
63327
63473
65341
74973
89010
89019
92566
96245
98942
102259
103042
106927
107628
111216
111290
111383
111464
112526
115592
118947
119272
119376
135476
Number of cuts: 39

Gollum
611
1257
1699
3282
3468
5003
7470
10366
12214
14078
14107
16086
16388
18772
20049
21671
21682
22148
22361
23704
23732
23769
23973
24101
24738
25633
28041
28122
28220
29809
32082
33292
35164
38135
38454
38794
40307
40387
40674
41523
41943
42287
43068
44537
45344
45551
45695
45899
46190
46221
46520
Number of cuts: 51

Grayson
56
153
724
787
945
1182
1229
1515
1528
1620
1753
1902
1924
2149
2203
2361
2382
2453
2690
2742
3006
3021
3268
3355
3423
3432
3441
3625
3744
3940
4071
4089
4103
4194
4262
4274
4343
4558
4669
4675
4860
4908
5110
5389
5455
5548
5557
5608
5665
5960
6520
6535
6643
6766
6802
6882
6925
6976
7054
7353
7398
7621
7820
7972
7982
8053
8130
8260
8297
8682
8709
9435
9450
9486
9562
9677
10103
10121
10183
10201
10300
10411
10462
11054
11362
11401
11802
11809
12036
12217
12367
12445
12498
12519
12663
12910
13128
13383
13389
13671
13775
14071
14158
14338
14629
14685
14716
14749
14915
14936
15061
15086
15387
15527
16011
16282
16288
16426
16598
16778
16859
17426
17605
17629
17684
17770
17801
17909
18002
18557
18865
18889
18922
19114
19159
19174
19472
19517
19666
19690
19719
19914
19996
20159
20315
20451
20615
20806
20837
20855
21198
21695
21700
21793
21817
21932
21995
22014
22047
22384
22443
22484
22749
23039
23661
23830
23871
24018
24087
24191
24325
24381
24453
24711
24945
25557
25827
25869
25935
26185
26425
26718
26854
26889
26987
26996
27088
27117
27370
27408
27471
27618
27672
27840
28776
28977
29583
29839
29868
29881
29907
29992
30822
31128
31773
31977
32012
32061
32070
32220
32259
32439
32847
33139
33191
33494
33584
33621
33716
34277
34290
34329
34343
34841
34997
35175
35576
35696
36089
36252
36270
36492
36690
37701
37800
37821
37860
37872
38178
38239
38749
38785
38842
38848
38887
38902
39050
39563
39974
40091
40166
40275
40287
40532
40649
40676
40688
40778
40859
41096
41180
41312
41454
42039
42086
42191
42204
42353
42501
42564
42808
42952
43567
43634
43833
44069
44087
44102
44153
44287
44294
44312
44501
44621
44690
44795
45006
45092
45225
45242
45591
45710
45729
45749
45785
45792
45995
46023
46041
46094
46224
46418
46427
46721
46751
46850
46883
47084
47246
47279
47396
47409
47834
47888
47982
48140
48185
48263
48272
48323
48698
48707
48776
48809
48908
48912
49442
49641
49862
49955
50201
50237
50468
50657
50822
50876
51218
51365
51419
51452
51482
51575
51587
51857
51866
52222
52288
52388
52418
52556
52736
52768
53011
53033
53539
53590
53909
53932
53954
54089
54145
54205
54254
54463
54627
54636
54920
54965
55302
55401
55871
56096
56121
56144
56157
56234
56252
56487
56580
56661
56701
57613
58079
58191
58269
58343
58376
58471
58642
58912
59113
59232
59400
59562
59676
59895
59979
60295
60752
60851
61812
61917
61926
61983
62007
62162
62258
62360
62459
62816
62825
62879
62912
63123
63525
63546
63777
63801
64263
64779
65013
65265
65275
65404
65490
65611
65863
65872
66110
66136
66145
66169
66325
66469
66575
66754
67249
67285
67399
67721
67860
67968
68318
68402
68434
68452
69151
69216
69724
69771
69775
69891
70005
70646
70835
70841
71069
71240
71246
71423
71669
72398
72494
72588
72761
72824
72899
72973
73282
73405
73484
73667
73929
74070
74154
74180
74216
74240
74499
74553
74667
74721
74733
75363
75951
75964
76650
76659
77370
77753
77759
77846
77942
78425
78452
78554
78782
78815
79189
79275
79537
79635
79967
80381
80399
80525
80648
80684
80861
80894
81017
81065
81146
81256
81386
81460
81793
82610
82821
82830
82937
83000
83144
83255
83276
83450
83480
83486
83528
83558
83964
84006
84387
84567
84779
84839
84968
85109
85192
85233
85585
85664
85900
85930
85963
86092
86344
86395
86596
86717
86816
86843
87128
87285
87294
87310
87866
87976
88045
88209
88353
88535
88758
88926
89211
89310
89492
89755
89773
90494
90611
90701
90749
90854
90941
91044
91130
91202
91223
91340
91608
91778
91844
92545
92605
92811
93350
93841
94276
94760
94848
94979
95014
95319
96293
96338
96477
96588
96648
96843
97326
97549
97742
98060
98101
98232
98509
99500
99656
99799
99848
99854
99988
100243
100652
101437
101458
101503
101555
101612
101662
101725
101827
101893
102158
102669
102955
103055
103242
103709
103968
104192
104362
104530
104727
104862
104874
104883
104904
105060
105550
105745
106348
106917
107148
107231
107284
107579
107735
108488
109155
109197
109919
110548
110611
110658
110743
110803
110914
111291
111532
112065
112070
112077
112137
112174
112401
112624
112693
112705
112721
112759
112771
112888
113020
113169
113258
113482
113784
114013
114153
114709
114820
115140
115450
115605
116108
116216
116250
116273
116653
116766
117372
117447
117905
117933
117959
118355
118420
118424
118834
119008
119098
119154
119184
119632
119764
119824
119925
119955
120330
120689
120882
121496
121783
121870
121879
122093
122189
122748
122758
123040
123054
123060
123160
123633
123935
123949
124047
124088
124134
124216
124260
125179
125202
125235
125955
126180
126223
126302
126370
126375
126386
126592
126997
127568
127576
127597
127809
128664
128957
129054
129625
129688
129846
130083
130130
130416
130429
130521
130654
130803
130825
131050
131104
131262
131283
131354
131591
131643
Number of cuts: 770

Harlequin
611
1257
1699
3282
4729
5042
6200
7455
10310
12164
13655
16036
16338
18722
19218
20292
22099
22153
22366
22767
23709
23737
23774
24036
24106
24743
25638
26134
26185
28046
28127
31868
32403
33078
34449
34950
37727
40149
40231
41791
42135
42916
44385
45151
45192
45399
45543
45747
46039
46070
46368
Number of cuts: 51

Hiro
611
1257
1699
3282
5003
6200
10310
16342
16644
16965
19028
19524
20112
21969
22351
22405
22555
22654
22698
23089
23964
23992
24029
24291
24361
24998
25893
26440
28301
28382
30071
32344
32879
33554
35426
38397
38543
40625
40992
42262
42606
43387
44856
45622
45663
45870
46014
46218
46510
46541
46839
Number of cuts: 51

Jace
2685
4765
13921
21397
28902
36094
36337
36813
43089
51559
52359
53625
Number of cuts: 12

Jester
611
1257
1699
3282
4729
5042
6200
7455
10310
10479
12158
13508
16030
16332
16653
18716
19212
20286
22030
22084
22297
22698
23640
23668
23705
23967
24037
24674
25569
26065
26116
27977
28058
31799
32334
33009
34380
34881
37658
40080
40162
41722
42066
42847
44316
45082
45123
45330
45474
45678
45970
46001
46299
Number of cuts: 53

Krishelle
611
1257
1699
3282
5003
7470
10325
16357
16659
16980
19043
19539
20127
22020
22402
22456
22606
22705
22749
24015
24043
24081
24168
25022
25917
26464
28325
28406
28504
30171
32444
33654
33791
35526
38506
39165
40734
40814
42370
42714
43495
44964
45730
45771
45900
45905
45981
46316
46797
46970
Number of cuts: 50

Lillie
611
1257
1699
3282
5003
7470
10366
12214
14078
14107
16086
16388
18772
20049
20738
21682
22148
22361
23704
23732
23769
23973
24101
24738
25633
28041
28122
28220
32084
33294
33431
35166
38137
38796
40365
40445
40732
42001
42345
43126
44595
45361
45402
45609
45753
45957
46249
46581
Number of cuts: 48

Mahdia
2323
5405
6038
7631
8437
9634
11011
16607
16643
17556
18870
22152
24509
27321
27372
40189
40207
Number of cuts: 17

Naiad
611
1257
1699
3282
5003
7470
10366
12214
14078
14107
16086
16388
18772
20049
21682
22095
22374
23717
23745
23782
23986
24114
24751
26779
28054
28135
28233
29824
32097
33307
33444
35179
38159
38818
40387
40467
42023
42367
43148
44617
45383
45424
45631
45775
45979
46271
46604
Number of cuts: 47

Nancinator
611
1257
1699
3282
3468
5003
7470
10366
12214
14078
14107
16086
16388
18772
20049
21671
21682
22148
22361
23704
23732
23769
23973
24101
24739
25634
28042
28123
28221
29848
32017
33227
35108
35964
38079
38398
38738
39704
39784
40071
41340
41684
42465
43934
44700
44741
44948
45092
45296
45588
45921
Number of cuts: 51

Natosaleda
611
1257
1699
3282
3468
5003
7470
10366
12214
14078
14107
16086
16388
18772
20049
21671
21682
22148
22361
23704
23732
23769
23973
24101
24738
25633
28041
28122
28220
29847
32016
33226
35107
35963
38078
38397
38737
40382
41941
42285
43066
44535
45301
45342
45471
45476
45552
45889
46181
46213
46512
Number of cuts: 51

Partridge
1250
1758
3042
3341
3419
5062
6259
7514
10393
12247
16119
18805
19889
22128
22407
23750
23778
23816
23903
24020
24148
24456
24785
25716
26263
28124
28205
28303
32244
33451
34598
35464
38436
40491
40538
40666
40745
42302
42529
43611
45077
45754
45795
45915
45956
45992
46325
46617
46769
46947
Number of cuts: 50

Pepy6
3169
5324
5430
7006
8306
10298
10409
12885
12944
14485
14943
15195
16204
16623
16888
17150
17240
18196
18231
18435
18894
19981
20154
22734
26857
27825
28561
28575
29611
30585
31182
31559
33290
33314
35145
37171
38577
38701
38829
43717
45687
46667
47947
49087
49778
52202
52350
54211
57343
61235
62351
62389
63480
67332
67831
68982
69282
71970
73010
75017
75191
76244
76546
Number of cuts: 63

Peregrin
56
410
695
1205
1252
1538
1551
1643
2035
2056
2140
2178
2232
2390
2411
2469
2579
2779
3017
3048
3062
3104
3296
3383
3430
3451
3460
3469
3653
3772
3938
4114
4189
4497
4503
4598
4736
4974
5380
5389
5440
5723
5738
5776
5798
6355
6370
6585
6666
6711
6934
7097
7292
7440
7676
8023
8737
8749
8764
8809
8876
9435
9497
9515
9614
9725
9776
9893
9942
10153
10368
10676
10715
10794
11123
11350
11531
11672
11681
11759
11812
11957
11977
12176
12224
12442
12985
13089
13520
13670
13843
14048
14081
14273
14444
14745
14885
15369
15771
15887
15893
16031
16197
16288
16377
16458
16616
16865
17025
17204
17228
17277
17288
17369
17400
17502
17595
17607
18109
18417
18441
18474
18592
18666
18726
19024
19069
19158
19218
19242
19271
19409
19466
19548
19867
19930
20003
20252
20263
20596
20862
20867
20960
20984
21098
21213
21609
21650
21915
22205
22827
22849
22996
23037
23184
23253
23357
23501
23632
23833
23899
23955
24027
24285
24519
24702
25125
25134
25404
25446
25762
25791
25842
26002
26295
26431
26466
26573
26674
26704
26884
26922
27132
27150
27186
27354
28290
28491
29097
29353
29382
29395
29421
29503
29855
30204
30275
30360
30555
30701
31921
31973
32181
32519
32582
32594
32903
33059
33072
33111
33125
33623
33779
34314
34358
34478
35040
35058
35394
35819
36411
36582
36603
36642
36654
36960
37021
37531
37567
37624
37630
37669
37684
37831
38344
38755
38872
38947
39056
39068
39312
39429
39456
39468
39558
39639
39876
39960
40092
40234
40734
40819
40866
40920
40971
40984
41133
41182
41281
41344
41588
41732
42347
42414
42613
42849
42867
42882
42933
43067
43074
43092
43281
43401
43450
43470
43575
43786
43872
43951
44005
44022
44371
44445
44509
44529
44565
44572
44775
44803
44821
44874
45004
45033
45198
45207
45501
45531
45630
45663
46026
46059
46200
46614
46668
46762
46965
47026
47043
47103
47283
47487
47556
47589
47688
47692
48222
48421
48738
48984
49020
49213
49251
49440
49464
49605
49659
50001
50148
50202
50235
50265
50358
50370
50640
50649
50975
51005
51071
51171
51201
51339
51519
51672
51794
52373
52692
52715
52737
52872
52928
52988
53102
53246
53389
53410
53419
53703
53748
54085
54654
54904
54927
54940
55017
55035
55270
55980
56192
56362
56446
56558
56699
56710
56743
57009
57279
57599
57623
57767
57929
57966
58043
58262
58346
58662
59119
59218
59822
59831
59876
60179
60284
60293
60350
60374
60529
60544
60625
60727
60826
61183
61192
61279
61490
61502
61622
61913
61988
62144
62168
62396
62630
63197
63320
63431
63683
63693
63822
64029
64281
64290
64546
64567
64636
64693
64714
64726
64732
65000
65179
65662
65674
65710
65824
66285
66637
66743
66877
67687
68149
68196
68415
69056
69245
69251
69650
69656
69833
69936
70430
70808
70838
70859
70904
71171
71234
71309
71383
71692
71815
72077
72185
72239
72269
72383
72401
72411
72579
72988
73044
73263
73906
74047
74097
74131
74148
74193
74217
74476
74530
74644
74698
74710
75364
75406
75616
75880
75893
76391
76577
77255
77580
77855
77963
77969
77978
78056
78152
78633
78660
78732
79023
79367
79579
79779
80158
80335
80498
80807
80912
80930
81179
81215
81258
81272
81392
81425
81548
81596
81676
81917
81991
82291
82574
82712
82829
82892
82985
83148
83169
83343
83379
83421
83451
83478
83893
84274
84666
84726
84855
84996
85077
85504
85558
85583
85819
85849
85882
86011
86023
86107
86263
86314
86515
86636
86709
86735
86762
86775
87047
87204
87213
87229
87544
87760
87815
87824
88145
88371
88515
88878
88932
89207
89348
89925
90042
90132
90180
90285
90372
90475
90561
90633
90654
90771
91039
91209
91275
91976
92242
92523
93273
93493
93775
93863
94028
94228
94395
94415
94544
95285
95326
95371
95510
95621
95681
96356
96678
96781
97911
97946
98102
98341
98486
98838
98856
98879
99462
99894
99912
100139
100196
100245
100251
100385
100513
100576
100624
100982
101057
101435
101553
101890
101942
102049
102214
102280
102560
102848
103016
103071
103357
103457
103644
104111
104506
104618
104905
104934
105133
105280
105289
105466
105554
105971
106166
107193
107423
107506
107557
107751
107852
108008
108914
108956
109171
110272
110319
110464
110508
110545
110952
111203
111264
111368
111461
111466
111590
111691
111709
111746
111973
112381
112469
112509
112538
112550
112566
112599
112616
112865
113254
113478
113780
114012
114397
114713
114804
114824
114886
114969
115039
115279
115308
115458
115932
116488
117041
117461
117544
117574
117989
118180
118255
118447
118683
118711
118737
118755
119131
119759
120097
120417
120447
120456
120722
120868
121068
121200
121221
121260
121355
121385
122495
122567
122879
122901
123106
123232
123437
123545
123566
123895
124311
124320
124330
124406
124708
124721
124727
124827
125299
125473
125775
125789
125893
125980
126062
126108
126746
127212
127245
127265
127407
127412
127423
127629
128034
128429
128605
128634
128727
128773
128816
129007
129028
129167
129290
129582
129616
129812
130125
130479
130764
131274
131321
131607
131620
131712
132104
132125
132209
132247
132301
132459
132480
132538
132648
132848
Number of cuts: 800

Phrankenstein
611
1257
1699
3282
3468
5003
7470
10366
12214
14078
14107
16086
16388
18772
20049
21617
21628
22094
22307
23650
23678
23715
23919
24047
24684
25579
27987
28068
28166
29757
32030
33240
33377
35112
38083
38742
40311
40391
40678
41947
42291
43072
44541
45307
45348
45555
45699
45903
46195
46525
Number of cuts: 50

Pine5
2678
5947
6046
16538
22033
22531
22894
25833
32398
47084
52344
55683
55715
Number of cuts: 13

Poco6
1909
1987
2474
3250
4753
7650
8989
10187
10935
11298
13429
13729
13789
13839
15363
15636
15663
15716
16395
16905
18945
19077
19876
19937
19943
19987
20687
20964
21058
21293
21439
22003
23163
24314
24389
28870
29026
30208
30724
33659
35168
35330
37167
37644
40383
40723
40903
42141
44094
47948
48190
48869
50178
50598
51363
53859
55719
60619
62658
66365
67672
67974
69739
70222
71053
71173
73232
73950
74272
76285
76296
77512
77853
Number of cuts: 73

Rasputin
611
1257
1699
3282
3468
5003
6200
9086
10335
12183
13674
14706
16055
18741
19237
20311
22064
22118
22331
23674
23702
23740
23827
23944
24072
24709
25604
28012
28093
28191
28353
29782
30899
32055
33265
33402
35137
38108
38767
40336
40416
40703
41972
42316
43097
44566
45332
45373
45580
45724
45928
46220
46554
Number of cuts: 53

RER2
611
1257
1699
3282
5003
7470
10366
12214
14078
14107
16086
16388
18772
20049
21671
21682
22361
23704
23732
23769
23973
24101
24738
25633
26180
28041
28122
29811
32084
33294
33431
35166
38137
38796
39782
40365
40445
40732
42001
42345
43126
44595
45361
45402
45609
45753
45957
46249
46581
Number of cuts: 49

RexFury
611
1288
1730
3313
3499
5034
7501
10397
12245
14109
14138
16117
16419
18803
20080
21702
21713
22179
22392
23735
23763
23800
24004
24132
24769
25664
28072
28153
28251
29842
30959
32115
33325
35197
36053
38168
38487
38827
40472
42031
42375
43156
44625
45391
45432
45639
45783
45987
46279
46612
Number of cuts: 50

RGL3
27
481
3139
3284
4731
7160
8640
10335
11221
16286
16567
18586
22776
24186
24213
24590
25223
27304
28764
29110
30167
32732
32751
33466
33940
34919
36083
37291
38149
38952
39292
39308
41646
42750
44036
44679
44695
45140
46068
46097
46122
46807
47047
47433
Number of cuts: 44

Rhodalysa
611
1257
1699
3282
5003
7470
10366
12214
14078
14107
16086
16388
18772
20049
20738
21682
22148
22361
23704
23732
23769
23973
24101
24738
25633
28041
28122
28220
32084
33294
33431
35166
38137
38796
40365
40445
40732
42001
42345
43126
44595
45361
45402
45609
45753
45957
46249
46581
Number of cuts: 48

StCroix
611
1257
1699
3282
5003
7470
10366
12214
14078
14107
16086
16388
18772
20049
21682
22095
22374
23717
23745
23782
23986
24114
24751
26779
28054
28135
28233
29824
32097
33307
33444
35179
38159
38818
40387
40467
42023
42367
43148
44617
45383
45424
45631
45775
45979
46271
46604
Number of cuts: 47

Swann
611
1257
1699
3282
5003
7470
10366
12214
14078
14107
16086
16388
18772
20049
21671
21682
22148
22361
23704
23732
23769
23973
24101
24738
25633
28041
28122
28220
28382
32082
33292
33429
35164
38135
38794
40363
40443
40730
41999
42343
43124
44593
45359
45400
45607
45751
45955
46248
46581
Number of cuts: 49

Takoda
1250
3274
3352
4995
6192
7447
10326
11209
12174
16046
18732
19816
22108
22333
22734
23676
23704
23742
23829
24074
24711
25606
26153
28095
28193
29822
31991
33198
33284
34848
35349
38320
40550
42184
43299
43455
44921
45600
45641
45761
45802
45837
46170
46462
46615
46792
Number of cuts: 46

Trina
222
537
676
1222
2661
2682
3138
3577
4239
4251
4633
4752
5488
5617
6195
7476
7685
7792
8167
8219
8527
9449
9461
9711
9738
9771
10310
10353
10383
10570
10819
11097
11238
11281
11887
11926
12712
12963
13080
13102
13123
13309
13470
13639
13767
13826
14098
14890
15047
15364
17077
17329
17475
17537
17597
17609
18167
18204
18375
18402
18538
18739
18811
19574
19583
19588
20177
20359
20528
21038
21649
22025
22227
22312
22391
23270
23476
23894
24022
24222
24486
24657
24681
24688
24834
25198
25290
25371
25408
25560
26043
26148
26265
27480
27541
27681
27781
27807
27901
27942
28030
28084
28147
28800
29022
29285
29495
29613
29927
30354
30481
30651
30875
30947
30962
30984
31220
31335
31808
32940
32953
33162
33330
33612
33718
33833
34106
34310
34398
34409
34418
34574
34607
34658
35015
35294
35625
35670
35757
35775
36453
36462
36589
36864
36931
37026
37419
38023
38314
38838
39040
39332
39924
40022
40072
40614
40860
41566
41650
41683
41714
42072
42170
42622
42632
42933
42943
42979
43181
43820
44185
44257
44512
44644
44689
44809
44993
45118
45329
45530
45791
45823
45902
45923
45935
45956
46060
46225
46322
46468
46480
46498
46543
46861
46963
47026
47215
47227
47341
47422
47434
47494
47509
48325
48545
48919
49840
50302
50398
50578
50662
51812
52322
52355
52424
52433
52457
52740
52874
52961
53739
53775
53874
54335
54629
54695
54717
54902
54950
55098
55176
55297
55630
55953
55962
56308
56584
57074
57134
57287
57472
57571
57881
58180
58262
58450
58645
58964
59243
59261
59330
59812
60043
60065
60118
60355
60572
60591
60784
61263
61544
61643
62414
62935
63421
63758
64125
64702
65074
65302
65357
65521
65837
65856
65876
66950
66963
67223
67269
67277
67553
67706
67929
67992
68512
68975
69107
69347
69557
69638
69656
69758
69873
70004
70464
70625
70908
71127
71492
71555
71901
71990
72194
72274
72538
72628
73237
73619
73800
73851
73974
74009
74189
74318
74330
74533
74865
75178
75588
76105
76117
76126
76229
76605
76696
77044
77070
77344
77447
77624
77941
78133
78359
79679
79859
80396
80414
80575
80588
80672
80684
81309
81358
81411
81465
81478
82038
82098
82338
82361
82835
82943
82949
83218
83329
84345
84608
85053
86033
86200
86393
86721
87160
87166
87376
87393
87603
88205
88292
88397
88584
89231
89299
89923
90440
90607
90700
91290
91365
91773
91793
91920
92267
92288
92399
92409
92977
93214
93710
93831
93964
94338
95134
95382
96015
96610
96637
96659
96901
97418
97835
98177
98544
98859
98994
99005
99085
99719
99768
100057
100485
100849
101164
101177
101664
102470
102702
103087
103195
103389
103635
103923
104031
104156
104168
105008
105101
105135
106080
106845
106993
107120
107491
107694
108135
108298
108408
108417
108471
108561
108568
109866
109872
110092
110134
110278
110383
110607
111183
111708
112477
112592
112829
113892
113958
114651
114997
115108
115239
115347
115491
115805
116095
116176
118058
118457
118792
119462
119860
119980
120059
120077
120589
120794
121068
121112
122655
123073
123240
123445
123531
123841
124087
124497
124629
124839
124966
124999
125333
125346
125809
126442
126730
127372
127572
127607
128337
128798
129165
129216
129627
129656
130374
131188
131209
131239
131442
131449
131470
131949
133446
133466
133471
133478
133491
133496
133555
133822
134314
134365
134400
134459
134608
134741
134848
135364
135703
135784
136394
136624
136939
137078
137624
139063
139084
Number of cuts: 535

TWAMP
611
1257
1699
3282
5003
7470
10366
12214
14078
14107
16086
16388
18772
20049
20738
21682
22148
22361
23704
23732
23769
23973
24101
24738
25633
28041
28122
28220
32084
33294
33431
35166
38137
38796
40365
40445
40732
42001
42345
43126
44595
45361
45402
45609
45753
45957
46249
46581
Number of cuts: 48

UhSalsa
611
1257
1699
3282
3468
5003
7470
10366
12214
14078
14107
16086
16388
18772
20049
21671
21682
22148
22361
23704
23732
23769
23973
24101
24739
25634
28042
28123
28221
29848
32017
33227
35108
35964
38079
38398
38738
40383
41942
42286
43067
44536
45302
45343
45550
45694
45898
46190
46524
Number of cuts: 49

Weasels2
1180
1189
1476
1485
1503
1922
1938
2015
2213
2474
2484
2540
2668
2825
3234
3498
3618
4128
4313
4409
4415
4469
4693
4699
4757
4793
4884
4893
5374
5413
5434
5490
5500
5648
6293
6527
6678
6918
7191
7270
7432
7459
7511
7516
7763
7832
7930
8040
8092
8143
8152
8446
8483
8790
9162
10076
10430
10558
10648
10782
10917
11099
11417
11904
12021
12143
12150
12377
12558
12699
12753
12819
12911
13035
13391
13685
13706
13727
13991
14188
14522
14603
14845
15083
15210
15231
15251
15381
15466
15688
15828
16312
16731
17069
17330
17551
17848
18053
18463
18981
19005
19129
19230
19290
19405
19417
19597
19788
19812
20063
20156
20278
20310
20544
20657
20697
21056
21229
21376
21468
21492
22338
22421
23318
23403
23472
23510
23564
23961
24291
24708
25137
25407
25449
25515
25794
26005
26298
26568
26672
26685
26701
26831
26921
27131
27185
28289
28490
29096
29352
29381
29394
29420
29447
29505
29764
30180
30858
31143
31214
31280
31322
31329
31500
31787
32039
33008
33325
33611
33688
33730
33886
33899
33938
33952
34219
34442
34537
34606
34828
35185
35698
35861
35879
36101
36299
36620
36772
36865
36884
37017
37066
37174
37329
37428
37479
37500
37584
38208
38364
38470
38476
38764
39589
39598
39709
39739
39814
40133
40151
40156
40246
40273
40483
40804
41069
41499
41769
41826
41839
41886
41994
42004
42162
42599
42610
42667
43273
43472
43696
43729
43780
43939
44224
44503
44716
44746
44837
44879
44893
45097
45178
45746
46172
46309
46436
46543
46747
47080
47242
47296
47383
47407
47437
47446
47662
47701
47722
47816
47860
47917
47992
48223
48242
48310
48397
48994
49411
49504
49786
50017
50230
50371
50425
50818
50983
51016
51046
51139
51151
51211
51241
51421
51430
51449
51469
51789
51955
51985
52062
52335
52578
52920
52953
53157
53395
53476
53499
53521
53656
53712
53772
54030
54039
54082
54173
54181
54186
54592
54654
54843
54933
55637
55698
55713
55793
55854
55913
56451
56520
56593
56800
57060
57138
57300
57808
57868
58245
58287
58416
58480
58542
58773
58917
59079
59412
59815
60044
60175
60272
60344
61207
61354
61495
61519
61627
61690
61771
61873
61930
61972
62207
62329
62392
62425
62525
62639
62651
62810
63137
63293
63317
63452
63527
63911
64295
64301
64493
64604
64638
64787
64797
64985
65130
65389
65488
65614
65640
65673
65829
65918
65985
66722
66842
66854
66921
66937
67119
67141
67173
67182
67258
67501
67713
67862
67880
68644
68870
69112
69155
69202
69421
70029
70068
70200
70661
70667
70844
71090
71441
71573
71615
71673
71792
71828
71858
71898
71924
72105
72149
72322
72406
72548
72940
72946
73231
73285
73315
73737
74029
74066
74194
74368
74392
74921
75494
75649
76052
76064
76353
76496
76616
77489
77502
77930
77954
78019
78368
78675
78827
78848
79306
79988
80043
80086
80104
80637
80841
80856
81092
81246
81276
81476
81785
81846
81861
81883
81997
82516
82632
82651
82683
83396
83477
83492
83738
83774
84401
84872
84884
85211
85295
85382
85701
85911
86197
86800
87006
87170
87188
87224
87266
87282
87296
87386
87573
87696
88124
88239
88251
88308
88337
88402
88751
88805
88830
88991
89066
89096
89129
89258
89270
89510
89654
89669
89762
89833
90047
90059
90189
90298
90569
90602
90611
90841
90862
90979
91442
91661
92056
92379
92627
93161
93185
93236
93335
93745
93820
94079
94169
94409
94512
94598
94670
94691
95076
95246
95282
95309
95418
95607
95768
96029
96334
96346
96409
96460
96881
97369
97796
97918
98238
98405
98603
98636
98671
98892
99085
99132
99280
99379
99643
99713
99758
99918
99939
100012
100113
100143
100210
100236
100510
100669
100837
100861
101012
102134
102297
102849
103015
103640
103687
103814
103829
103985
104024
104166
104188
104280
104448
104478
105069
105120
105200
105347
105377
105443
106112
106892
107447
107539
107871
107993
108008
108167
108239
108488
108702
109096
109198
109219
109225
109734
109829
110899
111126
112754
112777
113393
113882
114002
114029
114146
114289
114393
114883
115060
115067
115087
115341
115847
115964
116295
116413
116592
116660
116685
116785
116955
117191
117813
117928
118234
118463
118481
118539
118590
119049
119481
119511
119530
119575
119589
119644
119650
119695
119737
119934
120366
120431
120561
120939
121089
121220
121288
121310
121327
121860
122124
122970
124046
124338
124401
124734
124781
124852
124861
125132
125321
125501
125638
125756
125770
125817
126111
126257
126445
126631
126727
126763
126832
126942
126991
127027
127083
127293
127410
127586
127624
127637
127926
127930
127945
128368
128381
128983
129007
129214
129550
129636
129722
130166
130297
130453
130630
130678
130721
130776
130852
131044
131240
131296
131300
131353
131495
131662
132885
132894
133181
133190
133208
133627
133643
133720
133918
134179
134189
134245
134373
134530
134939
Number of cuts: 751

Yogi
611
1257
1699
3282
5003
6200
10334
12188
13679
14711
16060
18746
19242
20316
22122
22335
23678
23706
23743
23947
24075
24712
25607
26154
28015
28096
29785
32058
33268
35137
38488
38634
40716
40796
41083
42352
42696
43477
44946
45712
45753
45884
45925
45960
46293
46584
46616
46860
46915
Number of cuts: 49

Yoncess
611
1257
1699
3282
5003
6200
9085
10334
12188
13679
14711
16060
16362
18746
19242
22069
22123
22336
22737
23679
23707
23744
24006
24076
24713
25608
26155
28016
28097
31838
32373
33048
34920
37891
38037
40119
40486
41759
42103
42885
44354
45120
45161
45368
45512
45716
46009
46039
46338
Number of cuts: 49

