Alatin
1629
2135
6603
12652
14002
14178
17783
18383
18609
19950
26849
28182
28362
32200
34312
36846
37093
37572
39148
40338
42819
43206
46041
46422
46550
Number of cuts: 25

Alpacados
2088
5335
6550
9471
12953
14018
14192
18319
18545
19886
19936
24739
26754
28087
32105
33825
34217
36039
36739
36986
37465
39041
40161
40889
41853
42642
43029
45864
46243
46370
Number of cuts: 30

AngryOrchard
2080
5318
6533
9454
12936
14001
14175
17702
18302
19919
23181
26467
26713
28046
28226
31998
33985
34377
36611
36899
39201
40393
45782
45969
46349
46474
Number of cuts: 26

AppleCloud
672
1336
1844
5082
6297
9194
11771
11777
12211
14047
14221
15664
17748
18348
18574
19965
22311
24191
24745
28057
30016
33644
34036
35864
36564
36811
37290
38866
40053
41747
42536
42923
45758
46138
46266
Number of cuts: 35

Belenaria
1629
2135
6603
12652
14002
14178
17783
18383
18609
19950
26762
28116
28296
32066
33786
34178
36012
36712
36959
37438
39014
40201
41895
42684
43071
45906
46287
46415
Number of cuts: 28

BobbyDazzler
1693
2200
5444
6659
9580
13062
14127
14160
14301
18428
18654
20045
24849
26828
28161
28341
32179
33899
34291
36116
36816
37063
37542
39118
40308
41036
42001
42790
43177
46012
46391
46518
Number of cuts: 32

Bonanza
1629
2135
5373
6588
9509
14056
14230
18357
18583
19974
23224
24777
26756
28089
32107
33827
34219
36041
37121
37368
37847
39423
40613
41341
42305
43094
43481
46113
46301
46682
46809
Number of cuts: 31

Bradshaw
1629
2135
6603
12652
14002
14178
17783
18383
18609
19950
26761
28115
28295
32133
34245
36779
37026
37505
39081
40271
42752
43139
45974
46354
46483
Number of cuts: 25

Bryce
1629
2135
5373
6588
9509
12991
14056
14230
16128
18357
18583
19974
24778
28090
28270
31887
33607
33999
35824
36524
36771
37250
38826
40016
40744
41709
42498
42885
45720
46097
46224
Number of cuts: 31

ChewyVIII
67
3923
4700
5759
6183
6247
7318
7708
11262
11465
12399
12515
13160
14470
16495
16677
18122
18517
18536
19706
20501
20543
21709
22486
23211
23355
25718
27175
28396
31198
32853
32895
33544
33828
35727
35838
36280
36783
38827
40211
45096
46118
46631
47234
47794
49037
49514
50180
51046
51869
53882
54641
55288
56439
58158
58316
58353
59115
59326
59787
59861
62635
62779
63332
63486
65560
66789
67385
Number of cuts: 68

CosmicSans
1629
2135
6603
12652
14002
14178
17783
18383
18609
19950
26761
28115
28295
32133
34245
36070
36770
37017
37496
39072
40262
40990
41954
42743
43130
45965
46346
46473
Number of cuts: 28

Dinger
1625
2131
5369
6584
9505
14052
14226
17753
18353
18579
19920
19970
24787
26766
28099
30088
32002
32658
33986
34378
36912
37638
39214
40406
43269
45668
45800
46368
46494
Number of cuts: 29

DocB7
570
2630
4750
5121
5629
6682
8458
9479
9633
11624
13049
13841
15650
16347
16773
17647
17804
18003
21980
22841
23101
24263
25946
28775
30456
35182
35403
36091
36492
41961
42589
42893
47658
48649
50223
53876
53889
54222
55149
55970
56023
56078
57040
58133
59978
61025
67759
69652
69825
70479
70695
72622
73919
Number of cuts: 53

E3
1965
3618
3934
5149
5828
7167
7590
8068
8819
8864
9859
10196
10283
10480
16376
17642
17700
17897
18062
19544
21045
21589
21693
22761
23927
24733
24988
25009
25832
29740
30389
31520
32705
32724
33741
34193
35523
37581
37719
38422
40980
43234
43617
44031
47530
48682
49166
51933
54443
54493
54756
55050
56216
56717
57631
58583
58819
59822
60324
60816
61820
64715
65519
65738
67266
67502
68479
68847
68955
69841
71011
71549
72298
75896
76755
78227
78913
79108
80514
81750
83636
84482
84804
87728
88452
88693
89602
89951
91633
92167
96159
97271
97778
97987
98932
100602
102328
102411
102476
103289
110461
110490
112465
112951
113080
113379
113389
113782
113791
114466
114985
115423
118171
118172
118223
118394
118692
119940
122399
122664
123302
123991
124756
125010
125952
125953
126850
126868
127204
127602
127647
128121
128709
129844
130871
132176
132503
132636
133444
134027
134383
135140
135875
137417
138660
140319
140420
140805
141417
Number of cuts: 149

Erik
1629
2135
6603
12651
14001
14177
17782
18382
18608
19949
26759
28113
28293
32065
34177
36002
36702
36949
37428
39004
40194
40821
41785
42574
42961
45796
46178
46306
Number of cuts: 28

Espica
1629
2135
6603
12652
14002
14178
17783
18383
18609
19950
26762
28116
28296
32066
33786
34178
36012
36712
36959
37438
39014
40201
41895
42684
43071
45906
46286
46414
Number of cuts: 28

Finch
623
641
2329
2927
2996
4231
4665
4843
5323
5401
6893
7891
11315
13669
16008
16419
20196
20623
22321
22390
22415
23349
24015
31137
31807
31820
32150
37811
43332
47154
47875
49502
49818
51126
52595
54724
54760
56606
59683
59960
59980
62336
66393
66666
67083
67611
71362
71713
71758
73429
75604
75850
80857
81117
81319
82505
88243
89476
89629
93004
95909
99756
100172
101540
103037
103283
105537
105848
107424
108332
109661
109966
110135
112676
113226
115715
115726
115764
116222
117884
118383
120971
121119
123729
124488
124662
124854
125270
125710
125951
128849
129946
132364
135043
136810
137116
137483
Number of cuts: 97

Gollum
1629
2135
6603
12652
14002
14178
17783
18383
18609
19950
26761
28115
28295
32131
33851
34243
36068
36768
37015
37494
39070
40204
40932
41896
42685
43072
45907
46285
46412
Number of cuts: 29

Grayson
6378
8013
8638
9986
10097
10253
17737
18639
19153
19871
26922
27747
32240
34982
35468
36176
41048
41494
42353
45209
46079
46403
47828
48257
48506
57170
57221
63927
64295
64725
65572
79102
79273
80579
81770
81955
85150
91043
96732
98991
100484
104617
105519
106371
106466
108066
117455
121457
Number of cuts: 48

Harlequin
1629
2135
5373
6588
9485
12967
14032
14206
16104
18333
18559
19950
24808
28120
28300
30003
31917
33637
34029
35854
36554
36801
37280
40048
41744
42533
42920
45755
46133
46260
Number of cuts: 30

Hiro
1629
2135
5373
6588
9485
12062
12068
12502
14512
18039
18192
18639
18865
20206
20256
22602
25063
27042
28375
32393
34113
34505
36330
37030
37277
37756
39332
40522
41250
42215
43004
43391
46226
46605
46731
Number of cuts: 35

Jace
3109
6833
7523
8283
8842
9035
10054
12048
15039
15384
18867
21649
22080
23257
23831
24135
25768
26244
26259
27045
27315
28334
30231
30529
30707
31145
31203
31447
33214
34051
34956
35335
35675
38218
39250
41433
41889
42428
43823
45117
45363
45867
46250
46602
46851
47635
47715
47722
48125
48363
48648
49079
49513
49754
50288
51405
51850
53050
53505
53736
Number of cuts: 60

Jester
1629
2135
5373
6588
9485
12323
14026
14200
15643
17727
18327
18553
19944
24739
28051
28231
29934
31848
33568
33960
35785
36485
36732
37211
39979
41675
42464
42851
45686
46064
46191
Number of cuts: 31

Krishelle
1629
2135
6603
9500
12077
12083
12517
14353
14527
15970
18054
18654
18880
20271
22653
24533
25087
28399
32493
34605
37139
37386
37865
39441
40631
43112
43499
46002
46136
46324
46736
46862
Number of cuts: 32

Lillie
1629
2135
6603
12652
14002
14178
17783
18383
18609
19950
26761
28115
28295
32133
34245
36070
36770
37017
37496
39072
40262
40990
41954
42743
43130
45965
46346
46473
Number of cuts: 28

Mahdia
10413
22832
30962
40348
42413
Number of cuts:  5

Naiad
1629
2135
6603
12652
14002
14178
17783
18383
18609
19950
26795
28128
28308
32146
34258
36792
37039
37518
39094
40284
42765
43152
45987
46368
46496
Number of cuts: 25

Nancinator
1629
2135
6603
12652
14002
14178
17783
18383
18609
19950
26762
28116
28296
32066
33786
34178
36012
36712
36959
37438
39014
39601
40329
41293
42082
42469
45304
45685
45813
Number of cuts: 29

Natosaleda
1629
2135
6603
12652
14002
14178
17783
18383
18609
19950
26761
28115
28295
32065
33785
34177
36011
36711
36958
37437
39013
40200
41894
42683
43070
45573
45708
45897
46277
46404
Number of cuts: 30

Partridge
1688
2194
5432
6647
9568
14115
14289
17816
18416
18642
19983
20033
24850
26865
28198
30379
32293
32949
34142
34534
37068
37795
39371
40563
43615
46013
46145
46713
46839
Number of cuts: 29

Pepy6
102
9668
12058
14988
23865
25216
35728
38456
40303
40540
41058
41245
44102
45151
46049
47362
47845
50307
50329
53693
55715
55922
57463
65133
71507
74331
Number of cuts: 26

Peregrin
1298
7323
8415
9300
9411
9567
14020
16014
17281
17336
18191
18705
19423
26013
27261
30089
32728
33764
34250
35522
39828
40274
43989
45183
46608
55537
55588
60562
62035
62294
62662
63990
66260
71776
76776
79492
79663
81110
82451
82957
87022
90399
90474
93706
97437
98429
106047
106742
108339
108605
116918
117773
123398
128207
131367
Number of cuts: 55

Phrankenstein
1629
2135
6603
12652
14002
14178
17783
18383
18609
19950
26707
28061
28241
32079
34191
36016
36716
36963
37442
39018
40208
40936
41900
42689
43076
45911
46291
46417
Number of cuts: 28

Pine5
28151
29523
40872
44007
44050
46499
47989
58326
Number of cuts:  8

Poco6
1754
4020
6753
16787
20364
24241
27229
35127
37136
37494
40478
42740
45938
50121
57223
57430
61994
62341
64317
65217
65880
68875
69356
72737
74851
75279
Number of cuts: 26

Rasputin
1629
2135
5373
6588
9510
14051
14225
16123
18352
18578
19969
24774
26732
28086
28266
32104
34216
36041
36741
36988
37467
39043
40233
40961
41925
42714
43101
45936
46318
46446
Number of cuts: 30

RER2
1629
2135
6603
12652
14002
14178
17783
18383
18609
19950
24803
26782
28115
32133
34245
36770
37017
37496
39072
40262
40990
41954
42743
43130
45965
46344
46473
Number of cuts: 27

RexFury
1660
2166
6634
14033
17814
18414
18640
19981
26792
28146
28326
32164
34276
36101
36801
37048
37527
39103
40290
41984
42773
43160
45995
46376
46504
Number of cuts: 25

RGL3
852
1228
1357
1630
2134
2237
5375
5913
6828
9444
9939
11647
11819
12099
13182
13780
13986
14835
17342
18393
18771
19209
20097
20636
21155
21420
21646
22823
23159
24656
27465
27511
29102
29646
31057
32177
32211
33435
34033
36008
37410
37765
37821
38508
40256
41057
41068
42545
47148
47566
47608
Number of cuts: 51

Rhodalysa
1629
2135
6603
12652
14002
14178
17783
18383
18609
19950
26761
28115
28295
32133
34245
36070
36770
37017
37496
39072
40262
40990
41954
42743
43130
45965
46346
46473
Number of cuts: 28

StCroix
1629
2135
6603
12652
14002
14178
17783
18383
18609
19950
26795
28128
28308
32146
34258
36792
37039
37518
39094
40284
42765
43152
45987
46368
46496
Number of cuts: 25

Swann
1629
2135
6603
12652
14002
14178
17783
18383
18609
19950
26761
28115
28295
32131
34243
36768
37015
37494
39070
40260
40988
41952
42741
43128
45963
46345
46473
Number of cuts: 27

Takoda
1622
5365
6580
12977
14042
14216
17743
18343
19960
23222
26463
26755
28088
28268
32040
34027
34419
36665
36953
39255
40447
45990
46178
46558
46684
Number of cuts: 25

Trina
704
2492
3603
5322
6912
7076
7493
7975
10023
11935
15456
15545
15908
16319
22915
23040
25684
26462
27012
30119
31624
31877
33187
33985
35266
35481
35734
38203
38404
40920
40926
41628
41996
47428
48078
50185
54915
58281
58620
58720
58819
59128
59578
60622
61287
69503
70603
72418
75658
76926
78740
81284
81793
82232
82575
86180
88535
90060
91099
91268
91703
92150
92363
92804
94074
96219
96805
99370
104757
106523
109841
109922
112665
113803
114039
114528
116675
118172
119277
124399
128107
128525
129310
129458
131403
133266
137106
138894
Number of cuts: 88

TWAMP
1629
2135
6603
12652
14002
14178
17783
18383
18609
19950
26761
28115
28295
32133
34245
36070
36770
37017
37496
39072
40262
40990
41954
42743
43130
45965
46346
46473
Number of cuts: 28

UhSalsa
1629
2135
6603
12652
14002
14178
17783
18383
18609
19950
26762
28116
28296
32066
33786
34178
36012
36712
36959
37438
39014
40201
41895
42684
43071
45906
46287
46416
Number of cuts: 28

Weasels2
2290
2325
2642
2729
2845
2980
3966
5322
6206
6950
15022
17784
19325
22138
22576
30977
31700
32539
33555
34591
34663
35077
35785
37800
37980
40423
40672
45748
46018
46858
47211
47887
47972
58482
60559
60597
61129
62753
63701
63971
65825
69118
76699
80764
81601
93081
94436
94511
95875
96067
98336
98936
102393
105484
109817
111504
113867
125662
127404
129310
129674
133995
134030
134347
134434
134550
134685
Number of cuts: 67

Yogi
1629
2135
5373
6588
9509
14056
14230
18357
18583
19974
23224
24777
26756
28089
32107
33827
34219
36041
37121
37368
37847
39423
40613
41341
42305
43094
43481
46113
46301
46680
46807
Number of cuts: 31

Yoncess
1629
2135
5373
6588
9509
12991
14056
14230
18357
18583
19974
24778
28090
28270
31887
33607
33999
35824
36524
36771
37250
38826
40016
40744
41712
42501
42889
45724
46103
46230
Number of cuts: 30

