Alatin
301
1921
2305
3212
3939
4311
6922
8866
11104
12074
14773
16016
16805
20342
21225
21435
23764
23808
24397
25389
25720
28687
29386
29492
30550
31614
34314
34944
35783
38242
45095
Number of cuts: 31

Alpacados
301
1874
1878
2267
3174
3901
4273
5370
6869
7029
8348
8796
11040
12010
12598
14709
15952
16741
21161
21371
23633
23677
24266
25258
25625
28592
29291
29397
30455
31519
34219
34720
34846
35685
38135
44918
Number of cuts: 36

AngryOrchard
301
1866
1870
2250
3157
3884
4256
6852
7012
8331
8779
11023
11993
12581
14692
15256
15935
16724
21144
23628
23672
24262
25585
29250
29356
30348
31412
34379
34880
35006
35845
38295
Number of cuts: 32

AppleCloud
1630
1634
2014
2921
3648
4020
5117
6616
8095
8531
11727
12785
14760
15981
16770
21190
21400
22566
23666
23710
24272
25595
29443
30280
31344
33333
34671
35510
37960
44812
Number of cuts: 30

Belenaria
301
1921
2305
3212
3939
4311
6922
8866
11104
12074
14773
16016
16805
20342
21225
21435
23697
23741
24331
25323
25654
26742
28621
29318
29424
30416
31480
34180
34819
35658
38108
44960
Number of cuts: 32

BobbyDazzler
301
1986
1990
2376
3283
4010
4382
5479
6978
7138
8457
8905
11149
12119
12707
14818
16061
16850
21270
21480
23743
23787
24376
25699
28666
29365
29471
30529
31593
34293
34923
35762
38212
Number of cuts: 33

Bonanza
301
1921
2221
2305
3212
3939
4311
5408
6907
7067
8386
8834
11078
12048
12636
14747
15990
16779
21199
23671
23715
24304
25627
28594
29293
29399
30457
31521
34221
34848
35687
36599
38517
45370
Number of cuts: 34

Bradshaw
301
1921
2221
2305
3212
3939
4311
6922
8866
11104
12074
14773
16016
16805
20342
21225
21435
23697
23741
24330
25322
25653
28620
29319
29425
30483
31547
34247
34877
35716
38175
45028
Number of cuts: 32

Bryce
301
1921
2221
2305
3212
3939
4311
5408
6907
7067
8386
8834
11078
12048
12636
14747
15990
16779
20049
21199
21409
23672
23716
24305
25628
28595
29294
29400
30237
31301
34001
34631
35470
37920
38788
44774
Number of cuts: 36

ChewyVIII
3640
4673
5701
6228
6578
7458
8448
8634
9275
10082
11004
11801
11991
12787
13869
14053
15934
16840
17399
17908
18951
21948
23353
24606
24669
25807
27461
29275
30895
30924
32915
32975
33930
34818
36720
36968
36998
39474
40258
41637
43082
44614
44689
45935
46065
52441
53222
57269
57591
61487
61779
61991
62571
63146
66974
Number of cuts: 55

CosmicSans
301
1921
2221
2305
3212
3939
4311
6922
8866
11104
12074
14773
16016
16805
20342
21225
21435
23697
23741
24330
25653
28620
29319
29425
30483
31547
34247
34877
35716
38166
45019
Number of cuts: 31

Dinger
301
1917
2301
3208
3935
4307
5404
6903
7063
8382
8830
11074
12044
15307
15986
16775
21195
22124
23680
23724
24314
25637
29486
30352
31416
35019
35858
38308
Number of cuts: 28

DocB7
738
884
1195
5444
8723
12507
17952
18846
19078
20859
20976
25000
25665
25749
26832
34002
35317
38246
42335
44413
45016
46694
47987
49284
50791
54744
59053
59187
61979
65128
71115
Number of cuts: 31

E3
342
1354
2373
2929
5177
5937
6699
6708
6862
9271
9280
9475
10265
10382
12772
14173
14182
15954
17895
19029
21140
21568
22132
22388
22480
23241
24222
24588
26042
26507
27485
27593
27615
27926
28427
29093
29392
29476
30867
30876
30998
31723
31853
32711
32824
32896
34450
34483
34643
35283
35775
36183
36354
37187
37253
37293
38055
38226
38273
38599
38969
41586
43046
43237
43595
44835
45985
46198
46824
47032
47104
47381
48105
48853
49332
49513
49747
49777
50328
50658
50925
50957
51480
51993
52626
52648
53198
54110
54119
54457
54849
55251
56611
56723
56936
56978
57116
57525
57558
57946
58137
58236
58606
59525
59731
59966
60146
60210
60440
60848
61463
61511
61643
61652
61688
61700
61715
61730
61760
62287
62354
64413
64463
65890
66868
67428
67437
67730
69108
69132
69293
69482
69695
70110
70341
70737
70962
71052
71292
72068
72080
72607
73176
73329
73407
74672
75572
75581
76388
76703
77909
78450
78691
78723
79255
79446
79530
79704
80240
82201
82217
83546
85828
86062
87601
88706
88992
89182
89245
90049
90414
91142
91214
91931
92064
92943
93940
94015
94117
96158
96497
98165
99219
99264
101044
102601
104583
106650
107092
107330
107357
107372
107468
107551
108014
108531
108710
108851
109337
109375
110409
110894
111997
112048
113365
114577
114701
115314
115866
116389
116426
117468
118104
118288
118787
119663
119725
119746
119759
120098
120346
120387
120443
120547
120848
121783
121819
122783
123199
124641
124894
124972
125953
126137
127532
127625
127712
127867
129028
129693
129876
130665
131213
131451
132032
132211
132605
132750
133393
133660
134137
135036
135333
135721
136651
137692
138477
138914
139195
139742
139939
141043
141650
Number of cuts: 263

Erik
301
1921
2305
3212
4311
6922
11103
12073
14772
16015
16804
20341
21224
21434
23695
23739
24328
25320
25651
26739
28618
29317
29423
30415
31479
34179
34809
35648
38098
44850
Number of cuts: 30

Espica
301
1921
2305
3212
3939
4311
6922
8866
11104
12074
14773
16016
16805
20342
21225
21435
23697
23741
24331
25323
25654
26742
28621
29318
29424
30416
31480
34180
34819
35658
38108
44960
Number of cuts: 32

Finch
4776
4934
5675
5702
8406
8603
9134
9185
9233
9680
11692
13275
13717
13864
14533
15553
15667
16034
17686
18657
21201
22123
22197
23001
23126
23772
25645
26359
26653
27516
27636
28953
31282
33972
34987
35425
35487
37072
38021
38413
38542
38896
39669
40969
41140
42089
42539
44632
45574
45957
46433
47225
48564
51967
52228
53173
54316
55329
57537
59498
59611
60935
61460
63582
65597
67023
68695
68740
69626
69700
74815
75375
75903
76839
77577
78689
83026
83044
83268
84294
84491
87272
88251
89526
91348
93005
96418
98535
100622
103134
103501
106281
108373
109370
110250
110782
110881
111097
112176
112819
113050
113859
116990
118403
119468
121797
121800
123234
125971
127945
129282
129504
130821
130871
130916
131606
131873
132260
132738
133426
133456
133916
133975
134021
134778
134880
135306
135408
136966
138441
138821
Number of cuts: 131

Gollum
301
1921
2305
3212
3939
4311
6922
8866
11104
12074
14773
16016
16805
20342
21225
21435
23697
23741
24330
25653
28620
29317
29423
30481
31545
34245
34875
35714
38164
44961
Number of cuts: 30

Grayson
3491
4671
6049
6927
13098
14706
16284
16652
17194
17224
19489
20218
20857
22819
24089
28251
30373
39149
40672
44083
45420
47047
47267
47422
47482
47873
48259
48430
49157
54201
55427
55913
59018
60124
60279
61283
61691
61979
62476
63689
65009
66219
67416
68415
70648
70720
71396
72289
73859
74032
74297
75483
76652
76936
77366
77755
77886
78004
78778
78883
79201
84383
85740
88085
89751
91225
101433
102524
105047
117374
117554
Number of cuts: 71

Harlequin
301
1921
2221
2305
3212
4311
5408
6907
7067
8386
8822
11054
12024
12612
14723
15966
16755
20025
21175
21385
23702
23746
24335
25658
28625
29324
29430
30267
31331
34031
34661
35500
37950
38818
44809
Number of cuts: 35

Hiro
301
1921
2221
2305
3212
3939
4311
5408
6907
7067
8386
8822
12018
13076
15051
16272
17061
21481
21691
22857
23957
24001
24590
25913
28880
29579
29685
30743
31807
34507
35137
35976
38426
45280
Number of cuts: 34

Jace
643
1286
1998
2511
4409
7474
7526
8345
8708
9389
9916
11374
11570
11635
12554
12737
13310
14011
14028
14081
15415
17194
17443
17593
18868
19908
20234
20590
23966
25248
25428
25680
25979
26084
27393
28780
30978
31264
31375
31877
34271
34977
35001
35390
35786
37825
37933
38521
39673
39977
40129
40275
42048
43880
44537
44569
45744
46780
47923
47937
48093
48686
48932
50279
50838
50981
51029
52607
52763
52874
Number of cuts: 70

Jester
301
1921
2221
2305
3212
4311
5408
6907
7067
8386
8822
11048
12018
15960
16749
20019
21169
21379
23633
23677
24266
25589
28556
29255
29361
30198
31262
33962
34592
35431
37881
38749
44740
Number of cuts: 33

Krishelle
301
1921
2305
3212
3939
4311
6922
8401
8837
12033
13091
15066
16287
17076
21496
21706
22908
24008
24052
24614
25937
29785
30843
31907
34607
35237
36076
38535
45388
Number of cuts: 29

Lillie
301
1921
2221
2305
3212
3939
4311
6922
8866
11104
12074
14773
16016
16805
20342
21225
21435
23697
23741
24330
25653
28620
29319
29425
30483
31547
34247
34877
35716
38166
45019
Number of cuts: 31

Mahdia
797
1381
2716
4035
4077
4314
4353
4440
5083
5108
5516
5776
5988
6974
7676
8528
8750
8777
8953
9643
9702
9868
10144
10351
10975
10984
11431
11684
11696
11929
12349
13336
13913
14195
14501
14683
15229
15916
15928
16518
16541
17013
17150
17379
18213
18775
19120
19971
20012
20639
20898
21683
21936
22503
22521
22807
24167
25188
25272
25293
25721
25738
26332
26884
27043
27368
27790
28216
29374
30091
30100
30742
31111
31493
31502
32418
32440
32644
32845
32983
34423
34798
35142
35613
36220
36830
37122
37491
37989
38130
40252
40466
40930
41400
41424
41817
Number of cuts: 96

Naiad
301
1921
2305
3212
3939
4311
6922
8866
11104
12074
14773
16016
16805
20342
21225
21435
23710
23754
24343
25335
25666
28633
29332
29438
30496
31560
34260
34890
35729
38188
45041
Number of cuts: 31

Nancinator
301
1921
2305
3212
3939
4311
6922
8866
11104
12074
14773
16016
16805
20342
21225
21435
23697
23741
24331
25323
25654
26742
28621
29318
29424
30416
31480
34180
34819
35658
38108
44358
Number of cuts: 32

Natosaleda
301
1921
2221
2305
3212
3939
4311
6922
8866
11104
12074
14773
16016
16805
20342
21225
21435
23697
23741
24330
25322
25653
26741
28620
29317
29423
30415
31479
34179
34818
35657
38107
44959
Number of cuts: 33

Partridge
301
2364
3271
3998
5467
6966
7126
8445
8893
11137
12107
15370
16049
16838
21258
22187
23743
23787
24377
25736
29585
30643
31707
34536
35175
36014
38465
Number of cuts: 27

Pepy6
2043
3171
6264
6342
7472
7688
8717
9657
12502
14012
15768
17282
17297
18294
19183
19723
20368
21814
22800
22877
23000
23535
24188
25748
25919
26005
27573
31587
33200
34730
38757
39058
41680
43937
44377
45012
45683
46452
49557
50564
52472
53227
56000
57783
58587
60668
62391
62634
63434
63512
64432
64509
67328
67869
68068
68121
68475
68893
74906
75539
75695
76375
Number of cuts: 62

Peregrin
3519
4499
4900
6181
6548
6566
9499
12412
15773
15915
16801
19041
19951
21985
23255
27765
30651
36381
37400
37930
39452
42863
44200
46047
46202
46262
47937
52984
53104
54210
54696
57385
58491
58646
59650
60058
60346
60843
62056
63427
64728
65658
65841
66840
67253
69058
69130
69806
72293
73836
74009
74274
74717
74778
75484
77143
77965
78096
78214
79591
84270
88173
90656
91289
98488
101182
102926
105453
113121
118362
121586
127620
Number of cuts: 72

Phrankenstein
301
1921
2305
3212
3939
4311
6922
8866
9435
11104
12074
14773
16016
16805
20342
21225
21435
23643
23687
24276
25599
28566
29265
29371
30429
31493
34193
34823
35662
38112
44965
Number of cuts: 31

Pine5
435
592
1187
2396
3391
5061
6966
7092
7420
8018
8411
8519
8804
10745
11023
11202
11431
11497
11590
12125
12695
14121
15955
16377
19123
23981
24211
25532
25956
26220
28222
28899
29805
30419
31269
31323
32471
32507
32795
33220
38696
39314
43513
44310
44844
45374
45974
48561
49275
50161
50724
54241
55260
55679
55795
Number of cuts: 55

Poco6
4290
6425
6557
8153
8606
9481
10652
10904
11733
12148
12964
13321
15829
15953
15994
17463
20457
20822
20984
22390
23836
25016
25548
26201
27761
27932
29558
29573
30987
31394
31782
32411
32975
33293
33612
35036
35387
36092
41767
45761
46864
50529
51066
51854
53980
54735
58383
58913
59382
60955
61869
62646
64005
65281
65735
67332
67970
69078
69274
70730
70789
70961
73285
76174
76807
76963
77643
Number of cuts: 67

Rasputin
301
1921
2305
3212
3939
4311
5408
6907
7067
8387
8835
10408
12043
12631
14742
15985
16774
21194
21404
23667
23711
24301
25624
28591
29290
29396
30454
31518
34218
34848
35687
38137
44990
Number of cuts: 33

RER2
301
1921
2221
2305
3212
3939
4311
6922
8866
11104
12074
14773
16016
16805
20342
21225
21435
23697
23741
24330
25653
28620
29319
29425
30483
31547
34247
34877
35716
38166
45019
Number of cuts: 31

RexFury
301
1952
2336
3243
3970
4342
6953
9466
11135
12105
14804
16047
16836
20373
21256
21466
23728
23772
24361
25684
26772
28651
29350
29456
30514
31578
34278
34908
35747
38197
45049
Number of cuts: 31

RGL3
343
643
1920
1924
2238
2953
3214
3941
4313
4894
5410
5419
5623
6912
9401
9717
10058
10408
12031
12336
12462
12810
13134
13150
14953
15495
16180
16969
17576
17618
17654
19051
20355
20784
20849
22511
22813
23078
24179
24222
24719
25374
25767
25813
25902
26433
26621
27737
28265
29177
29580
30003
30226
31455
32217
34182
35833
38642
43407
Number of cuts: 59

Rhodalysa
301
1921
2221
2305
3212
3939
4311
6922
8866
11104
12074
14773
16016
16805
20342
21225
21435
23697
23741
24330
25653
28620
29319
29425
30483
31547
34247
34877
35716
38166
45019
Number of cuts: 31

StCroix
301
1921
2305
3212
3939
4311
6922
8866
11104
12074
14773
16016
16805
20342
21225
21435
23710
23754
24343
25335
25666
28633
29332
29438
30496
31560
34260
34890
35729
38188
45041
Number of cuts: 31

Swann
301
1921
2305
3212
3939
4311
6922
8866
11104
12074
14773
16016
16805
20342
21225
21435
23697
23741
24330
25322
25653
26741
28620
29317
29423
30481
31545
34245
34875
35714
38164
45017
Number of cuts: 32

Takoda
301
1913
1917
2297
3204
3931
4303
6899
7059
8378
8826
11064
12034
12622
14733
15297
15976
16765
21185
23669
23713
24303
25626
29292
29398
30390
31454
34421
35060
35899
38349
Number of cuts: 31

Trina
3519
17634
35660
35735
53975
62629
64729
73827
81415
84288
90796
105942
106605
106733
120437
129311
135032
Number of cuts: 17

TWAMP
301
1921
2221
2305
3212
3939
4311
6922
8866
11104
12074
14773
16016
16805
20342
21225
21435
23697
23741
24330
25653
28620
29319
29425
30483
31547
34247
34877
35716
38166
45019
Number of cuts: 31

UhSalsa
301
1921
2305
3212
3939
4311
6922
8866
11104
12074
14773
16016
16805
20342
21225
21435
23697
23741
24331
25323
25654
26742
28621
29318
29424
30416
31480
34180
34819
35658
38108
44960
Number of cuts: 32

Weasels2
4695
5134
5909
6701
7143
7641
8094
9307
10458
13352
13787
16267
17482
19614
20152
20492
22897
24560
27764
29889
34830
36768
37093
37176
38246
40296
43710
45923
46539
47697
48528
48567
53952
54968
55381
56090
57877
59799
60333
60801
63205
66727
67876
68560
69704
70070
71294
74958
75426
75624
76954
78370
78664
79368
79769
81323
82257
82547
83401
83755
84028
92897
94693
100683
104309
104680
107216
107852
112270
113100
113227
113380
113389
114975
116162
116871
117415
119733
119746
126188
126821
130051
130655
131488
Number of cuts: 84

Yogi
301
1921
2221
2305
3212
3939
4311
5408
6907
7067
8386
8834
11078
12048
12636
14747
15990
16779
21199
23671
23715
24304
25627
28594
29293
29399
30457
31521
34221
34848
35687
36599
38517
45370
Number of cuts: 34

Yoncess
301
1921
2221
2305
3212
3939
4311
5408
6907
7067
8386
11078
12048
12636
15990
16779
20316
21199
21409
23672
23716
24305
25297
25628
28595
29294
29400
30237
31301
34001
34631
35470
37920
44778
Number of cuts: 34

