Alatin
89
1282
1599
5730
8254
9174
12818
14675
16294
22132
27434
28255
40101
44385
45071
Number of cuts: 15

Alpacados
89
1282
5692
9104
12754
13831
14611
16230
17870
28160
39994
44208
44894
Number of cuts: 13

AngryOrchard
89
5675
9087
12737
14594
16213
17853
28119
44427
44912
Number of cuts: 10

AppleCloud
1075
3607
5439
8827
14640
16259
17899
21382
23492
24339
28130
31061
39816
44102
44788
Number of cuts: 15

Belenaria
89
1282
1599
5730
8254
9174
12818
14675
16294
22078
27368
28189
31706
39964
44250
44936
Number of cuts: 16

BobbyDazzler
89
1282
1663
5801
9213
12863
13940
14720
16339
17979
28234
40071
44356
45042
Number of cuts: 14

Bonanza
89
1282
5730
9142
12792
13869
14649
16268
17908
21391
28162
40376
44660
45346
Number of cuts: 14

Bradshaw
89
1282
1599
5730
8254
9174
12818
14675
16294
22078
27367
28188
40034
44318
Number of cuts: 14

Bryce
89
1282
5730
9142
12792
14649
16268
17908
27342
28163
39779
44064
44750
Number of cuts: 13

ChewyVIII
2660
4663
9552
9651
14532
16844
18684
19084
24715
28699
29352
32311
44911
48532
49324
51111
63879
65561
66476
67661
67748
67904
Number of cuts: 22

CosmicSans
89
1282
1599
5730
8254
9174
12818
14675
16294
22078
27367
28188
40025
44309
44995
Number of cuts: 15

Dinger
89
1277
5726
9138
12788
14645
16264
17904
28172
44445
44930
Number of cuts: 11

DocB7
1019
1442
3245
4209
4940
5169
10004
20019
28788
30525
33973
38973
42031
44376
46411
48947
57813
59361
62747
63087
67051
72104
75322
Number of cuts: 23

E3
723
3797
5285
6774
7706
7753
8190
11349
11794
17931
25294
30237
34583
36722
40931
41830
43252
45048
52548
53119
64521
68873
68988
70067
70679
72597
76732
78885
80924
82230
84225
91149
92157
93352
103580
110087
111061
116787
127149
133440
135403
140950
141016
Number of cuts: 43

Erik
89
1282
1599
5730
8254
9173
12817
14674
16293
22077
27365
28186
39957
44140
44826
Number of cuts: 15

Espica
89
1282
1599
5730
8254
9174
12818
14675
16294
22078
27368
28189
31706
39964
44250
44936
Number of cuts: 16

Finch
592
9875
13569
14400
16099
16712
17615
20979
22162
29167
30258
31681
31746
35074
35239
41423
44410
47006
47393
50425
50554
51379
56280
64434
65259
74398
78140
82875
89516
95706
96465
99648
103670
107668
108897
116730
117274
119036
128394
128708
129230
130568
130760
138067
Number of cuts: 44

Gollum
89
1282
1599
5730
8254
9174
12818
14675
16294
22078
27367
28188
31771
39967
44251
44937
Number of cuts: 16

Grayson
205
977
22937
26437
29230
37633
38197
44607
46675
46791
50205
50865
63082
64854
77931
79782
84489
85868
86051
90157
90921
106178
111869
119123
121052
121643
125255
129106
129878
Number of cuts: 29

Harlequin
89
1282
3898
5730
9118
12768
14625
16244
17884
27372
28193
44099
44785
Number of cuts: 13

Hiro
89
1282
5730
9118
14931
16550
18190
21673
23783
28448
40285
44570
45256
Number of cuts: 13

Jace
1177
3318
4328
6535
10141
10503
14902
17656
18491
19502
21264
23351
24750
25809
26428
27051
28160
30556
30844
32545
33072
35175
36332
36642
36978
37154
37385
37967
39295
40240
40421
40594
40741
41625
43930
44082
44849
45647
45687
47945
49108
49186
49405
49696
52627
53475
53629
53831
Number of cuts: 48

Jester
89
1282
3898
5730
9118
14619
16238
17878
27303
28124
44030
44716
Number of cuts: 12

Krishelle
89
1282
1599
5730
9133
14946
16565
18205
21688
23834
24681
28472
40394
44678
45364
Number of cuts: 15

Lillie
89
1282
1599
5730
8254
9174
12818
14675
16294
22078
27367
28188
40025
44309
44995
Number of cuts: 15

Mahdia
16364
Number of cuts:  1

Naiad
89
1282
1599
5730
8254
9174
12818
14675
16294
22078
27380
28201
40047
44331
45017
Number of cuts: 15

Nancinator
89
1282
1599
5730
8254
9174
12818
14675
16294
22078
27368
28189
31706
43648
44334
Number of cuts: 15

Natosaleda
89
1282
1599
5730
8254
9174
12818
14675
16294
22078
27367
28188
31705
39963
44249
44935
Number of cuts: 16

Partridge
89
1275
5789
9201
12851
14708
16327
17967
28271
44791
45276
Number of cuts: 11

Pepy6
12221
13353
16055
17730
18391
18406
21512
21875
21914
22929
25221
26341
27263
27428
40676
55087
60151
60981
67496
69082
69811
70094
73076
75230
76405
Number of cuts: 25

Peregrin
987
1002
7472
22103
28744
32907
33969
36415
36979
44474
45455
45571
45864
48988
49648
51667
57405
61449
63272
64653
64754
66063
69810
78141
85970
89591
90352
98901
106599
106648
120386
122788
123748
131056
131071
Number of cuts: 35

Phrankenstein
89
1282
1599
5730
8254
9174
12818
14675
16294
22024
27313
28134
31719
39971
44255
44941
Number of cuts: 16

Pine5
Number of cuts:  0

Poco6
7915
14760
15416
15675
16804
18003
18815
20030
20369
23534
23552
23897
23936
27234
28354
29877
32901
55550
64991
68612
68945
69893
70169
76342
76498
77673
Number of cuts: 26

Rasputin
89
1282
1599
5730
9143
10590
12787
13864
14644
16263
17903
27338
28159
39996
44280
44966
Number of cuts: 16

RER2
89
1282
1599
5730
8254
9174
12818
14675
16294
22078
28188
40025
44309
44995
Number of cuts: 14

RexFury
89
1313
1630
5761
8285
9205
12849
14706
16325
22109
27398
28219
31804
40053
44339
45025
Number of cuts: 16

RGL3
89
5732
6366
9140
9422
16458
17255
18507
20771
26824
27385
29237
31934
41301
41660
44583
45418
46128
48016
Number of cuts: 19

Rhodalysa
89
1282
1599
5730
8254
9174
12818
14675
16294
22078
27367
28188
40025
44309
44995
Number of cuts: 15

StCroix
89
1282
1599
5730
8254
9174
12818
14675
16294
22078
27380
28201
40047
44331
45017
Number of cuts: 15

Swann
89
1282
1599
5730
8254
9174
12818
14675
16294
22078
27367
28188
40023
44307
44993
Number of cuts: 15

Takoda
89
5722
9134
12778
14635
16254
17894
24370
28161
44635
45120
Number of cuts: 11

Trina
300
697
2488
4304
5965
13203
18416
22361
32514
34422
38066
41158
42766
44579
44879
45827
47546
60509
60825
61431
63571
65726
72533
76909
86754
88452
95484
96072
96641
98565
119010
121774
122438
129160
136702
137099
138890
Number of cuts: 37

TWAMP
89
1282
1599
5730
8254
9174
12818
14675
16294
22078
27367
28188
40025
44309
44995
Number of cuts: 15

UhSalsa
89
1282
1599
5730
8254
9174
12818
14675
16294
22078
27368
28189
31706
39964
44250
44936
Number of cuts: 16

Weasels2
763
17934
26017
28743
37261
39891
41647
44321
49874
50414
56795
65608
66552
67331
70821
71436
79466
79922
80735
81654
87690
91095
94389
106758
114090
121380
132468
Number of cuts: 27

Yogi
89
1282
5730
9142
12792
13869
14649
16268
17908
21391
28162
44660
45346
Number of cuts: 13

Yoncess
89
1282
5730
9142
12792
14649
16268
17908
28163
39779
44068
44754
Number of cuts: 12

