Alatin
1622
2067
2961
5137
7116
7198
7806
8582
8591
8799
8939
11291
14630
15399
15408
15674
16133
18306
18873
18955
20539
21213
21921
22062
23887
24659
26620
26630
27463
28745
31004
31562
31865
32968
33313
33773
34744
36066
37533
37644
39121
40310
41640
41798
42776
44246
44453
45055
45419
Number of cuts: 49

Alpacados
2923
3668
4362
7063
7145
8526
8558
8869
11227
14566
15335
15344
15610
16069
18242
18809
20475
21149
21803
21944
23756
24528
26525
26535
27368
28650
30390
30909
31467
31770
32873
33218
34646
35968
37426
37537
39014
40133
41463
41621
42599
44069
44276
44878
45242
Number of cuts: 45

AngryOrchard
2012
2906
4345
7046
7128
8509
8541
8712
8852
10120
10673
11210
15318
15327
15593
16052
18225
18792
18874
20458
21132
21786
21927
21968
23411
23752
27327
27801
28609
30283
30660
30802
31360
31663
32295
32346
32445
32489
33108
34806
36128
37586
37697
38778
39174
41693
41851
42367
44288
44495
45055
45374
Number of cuts: 52

AppleCloud
1329
1776
2679
4846
6810
6892
8273
8305
8592
9860
10944
12838
14595
15364
15373
15639
16098
18271
18838
18920
21178
21832
21973
23449
23790
23995
27338
28699
30215
30734
31383
31595
32278
32698
33043
33550
34471
35793
36275
37251
37362
38443
38839
41357
41515
42493
43963
44170
44772
45136
Number of cuts: 50

Belenaria
1622
2067
2961
5137
7116
7198
7806
8582
8591
8799
8939
11291
14630
15399
15408
15674
16133
18306
18873
18955
20539
21213
21867
23820
24593
26554
26564
27397
28679
30351
30870
31428
31731
32834
33179
33639
34619
35941
36423
37399
37510
38591
38987
41505
41663
42641
44111
44318
44920
45284
Number of cuts: 50

BobbyDazzler
1686
3032
3777
5208
7172
7254
8635
8667
8978
11336
14675
15444
15453
15719
16178
18351
18918
20203
20584
21258
21912
22053
23526
23866
24638
26599
26609
27442
28724
30464
30983
31541
31844
32947
33292
34723
36045
37503
37614
38695
39091
40280
41611
41769
42747
44217
44424
45026
45390
Number of cuts: 49

Bonanza
1622
2067
2961
3706
7101
7183
8564
8596
8907
11265
12298
14604
15373
15382
15648
16107
18280
18847
20513
21187
21841
21982
23794
24566
26527
26537
27370
28652
30392
30911
31469
31772
32875
33220
34648
35970
37808
37919
40585
41915
42073
43051
44521
44728
45330
45694
Number of cuts: 46

Bradshaw
1622
2067
2961
5137
7116
7198
7806
8582
8591
8799
8939
10207
11291
14630
15399
15408
15674
16133
18306
18873
18955
20539
21213
21867
22008
23820
24592
26553
26563
27396
28678
30937
31495
31798
32901
33246
33706
34677
35999
37466
37577
39054
40243
41573
41731
42709
44179
44386
44988
45352
Number of cuts: 50

Bryce
1622
2067
2961
3706
5137
7101
7183
8564
8596
8907
11265
14604
15373
15382
15648
16107
18280
18847
20132
20513
21187
21841
21982
23455
23795
24567
26528
26538
27371
28653
30172
30691
31249
31552
32655
33000
34431
35753
37211
37322
38403
38799
39988
41319
41477
42455
43925
44132
44734
45098
Number of cuts: 50

ChewyVIII
3762
3783
4376
5875
6962
8402
10973
13022
16788
16967
19019
19614
20330
22055
22631
22735
27649
27736
28583
29087
29773
30364
30520
32602
33493
35871
37455
38605
39499
40198
42247
42529
43501
43943
45462
45827
46017
46175
46832
46937
48422
48510
49276
49458
49895
51902
52742
53306
54729
55356
57211
58867
60452
61212
62461
65326
65347
65755
66139
66934
Number of cuts: 60

CosmicSans
1622
2067
2961
5137
7116
7198
7806
8582
8591
8799
8939
10207
11291
14630
15399
15408
15674
16133
18306
18873
18955
20539
21213
21867
23820
24592
26553
26563
27396
28678
30937
31495
31798
32901
33246
33706
34677
35999
37457
37568
39045
40234
41564
41722
42700
44170
44377
44979
45343
Number of cuts: 49

Dinger
1618
2063
2966
4396
5133
7097
7179
8560
8592
8763
8903
11261
12628
14600
14743
15369
15378
15644
16103
18276
18843
18925
20128
20509
21183
21837
21978
23463
23804
27380
28741
30287
30664
30806
31364
31667
32299
32449
32770
33115
33892
34819
36141
36623
37599
37710
38791
39187
41442
41708
41866
42385
44306
44513
45073
45391
Number of cuts: 56

DocB7
501
2494
2869
3028
3442
7929
8895
10859
11898
12091
12250
12952
14354
16208
17026
21108
22495
22910
24215
24287
26527
27685
28708
32822
33865
35465
35669
37906
39159
39491
41076
41569
47496
48401
49129
50819
52126
54697
59844
60582
61356
65612
67630
68664
68901
69695
69804
69976
74490
74522
75246
Number of cuts: 51

E3
3067
4311
6223
7545
8070
9118
9443
9569
10117
10727
10766
11805
12033
12318
12558
13549
14340
15049
15186
15441
16182
17218
18968
24094
25041
28042
28114
28339
30100
32211
32756
35317
38541
38955
40085
40551
42096
45059
46974
47307
48148
48440
48868
49721
50030
52053
52771
59460
60493
62633
63946
65096
66125
68112
69532
71268
72576
72802
74599
75867
79881
80977
85105
85539
85653
86226
88386
88658
89320
90316
91283
93360
93866
94004
95120
97241
98379
100864
102169
102220
103905
104933
105476
110767
110910
111981
120409
123017
123035
123371
123862
124827
125220
127771
128516
129436
131841
133378
134929
135145
135976
136776
139357
139570
139727
140351
140721
142071
142167
Number of cuts: 109

Erik
1622
2067
2961
5137
7116
7198
7806
8582
8591
8798
8938
10206
11290
14629
15398
15407
15673
16132
18305
18872
18954
20538
21212
21866
23818
24590
26551
26561
27394
28676
30350
30869
31427
31730
32833
33178
33638
34609
35931
37389
37500
38977
40166
41395
41553
42531
44001
44208
44810
45174
Number of cuts: 50

Espica
1622
2067
2961
5137
7116
7198
7806
8582
8591
8799
8939
11291
14630
15399
15408
15674
16133
18306
18873
18955
20539
21213
21867
23820
24593
26554
26564
27397
28679
30351
30870
31428
31731
32834
33179
33639
34619
35941
36423
37399
37510
38591
38987
41505
41663
42641
44111
44318
44920
45284
Number of cuts: 50

Finch
213
219
358
1422
4201
4356
5842
6311
7409
7610
8692
9064
9301
10862
11074
13023
13432
13517
13685
14474
15146
15179
17181
18017
19310
22139
23059
23848
24437
26823
28312
28749
29157
30787
31820
32579
33590
33621
34934
35216
35551
35561
35750
35976
37227
37978
38814
38972
39441
40363
40628
40814
41189
42010
42810
43006
43411
43465
43977
44046
44364
45388
46456
46618
46687
47116
47720
48790
50094
50484
52530
53042
54476
54659
55394
56055
59356
60075
61235
61468
61559
61718
61739
63131
64537
64794
67105
67948
68089
68508
68760
68994
69321
69447
71423
72397
73658
73847
74088
74946
75265
75346
75778
76006
76622
76652
77374
77800
78332
80347
81215
82253
82304
82421
84799
85134
85188
88912
88937
89558
89717
90307
90423
90849
91065
91456
91545
91830
92826
93069
93867
94362
95624
96095
96520
96710
96749
97493
98732
98822
99120
100745
100850
102383
104386
105295
105517
107980
108336
108983
110688
111933
111945
112130
112638
113584
113760
113819
113966
114680
114846
115977
117739
118492
118780
118831
119650
119761
120258
120849
121380
121755
122540
123085
124415
125670
125823
125930
127016
128682
128810
129734
130072
130120
130849
131077
131215
131257
132840
132970
133165
134081
134100
135100
137222
137448
137481
137615
Number of cuts: 198

Gollum
1622
2067
2961
5137
7116
7198
7806
8582
8591
8799
8939
10207
11291
14630
15399
15408
15674
16133
18306
18873
18955
20539
21213
21867
23820
24592
26553
26563
27396
28678
30935
31493
31796
32899
33244
33704
34675
35997
37455
37566
38647
39043
40176
41506
41664
42642
44112
44319
44921
45285
Number of cuts: 50

Grayson
1391
1772
2879
8946
11567
28723
28947
40825
42787
47348
47996
57537
61020
64997
69051
72151
74186
74915
77087
78449
81215
81961
85822
86292
87613
92369
105105
105431
107226
113847
120451
126754
130292
130673
131780
Number of cuts: 35

Harlequin
1622
2067
2961
5137
7101
7183
8564
8596
8767
8883
11241
14580
15349
15358
15624
16083
18256
18823
20108
20489
21163
21871
22012
23485
23825
24597
26558
26568
27401
28683
30202
30721
31279
31582
32685
33030
34461
35783
37241
37352
38829
39570
41354
41512
42490
43960
44167
44769
45133
Number of cuts: 49

Hiro
1622
2067
2961
3706
5137
7101
7183
8564
8596
8883
10151
11235
13129
14886
15655
15664
15930
16389
18562
19129
21469
22123
22264
23740
24080
24852
26813
26823
27656
28938
30678
31197
31755
32058
33161
33506
34937
36259
37717
37828
38909
39305
41825
41983
42961
44431
44638
45240
45604
Number of cuts: 49

Jace
986
1040
1130
1451
4045
4781
4815
5786
6299
8045
8200
8334
8730
10124
12120
12510
13812
13918
14133
14175
14780
17705
17827
19579
20622
20978
21699
23364
23487
24018
26614
27745
29099
30002
30308
30567
32937
34873
35261
35342
37295
39130
40313
41316
41600
42223
42567
44977
45265
46214
46524
46939
47665
48130
48348
48919
49369
49583
50609
51259
52536
52572
53430
Number of cuts: 63

Jester
1622
2067
2961
5137
7101
7183
8564
8596
8767
8883
11235
12602
14574
15343
15352
15618
16077
18250
18817
20102
20483
21157
21811
21952
23416
23756
24528
26489
26499
27332
28614
30133
30652
31210
31513
32616
32961
34392
35714
37172
37283
38760
39501
41285
41443
42421
43891
44098
44700
45064
Number of cuts: 50

Krishelle
1622
2067
2961
5137
7116
7198
8579
8611
8898
10166
11250
13144
14901
15670
15679
15945
16404
18577
19144
19226
21484
22174
22315
23791
24132
24337
27680
29041
31297
31855
32158
33261
33606
34066
35037
36359
37826
37937
39414
40603
41933
42091
43069
44539
44746
45348
45712
46390
Number of cuts: 48

Lillie
1622
2067
2961
5137
7116
7198
7806
8582
8591
8799
8939
10207
11291
14630
15399
15408
15674
16133
18306
18873
18955
20539
21213
21867
23820
24592
26553
26563
27396
28678
30937
31495
31798
32901
33246
33706
34677
35999
37457
37568
39045
40234
41564
41722
42700
44170
44377
44979
45343
Number of cuts: 49

Mahdia
1765
2133
2794
3659
3876
5349
6622
7033
7039
7761
8749
8865
10158
10545
11540
11865
12051
12813
13133
14496
15446
16005
16856
16939
18212
18707
19694
19934
19970
23037
24360
25105
26663
26819
28079
28565
29183
29864
30068
30494
31267
31491
31789
32038
32618
32739
36278
37400
37951
38038
38044
38603
38613
39582
40168
41314
41561
42074
Number of cuts: 58

Naiad
1622
2067
2961
5137
7116
7198
7806
8582
8591
8799
8939
11291
14630
15399
15408
15674
16133
18306
18873
18955
20539
21213
21867
22008
23833
24605
26566
26576
27409
28691
30950
31508
31811
32914
33259
33719
34690
36012
37479
37590
39067
40256
41586
41744
42722
44192
44399
45001
45365
Number of cuts: 49

Nancinator
1622
2067
2961
5137
7116
7198
7806
8582
8591
8799
8939
11291
14630
15399
15408
15674
16133
18306
18873
18955
20539
21213
21867
23820
24593
26554
26564
27397
28679
30351
30870
31428
31731
32834
33179
33639
34619
35941
36423
37399
37510
38591
38987
39573
40903
41061
42039
43509
43716
44318
44682
Number of cuts: 51

Natosaleda
1622
2067
2961
5137
7116
7198
7806
8582
8591
8799
8939
11291
14630
15399
15408
15674
16133
18306
18873
18955
20539
21213
21867
23820
24592
26553
26563
27396
28678
30350
30869
31427
31730
32833
33178
33638
34618
35940
36422
37398
37509
38590
38986
41504
41662
42640
44110
44317
44919
45283
Number of cuts: 50

Partridge
1681
2126
3029
4459
5196
7160
7242
8623
8655
8826
8966
11324
12691
14663
14806
15432
15441
15707
16166
18339
18906
18988
20572
21246
21900
22041
23526
23867
27479
28840
30578
30955
31097
31625
31655
31958
32590
32641
32740
33058
33403
34048
34975
36297
36474
36779
37756
37867
38948
39344
41599
41865
42023
42539
44652
44859
45418
45736
Number of cuts: 58

Pepy6
5946
7928
8854
10697
13189
14751
15170
19869
23055
28007
28049
29342
29390
30393
34036
36860
39715
45159
45369
45670
46173
49339
52198
57266
60602
62320
62881
66054
69832
70035
70675
71231
Number of cuts: 32

Peregrin
23548
28237
28461
32857
39605
46128
46776
59387
62604
63415
66016
72216
78657
81745
82457
91800
92615
99018
107501
108391
111422
115539
119765
121884
122255
126485
128835
Number of cuts: 27

Phrankenstein
1622
2067
2961
5137
7116
7198
7806
8582
8591
8799
8939
9441
10207
11291
14630
15399
15408
15674
16133
18306
18873
18955
20539
21213
21813
23766
24538
26499
26509
27342
28624
30364
30883
31441
31744
32847
33192
33652
34623
35945
37403
37514
38991
40180
41510
41668
42646
44116
44323
44925
45289
Number of cuts: 51

Pine5
721
2672
3345
4138
4414
4509
6124
6296
8542
9102
9512
12542
13917
17870
18366
18746
19180
19249
19389
19870
22847
23405
23445
26662
26749
27265
27559
27829
28808
29143
29541
30552
30693
30942
32646
33660
34822
34976
35077
35491
36137
39601
40089
41190
41200
41778
42113
43576
44524
46492
47422
48034
48769
49703
49838
50985
51614
51628
51704
52428
53311
53584
54038
54080
54371
56720
57235
57421
57734
Number of cuts: 69

Poco6
900
1145
4522
4826
12285
13936
14127
16640
17081
25068
30314
36061
41097
42101
44913
48375
52508
57482
60717
61312
61803
62442
67896
69564
69744
70577
70697
72494
72734
75467
Number of cuts: 30

Rasputin
1622
2067
2961
5137
7101
7183
8565
8597
8908
11260
12293
14599
15368
15377
15643
16102
18275
18842
20508
21182
21836
21977
23450
23791
26524
26534
27367
28649
30389
31466
31769
32872
33217
33677
34648
35970
37428
37539
39016
40205
41535
41693
42671
44141
44348
44950
45314
Number of cuts: 47

RER2
1622
2067
2961
5137
7116
7198
7806
8582
8591
8799
8939
10207
11291
14630
15399
15408
15674
16133
18306
18873
18955
20539
21213
21867
23480
23820
24592
26553
26563
27396
28678
30418
30937
31495
31798
32901
33246
33706
34677
35999
36481
37457
37568
39045
40234
41564
41722
42700
44170
44377
44979
45343
Number of cuts: 52

RexFury
1653
2098
2992
5168
7147
7229
7837
8613
8622
8830
8970
9472
10238
11322
12689
14661
15430
15439
15705
16164
18337
18904
18986
20570
21244
21898
23851
24623
26584
26594
27427
28709
30449
31526
31829
32932
33277
33737
34708
36030
36512
37488
37599
38680
39076
41594
41752
42730
44200
44407
45009
45373
Number of cuts: 52

RGL3
125
1837
2267
2963
3928
4135
4240
4441
5139
8473
8572
9407
9415
10176
10792
11262
12299
15167
15563
15838
16006
16744
17169
17400
19023
20815
20919
21075
21090
21327
21864
22038
22256
23289
23961
24303
27528
27538
27702
28383
28857
29313
31088
31499
32036
32135
33547
34502
35438
36532
36946
37943
38577
38927
40806
41670
41975
42237
42253
42364
42427
42994
43191
43920
45566
45755
46094
46496
46554
46640
46823
46871
Number of cuts: 72

Rhodalysa
1622
2067
2961
5137
7116
7198
7806
8582
8591
8799
8939
10207
11291
14630
15399
15408
15674
16133
18306
18873
18955
20539
21213
21867
23820
24592
26553
26563
27396
28678
30937
31495
31798
32901
33246
33706
34677
35999
37457
37568
39045
40234
41564
41722
42700
44170
44377
44979
45343
Number of cuts: 49

StCroix
1622
2067
2961
5137
7116
7198
7806
8582
8591
8799
8939
11291
14630
15399
15408
15674
16133
18306
18873
18955
20539
21213
21867
22008
23833
24605
26566
26576
27409
28691
30950
31508
31811
32914
33259
33719
34690
36012
37479
37590
39067
40256
41586
41744
42722
44192
44399
45001
45365
Number of cuts: 49

Swann
1622
2067
2961
5137
7116
7198
7806
8582
8591
8799
8939
10207
11291
14630
15399
15408
15674
16133
18306
18873
18955
20539
21213
21867
23820
24592
26553
26563
27396
28678
30935
31493
31796
32899
33244
33704
34675
35997
36479
37455
37566
39043
39978
40232
41562
41720
42698
44168
44375
44977
45341
Number of cuts: 51

Takoda
1615
2059
2953
4392
7093
7175
8556
8588
8759
8899
11251
14590
15359
15368
15634
16093
18266
18833
18915
20499
21173
21827
21968
22009
23452
23793
26526
26536
27369
28651
30325
30702
30844
31402
31705
32337
32388
32487
32531
32805
33150
34860
36182
37640
37751
38832
39228
41747
41905
42421
44496
44703
45263
45582
Number of cuts: 54

Trina
415
5683
9108
12401
14156
17716
18997
21120
21340
22921
25536
31352
31403
31937
32107
34223
36195
39011
41277
42452
45742
52421
57568
63301
74958
77139
83136
85714
86140
88880
89821
89929
93942
94227
99876
100350
107847
108482
111426
113357
115403
118882
119293
119802
123600
123646
128023
128724
128949
129270
134333
135823
136817
Number of cuts: 53

TWAMP
1622
2067
2961
5137
7116
7198
7806
8582
8591
8799
8939
10207
11291
14630
15399
15408
15674
16133
18306
18873
18955
20539
21213
21867
23820
24592
26553
26563
27396
28678
30937
31495
31798
32901
33246
33706
34677
35999
37457
37568
39045
40234
41564
41722
42700
44170
44377
44979
45343
Number of cuts: 49

UhSalsa
1622
2067
2961
5137
7116
7198
7806
8582
8591
8799
8939
11291
14630
15399
15408
15674
16133
18306
18873
18955
20539
21213
21867
23820
24593
26554
26564
27397
28679
30351
31428
31731
32834
33179
33639
34619
35941
36423
37399
37510
38591
38987
41505
41663
42641
44111
44318
44920
45284
Number of cuts: 49

Weasels2
3946
9261
21626
21985
26973
28236
28460
33030
40443
65512
68412
69270
70532
79497
81791
86498
90122
94374
96874
101715
104744
110770
114143
116666
121866
129202
129425
130977
Number of cuts: 28

Yogi
1622
2067
2961
3706
7101
7183
8564
8596
8907
11265
12298
14604
15373
15382
15648
16107
18280
18847
20513
21187
21841
21982
23794
24566
26527
26537
27370
28652
30392
30911
31469
31772
32875
33220
34648
35970
37808
37919
40585
41915
42073
43051
44521
44728
45330
45694
Number of cuts: 46

Yoncess
1622
2067
2961
3706
5137
7101
7183
8564
8596
8907
11265
14604
15373
15382
15648
16107
18280
18847
20132
20513
21187
21841
21982
23455
23795
24567
26528
26538
27371
28653
30172
30691
31249
31552
32655
33000
34431
35753
37211
37322
38403
38799
39988
41319
41477
42458
43929
44136
44738
45102
Number of cuts: 50

