Alatin
1184
1497
2379
3480
3758
6068
7262
7883
10282
14746
15964
16885
21082
23467
23590
24074
25369
25489
26504
27471
27515
28443
31638
32109
32590
33239
34592
35511
38665
39486
41693
43890
44298
46467
46522
Number of cuts: 35

Alpacados
1184
1497
2341
7209
7830
8391
10212
10877
13490
15758
16821
21018
23336
23459
23943
25238
26409
27376
27420
28348
31543
32014
33144
34494
35413
38558
39379
41516
42969
43713
44121
46288
46342
Number of cuts: 33

AngryOrchard
1177
1434
1490
2324
3425
3703
7192
7813
8374
9445
10195
10860
13473
15741
20113
20735
20867
21001
23454
25234
25354
26368
27379
27874
28307
31436
31907
33034
34654
35573
37288
38718
39539
40871
43086
43334
43932
44010
44340
46304
46447
Number of cuts: 41

AppleCloud
977
3189
3467
6956
7577
8138
9185
9780
9935
15787
20159
20913
21047
23404
23492
25244
25364
26379
27390
32969
35238
39201
40124
43607
44015
46183
46238
Number of cuts: 27

Belenaria
1184
1497
2379
3480
3758
6068
7262
7883
10282
15964
16885
21082
23400
23523
24007
25303
25423
26438
27405
27449
28377
31504
31975
32456
33105
34467
35386
39349
40272
43755
44163
46332
46387
Number of cuts: 33

BobbyDazzler
1184
2450
3551
7318
7939
8500
10321
10986
15867
16930
21127
23446
23569
24053
25348
25468
26483
27450
27494
28422
31617
32088
32569
33218
34571
35490
38635
39456
41664
43117
43861
43939
44269
46436
46490
Number of cuts: 35

Bonanza
1184
1497
2379
3480
7247
7868
8429
10250
10915
13528
15796
16859
21056
23374
23497
25276
25396
26411
27378
27422
28350
31545
32016
33146
34496
35415
38940
39761
41968
44165
44573
46727
46781
Number of cuts: 33

Bradshaw
1184
1497
2379
3480
3758
6068
7262
7883
10282
14746
15964
16885
21082
23400
23523
24007
25302
25422
26437
27404
27448
28376
31571
32042
32523
33172
34525
35444
38598
39419
41626
43823
44231
46310
46332
46399
46455
Number of cuts: 37

Bryce
1184
1497
2379
3480
7247
7868
8429
10250
10915
14720
15796
16859
21056
23375
23498
23982
25277
25397
26412
27423
28351
31325
31796
32277
32926
34279
35198
38343
39164
41372
42825
43569
43647
43977
46142
46196
Number of cuts: 36

ChewyVIII
1341
2428
2434
3319
4624
5139
5229
6142
7371
8055
8330
9188
11183
11968
20176
20652
23199
24301
26490
26523
26769
28029
31784
39551
42415
42940
43102
43665
46647
47568
48821
50361
52288
52914
53322
53980
54106
54373
56558
57632
58399
60106
60637
60643
61398
62910
68242
Number of cuts: 47

CosmicSans
1184
1497
2379
3480
3758
6068
7262
7883
10282
14746
15964
16885
21082
23400
23523
24007
25422
26437
27404
27448
28376
31571
32042
32523
33172
34525
35444
38589
39410
41617
43814
44222
46391
46445
Number of cuts: 34

Dinger
1179
1492
2375
3476
3754
7243
7864
8425
10246
13524
20164
20918
21052
23506
25286
25406
26421
27432
31440
31911
32923
33041
34667
35586
38731
39552
43104
43352
44028
44358
46323
46467
Number of cuts: 32

DocB7
1906
2609
4075
6650
7988
12610
23513
27264
30651
34266
34374
36141
40039
40151
42357
43068
43422
44650
45194
45755
46462
47218
60600
60948
61549
61557
62764
63492
65610
70610
73037
73852
75095
Number of cuts: 33

E3
2734
5355
6949
7405
7438
8781
9800
13403
13637
13862
17332
19629
19747
19945
20035
21498
23096
24659
24821
34521
37456
37645
38185
38535
39311
40806
45701
53948
54465
55052
59235
64222
70852
70894
71523
72142
76776
79739
80308
85671
87653
89025
89139
90191
91298
92339
94380
95468
95830
97868
98013
98112
98771
98858
100439
100486
101559
101778
103251
104351
104999
107490
108329
109260
110820
110847
112128
113960
115744
117326
118022
119293
121995
122463
124439
125286
125549
126595
127058
127088
127875
129500
130825
135464
136301
138465
138753
140006
141393
Number of cuts: 89

Erik
1184
1497
2379
3480
3758
6068
7262
7883
10281
14745
15963
16884
21081
23399
24005
25300
25420
26435
27402
27446
28374
31503
31974
32455
33104
34457
35376
38521
39342
41448
43645
44053
46223
46278
Number of cuts: 34

Espica
1184
1497
2379
3480
3758
6068
7262
7883
10282
14746
15964
16885
21082
23400
23523
24007
25303
25423
26438
27405
27449
28377
31504
31975
32456
33105
34467
35386
39349
40272
43755
44163
46331
46386
Number of cuts: 34

Finch
2304
4222
4970
7439
7979
8195
8989
9214
9409
9628
9871
10782
13880
16341
18045
20208
20326
20737
22256
24097
24602
24898
25873
28456
29286
30221
31022
32789
39336
40569
41551
42913
43081
44380
44608
44753
44816
46030
47233
48259
48382
48641
49177
50007
50340
51273
53283
53359
53679
53768
54445
54751
55039
55296
56601
57377
59829
61595
61847
62872
62980
65680
65836
66148
67693
68866
70016
70162
71464
71484
72460
76637
77354
77798
78305
78697
79480
79768
81641
81905
84071
84461
84790
85078
86620
87768
88890
89284
90525
94061
97075
98139
98753
99308
102299
103045
103080
104802
105219
105999
110240
110993
111163
112086
112743
113113
113259
113945
114097
115141
117871
118552
119155
119182
119695
120363
121050
124762
125262
127763
128102
128588
128727
129759
132919
133599
133839
135753
136305
136731
136839
138500
Number of cuts: 132

Gollum
1184
1497
2379
3480
3758
6068
7262
7883
10282
14746
15964
16885
21082
23400
23523
24007
25302
25422
26437
27404
27448
28376
31569
32040
32521
33170
34523
35442
39405
41559
43756
44164
46330
46384
Number of cuts: 34

Grayson
5062
10588
14345
15487
18728
19371
19614
24119
33715
33997
34361
34803
38385
40636
41336
42413
45334
56124
65544
67195
83426
85304
94969
97483
103289
104207
105417
106076
114916
115646
117937
Number of cuts: 31

Harlequin
1184
1497
2379
3480
3758
7868
8429
9476
10226
10891
14696
15772
16835
21032
23405
23528
24012
25307
25427
26442
27453
28381
31355
31826
32307
32956
34309
35228
38373
39194
41407
42860
43604
43682
44012
46178
46232
Number of cuts: 37

Hiro
1184
1497
2379
3480
7247
7868
8429
9476
10071
10226
16078
19563
20450
21204
21338
23695
23783
24267
25562
25682
26697
27664
27708
28636
31831
32302
32783
33432
34785
35704
38849
39670
41878
43331
44075
44153
44483
46650
46703
Number of cuts: 39

Jace
249
3461
7286
8460
10311
11746
13180
13347
14100
14466
16658
16670
17677
18308
19456
19564
20769
21598
25489
26480
26582
27221
28638
28640
30867
31239
31334
33941
36336
37842
38277
39539
40176
41185
42113
43541
47276
48163
49888
50273
50927
52241
Number of cuts: 42

Jester
1184
1497
2379
3480
3758
7868
8429
9476
10226
15766
21026
23336
23459
23943
25238
25358
26373
27384
28312
31286
31757
32238
32887
34240
35159
38304
39125
41338
42791
43535
43613
43943
46109
46163
Number of cuts: 34

Krishelle
1184
1497
2379
3480
3758
6068
7262
7883
8444
9491
10086
10241
16093
20465
21219
21353
23746
23834
25586
25706
26721
27732
31931
32402
32883
33532
34885
35804
38958
39779
41986
44183
44591
46702
46836
46848
46855
46862
Number of cuts: 38

Lillie
1184
1497
2379
3480
3758
6068
7262
7883
10282
14746
15964
16885
21082
23400
23523
24007
25422
26437
27404
27448
28376
31571
32042
32523
33172
34525
35444
38589
39410
41617
43814
44222
46391
46445
Number of cuts: 34

Mahdia
1653
2823
3815
5871
10359
12636
15408
15885
18658
18665
20280
21568
25301
27521
27527
27896
29820
30189
32894
34065
36871
37736
38760
40072
40953
41935
Number of cuts: 26

Naiad
1184
1497
2379
3480
3758
6068
7262
7883
10282
14746
15964
16885
21082
23413
23536
24020
25315
25435
26450
27417
27461
28389
31584
32055
32536
33185
34538
35457
38611
39432
41639
43836
44244
46413
46468
Number of cuts: 35

Nancinator
1184
1497
2379
3480
3758
6068
7262
7883
10282
14746
15964
16885
21082
23400
23523
24007
25303
25423
26438
27405
27449
28377
31504
31975
32456
33105
34467
35386
39349
40956
43153
43561
45730
45785
Number of cuts: 34

Natosaleda
1184
1497
2379
3480
3758
6068
7262
7883
10282
14746
15964
16885
21082
23400
23523
24007
25302
25422
26437
27404
27448
28376
31503
31974
32455
33104
34466
35385
39348
40271
43754
44162
46322
46376
Number of cuts: 34

Partridge
1177
1490
2438
3539
3817
7306
7927
8488
10309
13587
20227
20981
21115
23569
25349
25469
26520
27531
31731
32202
33211
33329
34823
35742
38888
39709
43450
43698
44296
44374
44704
46668
46812
Number of cuts: 33

Pepy6
450
1464
3098
3225
17287
26889
28280
37730
38397
53349
55249
57611
58996
61586
62714
63023
63535
65262
66300
68784
69991
71536
72827
74001
Number of cuts: 24

Peregrin
1306
1620
13677
14845
17962
18280
18923
19166
23285
29424
32497
32779
33585
37167
39416
40116
44114
52645
54907
73706
75015
85381
92654
93984
96513
98395
99063
103691
105070
105838
106497
107764
112966
113347
118715
131375
131689
Number of cuts: 37

Phrankenstein
1184
1497
2379
3480
3758
6068
7262
7883
10282
14746
15964
16885
21082
23346
23469
23953
25368
26383
27350
27394
28322
31517
31988
32469
33118
34471
35390
38535
39356
41563
43016
43760
44168
46336
46390
Number of cuts: 35

Pine5
1166
1487
4937
8644
9940
13543
15104
15896
16139
16735
21478
22929
23553
27265
27352
28230
28296
29188
30462
30588
32493
33015
33252
34967
35839
37015
37468
37789
39649
40165
40711
42506
44320
44936
45507
45552
45660
47114
47468
52633
54173
54290
56406
56910
58299
Number of cuts: 45

Poco6
450
4940
7638
30299
37316
41724
41959
48159
54722
54857
55205
58953
59207
60172
60855
63613
63868
64387
66009
68720
70083
71988
72799
Number of cuts: 23

Rasputin
1184
1497
2379
3480
3758
7247
7868
8430
9501
10251
10910
15791
16854
21051
23493
25273
26408
27375
27419
31542
32013
32494
33143
34496
35415
38560
39381
41588
43785
44193
46363
46418
Number of cuts: 32

RER2
1184
1497
2379
3480
3758
6068
7262
7883
10282
14746
15964
16885
21082
23400
23523
24007
25302
25422
26437
27404
27448
28376
31571
32042
32523
33172
34525
35444
38589
39410
41617
43814
44222
46445
Number of cuts: 34

RexFury
1215
1528
2410
3511
3789
6099
7293
7914
10313
14777
15995
16916
21113
23431
23554
24038
25333
26468
27435
27479
28407
31602
32073
32554
33203
34556
35475
39438
40361
43844
44252
46421
46476
Number of cuts: 33

RGL3
2381
3482
7253
7873
10251
12087
12801
13466
13980
17049
22867
24004
25662
25793
25913
28896
28930
31878
32241
36400
36506
39380
45281
47775
47983
Number of cuts: 25

Rhodalysa
1184
1497
2379
3480
3758
6068
7262
7883
10282
14746
15964
16885
21082
23400
23523
24007
25422
26437
27404
27448
28376
31571
32042
32523
33172
34525
35444
38589
39410
41617
43814
44222
46391
46445
Number of cuts: 34

StCroix
1184
1497
2379
3480
3758
6068
7262
7883
10282
14746
15964
16885
21082
23413
23536
24020
25315
25435
26450
27417
27461
28389
31584
32055
32536
33185
34538
35457
38611
39432
41639
43836
44244
46413
46468
Number of cuts: 35

Swann
1184
1497
2379
3480
3758
6068
7262
7883
10282
14746
15964
16885
21082
23400
23523
24007
25302
26437
27404
27448
31569
32040
32521
33170
34523
35442
38587
39408
41615
43812
44220
46390
46445
Number of cuts: 33

Takoda
1177
1490
2371
3472
3750
7239
7860
8421
10087
10242
10901
13514
15782
20154
20776
20908
21042
23495
25275
25395
26410
27421
27916
28349
31478
31949
33076
34708
35627
38772
39593
43140
43542
44140
44218
44548
46513
46657
Number of cuts: 38

Trina
2054
4759
11241
11303
11728
12472
13044
14309
14405
16609
17265
17624
18319
21975
24661
25261
26751
27800
28371
32557
32676
33076
35279
36196
36282
38010
41776
42365
44733
51442
51827
52582
54151
54361
56986
59559
60348
62187
68276
69177
75281
78364
79596
80751
82149
82150
82673
83343
85594
90774
92053
92092
101934
103523
104818
104829
111206
111879
112031
115612
117455
119053
122707
125572
128319
130275
132665
135190
136076
138456
Number of cuts: 70

TWAMP
1184
1497
2379
3480
3758
6068
7262
7883
10282
14746
15964
16885
21082
23400
23523
24007
25422
26437
27404
27448
28376
31571
32042
32523
33172
34525
35444
38589
39410
41617
43814
44222
46391
46445
Number of cuts: 34

UhSalsa
1184
1497
2379
3480
3758
6068
7262
7883
10282
14746
15964
16885
21082
23400
23523
24007
25303
25423
26438
27405
27449
28377
31504
31975
32456
33105
34467
35386
39349
40272
43755
44163
46332
46388
Number of cuts: 34

Weasels2
9552
15788
18844
19739
33324
33606
35025
40260
40657
47032
47944
54176
71251
75060
76564
82781
83711
86217
101082
102987
106531
107255
108106
108732
109691
123360
130985
Number of cuts: 27

Yogi
1184
1497
2379
3480
7247
7868
8429
10250
10915
13528
15796
16859
21056
23374
23497
25276
25396
26411
27378
27422
28350
31545
32016
33146
34496
35415
38940
39761
41968
44165
44573
46725
46779
Number of cuts: 33

Yoncess
1184
1497
2379
3480
7247
7868
8429
10250
10915
15796
16859
21056
23375
23498
23982
25277
25397
26412
27379
27423
28351
31325
31796
32277
32926
34279
35198
38343
39164
41372
43573
43651
43981
46148
46202
Number of cuts: 35

