Alatin
674
1377
2773
3538
4032
4635
4712
5039
5546
5612
5681
6341
6464
6730
6913
7464
7803
8459
8831
9401
10498
10693
11577
13970
14604
14800
15058
15067
15190
15442
15519
15804
16730
16756
16865
17006
17418
18061
18339
18548
18988
19101
19896
20965
22048
22600
22850
22852
22870
23128
23736
24459
24927
25641
27257
27410
27734
27896
28905
29653
30030
30282
30363
30620
34476
34635
34885
35020
35330
35675
35729
36509
38834
39834
40397
41255
41308
41696
42528
42774
43654
44578
Number of cuts: 82

Alpacados
674
1377
2735
3500
3994
4597
4674
5001
5508
5574
5643
6288
6411
7411
7750
8761
10623
11513
13906
14540
14736
14994
15003
15126
15455
15740
16220
16666
16692
16801
16875
16942
17107
17997
18275
18484
18924
19832
20901
22145
22178
22719
22997
23605
24328
24796
25347
25492
25546
26084
26189
27162
27315
27639
27801
28810
29558
29935
30187
30268
30525
34378
34537
34787
34922
35232
35577
35631
36402
38727
39727
40220
41078
41131
41519
42351
42597
42626
43477
43848
44401
45992
Number of cuts: 82

AngryOrchard
669
2718
3977
4580
4657
4984
5491
5557
6271
6394
6660
6843
7394
7733
8744
9314
10606
10681
11496
13889
14523
14719
14977
14986
15109
15438
15723
16203
16649
16675
16784
16858
16925
17337
17980
18258
18467
18907
19020
19815
22128
22464
22716
22734
22992
23600
24324
24792
25452
25506
27025
27121
27274
27598
27760
28769
29517
30080
30161
30418
32566
33509
33560
34538
34697
34947
35082
35392
35737
35791
36562
38887
39889
40057
40665
41309
41362
41749
42388
42612
42846
43255
43699
44067
44620
45057
46097
46222
Number of cuts: 88

AppleCloud
469
2482
3247
3741
4344
4748
5255
5321
5390
6035
6158
6424
7158
7497
8496
9054
10346
11230
12689
13935
14569
14765
15023
15032
15155
15484
15769
16249
16721
16830
16904
16971
17383
18026
18304
18513
18953
19861
22727
23048
23171
23638
24074
24334
24802
25462
25516
26054
26159
27132
27285
27609
27771
28859
29604
30012
30093
30350
31476
34362
34612
34747
35057
35402
35456
36227
38552
38590
39549
39717
40972
41025
41413
42245
42491
43371
44295
Number of cuts: 77

Belenaria
674
1377
2773
3538
4032
4635
4712
5039
5546
5612
5681
6341
6464
6730
6913
7464
7803
8459
8831
9401
10498
10693
11577
13970
14604
14800
15058
15067
15190
15442
15519
15804
16730
16756
16865
17006
17418
18061
18339
18548
18988
19101
19896
20965
21994
22209
22242
22783
22785
22803
23061
23669
24393
24861
25521
25575
27344
27668
27830
28839
29585
30148
30229
30486
34351
34510
34760
34895
35205
35550
35604
36375
38700
38738
39697
39865
41120
41173
41561
42393
42639
43519
44443
Number of cuts: 83

BobbyDazzler
674
2844
3609
4103
4706
4783
5110
5617
5752
6397
6520
6969
7520
7859
8870
9440
10732
11622
14015
14649
14845
15103
15112
15235
15564
15849
16329
16775
16801
16910
16984
17051
17216
18106
18384
18593
19033
21010
22255
22288
23107
23715
24438
24906
25620
26158
26263
27236
27389
27713
27875
28884
29632
30009
30261
30342
30599
34455
34614
34864
34999
35309
35654
35708
36479
38804
39804
40367
41225
41278
41667
42499
42774
43625
43996
44549
46140
Number of cuts: 77

Bonanza
674
1377
2773
3538
4032
4635
4712
5039
5546
5612
5681
6326
6449
6898
7449
7788
8799
10661
11551
13944
14578
14774
15032
15041
15164
15493
15778
16258
16704
16730
16839
16913
16980
17145
18035
18313
18522
18962
20939
21493
22183
22216
22757
22759
23035
23643
24366
24834
25548
26086
26191
27164
27317
27641
27803
28812
29560
29937
30189
30270
30527
34380
34539
34789
34924
35234
35579
35633
39109
40109
40672
41530
41583
41971
42803
43049
43078
43929
44300
44853
46429
Number of cuts: 81

Bradshaw
674
1377
2773
3538
4032
4635
4712
5039
5546
5612
5681
6341
6464
6730
6913
7464
7803
8459
8831
9401
10498
10693
11577
13970
14604
14800
15058
15067
15190
15442
15519
15804
16730
16756
16865
17006
17418
18061
18339
18548
18988
19101
19896
20965
21994
22209
22242
22783
22785
22803
23061
23669
24392
24860
25574
27190
27343
27667
27829
28838
29586
29963
30215
30296
30553
34409
34568
34818
34953
35263
35608
35662
36442
38767
39767
40330
41188
41241
41629
42461
42707
43587
44511
46102
46227
Number of cuts: 85

Bryce
674
1377
2773
3538
4032
4635
4712
5039
5546
5612
5681
6326
6449
6898
7449
7788
8799
10661
11551
13944
14578
14774
15032
15041
15164
15493
15778
16258
16704
16730
16839
16913
16980
17145
18035
18313
18522
18962
20939
22184
22217
23036
23644
24367
24835
25549
26192
27165
27318
27642
27804
28813
29561
29969
30050
30307
34163
34322
34572
34707
35017
35362
35416
36187
38512
38550
39512
40075
40933
40986
41375
42207
42482
43333
43704
44257
45848
Number of cuts: 77

ChewyVIII
45
504
871
970
2458
4311
4603
5874
7026
7335
8098
8983
9384
13220
13254
14234
14384
14637
15182
15871
17009
17317
17437
20296
20344
21593
21837
22368
22404
23147
23287
23717
23780
23923
23944
24726
24867
25295
25696
27964
28334
28572
28825
32103
32531
32840
32861
33917
34172
36320
36722
37390
40124
40716
41146
41295
42577
43232
43414
45639
46362
46500
47670
48968
49264
50531
51774
52200
53624
53815
54778
58392
58801
58912
59292
60400
62141
63143
68069
Number of cuts: 79

CosmicSans
674
1377
2773
3538
4032
4635
4712
5039
5546
5612
5681
6341
6464
6730
6913
7464
7803
8459
8831
9401
10498
10693
11577
13970
14604
14800
15058
15067
15190
15442
15519
15804
16730
16756
16865
17006
17418
18061
18339
18548
18988
19101
19896
20965
21994
22209
22242
22783
22785
22803
23061
23669
24392
24860
25520
25574
27190
27343
27667
27829
28838
29586
29963
30215
30296
30553
34409
34568
34818
34953
35263
35608
35662
36433
38758
39758
40321
41179
41232
41620
42452
42698
43578
44502
46093
Number of cuts: 85

Dinger
671
2769
3534
4028
4631
4708
5035
5542
5608
6322
6445
6711
6894
7445
7784
9365
10657
10732
11547
13940
14574
15028
15037
15160
15489
15774
16254
16700
16726
16835
16909
16976
17388
18031
18309
18518
18958
19071
19866
20935
21964
22516
22766
22768
22786
23044
23652
24376
24844
25504
25558
26096
26201
27174
27327
27651
27813
28901
29647
30084
30165
30422
31470
32207
33516
33567
34551
34710
34960
35095
35405
36575
37326
38900
39902
40070
40579
41323
42406
42630
42864
43273
43717
44085
44638
45075
46241
Number of cuts: 87

DocB7
20242
71802
Number of cuts:  2

E3
414
1588
3389
4201
5293
5396
8254
8491
8581
8740
8776
10698
11132
11150
11288
14296
14482
14695
14781
17417
17612
18060
19473
19663
23303
24320
24798
25330
31106
34357
35271
35761
36509
37625
38200
39544
40486
42829
43468
45651
51633
52099
55473
57309
57351
58061
60247
60545
61098
64840
65151
67253
67454
67616
68460
68891
70310
70520
70806
73217
74216
74930
75811
76373
79973
81083
83096
83835
83949
84415
85486
85915
87058
87767
88935
90425
90596
90878
90929
91285
92424
92517
93702
96076
97176
97236
98023
99357
101737
102736
103984
104312
106119
108660
109207
109626
110034
111303
112204
112389
113292
113339
113352
113694
116044
116260
116546
116849
118622
119978
120128
120592
120818
121567
122677
123104
125595
125603
128589
128598
128658
130301
131230
132298
134561
140657
Number of cuts: 126

Erik
674
1377
2773
3538
4032
4635
4712
5039
5546
5612
5681
6341
6464
6730
6913
7464
7803
8459
8830
9400
10497
10692
11576
13969
14603
14799
15057
15066
15189
15441
15518
15803
16729
16755
16864
17005
17417
18060
18338
18547
18987
19100
19895
20964
21993
22208
22241
22782
22784
22802
23060
23667
24390
24858
25518
25572
27341
27665
27827
28836
29584
30147
30228
30485
34341
34500
34750
34885
35195
35540
35594
36365
38690
39690
41010
41063
41451
42283
42529
43409
43780
44333
Number of cuts: 82

Espica
674
1377
2773
3538
4032
4635
4712
5039
5546
5612
5681
6341
6464
6730
6913
7464
7803
8459
8831
9401
10498
10693
11577
13970
14604
14800
15058
15067
15190
15442
15519
15804
16730
16756
16865
17006
17418
18061
18339
18548
18988
19101
19896
20965
21994
22209
22242
22783
22785
22803
23061
23669
24393
24861
25521
25575
27344
27668
27830
28839
29585
30148
30229
30486
34351
34510
34760
34895
35205
35550
35604
36375
38700
38738
39697
39865
41120
41173
41561
42393
42639
43519
44443
Number of cuts: 83

Finch
205
541
1411
1483
1756
1771
2683
4175
4196
4435
5942
7307
7623
7836
8837
8840
9335
9428
10056
10169
10203
10461
10636
10873
11185
11655
12070
12280
13458
13926
13956
14036
14832
17494
19041
19215
22638
22994
23114
23324
24056
26797
27470
28637
29666
30807
31271
32076
32261
32987
33676
35271
35469
35643
35977
36814
37428
37878
38821
38979
39199
40454
40927
41570
41672
42071
42092
42116
42977
43424
44028
45932
45938
46334
46738
47186
47761
49699
49966
50755
51067
51463
51697
53140
53982
54138
54417
55049
55233
55398
55959
56746
57052
58091
58152
58663
58876
59321
59725
60596
60650
60902
61049
61202
62064
62648
62810
66971
67949
68567
68684
68709
69805
69871
70499
70567
71026
71085
71876
72455
73425
73674
75821
76055
77057
77565
78559
78905
80022
80241
81273
81432
82473
82695
82883
83394
83604
84141
84955
85012
86078
87067
87804
87925
88547
89174
89360
89898
90305
90835
91460
91634
91933
92007
92079
92531
92995
93565
94614
94699
94996
95250
96993
97666
97948
99408
99582
99646
100353
100745
100830
101061
101286
101424
102162
102225
102309
102868
102886
103264
104077
105161
105527
106443
106801
106940
107032
107256
107620
107984
108421
108957
109086
109954
110040
110301
110397
110836
111446
112257
112615
114033
115381
115984
116074
117201
118484
119084
119639
121081
121504
121675
122643
122664
124211
124454
124841
125200
125323
125545
125575
125584
126037
126302
126535
126592
127758
128321
129106
129458
129635
130382
130447
130721
130934
131033
131252
131342
131666
131717
132080
132701
136048
137812
Number of cuts: 244

Gollum
674
1377
2773
3538
4032
4635
4712
5039
5546
5612
5681
6341
6464
6730
6913
7464
7803
8459
8831
9401
10498
10693
11577
13970
14604
14800
15058
15067
15190
15442
15519
15804
16284
16730
16756
16865
17006
17418
18061
18339
18548
18988
19101
19896
20965
21994
22209
22242
22783
22785
22803
23061
23669
24392
24860
25520
25574
27190
27343
27667
27829
28838
29584
29961
30213
30551
34407
34566
34816
34951
35261
35606
35660
36431
38756
38794
39753
40263
41121
41174
41562
42394
42640
43520
43891
44444
Number of cuts: 86

Grayson
96
13785
33382
36306
41584
42887
53315
77156
115412
115826
119436
122581
128030
128055
128997
Number of cuts: 15

Harlequin
674
1377
2773
3538
4032
4635
5039
5546
5612
6326
6449
6715
6898
7449
7788
8787
9345
10637
11527
13920
14554
14750
15008
15017
15140
15469
15754
16234
16680
16706
16815
16889
16956
17121
18011
18289
18498
18938
20915
22214
22247
23066
23674
24397
24865
25579
26222
27195
27348
27672
27834
28843
29591
29999
30080
30337
34193
34352
34602
34737
35047
35392
35446
36217
38542
39544
39712
40968
41410
42242
42517
43368
43739
44292
45883
Number of cuts: 75

Hiro
674
1377
2773
3538
4032
4635
4712
5039
5546
5681
6326
6449
6898
7449
7788
8787
9345
10637
11521
12980
14226
14860
15056
15314
15323
15446
15775
16060
16540
17012
17121
17195
17262
17674
18317
18595
18804
19244
19357
20152
23462
23929
24652
25120
25834
26372
26477
27450
27603
27927
28089
29098
29846
30223
30475
30813
34669
34828
35078
35213
35523
35868
35922
36693
39018
40018
40581
41439
41492
41881
42713
42988
43839
44210
44763
46354
Number of cuts: 76

Jace
29073
Number of cuts:  1

Jester
674
1377
2773
3538
4032
4635
5039
5546
5612
6326
6449
6715
6898
7449
7788
8787
9345
10637
11521
13914
14548
15002
15011
15134
15463
15748
16228
16700
16809
16883
16950
17362
18005
18283
18492
18932
20909
22145
22178
22997
23605
24328
24796
25510
26153
27126
27279
27603
27765
28774
29522
29930
30011
30268
34124
34283
34533
34668
34978
35323
35377
36148
38473
39475
39643
40899
41341
42173
42448
43299
43670
44223
45814
Number of cuts: 73

Krishelle
674
1377
2773
3538
4032
4635
4712
5039
5546
5612
5681
6341
6464
6730
6913
7464
7803
8802
9360
10652
11536
12995
14241
14875
15071
15329
15338
15461
15790
16075
16555
17027
17136
17210
17277
17689
18332
18610
18819
19259
20167
23069
23390
23513
23980
24416
24676
25144
25804
25858
26396
26501
27474
27627
27951
28113
29201
29946
30323
30575
30656
30913
34769
34928
35178
35313
35623
35968
36022
36802
39127
40127
40690
41548
41601
41989
42821
43067
43947
44871
46621
Number of cuts: 81

Lillie
674
1377
2773
3538
4032
4635
4712
5039
5546
5612
5681
6341
6464
6730
6913
7464
7803
8459
8831
9401
10498
10693
11577
13970
14604
14800
15058
15067
15190
15442
15519
15804
16730
16756
16865
17006
17418
18061
18339
18548
18988
19101
19896
20965
21994
22209
22242
22783
22785
22803
23061
23669
24392
24860
25520
25574
27190
27343
27667
27829
28838
29586
29963
30215
30296
30553
34409
34568
34818
34953
35263
35608
35662
36433
38758
39758
40321
41179
41232
41620
42452
42698
43578
44502
46093
Number of cuts: 85

Mahdia
179
754
952
1459
1645
1757
2277
2452
2883
2909
2926
3127
3428
3508
3529
3801
3945
3945
4149
4179
4395
4630
5542
6326
6590
6754
6880
7091
7175
7948
9606
9751
9976
10453
10477
10912
11034
11161
11272
11833
12148
12388
12922
14305
14356
14442
14510
14752
14851
14884
15514
16105
16387
16496
17557
18009
18474
18965
19528
19758
19907
20031
20088
20836
20880
21125
21437
22022
22369
23141
23162
23312
24163
24211
24268
24705
24819
24932
25433
25687
25818
25950
25968
26016
26325
26505
27711
28074
28131
28596
28659
29019
29509
29613
29728
29811
29842
30000
30300
30774
32014
32220
32349
32407
32820
32898
33144
33270
33426
33642
33813
34095
34263
34677
35198
35275
35344
35416
35608
35665
35761
35988
36409
36758
37271
37346
37457
37616
37637
37731
38027
38085
38200
38335
38474
38572
38580
38638
38811
38835
38958
39046
39379
40683
40849
41155
41327
41757
42385
Number of cuts: 149

Naiad
674
1377
2773
3538
4032
4635
4712
5039
5546
5612
5681
6341
6464
6730
6913
7464
7803
8459
8831
9401
10498
10693
11577
13970
14604
14800
15058
15067
15190
15442
15519
15804
16730
16756
16865
17006
17418
18061
18339
18548
18988
19101
19896
20965
21994
22546
22796
22798
22816
23074
23682
24405
24873
25587
27203
27356
27680
27842
28851
29599
29976
30228
30309
30566
34422
34581
34831
34966
35276
35621
35675
36455
38780
39780
40343
41201
41254
41642
42474
42720
43600
44524
Number of cuts: 82

Nancinator
674
1377
2773
3538
4032
4635
4712
5039
5546
5612
5681
6341
6464
6730
6913
7464
7803
8459
8831
9401
10498
10693
11577
13970
14604
14800
15058
15067
15190
15442
15519
15804
16730
16756
16865
17006
17418
18061
18339
18548
18988
19101
19896
20965
21994
22209
22242
22783
22785
22803
23061
23669
24393
24861
25521
25575
27344
27668
27830
28839
29585
30148
30229
30486
34351
34510
34760
34895
35205
35550
35604
36375
38700
38738
39660
40518
40571
40959
41791
42037
42917
43841
Number of cuts: 82

Natosaleda
674
1377
2773
3538
4032
4635
4712
5039
5546
5612
5681
6341
6464
6730
6913
7464
7803
8459
8831
9401
10498
10693
11577
13970
14604
14800
15058
15067
15190
15442
15519
15804
16730
16756
16865
17006
17418
18061
18339
18548
18988
19101
19896
20965
21994
22209
22242
22783
22785
22803
23061
23669
24392
24860
25520
25574
27343
27667
27829
28838
29584
30147
30228
30485
34350
34509
34759
34894
35204
35549
35603
36374
38699
38737
39696
39864
41119
41172
41560
42392
42638
43518
44442
46025
Number of cuts: 84

Partridge
669
1370
2832
3597
4091
4694
4771
5098
5605
5671
6385
6508
6774
6957
7508
7847
9428
10720
10795
11610
14003
14637
15091
15100
15223
15552
15837
16317
16763
16789
16898
16972
17039
17451
18094
18372
18581
19021
19134
19929
20998
22027
22579
22829
22831
22849
23107
23715
24907
25603
25657
26195
27273
27426
27750
27912
29000
29746
30375
30456
30713
32498
32861
33804
33855
34707
34866
35116
35251
35561
36289
36731
37483
39057
40059
40227
40736
41480
42560
42976
43210
43619
44063
44431
44984
45420
46586
Number of cuts: 87

Pepy6
2489
2950
6316
8149
9322
11371
11516
11826
12016
12689
14544
14698
19045
19493
19978
21598
22737
24611
25830
25944
27010
27116
29463
32858
33258
33476
33697
34402
39511
39725
40384
41756
42078
43408
43834
44281
44537
48612
49468
50050
51096
52061
52679
54106
55989
56530
58085
60401
60556
63043
65289
66296
67624
69298
69597
71584
72752
73372
76067
Number of cuts: 59

Peregrin
41667
122999
Number of cuts:  2

Phrankenstein
674
1377
2773
3538
4032
4635
4712
5039
5546
5612
5681
6341
6464
6730
6913
7464
7803
8459
8831
9401
10498
10693
11577
13970
14604
14800
15058
15067
15190
15442
15519
15804
16730
16756
16865
17006
17418
18061
18339
18548
18988
19101
19896
20965
21940
22155
22188
22729
22731
22749
23007
23615
24338
24806
25466
25520
27136
27289
27613
27775
28784
29532
29909
30161
30242
30499
34355
34514
34764
34899
35209
35554
35608
36379
38704
39704
40267
41125
41178
41566
42398
42644
43524
44448
46164
Number of cuts: 85

Pine5
369
840
846
2287
2998
3073
3179
3989
5255
7019
7196
7577
8180
9014
9143
9302
10151
10496
11016
11902
11968
12187
12277
12637
12802
13097
13667
16874
17600
17759
18257
19379
19538
20175
20307
22606
23050
24634
24997
25938
25990
27102
27260
27338
27839
28408
30970
31206
31939
33772
35489
35773
35979
38131
39802
39931
40240
40267
41284
42506
43148
43337
44921
45903
47138
49248
49588
50032
50206
51771
52378
52424
52580
53420
53561
54345
55536
55765
57491
57585
Number of cuts: 80

Poco6
203
1920
3491
4002
5290
5357
5946
7132
8170
8428
9100
9625
10012
10879
12753
15339
16140
19066
20102
20420
20462
21287
24762
26624
27843
27957
28086
29129
29444
34883
36298
38530
45658
46814
47222
49338
51562
52939
53570
54187
55520
57497
60571
61757
62960
67449
68131
68550
68761
72847
75923
Number of cuts: 51

Rasputin
674
1377
2773
3538
4032
4635
4712
5039
5546
5681
6326
6449
6898
7449
7788
8800
10662
11546
13939
14573
14769
15027
15036
15159
15488
15773
16253
16699
16725
16834
16908
16975
17140
18030
18308
18517
18957
22179
22212
22753
22755
23031
23639
24363
24831
25382
25491
25545
27314
27638
27800
28809
29557
29934
30186
30524
34380
34539
34789
34924
35234
35579
35633
36404
38729
39729
40292
41150
41203
41591
42423
42669
43549
44473
Number of cuts: 74

RER2
674
1377
2773
3538
4032
4635
4712
5039
5546
5612
5681
6341
6464
6730
6913
7464
7803
8459
8831
9401
10498
10693
11577
13970
14604
14800
15058
15067
15190
15442
15519
15804
16284
16730
16756
16865
17006
17418
18061
18339
18548
18988
19101
19896
20965
21994
22209
22242
22783
23061
23669
24392
24860
25574
26112
26217
27190
27343
27667
27829
28838
29586
29963
30215
30296
30553
34409
34568
34818
34953
35263
35608
35662
38758
39758
40321
41179
41232
41620
42452
42698
43578
44502
Number of cuts: 83

RexFury
705
1408
2804
3569
4063
4666
4743
5070
5577
5643
5712
6372
6495
6761
6944
7495
7834
8490
8862
9432
10724
11608
14001
14635
14831
15089
15098
15221
15473
15550
15835
16315
16761
16787
16896
17037
17449
18092
18370
18579
19019
19132
19927
20996
22025
22240
22273
22814
22816
22834
23092
23700
24423
24891
25442
25551
25605
27221
27374
27698
27860
28869
29617
29994
30246
30584
34440
34599
34849
34984
35294
35639
35693
36464
38789
38827
39786
39954
41209
41262
41650
42482
42728
43608
43979
44532
Number of cuts: 86

RGL3
661
1358
1967
2775
3365
4034
4637
5083
5548
5614
5683
6004
6414
6723
7455
7793
9059
9367
10662
11573
11872
13207
14352
14828
14958
15216
15348
15606
15968
16920
17170
18710
18943
19138
19541
20024
20043
21089
21203
22580
23239
23560
23683
25632
26178
26542
26704
26785
26845
26886
27664
28246
28330
28654
28816
29263
29284
29594
29777
30096
30421
30484
30885
30966
31223
31534
31875
32271
32319
32349
33095
33320
33347
35862
36713
37061
38218
38257
38722
39081
39549
40542
40564
40621
40732
41743
42277
42590
43034
44033
44784
44934
45048
45181
45417
45957
46287
46983
47728
Number of cuts: 99

Rhodalysa
674
1377
2773
3538
4032
4635
4712
5039
5546
5612
5681
6341
6464
6730
6913
7464
7803
8459
8831
9401
10498
10693
11577
13970
14604
14800
15058
15067
15190
15442
15519
15804
16730
16756
16865
17006
17418
18061
18339
18548
18988
19101
19896
20965
21994
22209
22242
22783
22785
22803
23061
23669
24392
24860
25520
25574
27190
27343
27667
27829
28838
29586
29963
30215
30296
30553
34409
34568
34818
34953
35263
35608
35662
36433
38758
39758
40321
41179
41232
41620
42452
42698
43578
44502
46093
Number of cuts: 85

StCroix
674
1377
2773
3538
4032
4635
4712
5039
5546
5612
5681
6341
6464
6730
6913
7464
7803
8459
8831
9401
10498
10693
11577
13970
14604
14800
15058
15067
15190
15442
15519
15804
16730
16756
16865
17006
17418
18061
18339
18548
18988
19101
19896
20965
21994
22546
22796
22798
22816
23074
23682
24405
24873
25587
27203
27356
27680
27842
28851
29599
29976
30228
30309
30566
34422
34581
34831
34966
35276
35621
35675
36455
38780
39780
40343
41201
41254
41642
42474
42720
43600
44524
Number of cuts: 82

Swann
674
1377
2773
3538
4032
4635
4712
5039
5546
5612
5681
6341
6464
6730
6913
7464
7803
8459
8831
9401
10498
10693
11577
13970
14604
14800
15058
15067
15190
15442
15519
15804
16730
16756
16865
17006
17418
18061
18339
18548
18988
19101
19896
20965
21994
22209
22242
22783
22785
22803
23061
23669
24392
24860
25411
25520
25574
27190
27343
27667
27829
28838
29584
29961
30213
30294
30551
34407
34566
34816
34951
35261
35606
35660
38756
39756
40319
41177
41230
41618
42450
42696
43576
44500
Number of cuts: 84

Takoda
669
2765
4024
4704
5031
5538
5604
6318
6441
6707
6890
7441
7780
8791
9361
10653
10728
11537
13930
14564
14760
15018
15027
15150
15479
15764
16244
16690
16716
16825
16899
16966
17378
18021
18299
18508
18948
19061
19856
22169
22505
22757
22775
23033
23641
24365
24833
25493
25547
26085
26190
27067
27163
27316
27640
28811
29559
30122
30203
30460
32608
33551
33602
34592
34751
34771
35001
35136
35446
35791
35845
36616
38941
39943
40111
41363
41416
41803
42442
42666
42900
43356
43463
43907
44275
44828
45265
46306
46431
Number of cuts: 89

Trina
37252
90035
Number of cuts:  2

TWAMP
674
1377
2773
3538
4032
4635
4712
5039
5546
5612
5681
6341
6464
6730
6913
7464
7803
8459
8831
9401
10498
10693
11577
13970
14604
14800
15058
15067
15190
15442
15519
15804
16730
16756
16865
17006
17418
18061
18339
18548
18988
19101
19896
20965
21994
22209
22242
22783
22785
22803
23061
23669
24392
24860
25520
25574
27190
27343
27667
27829
28838
29586
29963
30215
30296
30553
34409
34568
34818
34953
35263
35608
35662
36433
38758
39758
40321
41179
41232
41620
42452
42698
43578
44502
46093
Number of cuts: 85

UhSalsa
674
1377
2773
3538
4032
4635
4712
5039
5546
5612
5681
6341
6464
6730
6913
7464
7803
8459
8831
9401
10498
10693
11577
13970
14604
14800
15058
15067
15190
15442
15519
15804
16730
16756
16865
17006
17418
18061
18339
18548
18988
19101
19896
20965
21994
22209
22242
22783
22785
22803
23061
23669
24393
24861
25521
25575
27344
27668
27830
28839
29585
30148
30229
30486
34351
34510
34760
34895
35205
35550
35604
36375
38700
38738
39697
39865
41120
41173
41561
42393
42639
43519
44443
Number of cuts: 83

Weasels2
20103
30080
35915
46067
81760
82679
102610
112463
118811
124445
Number of cuts: 10

Yogi
674
1377
2773
3538
4032
4635
4712
5039
5546
5612
5681
6326
6449
6898
7449
7788
8799
10661
11551
13944
14578
14774
15032
15041
15164
15493
15778
16258
16704
16730
16839
16913
16980
17145
18035
18313
18522
18962
20939
21493
22183
22216
22757
22759
23035
23643
24366
24834
25548
26086
26191
27164
27317
27641
27803
28812
29560
29937
30189
30270
30527
34380
34539
34789
34924
35234
35579
35633
39109
40109
40672
41530
41583
41971
42803
43049
43078
43929
44300
44853
46429
Number of cuts: 81

Yoncess
674
1377
2773
3538
4032
4635
4712
5039
5546
5681
6326
6449
6898
7449
7788
8799
9369
10661
11551
13944
14578
14774
15032
15041
15164
15493
15778
16258
16704
16730
16839
16913
16980
17145
18035
18313
18522
18962
20939
22184
22217
23036
23644
24367
24835
25549
26087
26192
27165
27318
27642
27804
28813
29561
29969
30050
30307
34163
34322
34572
34707
35017
35362
35416
36187
38512
39512
40075
40933
40986
41375
42210
42485
43337
43708
44261
45852
Number of cuts: 77

