Alatin
7276
10835
12889
16305
19176
21642
26519
32067
40149
45608
Number of cuts: 10

Alpacados
7223
8095
12825
20678
33838
45431
Number of cuts:  6

AngryOrchard
572
623
7206
8078
12808
14084
20661
25494
26383
31865
41013
45713
Number of cuts: 12

AppleCloud
1886
6970
7842
12500
14088
14693
20707
26394
31797
45325
Number of cuts: 10

Belenaria
7276
10835
12889
16305
19176
20742
21588
31933
45473
Number of cuts:  9

BobbyDazzler
7332
8204
12934
20787
40119
45579
Number of cuts:  6

Bonanza
7261
8133
12863
20716
33840
36758
40424
46044
Number of cuts:  8

Bradshaw
7276
10835
12889
16305
19176
20742
21588
26452
32000
40082
45541
Number of cuts: 11

Bryce
7261
8133
12863
20716
33620
39827
45287
Number of cuts:  7

ChewyVIII
216
1201
16111
16682
24610
26311
43538
48032
49468
51654
66570
Number of cuts: 11

CosmicSans
7276
10835
12889
16305
19176
20742
21588
25562
32000
40073
45532
Number of cuts: 11

Dinger
7257
8129
12859
17547
20712
26436
33613
41027
45731
Number of cuts:  9

DocB7
1529
3598
4929
6088
6113
10097
12528
13814
14017
15476
15749
17962
18604
19893
20086
20458
20491
21513
22729
23979
24298
25639
27786
28197
28344
28973
31175
31300
31450
32405
35259
35680
39259
39795
41664
41819
42894
43892
44805
44983
45012
45478
46286
46313
48127
49831
50540
52290
53056
54038
55342
55585
58560
62792
66129
66689
73487
73616
Number of cuts: 58

E3
6762
9798
13497
14285
29107
32764
34520
52913
54332
55501
57468
61641
62928
63289
70638
72101
75940
87830
88601
91540
92686
97880
101150
105079
114254
116314
117819
126766
138793
141839
Number of cuts: 30

Erik
7276
10834
12888
16304
19175
20741
21587
31932
40005
45363
Number of cuts: 10

Espica
7276
10835
12889
16305
19176
20742
21588
31933
45473
Number of cuts:  9

Finch
2605
6205
10086
11789
15435
15884
16507
17510
18041
18109
18191
19042
23468
26062
26170
27742
28512
29328
30163
36827
37724
38642
43882
44434
48828
52876
53512
55828
59761
60665
63622
64186
68384
74782
76291
79618
81604
81610
83606
84168
86021
87410
88619
89545
89817
90431
90485
91500
94140
98799
101380
104077
105416
107583
109315
109566
112257
115279
115511
117960
119597
126443
126913
129585
130542
132105
133264
138481
138687
Number of cuts: 69

Gollum
7276
10835
12889
16305
19176
20742
21588
31998
40015
45474
Number of cuts: 10

Grayson
3233
3581
3710
3805
6221
6570
7626
8983
10955
10960
11442
18807
24892
29047
29359
31293
33885
36882
38827
47574
47784
47883
48441
48921
49212
52211
56635
59352
59571
59653
62841
62916
63324
66875
68645
71604
73292
74124
74596
76368
80967
85487
90349
91302
94821
95574
98124
98132
98869
99360
107670
107806
108853
109004
111680
116397
118281
119200
119914
120282
120947
124630
127122
Number of cuts: 63

Harlequin
7261
8133
12839
20692
33650
45322
Number of cuts:  6

Hiro
7261
8133
12791
14379
14984
19432
20998
40333
45793
Number of cuts:  9

Jace
3562
3675
4413
5416
6831
8774
11855
13490
24755
28330
33091
33126
33891
36170
36412
38445
44573
50894
51311
53105
Number of cuts: 20

Jester
7261
8133
12833
14627
17560
20686
33581
45253
Number of cuts:  8

Krishelle
7276
8148
12806
14394
14999
21013
26736
32360
40442
Number of cuts:  9

Lillie
7276
10835
12889
16305
19176
20742
21588
25562
32000
40073
45532
Number of cuts: 11

Mahdia
Number of cuts:  0

Naiad
7276
10835
12889
16305
19176
21588
26465
32013
40095
45554
Number of cuts: 10

Nancinator
7276
10835
12889
16305
19176
20742
21588
31933
44871
Number of cuts:  9

Natosaleda
7276
10835
12889
16305
19176
20742
21588
31932
Number of cuts:  8

Partridge
572
7320
8192
12922
17610
20775
26535
33901
41184
43070
46076
Number of cuts: 11

Pepy6
2833
3391
10811
10943
16248
17355
20851
23606
24222
30306
30591
32373
34266
36041
36812
37649
40351
44265
44363
44889
45045
45082
45958
50228
51181
56437
56685
56983
57542
58457
59878
60922
62544
62618
62748
62862
64975
65374
66704
67480
69210
71569
72200
72272
72841
73628
73703
74492
74702
74984
75653
Number of cuts: 51

Peregrin
3738
6059
8297
10274
10756
13305
27136
28561
30988
31326
32667
37609
44449
46231
46354
46564
46663
47221
47992
48751
49801
50994
54183
57719
57938
58960
61208
61283
61691
65300
70608
74101
79634
85406
89712
90733
92485
93798
93836
97315
97806
107943
108079
108610
108761
110782
111081
117205
120463
120899
121344
126478
128159
Number of cuts: 53

Phrankenstein
7276
10835
12889
16305
19176
20742
21534
25508
31946
40019
45478
Number of cuts: 11

Pine5
19620
Number of cuts:  1

Poco6
1539
3710
7096
12864
13157
14241
17651
19285
19471
22873
23642
25040
25119
25533
25619
26235
30493
32625
32760
33177
34605
34835
36267
37244
38063
41530
42868
46101
46741
47545
48230
48658
50037
51743
52615
53269
56010
56699
59138
61050
63464
63540
66121
70632
71296
72832
73428
73534
74965
75094
75601
75790
76252
76309
76921
Number of cuts: 55

Rasputin
7261
8134
12858
20711
31971
40044
45503
Number of cuts:  7

RER2
7276
10835
12889
16305
19176
20742
21588
32000
40073
45532
Number of cuts: 10

RexFury
7307
10866
12920
14217
16336
19207
20773
21619
32031
45562
Number of cuts: 10

RGL3
6755
8216
12757
13246
15662
37029
42754
Number of cuts:  7

Rhodalysa
7276
10835
12889
16305
19176
20742
21588
25562
32000
40073
45532
Number of cuts: 11

StCroix
7276
10835
12889
16305
19176
21588
26465
32013
40095
45554
Number of cuts: 10

Swann
7276
10835
12889
16305
19176
21588
31998
40071
45530
Number of cuts:  9

Takoda
572
623
7253
8125
12849
14125
20702
25535
31907
41067
45921
Number of cuts: 11

Trina
6089
17007
19806
22982
23315
24825
25960
27133
27700
30969
31458
34596
35718
37450
41218
41323
42937
43868
45497
48206
48827
49097
49853
50330
53526
56483
57784
57962
60200
61006
63176
64691
68607
71001
71460
72737
72992
73166
73401
73547
75710
77209
79790
83813
91204
91950
96565
97668
99278
105742
109186
111879
115722
120932
125077
125122
130914
135707
136249
Number of cuts: 59

TWAMP
7276
10835
12889
16305
19176
20742
21588
25562
32000
40073
45532
Number of cuts: 11

UhSalsa
7276
10835
12889
16305
19176
20742
21588
31933
45473
Number of cuts:  9

Weasels2
5282
9298
13721
16742
27135
28560
29254
29325
35561
36491
37798
41932
46289
47192
47261
47375
47471
53434
54941
58869
59170
61667
62354
62490
63129
64376
65253
66651
67947
73483
75104
76605
80428
85005
87420
88653
89217
90069
94770
100027
101147
104415
108225
108510
109923
115145
115288
116571
121593
122233
Number of cuts: 50

Yogi
7261
8133
12863
20716
33840
36758
40424
46044
Number of cuts:  8

Yoncess
7261
8133
12863
20716
27585
39827
45291
Number of cuts:  7

