Alatin
282
306
4500
5753
7443
7503
8758
13135
13249
15055
15648
16703
16934
18033
18123
18910
21095
22912
22990
23100
26326
26618
27941
28842
29638
29728
30261
31518
33005
33047
34352
34359
35791
36526
37070
37942
41169
41973
42263
43445
44025
Number of cuts: 41

Alpacados
282
306
4462
5715
6547
7390
7450
7609
8688
13071
13185
14991
15584
16226
16639
16870
17626
17969
18846
20949
21031
21660
22211
22781
22859
22969
26231
26523
27231
27846
28747
29543
29633
30166
31423
32910
32952
34257
34264
35693
36419
36963
37835
38970
40992
41018
41796
Number of cuts: 47

AngryOrchard
306
4445
5626
5698
7373
7433
7592
8671
13054
13168
14974
15567
16209
16622
16853
17609
17952
18042
18829
21014
21643
22776
22854
22964
26191
26482
27190
27805
28706
29502
29592
30059
31316
32800
32842
34417
34424
35853
36579
37123
37995
39130
41223
41249
42026
42497
43082
Number of cuts: 47

AppleCloud
4209
5462
7137
7197
7356
8435
9512
11873
11888
12005
12545
12578
12602
13100
15020
15613
16255
16668
16899
17655
17998
18875
21060
21689
26201
26493
27816
28796
29589
29679
29991
31248
31856
32735
32777
33350
34076
34197
35518
36244
36788
37660
38795
40886
41690
41980
43162
43742
Number of cuts: 48

Belenaria
282
306
4500
5753
7443
7503
8758
13135
13249
15055
15648
16703
16934
17690
18033
18123
18910
21095
22275
22845
22923
23033
26260
26552
27875
28776
29570
29660
30127
31384
32871
32913
34218
34225
35666
36392
36936
37808
38943
41034
41838
42128
43310
43890
Number of cuts: 44

BobbyDazzler
282
306
4571
6656
7499
7559
7718
8797
13180
13294
15100
15693
16335
16748
16979
17735
18078
18955
21058
21140
21769
22321
22891
22969
23079
26305
26597
27305
27920
28821
29617
29707
30240
31497
32984
33026
34331
34338
35770
36496
37040
37912
39047
41139
41165
41944
42234
43416
Number of cuts: 48

Bonanza
282
306
4500
5753
6585
7428
7488
7647
8726
13109
13223
15029
15622
16264
16677
16908
17664
18007
18884
20987
21069
21698
22249
22819
22897
23007
26233
26525
27233
27848
28749
29545
29635
30168
31425
32912
32954
34259
34266
35695
37345
38217
39352
41444
41470
42248
Number of cuts: 46

Bradshaw
282
306
4500
5753
7443
7503
8758
13135
13249
15055
15648
16703
16934
17690
18033
18123
18910
21095
22275
22845
22923
23033
26259
26551
27874
28775
29571
29661
30194
31451
32938
32980
34285
34292
35724
36459
37003
37875
41102
41906
42196
43378
43958
Number of cuts: 43

Bryce
282
306
4500
6585
7428
7488
7647
8726
13109
13223
15029
15622
16264
16677
16908
17664
18007
18884
20987
21069
21698
22250
22820
22898
23008
26234
26526
27849
28750
29546
29636
29948
31205
32692
32734
34039
34046
35478
36204
36748
37620
38755
40847
40873
41652
41942
43124
Number of cuts: 47

ChewyVIII
4771
8236
8448
9354
12565
12850
13546
15446
16552
16927
17272
17755
18753
19331
19750
22914
22938
25379
28833
31007
32459
32639
33467
34373
35147
38906
44259
47532
50796
51465
51645
56120
56831
57551
58585
60763
61627
62495
62573
67238
Number of cuts: 40

CosmicSans
282
306
4500
5753
7443
7503
8758
13135
13249
15055
15648
16703
16934
17690
18033
18123
18910
21095
22275
22845
22923
23033
26259
27874
28775
29571
29661
30194
31451
32938
32980
34285
34292
35724
36450
36994
37866
41093
41119
41897
42187
43369
43949
Number of cuts: 43

Dinger
297
306
4496
5749
7424
7484
7643
8722
13105
13219
14770
15025
15618
16260
16673
16904
17660
18003
18880
21065
21694
22828
22906
23016
26243
26535
27606
27858
28838
29632
29722
30063
31320
32807
32849
34425
35866
36592
37136
38008
39143
42044
43100
Number of cuts: 43

DocB7
994
1456
1895
3983
4631
4640
6655
7386
7902
10239
11724
14305
14589
14601
15506
19146
19659
20577
21726
22113
22281
22602
22611
23352
26091
26924
28352
28658
33839
33981
34753
35079
35442
35844
35880
36461
37122
37811
37988
38684
39946
40039
41172
41274
41600
41798
41956
42192
42303
42810
43458
44078
44307
45840
46211
49342
49690
49978
50092
51366
51906
52043
53101
54808
54826
56065
56819
56981
58280
59965
71553
72350
72482
72608
73130
73700
74266
74558
Number of cuts: 78

E3
1808
2195
4250
5038
5866
10091
14817
20386
32110
34210
39574
41914
43018
43135
48077
52169
53099
53601
54164
54793
54924
58985
60527
60624
60903
63612
65250
66957
67151
67361
69968
70073
71728
73301
76498
77314
77938
84262
84683
87923
91799
92355
95073
95328
98233
100343
103994
104526
107839
108817
109737
111309
112578
112989
115592
116395
120682
121576
121786
122179
122925
123407
126708
127502
128570
130533
130676
130824
131875
132849
134082
137503
137878
Number of cuts: 73

Erik
282
306
4500
5753
7443
7503
8757
13134
13248
15054
15647
16702
16933
17689
18032
18122
18909
21094
22274
22844
22922
23032
26257
26549
27872
28773
29569
29659
30126
31383
32870
32912
34217
34224
35656
36382
36926
37798
40924
40950
41728
42018
43200
Number of cuts: 43

Espica
282
306
4500
5753
7443
7503
8758
13135
13249
15055
15648
16703
16934
17690
18033
18123
18910
21095
22275
22845
22923
23033
26260
26552
27875
28776
29570
29660
30127
31384
32871
32913
34218
34225
35666
36392
36936
37808
38943
41034
41838
42128
43310
43890
Number of cuts: 44

Finch
154
289
1435
1663
1852
1969
2044
2923
4277
8064
10741
11797
12172
15697
18521
20115
20215
21381
24333
24390
26089
27004
27636
27968
29166
29544
30621
32049
32184
32805
32829
35064
35514
35884
35965
37404
37735
38512
38779
39046
39232
40205
40439
43382
44386
45362
48218
49459
50749
51025
51592
51718
53436
54009
54180
55713
57013
57076
58425
59584
59941
60091
60235
60533
60635
61325
62091
62870
63248
65069
65117
66632
66884
67349
69961
70382
70831
71448
72372
72877
73728
75287
77084
77933
79621
79897
82065
82563
82806
83496
85811
86465
86746
87153
87246
87816
88116
88224
89285
94327
94835
96141
97388
98526
101265
101929
102357
102635
103513
104089
104315
104588
105672
107688
108444
111715
112167
113429
115874
116608
120046
120073
121408
121507
121767
123482
125125
125137
125467
125905
126586
129850
130160
130559
131963
132047
132149
135880
136525
136891
138303
Number of cuts: 141

Gollum
282
306
4500
5753
7443
7503
8758
13135
13249
15055
15648
16703
16934
17690
18033
18123
18910
21095
22275
22845
22923
23033
26259
27874
28775
29569
29659
30192
31449
32936
32978
34283
34290
35722
36448
36992
37864
38999
41035
41061
41839
42129
43311
Number of cuts: 43

Grayson
2739
9809
9819
12823
17725
23928
25962
26052
27386
38879
43178
45011
46288
47061
47809
50248
54939
56631
62537
64105
64860
66418
67002
70049
71509
76105
82145
86712
92960
94459
100057
102467
103920
110335
114418
115400
121046
131640
Number of cuts: 38

Harlequin
282
306
4500
5753
7428
7488
7647
8726
13085
13199
15005
15598
16240
16653
16884
17640
17983
18860
20963
21045
21728
22280
22850
22928
23038
26264
26556
27879
28780
29576
29666
29978
31235
32722
32764
34069
34076
35508
36234
36778
37650
40097
40609
40882
40908
41687
41977
43159
Number of cuts: 48

Hiro
282
306
4500
6585
7428
7488
7647
8726
9803
12164
12296
12836
12869
12893
13391
13505
15311
15904
16546
16959
17190
17946
19166
21351
21980
26519
26811
27519
28134
29035
29831
29921
30454
31711
33198
33240
34545
34552
35984
36710
37254
38126
39261
41353
41379
42158
42448
43630
Number of cuts: 48

Jace
424
460
550
846
1206
5565
8358
8995
10567
10705
11404
12328
12652
15030
15336
15918
17762
21709
22714
25970
26120
26270
28518
29100
35641
36128
38107
44262
49224
50504
51110
51383
Number of cuts: 32

Jester
282
306
4500
5753
7428
7488
7647
8726
9803
13079
13193
14999
15592
16234
16647
16878
17634
17977
18854
20957
21039
21668
22211
22781
22859
22969
26195
26487
27810
28711
29507
29597
29909
31166
32653
32695
34000
34007
35439
36165
36709
37581
40028
40540
40813
40839
41618
41908
43090
Number of cuts: 49

Krishelle
282
306
4500
5753
7443
7503
7662
8741
9818
12179
12194
12311
12851
12884
12908
13406
15326
15919
16561
16974
17205
17961
18304
19181
21366
22031
26543
26835
28158
29138
29931
30021
30554
31811
33298
33340
34645
34652
36084
36819
37363
38235
41462
42266
42556
43738
44318
Number of cuts: 47

Lillie
282
306
4500
5753
7443
7503
8758
13135
13249
15055
15648
16703
16934
17690
18033
18123
18910
21095
22275
22845
22923
23033
26259
27874
28775
29571
29661
30194
31451
32938
32980
34285
34292
35724
36450
36994
37866
41093
41119
41897
42187
43369
43949
Number of cuts: 43

Mahdia
284
1018
2689
2908
3564
3582
3792
4371
4531
4641
4699
5131
5191
5254
5481
6332
6431
6929
7198
7210
7690
8247
8316
9294
10783
11173
12040
12973
13231
13282
13435
13570
13750
14176
14422
15055
16027
16740
17049
17415
18132
18537
18702
20595
21620
22661
23051
23774
24052
24268
24753
25460
29785
30795
31567
32316
33471
34389
35132
35791
37039
38649
40427
41838
41844
42268
Number of cuts: 66

Naiad
282
306
4500
5753
7443
7503
8758
13135
13249
15055
15648
16703
16934
17690
18033
18123
18910
21095
22858
22936
23046
26272
26564
27887
28788
29584
29674
30207
31464
32951
32993
34298
34305
35737
36472
37016
37888
41115
41919
42209
43391
43971
Number of cuts: 42

Nancinator
282
306
4500
5753
7443
7503
8758
13135
13249
15055
15648
16703
16934
17690
18033
18123
18910
21095
22275
22845
22923
23033
26260
26552
27875
28776
29570
29660
30127
31384
32871
32913
34218
34225
35666
36392
36936
37808
38943
40432
40458
41236
41526
42708
43288
Number of cuts: 45

Natosaleda
282
306
4500
5753
7443
7503
8758
13135
13249
15055
15648
16703
16934
17690
18033
18123
18910
21095
22275
22845
22923
23033
26259
26551
27874
28775
29569
29659
30126
31383
32870
32912
34217
34224
35665
36391
36935
37807
38942
41033
41837
42127
43309
43889
Number of cuts: 44

Partridge
297
306
4559
5812
7487
7547
7706
8785
13168
13282
14833
15088
15681
16323
16736
16967
17723
18066
18943
21128
21757
22891
22969
23079
26342
27705
27957
28937
29731
29821
30354
31611
33095
33137
36022
36748
37292
38165
39300
42198
42669
43446
Number of cuts: 42

Pepy6
937
1911
3384
4301
4536
4599
4881
6918
7425
7749
8306
8411
8411
10550
13148
13931
14521
15823
16054
17517
18852
21415
23105
23432
25535
25873
27144
28482
30095
30797
30818
31124
31304
32393
32624
34448
34997
35159
35612
36508
39445
39851
41836
44942
45087
46477
46520
46767
49865
49952
50044
51680
51875
52596
53436
53739
53949
54012
54702
56398
56437
57123
57764
58313
58418
58814
59096
59666
59979
60203
60392
61018
62177
62697
63426
68614
68955
69327
69582
69776
71148
71292
73726
74167
74359
74878
75391
75832
76135
Number of cuts: 89

Peregrin
9123
9133
23094
23760
25539
26900
35337
40773
41958
43791
45068
46589
49031
49774
52594
53722
60904
63278
64843
65427
68319
68459
76034
81474
86631
99891
113005
Number of cuts: 27

Phrankenstein
282
306
4500
5753
7443
7503
8758
13135
13249
15055
15648
16703
16934
17690
18033
18123
18910
21095
22221
22791
22869
22979
26205
27820
28721
29517
29607
30140
31397
32884
32926
34231
34238
35670
36396
36940
37812
41039
41065
41843
42133
43315
43895
Number of cuts: 43

Pine5
Number of cuts:  0

Poco6
238
937
2413
4449
5771
5819
8119
8761
10605
11450
11737
11842
11842
13684
13980
14909
15206
15278
15416
15563
17274
17382
17749
18327
18658
18814
19165
20161
20491
20916
22743
23386
23437
25118
25445
27886
28067
29157
29922
32114
32831
32852
33329
34148
36938
37019
37181
40872
41095
43488
43638
45794
48631
51152
51377
51464
51556
53189
53384
54104
55247
55457
56210
57906
58163
58719
59040
59363
59699
59990
60272
60838
61404
62219
62510
63097
63292
63596
65221
65395
68182
69637
69850
72639
74607
74988
75177
75621
76659
77100
Number of cuts: 90

Rasputin
282
306
4500
6585
7428
7488
7647
8727
13104
13218
15024
15617
16259
16672
16903
17659
18002
18879
20982
21064
21693
22245
22815
22893
23003
26230
26522
27845
28746
29542
29632
30165
31422
32909
32951
34256
34263
35695
36421
36965
37837
41064
41090
41868
42158
43340
43920
Number of cuts: 47

RER2
282
306
4500
5753
7443
7503
8758
13135
13249
15055
15648
16703
16934
17690
18033
18123
18910
21013
21095
22275
22845
22923
23033
26259
26551
27259
27874
28775
29571
29661
30194
31451
32938
32980
34285
34292
35724
36450
36994
37866
41093
41119
41897
42187
43369
43949
Number of cuts: 46

RexFury
282
306
571
4531
5784
7474
7534
8789
13166
13280
15086
15679
16734
16965
17721
18064
18154
18941
21126
22306
22876
22954
23064
26290
26582
27905
28806
29602
29692
30225
31482
32969
33011
34316
34323
35755
36481
37025
37897
39032
41123
41927
42217
43399
Number of cuts: 44

RGL3
2034
3069
4334
4502
5755
7434
7494
8207
8748
11333
12162
12195
13260
14634
15225
16454
16867
17851
18194
18284
18842
21317
26862
27526
27715
28609
28861
30469
30559
30864
32070
32121
33584
33626
34758
35018
36683
37968
37989
38875
39702
40651
41142
44339
44640
45624
47269
47348
Number of cuts: 48

Rhodalysa
282
306
4500
5753
7443
7503
8758
13135
13249
15055
15648
16703
16934
17690
18033
18123
18910
21095
22275
22845
22923
23033
26259
27874
28775
29571
29661
30194
31451
32938
32980
34285
34292
35724
36450
36994
37866
41093
41119
41897
42187
43369
43949
Number of cuts: 43

StCroix
282
306
4500
5753
7443
7503
8758
13135
13249
15055
15648
16703
16934
17690
18033
18123
18910
21095
22858
22936
23046
26272
26564
27887
28788
29584
29674
30207
31464
32951
32993
34298
34305
35737
36472
37016
37888
41115
41919
42209
43391
43971
Number of cuts: 42

Swann
282
306
4500
5753
7443
7503
8758
13135
13249
15055
15648
16703
16934
17690
18033
18123
18910
21095
22275
22845
22923
23033
26259
26551
27874
28775
29569
29659
30192
31449
32936
32978
34283
34290
35722
36448
36992
37864
41091
41117
41895
42185
43367
43947
Number of cuts: 44

Takoda
306
4492
5673
5745
7420
7480
7639
8718
13095
13209
15015
15608
16250
16663
16894
17650
17993
18083
18870
21055
21684
22817
22895
23005
26232
27232
27847
28748
29544
29634
30101
31358
32842
32884
34459
34466
35907
36633
37177
38049
39184
41277
41303
42080
42551
43136
Number of cuts: 46

Trina
4110
5501
7199
7253
8106
8301
13534
18879
20753
23787
25107
26161
30523
32126
39829
42260
42765
42987
45830
47345
47705
55385
59652
64418
72864
75421
79863
83921
89728
90924
94277
94707
98922
99281
105244
110422
110602
112948
116134
121722
121909
127417
132403
Number of cuts: 43

TWAMP
282
306
4500
5753
7443
7503
8758
13135
13249
15055
15648
16703
16934
17690
18033
18123
18910
21095
22275
22845
22923
23033
26259
27874
28775
29571
29661
30194
31451
32938
32980
34285
34292
35724
36450
36994
37866
41093
41119
41897
42187
43369
43949
Number of cuts: 43

UhSalsa
282
306
4500
5753
7443
7503
8758
13135
13249
15055
15648
16703
16934
17690
18033
18123
18910
21095
22275
22845
22923
23033
26260
26552
27875
28776
29570
29660
30127
31384
32871
32913
34218
34225
35666
36392
36936
37808
38943
41034
41838
42128
43310
43890
Number of cuts: 44

Weasels2
8858
17694
18628
20037
25542
31040
31648
42816
43251
47302
47443
49797
55984
58494
61173
65018
68641
69325
70930
75253
79204
80425
80807
83936
84095
85551
86792
86957
87230
95761
96979
98511
116301
122652
123531
127170
Number of cuts: 36

Yogi
282
306
4500
5753
6585
7428
7488
7647
8726
13109
13223
15029
15622
16264
16677
16908
17664
18007
18884
20987
21069
21698
22249
22819
22897
23007
26233
26525
27233
27848
28749
29545
29635
30168
31425
32912
32954
34259
34266
35695
37345
38217
39352
41444
41470
42248
Number of cuts: 46

Yoncess
282
306
4500
6585
7428
7488
7647
8726
13109
13223
15029
15622
16264
16677
16908
17664
18007
18884
20987
21069
21698
22250
22820
22898
23008
26234
26526
27234
27849
28750
29546
29636
29948
31205
32692
32734
34039
34046
35478
36204
36748
37620
38755
40847
40873
41655
41945
43128
Number of cuts: 48

