Alatin
1506
1570
1707
3197
4917
5032
9166
11359
16200
16498
20287
21013
21036
24861
25369
27189
32082
32343
35188
36723
37522
40871
41374
42701
43094
44347
45004
45762
Number of cuts: 28

Alpacados
1506
1570
1659
3159
4879
4994
6474
8135
9096
11295
16136
20223
20361
20949
22881
24730
25238
25822
27094
28604
31987
32248
35090
36616
37415
40694
41197
42524
42917
44170
44827
45585
Number of cuts: 32

AngryOrchard
1499
1563
1652
2639
3142
4862
4977
6513
8118
9079
9975
11278
16119
16417
20206
20302
20344
21152
22876
24726
25234
27053
31880
32277
35250
36776
37575
40925
41428
42749
43139
44389
Number of cuts: 32

AppleCloud
1414
2136
2403
2906
4626
4741
6221
6764
7882
8819
9715
11012
12826
16165
16463
20252
25244
27064
27821
31812
32073
34915
36441
37240
40588
41091
42418
42811
44064
44721
45479
Number of cuts: 31

Belenaria
1506
1570
1707
3197
4917
5032
9166
11359
16200
16498
20287
21013
21036
24795
25303
25851
27123
29577
31948
32209
35063
36589
37388
40736
41239
42566
42959
44212
44869
45627
Number of cuts: 30

BobbyDazzler
1506
1570
1771
3268
4988
5103
6583
8244
9205
11404
16245
20332
20470
21058
22991
24840
25348
27168
28678
32061
32322
35167
36693
37492
40841
41344
42672
43065
44318
44975
45733
Number of cuts: 31

Bonanza
1506
1570
1707
3197
4917
5032
6512
8173
9134
11333
16174
20261
20399
20987
24768
25276
25824
27096
28606
31989
32250
35092
36998
37797
41146
41649
42976
43369
44622
45279
Number of cuts: 30

Bradshaw
1506
1570
1707
2427
3197
4917
5032
9166
11359
16200
16498
20287
21013
21036
24794
25302
27122
32015
32276
35121
36656
37455
40804
41307
42634
43027
44280
44937
45695
Number of cuts: 29

Bryce
1506
1570
1707
3197
4917
5032
6512
8173
9134
11333
16174
20261
20399
20987
24769
25277
27097
27854
28607
31769
32030
34875
36401
37200
40549
41052
42380
42773
44026
44683
45441
Number of cuts: 31

ChewyVIII
757
2271
2469
11919
14644
20256
27506
37277
39635
43916
44200
45608
49844
50168
53174
53910
56894
59064
59647
62008
64961
65276
66054
66867
69161
Number of cuts: 25

CosmicSans
1506
1570
1707
2427
3197
4917
5032
9166
11359
16200
16498
20287
21013
21036
24794
25302
25767
25850
27122
32015
32276
35121
36647
37446
40795
41298
42625
43018
44271
44928
45686
Number of cuts: 31

Dinger
1501
1565
1703
2423
2690
3193
4913
5028
8169
9130
10026
11329
12508
16170
16468
20257
20395
25286
27106
27863
31884
32281
35263
36789
37588
40939
42767
43157
44407
Number of cuts: 29

DocB7
208
805
6098
7075
7173
7592
9430
14724
19729
24320
24373
28368
28515
29737
30555
31715
32305
32499
33606
34266
35436
36059
37194
37911
37951
41701
42062
43080
47538
47871
47970
48406
51586
54296
57498
58442
58882
59820
60674
60888
62957
64459
64677
65309
65864
67372
69371
69498
69508
70479
72757
73399
Number of cuts: 52

E3
1100
3088
4681
5530
5741
6364
7261
7566
11071
14034
14312
16078
16519
16553
17164
17469
17499
17536
21049
21652
21766
22566
23678
23712
24292
24635
25737
28809
30209
30629
35142
35873
36242
36751
38574
38931
44508
44594
44702
47554
48012
48860
49318
52405
55016
55908
62320
63981
66106
66530
67542
68515
73077
74328
76011
79234
79475
81619
84575
87293
88776
88946
93713
97031
101257
101571
103984
103988
107568
110614
111268
117230
119328
119332
123498
123808
126606
127298
129276
129634
130231
136556
136680
139523
140745
141042
141951
Number of cuts: 87

Erik
1506
1570
1707
3197
4917
5032
9165
11358
16199
16497
20286
21012
21035
24792
25300
25848
27120
31947
32208
35053
36579
37378
40626
41129
42456
42849
44102
44759
45517
Number of cuts: 29

Espica
1506
1570
1707
3197
4917
5032
9166
11359
16200
16498
20287
21013
21036
24795
25303
25851
27123
29577
31948
32209
35063
36589
37388
40736
41239
42566
42959
44212
44869
45627
Number of cuts: 30

Finch
2479
6227
7393
9345
10058
10138
14513
16473
19088
20918
21428
21827
22004
23251
23839
23956
25331
25404
27416
28375
29449
29898
31159
32050
32531
32909
34490
36986
43194
43834
44210
44715
48304
49165
51571
53075
58884
61760
63536
65053
66520
67090
72547
73298
73995
74544
75276
78194
78440
80822
80856
86184
88455
89188
90223
90894
95888
96799
97571
97859
100045
101012
102107
102116
102959
102965
103149
104739
106290
111340
113354
113795
114160
114477
117417
117754
120135
120144
121035
121136
124538
128970
132330
132631
133335
133434
133473
133608
134151
134190
134789
135609
135694
138612
138658
Number of cuts: 95

Gollum
1506
1570
1707
3197
4917
5032
9166
11359
16200
16498
20287
21013
21036
24794
25302
25767
25850
27122
32013
32274
35119
36645
37444
40737
41240
42567
42960
44213
44870
45628
Number of cuts: 30

Grayson
1432
1664
2540
2566
2570
5306
8843
9462
9779
10229
17719
18358
20242
21806
22871
23730
24305
26298
26610
30965
31200
31253
31817
32659
34312
34451
37727
40538
40901
41288
44924
46151
46172
46621
52264
52426
53376
54517
55320
55460
55605
56323
56879
56896
59133
59634
59847
62441
62519
63204
63428
64102
66352
69348
69371
69520
70059
72065
74408
75508
76188
77363
78544
79063
79076
79710
84207
85027
85184
86008
86997
90136
90528
91328
91644
91874
92805
93892
94424
95952
98073
100211
100971
101857
104280
107313
112306
113085
113992
115630
115830
116236
117661
118247
119280
120430
121261
121630
126381
126523
126532
126637
128214
130333
130565
131441
131467
131471
Number of cuts: 108

Harlequin
1506
1570
1707
3197
4917
5032
8173
9110
11309
16150
20237
20375
20963
24799
25307
27127
27884
28637
31799
32060
34905
36431
37230
40584
41087
42415
42808
44061
44718
45476
Number of cuts: 30

Hiro
1506
1570
1707
3197
4917
5032
6512
8173
9110
10006
11303
13117
16456
16754
20543
25054
25562
27382
28892
32275
32536
35381
36907
37706
41055
41558
42886
43279
44532
45189
45947
Number of cuts: 31

Jace
2231
2443
2447
6116
8024
15197
15529
17002
22183
23454
23621
24259
24547
25570
27543
28129
28887
29635
29717
30924
32369
33173
35487
40327
40933
45814
48738
50355
51182
51388
Number of cuts: 30

Jester
1506
1570
1707
3197
4917
5032
8173
9110
10006
11114
11303
12482
16144
16442
20231
20369
20957
24730
25238
27058
27815
28568
31730
31991
34836
36362
37161
40515
41018
42346
42739
43992
44649
45407
Number of cuts: 34

Krishelle
1506
1570
1707
3197
4917
5032
8188
9125
10021
11318
13132
16471
16769
20558
25586
27406
28163
32375
32636
35481
37016
37815
41164
41667
42994
43387
44640
45297
Number of cuts: 28

Lillie
1506
1570
1707
2427
3197
4917
5032
9166
11359
16200
16498
20287
21013
21036
24794
25302
25767
25850
27122
32015
32276
35121
36647
37446
40795
41298
42625
43018
44271
44928
45686
Number of cuts: 31

Mahdia
1696
2589
6187
8135
12548
15579
16263
17386
19099
20174
22035
23506
23967
26727
26948
27423
27992
28252
29973
31959
35104
40300
40868
41539
41805
42060
Number of cuts: 26

Naiad
1506
1570
1707
3197
4917
5032
9166
11359
16200
16498
20287
21013
21036
24807
25315
27135
32028
32289
35134
36669
37468
40817
41320
42647
43040
44293
44950
45708
Number of cuts: 28

Nancinator
1506
1570
1707
3197
4917
5032
9166
11359
16200
16498
20287
21013
21036
24795
25303
25851
27123
29577
31948
32209
35063
36589
37388
40134
40637
41964
42357
43610
44267
45025
Number of cuts: 30

Natosaleda
1506
1570
1707
3197
4917
5032
9166
11359
16200
16498
20287
21013
21036
24794
25302
25850
27122
29576
31947
32208
35062
36588
37387
40735
41238
42565
42958
44211
44868
Number of cuts: 29

Partridge
1499
1563
1766
2486
2753
3256
4976
5091
8232
9193
10089
11392
12571
16233
16531
20320
20458
21046
25349
27205
27962
32175
35419
36945
37745
41096
43113
43503
44753
Number of cuts: 29

Pepy6
3901
6673
7062
8705
10506
13630
16851
17227
21989
23593
24175
30012
30450
34983
36049
37965
38549
41543
41778
55777
60763
60800
61315
62250
64184
64281
71558
Number of cuts: 27

Peregrin
1455
1687
2109
2501
2603
3814
4982
6411
8157
8776
9093
13563
13856
14026
15600
15648
15794
16599
17315
17910
19794
20973
22037
23879
26187
30870
31441
32463
33340
36047
39681
40068
41370
43536
43704
44931
44952
45401
51047
51065
52159
53300
54103
54388
55106
57500
58001
58214
60808
60886
60966
61571
62444
63280
64621
64777
67773
67796
67945
69884
70561
71658
73224
74385
75228
78752
79453
79466
80233
80507
82658
83319
84347
84914
85675
86803
86926
89342
91075
91305
92236
93629
94991
99279
101364
102244
102434
105521
112194
112930
112985
116662
118469
119631
122242
122996
123735
125386
127418
127906
129432
131524
131756
132178
132570
132672
Number of cuts: 106

Phrankenstein
1506
1570
1707
3197
4917
5032
9166
11359
16200
16498
20287
21013
21036
24740
25248
25713
25796
27068
31961
32222
35067
36593
37392
40741
41244
42571
42964
44217
44874
45632
Number of cuts: 30

Pine5
1193
2332
4269
4516
6166
10221
15046
16848
17808
18162
19230
22646
25776
28335
30046
30851
32375
39651
40338
41623
42172
44665
45059
46480
46531
46921
48362
49727
55947
57852
57959
Number of cuts: 31

Poco6
1260
1413
2658
12136
12391
24011
24129
26188
28651
31556
32031
37005
38483
39987
43345
44026
52899
53707
54605
57285
60681
61964
62086
65092
65459
67850
68028
69486
69957
70179
71017
72821
73774
Number of cuts: 33

Rasputin
1506
1570
1707
3197
4917
5032
6512
8174
9135
10031
11328
16169
20256
20394
20982
25273
27093
31986
32247
35092
36618
37417
40766
41269
42596
42989
44242
44899
45657
Number of cuts: 29

RER2
1506
1570
1707
2427
3197
4917
5032
9166
11359
16200
16498
20287
21013
22945
24794
25302
25850
27122
28632
30633
32015
32276
35121
36647
37446
40795
41298
42625
43018
44271
44928
45686
46380
Number of cuts: 33

RexFury
1537
1601
1738
3228
4948
5063
9197
11390
12569
16231
16529
20318
21044
21067
24825
25333
27153
32046
32307
35152
36678
37477
40825
41328
42655
43048
44301
44958
45716
Number of cuts: 29

RGL3
1706
2429
4483
4663
5034
9132
10031
10383
12311
16017
16101
16105
16364
19887
20487
20499
20682
20689
20806
21912
22801
23755
25793
29500
29749
31607
32468
34796
35095
36077
37096
38458
38469
38766
40218
41469
44206
45449
46627
Number of cuts: 39

Rhodalysa
1506
1570
1707
2427
3197
4917
5032
9166
11359
16200
16498
20287
21013
21036
24794
25302
25767
25850
27122
32015
32276
35121
36647
37446
40795
41298
42625
43018
44271
44928
45686
Number of cuts: 31

StCroix
1506
1570
1707
3197
4917
5032
9166
11359
16200
16498
20287
21013
21036
24807
25315
27135
32028
32289
35134
36669
37468
40817
41320
42647
43040
44293
44950
45708
Number of cuts: 28

Swann
1506
1570
1707
3197
4917
5032
9166
11359
16200
16498
20287
21013
21036
24794
25302
27122
32013
32274
35119
36645
37444
40793
41296
42623
43016
44269
44926
45684
Number of cuts: 28

Takoda
1499
1563
1699
2419
2686
3189
4909
5024
6560
8165
9126
10022
11319
16160
16458
20247
20343
20385
24767
25275
27095
31922
32319
35304
36830
37629
40979
41482
42803
43193
44597
Number of cuts: 31

Trina
2418
2505
2960
3753
4209
5629
8483
10013
12276
15909
17100
19861
20305
20736
21494
21952
23019
24417
24591
25719
26031
26346
32090
33554
34784
35855
36953
37903
37966
38263
39450
40153
40513
40637
40676
43651
45604
46801
48337
48451
48930
49735
51292
53548
55171
55922
56007
56268
59538
59938
60888
61562
61576
62017
62067
63800
65377
66228
67361
67950
68417
71528
73707
74001
74520
75901
77419
78417
79692
80315
81830
83276
84769
85412
87649
90213
92639
94887
95040
96412
96579
97305
97612
97859
98633
100133
100137
102367
102382
103204
105031
105345
105810
106274
106368
106705
108504
108879
110539
110952
112369
114134
114237
114384
114937
115715
116346
121458
123047
123637
124848
125875
125894
127136
128388
128746
130412
132139
133234
133427
138820
138907
Number of cuts: 122

TWAMP
1506
1570
1707
2427
3197
4917
5032
9166
11359
16200
16498
20287
21013
21036
24794
25302
25767
25850
27122
32015
32276
35121
36647
37446
40795
41298
42625
43018
44271
44928
45686
Number of cuts: 31

UhSalsa
1506
1570
1707
3197
4917
5032
9166
11359
16200
16498
20287
21013
21036
24795
25303
25851
27123
29577
31948
32209
35063
36589
37388
40736
41239
42566
42959
44212
44869
45627
Number of cuts: 30

Weasels2
353
692
729
2623
2754
2905
3222
4801
5112
5266
7123
9628
14858
15028
15144
21481
21754
23129
25878
26190
31013
31352
32273
33684
33921
36647
37371
39682
40525
40696
41733
42421
44407
44464
46519
52939
54807
54861
55001
55241
57897
59151
59364
61419
61954
62573
62720
62917
63815
66313
70895
71581
72054
75739
75842
76283
76341
77745
80157
81717
83121
83220
84317
84761
85033
85877
87350
89333
90113
93029
95112
95541
96256
97299
99150
99835
100172
103128
103262
103681
108026
110828
111306
114279
115520
118815
120588
120771
121732
124345
124873
125092
125297
126595
127859
128401
129936
132058
132397
132434
134328
134459
134610
134927
Number of cuts: 104

Yogi
1506
1570
1707
3197
4917
5032
6512
8173
9134
11333
16174
20261
20399
20987
24768
25276
25824
27096
28606
31989
32250
35092
36998
37797
41146
41649
42976
43369
44622
45279
Number of cuts: 30

Yoncess
1506
1570
1707
3197
4917
5032
6512
8173
9134
11333
16174
20261
20399
20987
24769
25277
27097
28607
31769
32030
34875
36401
37200
40549
41052
42383
42776
44030
44687
45445
Number of cuts: 30

