Alatin
3558
14665
17039
34280
39560
42258
44239
Number of cuts:  7

Alpacados
3520
4977
14601
16975
34185
34322
39453
42081
44062
Number of cuts:  9

AngryOrchard
3503
4960
14584
16958
34345
34482
39613
44281
Number of cuts:  8

AppleCloud
3267
4724
14630
17004
39275
41975
43956
Number of cuts:  7

Belenaria
3558
14665
17039
34146
39423
42123
44104
Number of cuts:  7

BobbyDazzler
3629
5086
14710
17084
34259
39530
42229
44210
Number of cuts:  8

Bonanza
3558
5015
14639
17013
34187
34324
39835
42533
44514
Number of cuts:  9

Bradshaw
2611
3558
14665
17039
34213
39493
42191
44172
Number of cuts:  8

Bryce
3558
5015
14639
17013
33967
39238
41937
43918
Number of cuts:  8

ChewyVIII
3483
3506
3887
3971
4419
4455
7107
7239
8532
10021
11623
11723
14841
15185
16420
18603
24112
27593
29781
30063
30894
32828
38258
39170
39287
39653
48565
48724
53649
54788
55538
61778
62774
Number of cuts: 33

CosmicSans
2611
3558
14665
17039
34213
39484
42182
44163
Number of cuts:  8

Dinger
3554
14635
17009
33735
34346
39626
44299
Number of cuts:  7

DocB7
Number of cuts:  0

E3
4442
11479
11605
17069
25261
33022
35728
41420
42064
42535
47849
47855
51626
52316
52862
53395
57462
59248
62286
62328
62583
64253
64651
65385
65586
66747
67595
69224
71323
71443
72773
73232
73631
74417
76543
77476
77689
80186
81053
87473
87536
87573
90654
95708
97320
97776
104415
105147
105948
108016
113993
114452
114491
118329
119680
121339
121474
123569
124864
125230
126350
127323
134415
Number of cuts: 63

Erik
3558
14664
17038
34145
39416
42013
43994
Number of cuts:  7

Espica
3558
14665
17039
33418
34146
39423
42123
44104
Number of cuts:  8

Finch
652
2331
2740
3468
3779
10822
12637
13416
18977
19614
19833
21646
29574
29865
31767
31959
35568
39706
41378
42734
47970
48740
50137
56734
63207
68147
70044
75731
77297
83232
84910
90120
91553
94082
94088
97294
100087
104695
105302
106733
107643
112469
112609
123771
133208
Number of cuts: 45

Gollum
3558
14665
17039
33483
34211
39479
42124
44105
Number of cuts:  8

Grayson
3614
4394
5008
13043
15607
17013
17040
17808
18072
24754
24901
25144
26029
27985
28856
32610
33420
34686
42892
44121
44897
47481
48597
50004
50934
52442
54823
55711
55845
74065
74271
76377
77754
77770
81440
82816
85406
86087
87777
87918
88744
89899
91230
92211
94137
94233
95692
97754
98014
105013
105782
112766
116349
119947
121383
126143
Number of cuts: 56

Harlequin
3558
5015
14615
16989
33997
39193
39268
41972
43953
Number of cuts:  9

Hiro
3558
5015
14921
17295
34473
39744
42443
44424
Number of cuts:  8

Jace
3282
48829
Number of cuts:  2

Jester
3558
5015
14609
16983
33928
39124
39199
41903
43884
Number of cuts:  9

Krishelle
3558
14936
17310
34573
39853
42551
44532
Number of cuts:  7

Lillie
2611
3558
14665
17039
34213
39484
42182
44163
Number of cuts:  8

Mahdia
Number of cuts:  0

Naiad
3558
14665
17039
34226
39506
42204
44185
Number of cuts:  7

Nancinator
3558
14665
17039
33418
34146
39423
41521
43502
Number of cuts:  8

Natosaleda
2611
3558
14665
17039
33417
34145
39422
42122
44103
Number of cuts:  9

Partridge
3617
5074
14698
17072
34502
39783
44645
Number of cuts:  7

Pepy6
1591
2184
2343
9712
10424
12507
12962
17387
18293
18574
19153
24466
26793
27069
27277
29029
31053
31586
32963
38448
39301
41954
49770
52049
55521
55963
56351
58685
59801
62114
63045
63605
63797
68099
68627
71328
72109
72332
73381
74315
74560
76012
Number of cuts: 42

Peregrin
316
3642
4142
4836
6439
7135
7451
12357
14321
15712
17665
24328
24718
25606
25696
27499
28370
31392
33468
39463
41672
42901
43677
46261
47377
48787
53606
54628
57689
60345
65985
74042
74083
74248
75329
77964
82707
84667
85178
85751
90661
91642
92497
92743
93073
94536
100544
112407
117157
121377
123118
127272
127352
130385
Number of cuts: 54

Phrankenstein
3558
14665
17039
34159
39430
42128
44109
Number of cuts:  7

Pine5
5802
13676
15954
26811
27764
27956
28498
29072
39989
40508
43497
44189
45185
45586
47556
51349
51355
52607
59170
Number of cuts: 19

Poco6
3164
4590
13143
13544
13854
15958
16413
18101
19035
20213
20989
21656
23870
26479
27665
28806
29082
30458
33611
39575
41323
41942
42357
42507
42931
44188
44269
50019
50248
52135
53558
54780
57029
57859
59778
62243
62759
63034
63728
63890
64242
67032
71733
73371
73594
74643
75577
77185
77280
Number of cuts: 49

Rasputin
3558
5015
14634
17008
34184
39455
42153
44134
Number of cuts:  8

RER2
2611
3558
14665
17039
34213
39484
42182
44163
Number of cuts:  8

RexFury
3589
14696
17070
34244
39512
42212
44193
Number of cuts:  7

RGL3
Number of cuts:  0

Rhodalysa
2611
3558
14665
17039
34213
39484
42182
44163
Number of cuts:  8

StCroix
3558
14665
17039
34226
39506
42204
44185
Number of cuts:  7

Swann
3558
14665
17039
34211
39482
42180
44161
Number of cuts:  7

Takoda
3550
5007
14625
16999
34387
39667
44489
Number of cuts:  7

Trina
868
3569
4348
6050
10820
11001
11556
14850
15253
17894
20094
24598
30796
35442
36742
39633
41610
43694
55948
56175
65065
65552
71070
77936
79565
89067
89662
90318
90958
94753
95563
99698
99788
101003
102454
102805
103967
105724
107528
110993
113686
117790
124692
129262
133809
137270
Number of cuts: 46

TWAMP
2611
3558
14665
17039
34213
39484
42182
44163
Number of cuts:  8

UhSalsa
3558
14665
17039
33418
34146
39423
42123
44104
Number of cuts:  8

Weasels2
3120
6706
8000
9654
10576
11309
12982
14130
15258
15908
16615
19804
24334
24481
28369
30491
32227
32837
34274
34295
37717
38290
44927
45242
45344
45662
46910
55252
57565
58208
59618
59682
60491
61327
63506
64974
70132
72711
72985
73196
75425
75602
78476
80355
83192
84666
84879
85043
86432
87733
89253
91232
92511
93803
94698
100682
102653
103544
104679
105676
111421
114761
115635
115842
116400
116827
120812
122364
124345
126204
127727
131424
131430
134825
Number of cuts: 74

Yogi
3558
5015
14639
17013
34187
34324
39835
42533
44514
Number of cuts:  9

Yoncess
3558
5015
14639
17013
33967
39238
41940
43922
Number of cuts:  8

