Alatin
3700
4405
4696
6036
8620
9007
11006
11620
13169
14975
15122
15197
17156
17238
17991
18660
19417
19893
20661
21447
21501
23756
23916
25239
26156
26811
27705
28573
29104
32547
33072
33465
34821
34947
35957
37304
37880
38868
40037
41122
41781
42354
42785
45442
Number of cuts: 44

Alpacados
3662
4658
5998
7640
8937
10942
11556
13105
15058
15133
17092
18544
18596
19829
20597
23201
23625
23785
25108
26625
26716
27610
28478
29009
31577
32452
32977
33370
34723
34849
35859
37197
37773
39607
39930
40945
41604
45265
Number of cuts: 38

AngryOrchard
4350
4641
5981
7623
8920
10925
11539
13088
13133
14651
14894
15041
15116
15248
16769
17075
17910
19812
20052
20133
20580
23620
25104
26584
26675
28437
28968
31470
33260
34883
35009
35975
36019
37357
37933
38921
39980
40092
41176
43473
Number of cuts: 40

AppleCloud
4425
5384
5745
6758
7387
8660
10760
11273
13134
14940
16815
17121
17956
19858
20098
22962
23161
23658
24930
25114
26411
26595
26686
28527
29058
29446
33195
34548
34674
35684
37022
37598
39752
40839
41498
42071
42502
45159
Number of cuts: 38

Belenaria
3700
4405
4696
6036
8620
9007
11006
11620
13169
14975
15122
15197
17156
17238
17991
18660
19417
19893
20613
20661
23689
23849
25173
26090
26654
26745
27639
28507
29038
31538
32413
32938
33331
34696
34822
35788
35832
37170
37746
39900
40987
41646
42219
42650
45307
Number of cuts: 45

BobbyDazzler
3771
4767
6107
7749
9046
11051
11665
13214
15167
15242
17201
18653
19938
20706
23735
23895
25218
26699
26790
27684
28552
29083
31651
32526
33051
33444
34800
34926
35936
37274
37850
38838
39684
40007
41092
41752
45413
Number of cuts: 37

Bonanza
3700
4696
6036
7678
8975
10980
11594
13143
15096
15171
17130
18582
18634
19867
20635
23663
23823
25146
26627
26718
27612
28480
29011
31579
32454
32979
33372
34725
34851
35861
36530
36801
37579
38155
39989
40312
41397
42056
45717
Number of cuts: 39

Bradshaw
3700
4696
6036
8620
9007
11006
11620
13169
14975
15122
15197
17156
17238
17991
18660
19417
19893
20661
21447
23689
23849
25172
26089
26653
26744
27638
28506
29037
32480
33005
33398
34754
34880
35890
37237
37813
38801
39970
41055
41714
42287
42718
Number of cuts: 42

Bryce
3700
4696
6036
7678
8975
10980
11594
13143
15096
15171
17130
18582
19867
20635
23664
23824
25147
26628
26719
27613
28481
29012
31359
32234
32759
33152
34508
34634
35644
36982
37558
38850
39392
39715
40800
41460
45121
Number of cuts: 37

ChewyVIII
619
818
1695
2720
3211
3393
4443
7282
7288
8033
8048
9129
9840
10076
10402
11062
11654
11804
11931
12515
12590
12756
13398
13805
14114
14128
14572
15195
15366
16322
17240
17480
17678
17717
17888
17932
18128
18227
18317
18817
19161
19174
19554
19759
20085
20702
20969
21020
21159
21482
21497
21673
21829
22363
22543
22615
22644
23038
23777
23909
25799
26054
27761
28013
28111
28190
28878
29035
29344
29941
30091
30381
30439
32809
33231
33317
33585
33657
33765
34014
34401
34560
35493
35585
36159
36300
36462
36519
36642
36960
37472
37664
37802
38018
39546
39910
40180
40588
42164
42606
42771
42780
42903
42945
43074
43311
43370
43729
43981
44101
44230
44413
44674
45256
45302
45406
45681
45976
46108
46294
46855
47053
47071
47164
47209
47299
48216
48658
48664
49864
49903
49984
50618
51466
51742
52138
52654
53266
53579
54080
54224
54369
54416
54959
55192
56133
57449
58286
58553
59139
59278
59293
59754
61136
61335
61678
61712
64153
64432
64666
64843
64936
65723
67309
67613
67628
68222
Number of cuts: 167

CosmicSans
3700
4696
6036
8620
9007
11006
11620
13169
14975
15122
15197
17156
17238
17991
18660
19417
19893
20661
21447
23265
23689
23849
25172
26089
26653
26744
27638
28506
29037
32480
33005
33398
34754
34880
35890
37228
37804
38792
39961
41046
41705
42278
42709
45366
Number of cuts: 44

Dinger
4692
6032
7674
8971
10976
11590
14945
15092
15167
15299
16820
17126
17208
17478
17961
18630
19863
20103
21147
22951
23672
25156
26453
26637
26728
28569
29100
33267
34896
35022
36032
37370
37946
38934
40105
Number of cuts: 35

DocB7
1755
2844
4638
5735
9066
10253
10942
11716
12192
12624
12750
12981
14104
14120
14171
14207
17075
17802
18282
18733
18769
18856
19087
20092
21028
23557
23764
24088
26089
26578
30602
30631
30989
31064
35627
37068
37733
38994
40390
41802
43477
43597
43787
44221
44749
44959
45019
46697
47153
47609
48661
48900
48932
51518
51727
52185
53117
53784
54450
54542
56238
56522
60390
60917
61823
63487
64337
65217
67092
67258
67675
67749
68340
69216
69461
69742
69911
70007
70344
71634
74162
Number of cuts: 81

E3
658
1015
1147
1339
1872
2178
2301
2354
2360
2637
2643
3030
4094
4151
4305
4608
4858
5150
5198
5333
6040
6183
6297
6826
7582
8846
9244
9730
9951
10023
10035
10286
10699
10972
11331
11972
11993
12023
12215
12841
13462
13480
13486
13645
13659
13777
13840
14150
14422
14428
15114
15398
15410
15625
17148
17439
18103
18142
18561
18838
19290
19466
20734
20785
20800
20982
21069
21418
22628
22852
23358
23378
24015
24338
24365
24377
24685
25521
25590
25980
26334
26499
26808
26892
27393
27474
27552
28071
28098
28137
29353
29361
29421
29479
29773
29968
29977
30133
30169
30490
30916
30927
31204
32119
32249
32542
32740
32854
33269
33512
33629
33845
34238
34754
34793
35239
35293
35308
35767
35824
35899
36091
36368
36503
36945
37206
37260
37320
37550
37848
37971
38557
38723
38734
38909
38987
39200
39374
39392
39881
40091
40421
40948
41120
41298
41631
41652
42008
42584
42611
42806
42854
42950
43079
43432
43899
44100
44202
44355
44445
44564
44796
44827
45010
45034
45123
45589
45901
45955
47165
47523
47685
48429
48576
48996
49009
49056
49086
49119
49246
49360
49411
49435
49539
49591
49864
49987
49993
50308
50392
51601
52035
52116
52205
52281
52570
53363
53474
53707
53758
53806
53886
54006
54150
54278
54557
54817
55243
55254
55354
55781
56186
56228
56270
56309
56573
56770
57059
57313
57487
57937
58290
58748
59177
59324
59483
59513
59666
61114
61302
61530
61635
62464
62539
62566
62920
63555
64320
64475
64532
64547
64559
65124
65845
65893
66316
66472
66579
66760
66909
67003
67028
67323
67720
67751
67811
68213
68425
69087
69378
69396
69513
69741
69834
70002
70280
70512
70548
70749
70779
71186
71256
71639
71648
71795
72257
73341
73572
73814
73866
73986
74050
74559
75060
75066
75178
75354
75512
75665
75680
76380
76574
76867
76963
77003
77170
77492
77717
77885
78110
78133
78402
78442
78732
78970
79005
79053
79374
79431
79543
80063
80075
80100
80154
80538
80643
80694
80724
81141
81434
81480
81537
81749
81777
81965
82016
82334
82343
82434
82812
82848
82896
82937
83367
83376
83429
83642
83712
83893
85098
85465
85943
85967
86288
86318
86366
86489
86636
86759
86774
87097
87700
88088
88328
88406
88471
89248
89356
89503
90027
90042
90174
90981
91117
91733
92461
93257
93670
94211
94591
94726
94912
94963
95969
96029
96614
97384
97588
97660
97916
98012
98450
98636
99142
99172
99340
99925
100553
102137
102150
102524
102584
102593
102713
104146
104605
104758
105709
105931
105964
105988
106012
106296
106615
106942
107423
107441
107806
108062
108125
108409
109702
109852
109981
110325
110493
110535
110547
111031
111662
111755
111890
111968
112238
112555
112599
112681
112804
112885
113740
113797
114093
114102
114114
114126
114176
114207
114351
114504
114518
114641
114817
115234
115278
115337
115656
115794
116009
116048
116276
116381
116673
116853
117218
117802
117895
118489
118740
119132
120087
120101
120186
120363
121106
121145
121208
121354
121604
121792
122144
122311
122372
122671
122736
123094
123202
123290
123376
123822
123915
124119
124337
124380
124431
125671
125876
126030
126919
127081
127859
127931
128111
128309
128479
129308
129385
129406
129607
130557
131087
131312
131393
131429
131584
131633
131777
131875
132035
132619
132634
132659
133150
133225
133363
133663
133678
133822
133972
134110
134125
134853
135127
135199
135220
135511
135535
136299
136550
136577
136919
137330
137420
137513
137531
137584
137861
138425
139000
139123
139135
139538
139734
140154
140706
141035
141050
141506
141922
142004
Number of cuts: 549

Erik
3700
4405
4696
6036
8620
9006
11005
11619
13168
14974
15121
15196
17155
17237
17990
18659
19416
19892
20612
20660
23264
23687
23847
25170
26087
26651
26742
27636
28504
29035
32412
32937
33330
34686
34812
35822
37160
37736
38724
39893
40877
41536
42109
42540
45197
Number of cuts: 45

Espica
3700
4405
4696
6036
8620
9007
11006
11620
13169
14975
15122
15197
17156
17238
17991
18660
19417
19893
20613
20661
23689
23849
25173
26090
26654
26745
27639
28507
29038
31538
32413
32938
33331
34696
34822
35832
37170
37746
39900
40987
41646
42219
42650
45307
Number of cuts: 44

Finch
1223
1838
1907
2344
2990
3696
3852
4340
4768
5017
6475
6778
6847
7556
7633
8712
9177
9360
10147
11264
11381
12608
12754
13127
14139
14356
16817
17374
18741
18834
19291
19545
21256
21740
22585
25454
26453
26573
27499
27667
28383
28544
28973
29068
29241
30121
30673
30748
31990
32260
32713
34711
35317
35476
38888
38924
39365
39626
39683
39845
39878
40320
40536
40676
41004
42531
42651
42744
42888
42999
44150
45091
45566
47451
48201
48414
50003
50849
51212
52481
53485
53803
54894
55549
55561
55747
56570
56636
59077
61065
61858
62898
63514
64650
66231
66318
69710
71409
71566
72267
72520
72978
73261
73339
74807
75378
79233
80425
82239
82561
83165
85088
85334
86474
86768
88258
89412
89499
89565
91165
91856
91863
92158
93131
93667
94218
96361
97702
100411
100569
100867
101335
101419
101996
102477
102645
102758
103691
105010
106136
106398
106990
107222
107453
108117
108365
108710
109785
110090
110564
110848
111070
112067
113851
114030
115914
116252
118337
119088
119820
122356
123150
123967
124543
125123
125516
126278
126712
127072
127194
127624
127711
128352
128549
129356
130281
130824
131876
132131
132885
132933
133448
133742
134063
135776
135806
135824
135848
137746
138469
Number of cuts: 190

Gollum
3700
4405
4696
6036
8620
9007
11006
11620
13169
14975
15122
15197
17156
17238
17991
18660
19417
19893
20613
20661
23689
23849
25172
26089
26653
26744
27638
28506
29037
31603
32478
33003
33396
34752
34878
35888
37226
37802
39903
40988
41647
42220
42651
45308
Number of cuts: 44

Grayson
5421
30161
47118
50985
53595
57330
58611
61589
63163
67590
69250
76472
85278
110070
113788
117476
117698
121508
123928
126832
Number of cuts: 20

Harlequin
4716
6036
7678
8951
10956
11570
13119
15072
15147
17106
18558
19843
20611
23694
23854
25177
26658
26749
27643
28511
29042
31389
32264
32789
33182
34538
34664
35674
37012
37588
38880
39747
40835
41495
45156
Number of cuts: 35

Hiro
3700
4696
6036
7678
8951
11051
11564
15231
17412
18247
20149
20389
20520
23452
23949
24109
25432
26913
27004
27898
28766
29297
31865
32740
33265
33658
35014
35140
36150
37488
38064
39898
40221
41306
41966
45627
Number of cuts: 36

Jace
434
500
527
653
686
1057
1444
1552
1606
1735
1773
1915
2145
2192
2503
2698
2731
2851
3541
3807
3876
4020
4731
4790
5302
5338
5344
5917
6028
6373
6547
6699
7207
7351
7448
7765
7855
8011
8038
8073
8232
8247
8307
9230
9266
9287
9314
9442
9763
9926
10118
11153
11627
11741
11774
11900
12038
12229
12422
12566
12848
13448
14152
14190
14395
14438
14492
14555
14929
15321
16042
16239
16253
16510
16819
16891
17071
17080
17101
17360
17633
17856
17973
18093
18210
18223
18249
18375
18656
18756
18798
18807
18846
19320
20076
20493
20565
21068
21333
21848
22748
23663
23738
23925
24458
24890
24905
25258
25446
25593
25614
25902
25941
26223
26512
26539
26794
27202
27575
27829
28083
28286
28310
28336
28543
28672
28984
29230
29541
29894
30036
30265
30277
31028
31097
31270
31342
31922
32089
32149
32308
32897
33022
33040
33313
33478
33595
33748
34088
34406
34845
35019
35025
35245
35269
35528
35580
35606
35621
36600
37003
37057
37081
37407
37422
37518
37787
37802
37817
37859
38820
38880
38991
39020
39096
39248
40174
40906
41034
41344
41769
42243
42749
43432
43698
43812
44197
44744
45174
45294
45539
45720
46271
47275
47470
47503
48165
48330
48631
48797
48890
48983
49201
49339
49465
50036
50105
50315
50377
50395
50890
51157
51282
51420
51566
51679
51703
51775
51919
52132
52145
52877
52883
Number of cuts: 223

Jester
4716
6036
7678
8951
11051
11564
12273
13113
13694
14676
14919
17100
17452
17935
19837
20605
23625
23785
25108
26589
26680
27574
28442
28973
31320
32195
32720
33113
34469
34595
35605
36943
37519
38811
39678
40766
41426
45087
Number of cuts: 38

Krishelle
3700
4405
4696
6036
7693
8966
11066
11579
13440
15246
17121
17427
18262
20164
20404
23304
23503
24000
25272
25456
26753
26937
27028
28869
29400
32840
33365
33758
35114
35240
36250
37597
38173
39161
40330
41415
42074
42647
43078
Number of cuts: 39

Lillie
3700
4696
6036
8620
9007
11006
11620
13169
14975
15122
15197
17156
17238
17991
18660
19417
19893
20661
21447
23265
23689
23849
25172
26089
26653
26744
27638
28506
29037
32480
33005
33398
34754
34880
35890
37228
37804
38792
39961
41046
41705
42278
42709
45366
Number of cuts: 44

Mahdia
185
449
834
2576
2672
3772
4237
4679
4706
4721
4883
4934
5321
5366
5645
6426
7511
8039
8406
8547
9630
9913
10442
10450
10694
10837
10871
11810
11909
12017
12131
12203
12263
12272
12533
13162
13352
13358
13730
13856
14319
15025
16064
16097
16813
16981
17293
17836
18058
18130
18532
18626
19182
20575
20707
20854
22524
23172
23295
23648
23669
25020
25215
25587
25609
25978
26248
27909
28717
28960
29347
29444
29476
29509
29642
30241
30391
30745
31197
31541
32102
34450
34761
35034
35351
36064
36085
36851
36986
37672
37689
38429
39288
39714
40352
40922
40950
42249
42443
Number of cuts: 99

Naiad
3700
4405
4696
6036
8620
9007
11006
11620
13169
14975
15122
15197
17156
17238
17991
18660
19417
19893
20661
21447
23702
23862
25185
26102
26757
27651
28519
29050
32493
33018
33411
34767
34893
35903
37250
37826
38814
39983
41068
41727
42300
42731
45388
Number of cuts: 43

Nancinator
3700
4405
4696
6036
8620
9007
11006
11620
13169
14975
15122
15197
17156
17238
17991
18660
19417
19893
20613
20661
23689
23849
25173
26090
26654
26745
27639
28507
29038
31538
32413
32938
33331
34696
34822
35832
37170
37746
40385
41044
41617
42048
44705
Number of cuts: 43

Natosaleda
3700
4405
4696
6036
8620
9007
11006
11620
13169
14975
15122
15197
17156
17238
17991
18660
19417
19893
20613
20661
23689
23849
25172
26089
26653
26744
27638
28506
29037
31537
32412
32937
33330
34695
34821
35831
37169
37745
39899
40986
41645
42218
42649
45306
Number of cuts: 44

Partridge
4464
4755
6095
7737
9034
11039
11653
15008
15155
15230
15362
16883
17189
17271
17541
18024
18693
19926
20166
21210
23014
23735
25219
26552
26736
26827
28251
28668
29199
33555
35052
35178
36188
37527
38103
39091
40262
Number of cuts: 37

Pepy6
194
317
503
722
827
2137
2263
2436
3429
3776
4068
4152
5461
5526
5818
6193
6331
6378
8083
8245
8687
9097
9787
10035
10386
10913
10982
11062
11696
11912
11941
11963
13038
13047
13438
13662
14371
14552
15240
15305
15737
15760
16900
17306
17433
18145
18529
19553
19823
22650
22725
23160
23409
23967
24392
24562
24972
25046
25140
25493
25855
26476
26578
27305
28971
29384
29687
29740
30078
30288
31368
32289
32751
33161
33816
33911
34632
34668
34806
34905
35289
35538
36036
36271
36539
36802
37120
37397
37453
37517
38554
38625
38729
39211
40979
44747
45166
45602
45608
45649
46324
46596
48118
48283
48337
49305
49656
49743
50096
50102
50687
50931
50953
51628
52066
52264
53236
53437
53682
54061
54094
54167
55021
55663
56476
56794
57085
57153
57702
58556
59202
59525
60814
60918
61405
62677
62770
63970
64112
65003
65066
65110
65860
66033
66198
66747
67613
67732
67796
70005
70491
71171
71314
72206
72369
73130
74414
Number of cuts: 157

Peregrin
1598
3990
4771
5604
7532
12747
13423
25656
29672
35201
36760
45898
46840
47002
50784
54523
56640
56978
59956
61530
61719
65575
67675
81840
89295
94353
100517
101996
108628
109731
112342
118284
118506
122108
123449
125768
127869
131667
Number of cuts: 38

Phrankenstein
3700
4696
6036
8620
9007
11006
11620
13169
14975
15122
15197
17156
17238
17991
18660
19417
19893
20613
20661
23211
23635
23795
25118
26035
26599
26690
27584
28452
28983
31551
32426
32951
33344
34700
34826
35836
37174
37750
38738
39907
40992
41651
42224
42655
45312
Number of cuts: 45

Pine5
369
762
895
1029
1593
1862
2003
2064
2134
2164
2981
3104
3673
3712
3733
3814
5040
5046
5148
5172
5308
5415
6252
6270
6633
7004
7196
7344
7823
8106
8214
8337
8985
9053
9555
9631
9735
9867
10065
10082
10100
10256
10307
11034
11082
11089
11450
11516
11543
11555
11582
11966
12035
12452
12593
13082
13155
13560
13745
13772
13987
14163
14178
14227
14440
14560
14630
15733
16183
16275
16671
16782
16866
17321
17373
17417
17973
18201
18408
18510
18964
19129
19344
19394
19815
20181
20212
20224
20406
20681
20945
20984
21028
21290
21410
21431
21614
21704
21860
22075
22964
23099
23213
23338
23936
24071
24221
24326
24401
24752
25157
25226
25292
25363
25511
25559
25574
25724
26260
26266
26383
26452
26551
26694
26905
27036
27102
27170
27253
27488
27614
27798
27888
27987
28110
28514
28646
28738
28967
29208
29877
29991
30227
30487
31165
31516
31626
32840
32912
33116
33164
33461
33535
33689
33877
34064
34130
34375
34412
34420
35040
35250
36425
36530
36783
36815
36950
36992
37038
37112
37163
37355
37370
37463
37496
37568
37811
38091
38573
38603
38651
38792
38935
38987
39146
39203
39383
39803
40272
40304
40409
41143
41177
41459
41492
41502
41962
42279
42286
42351
42456
42711
42874
42894
43128
43146
43486
43668
43890
43905
44460
44493
45069
45079
45203
45390
45508
46132
47115
47138
47653
48055
48104
48176
48385
48453
48564
48649
48804
48831
48876
49174
49227
49392
49720
49996
50294
50543
50570
50884
51029
51739
51969
52002
52112
52149
52158
52313
52506
52888
52950
53034
53139
53547
53577
54397
54541
54847
55027
55063
55128
55263
55520
55781
56051
56491
56881
57157
57204
57360
57399
57676
57919
58893
59116
Number of cuts: 275

Poco6
317
722
827
1156
1609
1616
2846
3790
4510
5380
6333
6414
6867
6973
7620
8059
9501
9836
11676
12051
12118
12528
12894
13218
13591
14462
14492
15111
15303
15709
16350
16489
16889
17113
17948
18497
19081
19793
20220
21071
21711
21818
23344
24675
25158
25305
25650
25848
25908
25980
26363
26575
26985
27153
27506
27555
27609
27868
28489
28591
29318
29360
29408
29809
31336
31706
31759
32097
32559
33030
34014
34284
34449
34719
35409
35919
36654
36690
36828
38058
38299
38561
39242
39419
39475
40576
40647
41233
41879
42016
42333
44946
44997
45313
45764
47298
47602
47837
48137
48177
48525
48909
49655
49937
51144
51608
51767
51911
52304
52458
52480
52964
53502
53575
53773
54744
55190
55569
55602
56166
56529
58884
59221
59301
59600
60456
60688
61169
62015
62119
63788
64151
64548
65813
65819
66862
68279
69212
69758
71757
72577
73631
77040
Number of cuts: 143

Rasputin
3700
4696
6036
7678
8976
11076
11589
13138
15091
15166
17125
18577
19862
20630
23659
25143
26060
26715
27609
28477
29008
32451
32976
33369
34725
34851
35861
37199
37775
38763
39932
41017
41676
42249
42680
45337
Number of cuts: 36

RER2
3700
4696
6036
8620
9007
11006
11620
13169
14975
15122
15197
17156
17238
17991
18660
19417
19893
20661
21447
23689
23849
25172
26653
26744
27638
28506
29037
32480
33005
33398
34754
34880
35846
35890
37228
37804
38792
39961
41046
41705
42278
42709
45366
Number of cuts: 43

RexFury
3731
4436
4727
6067
8651
9038
11037
11651
13200
15006
15153
15228
17187
17269
18022
18691
19448
19924
20692
21478
23720
23880
25203
26120
26684
26775
27669
28537
29068
31636
32511
33036
33429
34785
34911
35921
37259
37835
39989
41076
41735
42308
42739
45396
Number of cuts: 44

RGL3
325
720
1509
1990
2162
3058
4407
4718
4746
5402
5677
6038
6904
7054
7684
8610
10064
10711
11082
12304
13314
15280
15355
15487
16684
17543
18068
18320
19190
20040
22805
23027
23327
23474
23717
24171
25663
25905
25938
26185
26403
26747
27806
28268
28625
29466
29818
30269
30584
30818
31292
32395
32507
33000
33126
33415
34044
34414
35106
35825
35836
37445
38420
38699
38813
39155
39694
39746
40349
40710
40767
41636
42052
42540
43211
43643
44565
44854
44899
45180
45343
47290
Number of cuts: 82

Rhodalysa
3700
4696
6036
8620
9007
11006
11620
13169
14975
15122
15197
17156
17238
17991
18660
19417
19893
20661
21447
23265
23689
23849
25172
26089
26653
26744
27638
28506
29037
32480
33005
33398
34754
34880
35890
37228
37804
38792
39961
41046
41705
42278
42709
45366
Number of cuts: 44

StCroix
3700
4405
4696
6036
8620
9007
11006
11620
13169
14975
15122
15197
17156
17238
17991
18660
19417
19893
20661
21447
23702
23862
25185
26102
26757
27651
28519
29050
32493
33018
33411
34767
34893
35903
37250
37826
38814
39983
41068
41727
42300
42731
45388
Number of cuts: 43

Swann
3700
4696
6036
8620
9007
11006
11620
13169
14975
15122
15197
17156
17238
17991
18660
19417
19893
20661
21447
23265
23689
23849
25172
26089
26653
26744
27638
28506
29037
32478
33003
33396
34752
34878
35844
35888
37226
37802
38790
39959
41044
41703
42276
42707
45364
Number of cuts: 45

Takoda
1983
4397
4688
6028
7670
8967
10966
11580
13129
13174
14551
14935
15082
15157
15289
16810
17116
17198
17951
19853
20093
20174
20621
23661
25145
26717
28479
29010
31512
33302
34937
35063
36029
36073
37411
37987
38975
40034
40146
41230
43681
Number of cuts: 41

Trina
8163
12418
14234
14444
43645
43964
44498
60014
61770
65809
75063
79574
86011
88380
99525
109000
112940
118351
120429
121417
Number of cuts: 20

TWAMP
3700
4696
6036
8620
9007
11006
11620
13169
14975
15122
15197
17156
17238
17991
18660
19417
19893
20661
21447
23265
23689
23849
25172
26089
26653
26744
27638
28506
29037
32480
33005
33398
34754
34880
35890
37228
37804
38792
39961
41046
41705
42278
42709
45366
Number of cuts: 44

UhSalsa
3700
4405
4696
6036
8620
9007
11006
11620
13169
14975
15122
15197
17156
17238
17991
18660
19417
19893
20613
20661
23689
23849
25173
26090
26654
26745
27639
28507
29038
31538
32413
32938
33331
34696
34822
35832
37170
37746
39900
40987
41646
42219
42650
45307
Number of cuts: 44

Weasels2
950
8657
25659
34631
43568
46813
48751
62679
64511
73726
78931
79789
82123
86460
87154
93648
95436
96055
96380
99197
101573
108930
118010
126731
132655
Number of cuts: 25

Yogi
3700
4696
6036
7678
8975
10980
11594
13143
15096
15171
17130
18582
18634
19867
20635
23663
23823
25146
26627
26718
27612
28480
29011
31579
32454
32979
33372
34725
34851
35861
36530
36801
37579
38155
39989
40312
41397
42056
45717
Number of cuts: 39

Yoncess
3700
4696
6036
7678
8975
10980
11594
13143
15096
15171
17130
18582
19867
20635
23664
23824
25147
26628
26719
27613
28481
29012
29547
31359
32234
32759
33152
34508
34634
35644
36982
37558
38546
39392
39715
40800
41460
45125
Number of cuts: 38

