Alatin
1737
3623
3630
3753
5657
6706
6929
7413
8025
8316
8409
9311
10771
11999
12217
14338
14622
14818
14935
16330
17748
19481
21097
22024
22608
25779
29123
32052
33547
33659
33814
34805
36244
36361
36831
37273
37696
40261
41891
42754
43119
43227
43295
43421
44061
44275
44705
Number of cuts: 47

Alpacados
1689
3585
3592
5619
6653
6876
7360
7972
8278
9241
11935
12153
14274
14471
14483
14558
14754
14871
15021
17125
17987
18900
19099
21746
28032
29028
31957
33452
33564
34707
36254
37166
37589
40084
41714
42577
42942
43050
43118
43244
43998
44098
44528
Number of cuts: 43

AngryOrchard
1682
3568
3575
3698
3995
5602
6636
6859
7343
7955
8261
9224
9926
11918
12136
14257
14295
14541
14737
14854
15004
16249
17667
17970
19082
21729
22472
28987
31850
32269
32867
33342
33454
34867
36006
36414
36884
37749
38992
41574
41944
42316
43164
44103
44217
44317
44747
Number of cuts: 47

AppleCloud
1444
3332
3339
3462
5366
7106
7107
7719
8025
8964
10424
11652
11870
11891
14341
14512
14587
14783
14900
15050
17713
18016
19128
20897
21775
29077
31782
33277
34532
36079
36991
37414
38782
41608
42471
42836
42944
43012
43138
43778
43992
44422
Number of cuts: 42

Belenaria
1737
3623
3630
3753
5657
6706
6929
7413
8025
8316
8409
9311
10771
11999
12217
14338
14622
14818
14935
16330
17748
19481
21970
25713
29057
31918
33413
33525
33680
34680
35819
36227
37139
37562
38930
41756
42619
42984
43092
43160
43286
43926
44140
44570
Number of cuts: 44

BobbyDazzler
1801
3694
3701
5728
6762
6985
7469
8081
8387
9350
12044
12262
14383
14580
14592
14667
14863
14980
15130
17234
18096
19009
19208
21855
25758
28106
29102
32031
33526
33638
34784
36331
37243
37666
40231
41862
42725
43090
43198
43266
43392
44032
44246
44676
Number of cuts: 44

Bonanza
1737
2054
3623
3630
5657
6691
6914
7398
8010
8316
9279
11973
12191
14312
14509
14521
14596
14792
14909
15059
17163
18025
18938
19137
21071
21296
21784
25686
28034
29030
31959
33454
33566
34709
36256
37548
37971
40536
42166
43029
43394
43502
43696
44450
44550
44980
Number of cuts: 46

Bradshaw
1737
3623
3630
3753
5657
6706
6929
7413
8025
8316
8409
9311
10771
11999
12217
14338
14622
14818
14935
16330
17748
19481
21970
25712
29056
31985
33480
33592
33747
34738
36177
36294
36764
37206
37629
40194
41824
42687
43052
43160
43228
43354
43994
44208
Number of cuts: 44

Bryce
1737
3623
3630
5657
6691
6914
7398
8010
8316
9279
11973
12191
14312
14509
14521
14596
14792
14909
15059
17163
18025
18938
19137
21071
21296
21784
25687
28035
29031
31739
33234
33346
34492
36039
36951
37374
39939
41570
42348
42433
42798
42906
42974
43100
43740
43954
44384
Number of cuts: 47

ChewyVIII
2035
2566
3905
4657
5285
5912
8550
9693
10323
11151
11665
12791
12826
13694
14061
15181
15693
17290
18554
19430
19485
20292
21075
21735
23756
25714
25819
26380
27561
27891
28096
28869
29019
30588
30769
31143
32057
32995
33783
33893
34040
34310
34823
34967
35975
36755
37369
37978
38527
39546
39960
40229
40371
40846
42023
43670
44211
44368
44892
48896
49621
52477
54395
54955
55969
57808
57984
59209
59776
60367
60820
60929
61632
62328
64302
64313
65891
68733
69119
Number of cuts: 79

CosmicSans
1737
3623
3630
3753
5657
6706
6929
7413
8025
8316
8409
9311
10771
11999
12217
14338
14622
14818
14935
16330
17748
19481
21097
21970
25712
29056
31985
33480
33592
33747
34738
36285
36755
37197
37620
40185
41815
42678
43043
43151
43219
43345
43985
44199
44629
Number of cuts: 45

Dinger
327
1733
3619
3626
3749
4046
5653
6687
6910
7394
8006
8312
9275
10775
11969
12187
14308
14346
14592
14788
14905
15055
17718
18021
19133
21067
21420
21780
21940
29119
31854
32874
33349
33461
34880
36019
36427
36897
37762
41962
42334
44235
44335
44765
45086
Number of cuts: 45

DocB7
1012
1022
2625
3587
4904
5039
5848
6700
10401
10830
11358
13313
15327
15398
15435
15494
16258
17264
17668
18447
19296
19308
19674
20895
22041
22813
23379
24146
24967
28105
28289
30280
30407
31390
31902
33426
35820
36962
38748
39289
40899
41888
43539
44826
46620
47173
48622
48850
48971
53506
55201
56143
56246
56481
56840
57524
58150
58286
61315
61448
61702
63220
63241
63734
65696
65724
67610
68514
68566
68792
68939
70636
72587
72788
73789
75451
Number of cuts: 76

E3
1308
1510
1835
3496
4137
4820
6501
8828
9495
10853
11180
11740
15289
16389
18741
20835
21850
22743
23111
23444
23716
24698
25225
25553
26069
26444
26864
27746
28177
32561
33181
33525
34741
36644
36836
37417
37760
38779
39052
39106
39151
39634
39907
40692
43532
45510
46114
48188
48723
49796
54568
55272
55674
55694
56095
56806
57229
59482
59874
60383
61442
61529
61876
62289
64004
68272
69761
70721
74076
76015
77002
78936
80338
80660
81374
81838
83233
85006
85567
86140
86848
87938
88611
89082
90248
91201
91388
92045
92409
92430
92686
93256
94017
95579
96139
97699
98428
100490
100637
101332
101380
101505
102137
102551
105456
105605
107581
108268
110236
112404
113052
114917
115512
116765
117441
119719
120642
120738
122081
122603
123240
123393
124144
126080
126670
127843
128376
133113
133947
135757
136208
136277
136742
137188
138943
139705
Number of cuts: 136

Erik
1737
3623
3630
3753
5657
6706
6929
7413
8025
8316
8409
9310
10770
11998
12216
14337
14621
14817
14934
16329
17747
19480
21969
25710
29054
31917
33412
33524
33679
34670
36217
36687
37129
37552
40117
41646
42509
42874
42982
43050
43176
43816
44030
44460
Number of cuts: 44

Espica
1737
3623
3630
3753
5657
6706
6929
7413
8025
8316
8409
9311
10771
11999
12217
14338
14622
14818
14935
16330
17748
19481
21970
25713
29057
31918
33413
33525
33680
34680
36227
37139
37562
38930
41756
42619
42984
43092
43160
43286
43926
44140
44570
Number of cuts: 43

Finch
526
943
1015
1630
6894
7083
9205
9314
9829
12259
12997
13265
13590
13785
14923
14953
15618
16120
16774
17566
20513
20659
22245
22892
23261
23669
25702
28195
29988
30349
30987
31146
31566
33777
34625
35905
38302
39295
40502
41224
41588
42442
43096
43688
43968
44305
45029
45604
45997
46993
48146
50082
52366
52731
52887
53725
56656
58044
58124
58215
58990
62151
62275
63179
63636
63680
64862
65590
66338
67193
69019
69805
70642
71674
73305
74493
75098
75377
76180
77726
77900
79115
80546
80940
81576
82326
83421
83501
83702
85585
86032
87870
91681
93825
94625
96348
96529
99192
101698
101779
101920
102025
102192
102453
102863
104492
104911
107107
107224
108787
109598
110216
111973
112844
114283
115098
115715
116364
117007
117848
125491
125735
126331
126685
127637
129635
130358
130409
130939
132052
132511
133548
134864
135408
136474
137542
Number of cuts: 136

Gollum
1737
3623
3630
3753
5657
6706
6929
7413
8025
8316
8409
9311
10771
11999
12217
14338
14622
14818
14935
16330
17748
21970
29056
31983
33478
33590
33745
34736
36283
37195
37618
38986
40127
41757
42620
42985
43093
43161
43287
43927
44141
Number of cuts: 41

Grayson
367
2537
2790
3107
4922
5131
6872
7321
8388
14117
14234
19464
20724
21110
22401
26070
26929
35631
39878
43754
45665
46038
46074
49229
50784
54709
59797
63624
63810
67190
80137
80190
81200
82303
89745
90359
100729
101447
102198
102530
104139
110956
111258
113874
127433
128209
129268
131438
131691
Number of cuts: 49

Harlequin
1737
3623
3630
3753
4050
5657
6691
6914
7397
7398
8010
8316
9255
11949
12167
14288
14485
14497
14572
14768
14885
15035
17139
18001
18914
19113
21047
21272
21814
25717
28065
29061
31769
33264
33376
34522
36069
36981
37404
38797
41605
42383
42468
42833
42941
43009
43135
43775
43989
44419
Number of cuts: 50

Hiro
1737
2054
3623
3630
5657
6691
6914
7397
7398
8010
8316
9255
10715
11943
12161
12182
14632
14803
14878
15074
15191
15341
18004
19419
21188
22066
25972
28320
29316
32245
33740
33852
34998
36545
37457
37880
40445
42076
42854
42939
43304
43412
43480
43606
44246
44460
44890
Number of cuts: 47

Jace
604
2577
2646
3341
3857
5046
5190
5856
6841
9229
9250
9394
9651
11380
14542
16278
17522
17780
17898
20701
21875
21949
22049
22896
23239
24972
27374
27621
30318
30637
30937
31195
31458
31712
31747
34033
36428
36762
37666
38538
38945
38993
39400
39586
40176
40794
41694
43111
43736
45743
45785
47030
47909
48551
49045
50306
50639
53669
53854
Number of cuts: 59

Jester
1737
3623
3630
3753
4050
5657
6691
6914
7397
7398
8010
8316
9255
10715
11501
11943
12161
14320
14479
14566
14879
15029
17692
17995
18908
19107
21041
21266
21754
25648
27996
28992
31700
33195
33307
34453
36000
36912
37335
38728
41536
42314
42399
42764
42872
42940
43066
43706
43920
44350
Number of cuts: 50

Krishelle
1737
3623
3630
3753
5657
6706
6929
7413
8025
8331
9270
10730
11958
12176
12197
14647
14818
14893
15089
15206
15356
18019
18322
19434
21203
22117
29419
32345
33840
33952
34107
35098
36537
36654
37124
37566
37989
40554
42184
43047
43412
43520
43588
43714
44354
44568
44998
Number of cuts: 47

Lillie
1737
3623
3630
3753
5657
6706
6929
7413
8025
8316
8409
9311
10771
11999
12217
14338
14622
14818
14935
16330
17748
19481
21097
21970
25712
29056
31985
33480
33592
33747
34738
36285
36755
37197
37620
40185
41815
42678
43043
43151
43219
43345
43985
44199
44629
Number of cuts: 45

Mahdia
506
634
2065
3082
3301
3989
4008
4367
4371
5397
5560
5865
6336
6649
6945
7507
7548
7735
7804
7840
8017
8911
9826
10297
10431
11275
12151
13184
13600
13699
14206
14305
14755
15088
16598
16936
17781
18258
18568
19474
19797
20508
20523
20810
20812
23330
23575
25780
27357
27549
29475
29589
30306
30381
31047
31617
31639
31657
32113
32388
33535
33762
34321
34407
34988
35326
35860
36108
36180
36204
36625
37505
38073
38583
40631
40744
41279
41361
42109
42379
Number of cuts: 80

Naiad
1737
3623
3630
3753
5657
6706
6929
7413
8025
8316
8409
9311
10771
11999
12217
14338
14622
14818
14935
16330
17748
19481
21097
21970
22554
25725
29069
31998
33493
33605
33760
34751
36190
36307
36777
37219
37642
40207
41837
42700
43065
43173
43241
43367
44007
44221
44651
Number of cuts: 47

Nancinator
1737
3623
3630
3753
5657
6706
6929
7413
8025
8316
8409
9311
10771
11999
12217
14338
14622
14818
14935
16330
17748
19481
21970
25713
29057
31918
33413
33525
33680
34680
36227
37139
37562
38930
39524
41154
42017
42382
42490
42558
42684
43324
43538
43968
Number of cuts: 44

Natosaleda
1737
3623
3630
3753
5657
6706
6929
7413
8025
8316
8409
9311
10771
11999
12217
14338
14622
14818
14935
16330
17748
19481
21970
25712
29056
31917
33412
33524
33679
34679
36226
37138
37561
38929
41755
42618
42983
43091
43159
43285
43925
44139
44569
Number of cuts: 43

Partridge
327
402
1796
3682
3689
3812
4109
5716
6750
6973
7457
8069
8375
9338
10838
12032
12250
14371
14409
14655
14851
14968
15118
17781
18084
19196
21130
21483
21843
22003
29218
32145
33162
33637
33749
35036
36175
36472
36583
37053
37919
42116
42488
44581
44681
45111
46788
Number of cuts: 47

Pepy6
853
1701
3069
3875
4276
4657
4961
10665
11602
11837
13000
16885
20034
23218
23693
24959
25612
25705
25817
29166
31211
32420
32471
32684
32942
32951
33110
34223
34941
35180
35642
37053
37198
38007
38920
39415
40224
40489
40861
41570
41921
42537
42570
43348
44011
45026
45309
46352
46785
47944
48715
48775
49985
50991
54163
58879
59801
61847
62060
66900
68149
68788
68864
69600
69794
69951
70361
70562
72448
72888
73849
74896
76766
Number of cuts: 73

Peregrin
7692
13449
19817
25647
26506
27645
34413
34941
38659
44818
48372
49567
50605
52842
53492
58164
62177
68225
77305
80383
81730
82226
83283
89179
94425
99135
101122
102932
104544
105665
108112
109356
110617
110919
113299
116077
Number of cuts: 36

Phrankenstein
1737
3623
3630
3753
5657
6706
6929
7413
8025
8316
8409
9311
10771
11999
12217
14338
14622
14818
14935
16330
17748
19481
21916
25658
29002
31931
33426
33538
33693
34684
36231
36701
37143
37566
40131
41761
42624
42989
43097
43165
43291
43931
44145
44575
Number of cuts: 44

Pine5
509
941
1437
1574
1979
2359
3447
7346
8834
9074
9441
9661
10175
10514
11103
11338
11557
11677
12942
13028
13103
15174
15261
15496
17387
17698
18247
18350
19343
20250
21082
21238
21520
21688
22165
22741
23041
23149
24813
27827
28252
29737
31733
32184
32997
34853
36715
38293
39802
40151
41770
42294
44931
44936
45666
45975
47454
47900
48919
48928
48955
49473
50467
51420
52023
52631
52791
53680
53890
54000
57461
57767
58419
59082
Number of cuts: 74

Poco6
1711
4922
5076
5613
8508
9813
13618
14095
16451
18626
23020
23676
25706
26972
27026
27718
27830
31185
33044
34445
34496
34709
34880
36248
36374
36821
37346
39075
39556
40942
41436
41965
42310
42806
43372
43715
43737
44139
44364
45450
45835
46304
46820
47210
48553
48790
49266
50175
50290
51497
52044
53136
55006
55671
58488
58890
59708
60055
60973
64469
66968
67547
68341
71115
71627
76677
78033
Number of cuts: 67

Rasputin
1737
3623
3630
3753
5657
6691
6914
7398
8010
8317
9280
11968
12186
14307
14504
14516
14591
14787
14904
15054
17158
18020
18933
19132
21779
31956
33451
33563
33718
34709
36256
36726
37168
37591
40156
41786
42649
43014
43122
43190
43316
43956
44170
44600
Number of cuts: 44

RER2
1737
3623
3630
3753
5657
6706
6929
7413
8025
8316
8409
9311
10771
11999
12217
14338
14622
14818
14935
16330
17748
19481
21970
25712
28060
29056
31985
33480
33592
33747
34738
35877
36285
36755
37197
37620
40185
41815
42678
43043
43151
43219
43345
43985
44199
44629
Number of cuts: 46

RexFury
1768
3654
3661
3784
5688
6737
6960
7444
8056
8347
8440
9342
10802
12030
12248
14369
14653
14849
14966
16361
17779
21128
22001
32016
33511
33623
33778
34769
36316
37228
37651
39019
41845
42708
43073
43181
43249
43375
44015
44229
44659
Number of cuts: 41

RGL3
1735
2205
2796
3625
3773
3962
4251
5659
5800
6699
6810
6848
7404
8015
8399
8781
9277
10138
12192
12849
14513
14714
14976
15093
15243
17308
18212
18660
19105
19114
20066
20963
21344
22462
22556
23434
23938
25073
25085
25106
25949
28546
28954
29672
29987
30019
31680
31992
32598
32655
32818
33050
34043
34212
34238
35043
35472
36317
38629
39654
42608
42818
43145
43165
43234
44183
45685
45691
46361
46375
46678
47048
Number of cuts: 72

Rhodalysa
1737
3623
3630
3753
5657
6706
6929
7413
8025
8316
8409
9311
10771
11999
12217
14338
14622
14818
14935
16330
17748
19481
21097
21970
25712
29056
31985
33480
33592
33747
34738
36285
36755
37197
37620
40185
41815
42678
43043
43151
43219
43345
43985
44199
44629
Number of cuts: 45

StCroix
1737
3623
3630
3753
5657
6706
6929
7413
8025
8316
8409
9311
10771
11999
12217
14338
14622
14818
14935
16330
17748
19481
21097
21970
22554
25725
29069
31998
33493
33605
33760
34751
36190
36307
36777
37219
37642
40207
41837
42700
43065
43173
43241
43367
44007
44221
44651
Number of cuts: 47

Swann
1737
3623
3630
3753
5657
6706
6929
7413
8025
8316
8409
9311
10771
11999
12217
14338
14622
14818
14935
16330
17748
19481
21097
21970
29056
31983
33478
33590
33745
34736
35875
36283
36753
37195
37618
40183
41813
42676
43041
43149
43217
43343
43983
44197
44627
Number of cuts: 45

Takoda
1729
3615
3622
3745
4042
5649
6683
6906
7390
8002
8308
9271
11959
12177
14298
14336
14582
14778
14895
15045
16290
17708
18011
19123
21770
21792
22513
29029
31892
32311
32909
33384
33496
34921
36060
36468
36938
37803
39046
40370
41628
41998
42370
44311
44425
44525
44955
Number of cuts: 47

Trina
395
2049
7148
14456
15130
21482
22209
23834
35793
42269
42567
47498
58610
58921
61209
65093
78240
85140
94101
95160
95900
96995
101188
106197
113284
118900
119672
125019
131259
133523
134271
136797
138451
Number of cuts: 33

TWAMP
1737
3623
3630
3753
5657
6706
6929
7413
8025
8316
8409
9311
10771
11999
12217
14338
14622
14818
14935
16330
17748
19481
21097
21970
25712
29056
31985
33480
33592
33747
34738
36285
36755
37197
37620
40185
41815
42678
43043
43151
43219
43345
43985
44199
44629
Number of cuts: 45

UhSalsa
1737
3623
3630
3753
5657
6706
6929
7413
8025
8316
8409
9311
10771
11999
12217
14338
14622
14818
14935
16330
17748
19481
21970
25713
29057
31918
33413
33525
33680
34680
36227
37139
37562
38930
41756
42619
42984
43092
43160
43286
43926
44140
44570
Number of cuts: 43

Weasels2
4778
5747
6373
8743
10664
12828
17766
20016
22509
34768
35240
36851
38473
39496
46051
48781
57947
58326
63953
64621
70634
77710
82165
82218
83833
86833
87849
89564
92599
98372
99782
102167
104656
114899
116046
124902
127279
Number of cuts: 37

Yogi
1737
2054
3623
3630
5657
6691
6914
7398
8010
8316
9279
11973
12191
14312
14509
14521
14596
14792
14909
15059
17163
18025
18938
19137
21071
21296
21784
25686
28034
29030
31959
33454
33566
34709
36256
37548
37971
40536
42166
43029
43394
43502
43696
44450
44550
44980
Number of cuts: 46

Yoncess
1737
3623
3630
5657
6691
6914
7398
8010
8316
9279
11973
12191
14312
14509
14521
14596
14792
14909
15059
17163
18025
18938
19137
21784
25687
28035
29031
31739
33234
33346
34492
36039
36951
37374
39939
41573
42351
42436
42801
42910
42978
43104
43744
43958
44388
Number of cuts: 45

