Alatin
782
1266
1840
1873
2239
3123
3951
6510
6782
6996
8782
8947
9022
10522
10534
10657
11829
12380
14329
14587
14839
15046
15130
15872
15929
15973
16963
17138
18091
18214
18722
18836
19661
20114
20195
21578
21593
21718
21760
22285
22806
23253
23539
24203
25278
26679
27098
27154
27602
28143
28733
28790
29431
29521
30533
30935
30972
31260
31398
31473
32365
32443
33722
35411
35996
36154
37357
37606
37755
38900
38930
39694
39965
40395
40988
41478
41753
44853
45942
Number of cuts: 79

Alpacados
782
1266
1793
1826
1846
2069
4104
5411
6457
6729
6943
7716
8353
8877
8952
9539
9714
10452
10587
11765
12316
14265
14523
14775
14982
15066
15865
15909
16899
17074
17116
17275
18027
18150
18658
18772
20050
20131
20579
21460
21475
21609
21642
21753
22181
22250
22984
23122
23408
24072
25147
26368
27003
27059
28048
28695
29336
29426
30438
31165
31378
32270
32348
35313
35898
36056
37499
37648
38793
39433
39587
39858
40218
41576
44676
45476
45765
Number of cuts: 77

AngryOrchard
777
1259
1785
1818
2184
3068
3896
5394
6712
6926
7699
8336
8860
8935
9697
10435
10570
12299
13225
14248
14506
14965
15049
15848
15892
16882
17057
17099
18010
18133
18641
18755
19241
19580
20033
20114
20360
20562
21443
21458
21736
21952
22149
22670
23117
23403
24068
25143
25262
25381
25768
26327
26962
27018
28654
29295
29385
29751
30331
30770
31058
31196
31271
32241
35473
36216
37410
37659
37808
38845
38953
40020
40460
40870
41042
41532
41806
42715
44298
44895
45132
45870
Number of cuts: 82

AppleCloud
577
1059
1549
1582
1602
1825
1948
2160
2832
4912
5158
6204
6476
6690
6715
7463
8100
8459
8600
8675
9336
10310
10541
11482
13156
13533
14552
15053
15837
15894
15938
16252
16928
17103
17145
18056
18179
18687
18801
19626
20079
20406
20608
20931
21489
21782
21917
21944
22930
23123
24078
25153
25391
25778
26338
26973
27029
27177
28744
29382
29472
30263
30665
30702
31143
31203
32095
32173
32437
33423
35138
35723
35881
37324
37473
38166
38618
38968
39255
39409
39680
40344
40705
41470
44570
45659
Number of cuts: 86

Belenaria
782
1266
1840
1873
2239
3123
3951
6510
6782
6996
8782
8947
9022
10522
10534
10657
11829
12380
14329
14587
14839
15046
15130
15872
15929
15973
16963
17138
18091
18214
18722
18836
19661
20114
20195
21524
21539
21664
21706
21817
21989
22314
23048
23186
23472
24137
25212
26397
27032
27088
27236
27536
28077
28724
29363
29453
30399
30801
31126
31339
32231
32309
33588
34315
35286
36029
37472
37621
38314
38766
39116
39403
39557
39828
40492
40853
41618
44718
45807
Number of cuts: 79

BobbyDazzler
782
1266
1905
1938
1958
2181
2310
4022
5520
6566
6838
7052
7825
8462
8986
9061
9648
9823
10561
10696
11874
12425
14374
14632
14884
15091
15175
15974
16018
17008
17183
17225
17384
18136
18259
18767
18881
20159
20240
20486
20688
21569
21584
21751
21862
22291
23094
23232
23518
24182
25257
25490
26442
27077
27133
28122
28769
29410
29500
30512
30951
31239
31452
32344
32422
34419
35390
35975
36133
37576
37725
38870
39510
39664
39935
41724
44227
44824
45624
45913
Number of cuts: 80

Bonanza
782
1266
1840
1873
2239
3123
5449
6495
6767
6981
7754
8391
8915
8990
9577
9752
10490
10625
11803
12354
14303
14561
14813
15020
15104
15903
15947
16937
17112
17154
17313
18065
18188
18696
18810
20088
20169
20617
21498
21513
21647
21680
21791
22219
22288
23160
23446
24110
25185
25418
26370
27005
27061
28050
28697
29338
29428
30440
31167
31380
32272
32350
35315
35900
36058
37881
38030
39175
39205
39815
39969
40240
40670
42028
44531
45128
46202
46850
Number of cuts: 78

Bradshaw
782
1266
1840
1873
2239
3123
3951
6510
6782
6996
8782
8947
9022
10522
10534
10657
11829
12380
14329
14587
14839
15046
15130
15872
15929
15973
16963
17138
18091
18214
18722
18836
19661
20114
20195
20643
21524
21539
21664
21706
22314
23048
23186
23472
24136
25211
27031
27087
27535
28076
28666
28723
29364
29454
30466
30868
30905
31193
31331
31406
32298
32376
33655
35344
35929
36087
37290
37539
37688
38833
38863
39627
39898
40328
40921
41411
41686
44642
44786
45828
45875
Number of cuts: 81

Bryce
782
1266
1840
1873
2239
5449
6495
6767
6981
7754
8391
8915
8990
9577
9752
10490
10625
11803
12354
14303
14561
14813
15020
15104
15903
15947
16937
17112
17154
17313
18065
18188
18696
18810
20088
20169
20415
20617
21498
21513
21680
21791
22220
23023
23161
23447
24111
25186
25419
26371
27006
27062
28051
28698
29339
30220
30622
30947
31034
31160
32052
32130
34127
35098
35683
35841
37284
37433
38578
39218
39372
39643
40073
41432
43935
44532
45332
45621
Number of cuts: 78

ChewyVIII
645
1134
1943
2355
2425
3398
3498
3624
3804
4310
4548
5843
7024
7642
8404
8640
8879
9380
9418
9691
9701
10716
10834
10987
11346
11621
12614
12623
12903
13696
14131
14938
14983
15143
15868
16251
16857
17164
17263
17557
18444
18906
19502
20172
20230
20726
21102
22204
22399
24238
24727
25451
26702
27316
27803
29624
30530
30539
30753
31210
31589
32500
32687
32820
33728
34998
35416
36366
36426
36634
36985
37218
37808
38710
39059
40365
40449
40647
40652
40686
40883
41009
41834
42302
43334
43712
44190
45736
47195
47673
48186
48844
49300
49561
49580
50073
51091
51382
51925
51995
53105
54295
54331
56473
56681
57213
57724
58672
59867
60117
60234
61896
62766
63191
Number of cuts: 114

CosmicSans
782
1266
1840
1873
2239
3123
3951
6510
6782
6996
8782
8947
9022
10522
10534
10657
11829
12380
14329
14587
14839
15046
15130
15872
15929
15973
16963
17138
18091
18214
18722
18836
19661
20114
20195
20643
21524
21539
21664
21706
21989
22314
23048
23186
23472
24136
25211
25330
25449
26396
27031
27087
27535
28076
28666
28723
29364
29454
30466
30868
30905
31193
31331
31406
32298
32376
33655
35344
35929
36087
37281
37530
37679
38824
38854
39618
40319
41677
44180
44777
45866
Number of cuts: 81

Dinger
779
1261
1836
1869
1889
2235
3119
3947
4138
5199
5445
6665
6763
6977
7750
8387
8746
8911
8986
9748
10486
10621
10858
11799
12350
14299
14557
14767
15016
15100
15899
15943
16933
17108
17150
18061
18184
18692
18806
19631
20084
20411
20613
21494
21509
21643
21787
21949
22201
22611
22722
23169
23455
24120
25195
25433
25820
26380
27015
27071
27219
28786
29425
29515
30335
30774
31062
31200
31275
31924
32167
33727
34515
35486
36229
37423
37672
37821
38966
40033
40473
41546
41821
42722
42733
44316
44913
45150
45630
45889
Number of cuts: 90

DocB7
946
1031
2330
2437
2650
3254
3394
4273
4650
5580
5857
5930
6101
6290
7461
8480
8897
9242
9302
9815
10464
10661
11960
11965
12572
13087
13191
13612
13661
14141
14227
14254
15176
15982
16103
16783
19014
22707
24926
25239
25779
25881
26774
28866
28913
28925
30350
30748
31468
32013
33548
33704
35567
36633
39451
41467
42149
42377
43813
44587
45877
46293
52080
52311
52863
54006
54701
56478
56718
57565
57762
59846
60791
62416
65849
67109
67678
68190
68523
68557
68586
68639
69931
71960
72851
73366
73548
74086
74693
74811
75659
Number of cuts: 91

E3
337
1914
3582
4451
4461
5620
5728
6300
7874
7973
9908
11675
14925
17283
17502
17609
18540
18985
20585
22441
23164
23532
24132
25603
25808
26394
30202
30286
30355
30610
32867
34166
35105
35941
36006
37092
39261
40970
42454
44262
45487
45731
46728
46845
47631
47905
48597
48899
50726
50966
51315
51417
51641
51738
52369
52501
55154
55793
55856
55901
56104
56839
57222
58163
58280
61374
62261
62713
63010
63538
64374
64502
65284
66536
67968
68692
71357
71384
71966
71976
72665
73807
74045
74111
74562
74990
76167
76176
76502
77133
78290
78655
79462
80034
81877
82314
82914
83507
85169
85785
86004
87909
87932
88358
89368
89539
89677
89701
90325
91343
91998
93345
97350
99067
101690
102288
102698
104863
104914
109289
110784
114749
116015
116751
119433
120555
120633
121421
121883
122598
123293
123452
125728
127602
129239
129913
130084
130103
130889
131912
132897
133107
135192
140829
141420
142413
142429
Number of cuts: 147

Erik
782
1266
1840
1873
2239
3123
3681
3951
6510
6782
6996
8781
8946
9021
10521
10533
10656
11828
12379
14328
14586
14838
15045
15129
15871
15928
15972
16962
17137
18090
18213
18721
18835
19660
20113
20194
21523
21538
21663
21705
21816
21988
22313
23047
23185
23471
24134
25209
26394
27029
27085
27233
27533
28074
28721
29362
29452
30398
30800
31125
31263
31338
32230
32308
33587
35276
35861
36019
37213
37462
37611
38756
38786
39550
39821
41508
44608
45697
Number of cuts: 78

Espica
782
1266
1840
1873
2239
3123
3951
6510
6782
6996
8782
8947
9022
10522
10534
10657
11829
12380
14329
14587
14839
15046
15130
15872
15929
15973
16963
17138
18091
18214
18722
18836
19661
20114
20195
21524
21539
21664
21706
21817
21989
22314
23048
23186
23472
24137
25212
26397
27032
27088
27236
27536
28077
28724
29363
29453
30399
30801
31126
31339
32231
32309
33588
34315
35286
35871
36029
37472
37621
38314
38766
39116
39403
39557
39828
40492
40853
41618
44718
45807
Number of cuts: 80

Finch
709
1970
2865
3039
3151
3160
3890
5621
6480
9122
9480
11463
11662
13450
13770
14718
15410
16702
17103
17527
18102
18680
18914
19752
20467
21438
21724
23972
24554
24816
25044
25130
25603
25768
25996
26152
29538
30243
30603
31432
32342
33186
33733
33812
34896
35093
35364
36458
36470
36820
36908
37502
39430
39967
40065
41290
41435
41756
41948
42578
42683
43136
43496
43991
44020
45875
46208
46550
46991
48947
50129
50415
50532
50694
51713
52474
52532
53747
53813
54258
54599
56416
56777
57280
57997
58383
58536
58933
58999
60831
61745
63899
64140
64518
64576
67992
68874
68904
70389
70718
72369
72558
72821
73513
73665
73784
74378
74596
74952
76047
76666
80869
81190
82000
83880
84341
85197
85926
86355
86423
86658
88418
89590
89599
90940
91469
92581
93396
93481
93831
94782
96875
99047
99499
99602
99704
99786
100482
100769
101001
101657
103707
104920
105022
106250
106624
108623
108928
109215
109303
110419
110600
110608
110702
111794
111920
114884
115953
118110
121441
121569
121881
122978
123912
125880
125908
126492
128637
128990
129330
129922
130050
130425
130645
131543
131651
131753
132140
132758
133753
133855
134313
135160
135417
136109
137167
138132
138192
138219
138231
Number of cuts: 190

Gollum
782
1266
1840
1873
2239
3123
3951
6510
6782
6996
8782
8947
9022
10522
10534
10657
11829
12380
14329
14587
14839
15046
15130
15872
15929
15973
16963
17138
17180
18091
18214
18722
18836
19661
20114
20195
21524
21539
21664
21706
21817
21989
22314
23048
23186
23472
24136
25211
27031
27087
27235
27535
28076
28723
29362
29452
30464
30866
30903
31191
31404
32296
32374
33653
35342
35927
36085
37528
37677
38370
38822
39172
39459
39613
39831
40261
41619
44122
44575
44719
45519
45808
Number of cuts: 82

Grayson
7312
8823
9173
11616
14384
14941
15284
15343
17562
20360
21858
24173
25236
30622
40562
40841
46276
50141
53208
55094
55897
58354
58616
58892
63026
68871
71977
75035
76381
77019
78275
78649
86079
93055
94299
96905
97227
97374
102184
102598
104148
104205
105493
106963
108143
109623
111198
113222
114628
116092
121280
122427
123362
124901
126877
127173
Number of cuts: 56

Harlequin
782
1266
1840
1873
2239
5203
5449
5789
6669
6767
6981
7754
8391
8750
8891
8966
9728
10466
10601
11779
12330
14279
14537
14789
14996
15080
15879
15923
16913
17088
17130
17289
18041
18164
18672
18786
20064
20145
20391
20593
21528
21543
21710
21821
22250
23053
23191
23477
24141
25216
25449
26401
27036
27092
28081
28728
29369
30250
30652
30977
31064
31190
32082
32160
34157
35128
35713
35871
37314
37463
38608
38638
38851
39675
41467
43970
44567
45367
45656
Number of cuts: 79

Hiro
782
1266
1840
1873
2239
3951
5449
6495
6767
6981
7754
8391
8750
8891
8966
9627
10601
10832
11773
13447
13824
14843
15344
16128
16185
16229
16543
17219
17394
17436
18347
18470
18543
18978
19092
19578
19917
20370
20697
20899
21222
21780
22073
22208
22235
23221
23414
24396
25471
25704
26656
27291
27347
28336
28983
29624
29714
30726
31165
31453
31666
32558
32636
35604
36189
36347
37790
37939
39084
39114
39724
39878
40579
41938
44441
45038
45838
46127
Number of cuts: 78

Jace
86
1655
2368
8845
12889
14680
16914
18609
21873
28786
29897
39818
43458
44944
45987
46578
47756
48938
49013
50442
50749
50959
52341
Number of cuts: 23

Jester
782
1266
1840
1873
2239
5203
5449
5789
6669
6767
6981
7754
8391
8750
8891
8966
10466
10601
11773
12324
14531
15032
15816
15873
15917
16231
16907
17082
17124
18035
18158
18666
18780
20058
20139
20385
20587
21468
21483
21650
21761
22181
22984
23122
23408
24072
25147
25380
26332
26967
27023
28012
28659
29300
30181
30583
30908
30995
31121
32013
32091
34088
35059
35644
35802
37245
37394
38539
38569
38782
39606
41398
43901
44498
45298
45587
Number of cuts: 76

Krishelle
782
1266
1840
1873
2239
3123
3951
6510
6782
6996
7769
8406
8765
8906
8981
9642
10616
10847
11788
13462
13839
14858
15359
16143
16200
16244
16558
17234
17409
17451
18362
18485
18993
19107
19932
20385
20712
20914
21237
21831
22124
22259
22286
23272
23465
24420
25495
25733
26120
26680
27315
27371
27519
29086
29724
29814
30826
31228
31265
31553
31691
31766
32658
32736
34015
35704
36289
36447
37650
37899
38048
39193
39223
39987
40258
40688
41281
41771
42046
45146
45950
46225
Number of cuts: 82

Lillie
782
1266
1840
1873
2239
3123
3951
6510
6782
6996
8782
8947
9022
10522
10534
10657
11829
12380
14329
14587
14839
15046
15130
15872
15929
15973
16963
17138
18091
18214
18722
18836
19661
20114
20195
20643
21524
21539
21664
21706
21989
22314
23048
23186
23472
24136
25211
25330
25449
26396
27031
27087
27535
28076
28666
28723
29364
29454
30466
30868
30905
31193
31331
31406
32298
32376
33655
35344
35929
36087
37281
37530
37679
38824
38854
39618
40319
41677
44180
44777
45866
Number of cuts: 81

Mahdia
168
572
758
1484
1723
2875
3459
4117
4634
4783
4958
5312
6338
6848
7498
8099
8363
8375
8887
8988
9227
10585
11059
11102
11462
11641
12232
12572
12730
12943
12970
13186
13814
14305
14518
14940
15517
15602
16022
16059
16970
18966
19042
19788
20007
20469
20967
21295
21548
22141
22627
22694
23155
25637
25904
26136
27063
27385
28541
28710
30072
31378
31928
31991
32674
33325
33824
33867
34467
34821
35272
36979
37243
37514
37598
38335
38716
38743
39142
39459
39495
39587
39693
39943
40485
41072
41779
42388
Number of cuts: 88

Naiad
782
1266
1840
1873
2239
3123
3951
6510
6782
6996
8782
8947
9022
10522
10534
10657
11829
12380
14329
14587
14839
15046
15130
15872
15929
15973
16963
17138
18091
18214
18722
18836
19661
20114
20195
21524
21539
21664
21706
22231
22752
23199
23485
24149
25224
26625
27044
27100
27548
28089
28679
28736
29377
29467
30479
30881
30918
31206
31344
31419
32311
32389
33668
35357
35942
36100
37303
37552
37701
38846
38876
39640
40341
40934
41424
41699
44799
45888
Number of cuts: 78

Nancinator
782
1266
1840
1873
2239
3123
3951
6510
6782
6996
8782
8947
9022
10522
10534
10657
11829
12380
14329
14587
14839
15046
15130
15872
15929
15973
16963
17138
18091
18214
18722
18836
19661
20114
20195
21524
21539
21664
21706
21817
21989
22314
23048
23186
23472
24137
25212
26397
27032
27088
27236
27536
28077
28724
29363
29453
30399
30801
31126
31339
32231
32309
33588
34315
35286
35871
36029
37472
37621
38314
38766
39116
39403
39658
41016
44116
45205
Number of cuts: 77

Natosaleda
782
1266
1840
1873
2239
3123
3951
6510
6782
6996
8782
8947
9022
10522
10534
10657
11829
12380
14329
14587
14839
15046
15130
15872
15929
15973
16963
17138
18091
18214
18722
18836
19661
20114
20195
21524
21539
21664
21706
21817
21989
22314
23048
23186
23472
24136
25211
26396
27031
27087
27235
27535
28076
28723
29362
29452
30398
30800
31125
31338
32230
32308
33587
34314
35285
35870
36028
37471
37620
38313
38765
39115
39402
39556
39827
40491
40852
41617
44717
45521
45798
Number of cuts: 81

Partridge
777
1259
1899
1932
1952
2175
2298
3182
4010
4201
5262
5508
6728
6826
7040
7813
8450
8809
8974
9049
9811
10549
10684
10921
11862
12413
14362
14620
14830
15079
15163
15962
16006
16996
17171
17213
18124
18247
18755
18869
19694
20147
20474
20676
21557
21572
21706
21850
22012
22264
22674
22785
23232
23518
24183
25258
25496
25919
26479
27114
27170
27318
28885
29524
29614
30626
31065
31491
31566
32458
34415
34671
35642
36385
37580
37829
37978
39123
40190
40630
41703
41978
43079
44662
45259
45495
45975
46234
Number of cuts: 88

Pepy6
39
625
955
1473
2593
2784
3258
3968
5738
5900
6059
6498
6570
8510
8671
9114
9219
12364
16197
16674
19333
20715
20817
24398
24799
24814
24852
25254
27059
27409
28437
28928
29774
29913
30131
32090
35584
36128
36138
36373
36400
36441
37692
39115
41705
44409
44709
45975
46205
47081
47579
47951
48910
49467
50815
51275
52169
54977
55697
56036
56355
56420
57974
58303
58506
59051
59165
60125
61585
61691
63916
64625
65334
66218
66359
66920
67735
68631
69519
70947
72042
72557
74058
Number of cuts: 83

Peregrin
918
966
4323
7355
8137
8487
9991
10247
10930
12876
14701
15982
21024
23339
24810
30464
32752
33356
35830
39342
39621
45056
48456
50921
53877
54122
56983
65625
67296
78483
78857
85998
96086
96160
96404
99962
102586
104493
104553
104610
105914
107238
110859
119622
120619
125029
127928
128210
130987
131035
Number of cuts: 50

Phrankenstein
782
1266
1840
1873
2239
3123
3951
6510
6782
6996
8782
8947
9022
9784
10522
10534
10657
11829
12380
14329
14587
14839
15046
15130
15872
15929
15973
16963
17138
18091
18214
18722
18836
19661
20114
20195
21470
21485
21610
21652
21763
21935
22260
22994
23132
23418
24082
25157
25276
25395
26342
26977
27033
27181
27481
28022
28669
29310
29400
30412
30814
31139
31352
32244
32322
33601
35290
35875
36033
37227
37476
37625
38770
38800
39564
39835
40265
41623
44126
44723
45812
Number of cuts: 81

Pine5
486
1363
1419
1878
2019
2443
2558
2939
2988
3267
3548
3554
3885
4003
4649
5331
5677
5895
6464
6976
7624
7767
7864
8349
8609
8726
8940
10406
12180
12394
12827
13574
13794
14321
15438
15794
16188
17378
18458
18982
19281
19646
19790
21031
21875
23228
23371
23668
24160
24343
24607
24716
25315
25352
25671
26227
26341
27001
27043
27139
27543
27567
27762
27768
27982
28177
28261
28568
28880
29130
29267
29334
29446
29937
29943
30050
30687
30702
30884
30966
31401
31601
31971
32016
32452
32515
32690
32765
33767
33898
34203
34344
34393
34545
35601
35814
36716
36861
38086
38154
38190
38353
38856
39470
39662
41146
41182
42044
42131
42768
42994
44187
44229
44253
44518
45028
45282
45440
46336
47368
47396
47548
47705
47908
48090
48371
48501
48549
48579
48692
48795
48819
49151
50758
51107
51641
52104
52197
52953
53469
54016
54459
54832
54919
55299
55471
55515
56043
56079
56815
56907
57025
57465
57530
59091
59187
Number of cuts: 156

Poco6
39
238
384
625
853
955
1720
1868
3603
3895
4088
4893
5031
6356
6942
7499
8043
8072
8208
8885
8948
9881
11941
12102
15346
15815
17869
21005
21571
21772
21841
22839
25097
26056
26102
26411
26812
26827
26865
27267
28716
29072
29925
30402
30521
31793
31932
32150
34115
34310
35188
38160
38343
38781
39501
43872
45713
46123
46245
47050
47079
47334
48407
49257
49819
50182
50425
51037
51301
52431
52784
53678
55049
55592
56485
56611
57205
57863
58029
58061
58628
62099
64808
64882
65474
65949
66081
66312
67038
67522
69867
70658
70670
73304
73819
74290
74521
74556
74722
75320
75413
Number of cuts: 101

Rasputin
782
1266
1840
1873
2239
3123
3681
3951
5449
6495
6767
6981
7754
8392
8916
8991
9753
10491
10503
10626
10647
11798
12349
14298
14556
14808
15015
15099
15898
15942
16932
17107
17149
17308
18060
18183
18691
18805
20083
20164
20410
20612
21493
21508
21642
21675
22215
23156
23442
24107
25182
25415
25807
26367
27002
27058
27206
28047
28694
29335
29425
30839
31164
31251
31302
31377
32269
32347
33626
35315
35900
36058
37252
37501
37650
38795
38825
39589
39860
40290
41648
44748
45837
Number of cuts: 83

RER2
782
1266
1840
1873
2239
3123
3951
6510
6782
6996
8782
8947
9022
10522
10534
10657
11829
12380
14329
14587
14839
15046
15130
15872
15929
15973
16963
17138
17180
18091
18214
18722
18836
19661
20114
20195
20643
21524
21539
21664
21706
21817
21989
22314
23048
23472
24136
25211
25444
26396
27031
27087
28076
28723
29364
29454
30466
30868
30905
31193
31331
31406
32298
32376
33655
35344
36087
37281
37530
37679
38824
38854
39618
39889
40319
41677
44777
45866
Number of cuts: 78

RexFury
813
1297
1871
1904
2270
3154
3982
6541
6813
7027
8813
8978
9053
9815
10553
10565
10688
11860
12411
13222
14360
14618
14870
15077
15161
15903
15960
16004
16994
17169
17211
18122
18245
18753
18867
19692
20145
20226
20674
21555
21570
21695
21737
21848
22020
22276
22345
23079
23217
23503
24167
25242
25475
25867
26427
27062
27118
27266
27566
28107
28754
29395
29485
30899
31224
31311
31362
31437
32329
32407
33686
35375
35960
36118
37561
37710
38403
38855
39205
39492
39646
39917
40581
40942
41707
44210
44807
45896
Number of cuts: 88

RGL3
1726
1872
1892
2115
3125
3953
4144
4260
5791
6862
6963
8772
8988
9530
9649
9750
10491
10626
11804
12316
12733
12840
12871
15819
16137
16892
17341
18252
18553
19071
20627
20921
21353
21526
21689
22097
22294
22409
22675
22794
23635
24625
24980
25702
26475
27933
29782
31400
31557
31562
32372
32939
33286
33653
33914
34454
35341
35518
36830
37900
38688
42399
43107
43225
45931
46233
46414
47074
47419
Number of cuts: 69

Rhodalysa
782
1266
1840
1873
2239
3123
3951
6510
6782
6996
8782
8947
9022
10522
10534
10657
11829
12380
14329
14587
14839
15046
15130
15872
15929
15973
16963
17138
18091
18214
18722
18836
19661
20114
20195
20643
21524
21539
21664
21706
21989
22314
23048
23186
23472
24136
25211
25330
25449
26396
27031
27087
27535
28076
28666
28723
29364
29454
30466
30868
30905
31193
31331
31406
32298
32376
33655
35344
35929
36087
37281
37530
37679
38824
38854
39618
40319
41677
44180
44777
45866
Number of cuts: 81

StCroix
782
1266
1840
1873
2239
3123
3951
6510
6782
6996
8782
8947
9022
10522
10534
10657
11829
12380
14329
14587
14839
15046
15130
15872
15929
15973
16963
17138
18091
18214
18722
18836
19661
20114
20195
21524
21539
21664
21706
22231
22752
23199
23485
24149
25224
26625
27044
27100
27548
28089
28679
28736
29377
29467
30479
30881
30918
31206
31344
31419
32311
32389
33668
35357
35942
36100
37303
37552
37701
38846
38876
39640
39911
40341
40934
41424
41699
44799
45888
Number of cuts: 79

Swann
782
1266
1840
1873
2239
3123
3951
6510
6782
6996
8782
8947
9022
10522
10534
10657
11829
12380
14329
14587
14839
15046
15130
15872
15929
15973
16963
17138
18091
18214
18722
18836
19661
20114
20195
21524
21539
21664
21706
21817
21989
22314
23048
23186
23472
24136
25211
25444
25836
26396
27031
27087
27235
27535
28076
28723
29362
29452
30464
30866
30903
31191
31329
31404
32296
32374
33653
35342
36085
37279
37528
37677
38822
38852
39616
39887
40317
41675
44775
45864
Number of cuts: 80

Takoda
777
1259
1832
1865
1885
2231
3115
3943
4134
5441
6759
6973
7746
8383
8907
8982
9744
10482
10617
11789
12340
13151
13266
14289
15006
15090
15889
15933
16576
16923
17098
17140
18051
18174
18682
18796
19282
19621
20074
20401
20603
21484
21499
21633
21777
21993
22190
22711
23158
23444
24109
25184
25303
25422
25809
26369
27004
27060
28696
29337
29427
29811
30373
30812
31100
31238
31313
32283
34556
35527
36270
37464
37713
37862
38899
39007
40514
40924
41586
41860
44506
45103
45340
46079
Number of cuts: 84

Trina
1294
1375
1515
6853
8941
9971
12017
14678
15220
16789
16942
17020
17317
21919
22117
22740
22749
25082
26099
29006
30573
30718
32253
32462
32847
34171
35684
50940
51802
53458
57426
58549
60691
61898
65085
73129
76172
77356
78090
80861
81080
83957
85718
87447
89365
91451
92699
92828
93944
94463
97269
98004
101747
104298
108767
109661
112220
112762
113725
113818
114740
116109
116782
117053
119735
120190
120379
120744
121434
121490
124148
125147
126603
127876
128649
128688
129405
130698
131061
132044
132292
133460
135065
135157
137696
137777
137917
Number of cuts: 87

TWAMP
782
1266
1840
1873
2239
3123
3951
6510
6782
6996
8782
8947
9022
10522
10534
10657
11829
12380
14329
14587
14839
15046
15130
15872
15929
15973
16963
17138
18091
18214
18722
18836
19661
20114
20195
20643
21524
21539
21664
21706
21989
22314
23048
23186
23472
24136
25211
25330
25449
26396
27031
27087
27535
28076
28666
28723
29364
29454
30466
30868
30905
31193
31331
31406
32298
32376
33655
35344
35929
36087
37281
37530
37679
38824
38854
39618
40319
41677
44180
44777
45866
Number of cuts: 81

UhSalsa
782
1266
1840
1873
2239
3123
3951
6510
6782
6996
8782
8947
9022
10522
10534
10657
11829
12380
14329
14587
14839
15046
15130
15872
15929
15973
16963
17138
18091
18214
18722
18836
19661
20114
20195
21524
21539
21664
21706
21817
21989
22314
23048
23186
23472
24137
25212
26397
27032
27088
27236
27536
28077
28724
29363
29453
30399
30801
31126
31339
32231
32309
33588
34315
35286
35871
36029
37472
37621
38314
38766
39116
39403
39557
39828
40492
40853
41618
44718
45807
Number of cuts: 80

Weasels2
935
2410
6209
6640
8326
11701
14608
14740
15236
15644
17364
24495
24816
26957
30138
30530
31229
31853
34183
35261
37530
40672
42396
42495
46474
49171
50863
53907
55283
55432
55493
58364
65528
66326
68299
68502
75898
89917
90989
93678
93969
96008
97074
101271
102805
102955
103568
107403
107460
107470
116250
118061
121723
122474
125666
130838
132640
134115
Number of cuts: 58

Yogi
782
1266
1840
1873
2239
3123
5449
6495
6767
6981
7754
8391
8915
8990
9577
9752
10490
10625
11803
12354
14303
14561
14813
15020
15104
15903
15947
16937
17112
17154
17313
18065
18188
18696
18810
20088
20169
20617
21498
21513
21647
21680
21791
22219
22288
23160
23446
24110
25185
25418
26370
27005
27061
28050
28697
29338
29428
30440
31167
31380
32272
32350
35315
35900
36058
37881
38030
39175
39205
39815
39969
40240
40670
42028
44531
45128
46202
46848
Number of cuts: 78

Yoncess
782
1266
1840
1873
2239
5449
6495
6767
6981
7754
8391
8915
8990
9577
9752
10490
10625
11803
12354
14303
14561
14813
15020
15104
15903
15947
16937
17112
17154
17313
18065
18188
18696
18810
20088
20169
20415
20617
21498
21513
21680
21791
22220
23023
23161
23447
24111
25186
25419
26371
27006
27062
28051
28698
29339
30220
30659
30947
31034
31160
32052
32130
34127
35098
35683
35841
37284
37433
38578
39218
39372
39643
40073
41432
43939
44536
45336
45578
45625
Number of cuts: 79

