Alatin
399
3511
3777
5298
5660
6685
9587
11346
12131
14222
19077
20109
20523
23621
23722
25244
26984
27825
28020
30656
34494
34728
36115
38832
38963
39099
39656
40395
41118
41929
43416
44848
45596
Number of cuts: 33

Alpacados
3473
5622
6632
9899
11282
12067
15738
17018
17284
19013
20045
20459
20839
20848
23490
23591
25113
26889
27730
27925
29454
30561
31990
34396
34630
38725
38856
38992
39549
40218
40941
41148
41752
43239
43804
44671
45419
Number of cuts: 37

AngryOrchard
6615
9500
9882
11265
12050
12340
15721
18996
20028
20775
20822
20831
23485
23586
25109
26848
27689
27884
29413
30454
34715
36177
37040
38885
39016
39152
40450
41086
41172
41379
41982
43280
43978
44023
44890
45540
Number of cuts: 36

AppleCloud
3220
3486
9240
9622
10999
15767
19042
20074
20877
23624
25119
26859
27895
29500
31815
34455
38550
38681
38817
39371
40159
40326
40835
41042
41646
43133
44565
45313
Number of cuts: 28

Belenaria
399
3511
3777
5298
5660
6685
9587
11346
12131
14222
19077
20109
20523
23554
23655
25178
26918
27759
27954
29481
30522
34369
34603
38698
38829
38965
39519
40307
40474
40983
41190
41794
43281
44713
45461
Number of cuts: 35

BobbyDazzler
399
3582
5731
6741
9626
10008
11391
12176
15847
17393
19122
20154
20568
20948
20957
23600
23701
24077
25223
26963
27804
30635
32064
34473
34707
38802
38933
39069
39626
40365
41088
41295
41900
44819
45567
Number of cuts: 35

Bonanza
399
2051
3511
5660
6670
9937
11320
12105
15776
17056
17322
19051
20083
20497
20877
20886
23528
23629
25151
26891
27732
29456
30563
31992
34398
34632
36709
39107
39238
39374
39931
40670
41393
41600
42204
43691
44256
45123
45871
Number of cuts: 39

Bradshaw
399
3511
3777
5298
5660
6685
9587
11346
12131
14222
19077
20109
20523
23554
23655
25177
26917
27758
27953
30589
34427
34661
36048
38765
38896
39032
39589
40328
41051
41862
43349
44781
45529
Number of cuts: 33

Bryce
399
3511
5660
6670
9555
9937
11320
12105
15776
17322
19051
20083
20497
20877
20886
23529
23630
24006
25152
26892
27733
29457
30343
31772
34181
34415
38510
38641
39334
40073
40796
41003
41608
44527
45275
Number of cuts: 35

ChewyVIII
746
1138
7599
8460
9012
9174
11100
11762
11880
13114
14378
14562
14628
15155
15458
18554
19120
19435
20272
20605
25010
27937
28545
30801
31779
32819
33027
33780
34757
37567
39543
39611
43887
44365
45157
45170
45379
45685
46723
47209
47464
48876
50446
51202
52678
53574
53622
54070
58488
59137
59562
60926
61363
63290
Number of cuts: 54

CosmicSans
399
3511
3777
5298
5660
6685
9587
11346
12131
14222
19077
20109
20523
23554
23655
25177
26917
27758
27953
30589
34427
34661
38756
38887
39023
39580
40319
41042
41249
41853
43340
44772
45520
Number of cuts: 33

Dinger
3507
3773
5656
6666
9551
9933
11316
12101
12391
17052
19047
19752
20079
20873
20882
23537
23638
25161
26901
27937
29543
30458
34569
34803
36190
38898
39029
39165
40463
41186
41393
42000
43298
43996
44041
44908
45557
Number of cuts: 37

DocB7
8258
8425
8645
9414
20365
22266
24813
25761
27109
28930
29732
30574
32348
36942
36975
39003
39514
41089
41442
47480
48176
55778
56318
56638
57411
59909
61740
73488
73751
74313
74612
74743
75718
Number of cuts: 33

E3
1259
3383
3577
5679
7466
11722
11995
13113
13533
16017
16220
16369
16620
16938
18419
20207
21761
22911
25772
26504
28172
30684
31734
32320
33073
33106
33208
33799
34195
35734
35931
39919
40708
42559
43147
46352
49107
49315
52259
53169
55780
57345
59578
61873
62046
65112
66156
67056
67877
68365
71336
73868
74189
74444
74681
75727
76564
76627
77221
77287
78208
78387
79973
80540
81244
81608
82999
83833
84617
84821
85991
86705
87031
88906
89589
89919
92382
97456
98053
98425
99765
102368
102548
106857
109156
110138
110756
111227
113469
119312
120816
120989
121121
122029
122712
127811
128981
129420
132520
133380
135754
136257
138940
139623
139878
140088
140554
142090
Number of cuts: 108

Erik
399
3511
3777
5298
5660
6685
9586
11345
12130
14221
19076
20108
20522
23552
23653
25175
26915
27756
27951
30521
34359
34593
38688
38819
38955
39512
40873
41080
41684
43171
44603
45351
Number of cuts: 32

Espica
399
3511
3777
5298
5660
6685
9587
11346
12131
14222
19077
20109
20523
23554
23655
25178
26918
27759
27954
29481
30522
34369
34603
38698
38829
38965
39519
40307
40474
40983
41190
41794
43281
44713
45461
Number of cuts: 35

Finch
691
1726
2059
2138
2296
3252
4086
4283
4504
4984
5915
6486
8100
9470
10813
10846
10945
11023
11947
12043
13177
15397
16276
17165
20916
21876
22242
24126
24186
24570
25190
25960
30207
30585
31143
31269
31357
33086
34458
34608
37107
38065
38452
39058
41728
42833
43118
43478
44374
44449
44455
45705
46613
48914
48929
50938
51217
55391
58636
59599
59749
60569
67466
68054
68183
70244
70472
70475
70981
71358
71754
72507
72722
73779
75200
76812
78231
78587
79586
81942
82170
83367
84117
84312
84953
85686
85755
87901
89333
89589
91212
92106
93745
93897
95033
95905
97318
97436
98505
101034
101603
102102
102841
103516
103549
106782
107957
108268
108997
109345
109821
110023
110253
110931
111883
111994
114006
115133
115432
117199
118364
120100
121387
122292
123695
124583
124835
125548
127548
128966
135066
136177
136261
136423
Number of cuts: 134

Gollum
399
3511
3777
5298
5660
6685
9587
11346
12131
14222
19077
20109
20523
23554
23655
25177
26917
27758
27953
29480
30587
34425
34659
38754
38885
39021
39575
40261
40984
41191
41795
43282
44714
45462
Number of cuts: 34

Grayson
4323
4709
5576
6411
9579
10961
16388
22722
25263
30417
30617
31461
34006
34251
34452
35425
36885
40809
41666
42749
51906
53327
56785
59651
61355
61450
62006
62023
64250
65719
66989
74872
75835
76996
81637
95156
108123
109171
111614
112887
115072
116153
120243
126672
Number of cuts: 44

Harlequin
399
3511
3777
5660
6670
9913
11296
12081
15752
17298
19027
20059
20473
20853
20862
23559
23660
24036
25182
26922
27763
29487
30373
31802
34211
34445
38671
40486
40831
41038
41643
44562
45310
Number of cuts: 33

Hiro
2051
3511
5660
6670
9531
9913
11290
16058
19333
20365
21168
23915
24291
25437
27177
28018
29742
30849
32278
34687
34921
39016
39147
39283
39840
40579
41302
41509
42114
45033
45781
Number of cuts: 31

Jace
1650
1713
2274
2655
4511
9103
10441
11983
13916
15807
16008
18743
22045
24490
26472
26892
30357
34574
39157
39733
40111
43235
46885
48751
48958
50784
51819
52487
53047
Number of cuts: 29

Jester
399
3511
3777
5660
6670
9913
11290
12075
12365
15746
19021
20053
20467
20847
20856
23490
23591
23967
25113
26853
27694
29418
30304
31733
34142
34376
38602
40417
40762
40969
41574
44493
45241
Number of cuts: 33

Krishelle
399
3511
3777
5298
5660
6685
9546
9928
11305
16073
19348
20380
21183
23966
25461
27201
28237
30949
34787
35021
36408
39125
39256
39392
39949
40688
41411
42222
43709
45141
Number of cuts: 30

Lillie
399
3511
3777
5298
5660
6685
9587
11346
12131
14222
19077
20109
20523
23554
23655
25177
26917
27758
27953
30589
34427
34661
38756
38887
39023
39580
40319
41042
41249
41853
43340
44772
45520
Number of cuts: 33

Mahdia
1108
3630
5023
8882
11452
12757
14278
14513
14737
14995
15235
16406
16722
19513
22058
22338
22548
22918
23135
23137
23280
27430
28065
28575
30286
32474
35949
37142
37455
39704
40671
Number of cuts: 31

Naiad
399
3511
3777
5298
5660
6685
9587
11346
12131
14222
19077
20109
20523
23567
23668
25190
26930
27771
27966
30602
34440
34674
36061
38778
38909
39045
39602
40341
41064
41875
43362
44794
45542
Number of cuts: 33

Nancinator
399
3511
3777
5298
5660
6685
9587
11346
12131
14222
19077
20109
20523
23554
23655
25178
26918
27759
27954
29481
30522
34369
34603
38698
38829
38965
39658
40381
40588
41192
42679
44111
44859
Number of cuts: 33

Natosaleda
399
3511
3777
5298
5660
6685
9587
11346
12131
14222
19077
20109
20523
23554
23655
25177
26917
27758
27953
29480
30521
34368
34602
38697
38828
38964
39518
40306
40473
40982
41189
41793
43280
44712
Number of cuts: 34

Partridge
399
3570
3836
5719
6729
9614
9996
11379
12164
12454
17115
19110
19815
20142
20936
20945
23600
23701
25224
27000
28036
29642
30749
34725
34959
39055
39186
39322
40620
41343
41550
42154
43644
44342
44387
45254
45902
Number of cuts: 37

Pepy6
2248
4552
6089
8944
9022
10415
11179
11185
11369
14542
15865
17564
21301
24448
25947
27399
27618
30164
32819
33695
34392
37943
39022
42051
44174
45339
45827
47502
47687
49827
50392
53385
53478
54079
64324
65240
69034
Number of cuts: 37

Peregrin
618
4537
4621
5408
6246
8893
15993
21888
22119
23565
24837
25174
30213
32788
33033
33234
34207
35271
39589
40446
41529
50302
50503
50689
51825
52110
58018
59722
59817
60373
60390
62617
64137
65414
74849
79102
86837
115676
115809
127709
130687
Number of cuts: 41

Phrankenstein
399
3511
3777
5298
5660
6685
11346
12131
14222
19077
20109
20523
23500
23601
25123
26863
27704
27899
29428
30535
34373
34607
38702
38833
38969
39526
40265
40988
41195
41799
43286
44718
45466
Number of cuts: 33

Pine5
330
1868
1976
2299
2446
2597
3790
3962
4285
4412
5694
6266
6966
6989
8942
9029
9350
9644
13114
13917
13954
14750
15789
17730
19442
20050
21232
21763
21889
22549
23534
23563
23863
29978
31799
31823
34511
34983
38660
38750
41597
41887
44351
44538
45541
46717
47123
49956
50734
51648
52974
54210
54807
Number of cuts: 53

Poco6
220
620
2405
3066
3489
5263
7105
9558
9790
9934
9961
10852
12375
12453
13740
14092
14600
19212
20447
21488
22588
23201
23323
26320
27960
29412
29898
30744
31210
32208
32639
38814
41783
41858
43480
43670
44080
46010
47190
47827
48137
49742
49927
51339
54893
54986
55505
55587
61477
62699
64004
65509
65987
70493
70847
72469
75984
76192
Number of cuts: 58

Rasputin
399
3511
3777
5660
6670
9556
9938
11315
12100
13006
15771
17317
19046
20078
20492
20872
20881
23524
23625
25148
26888
27729
27924
29453
30560
34398
34632
38727
38858
38994
39551
40290
41013
41220
41824
43311
44743
45491
Number of cuts: 38

RER2
399
3511
3777
5298
5660
6685
9587
11346
12131
14222
19077
20109
20523
20903
20912
23554
23655
25177
26917
27758
29482
30589
34427
34661
36048
38756
38887
39023
39580
40319
41042
41249
41853
43340
44772
45520
Number of cuts: 36

RexFury
399
3542
3808
5329
5691
6716
9618
11377
12162
14253
19108
20140
20554
23585
23686
25208
26948
27789
27984
29513
30620
34458
34692
38787
38918
39054
39608
40396
40563
41072
41279
41883
43370
44802
45550
Number of cuts: 35

RGL3
2204
6387
6678
7107
7308
9732
10647
10872
11318
12106
13272
17305
19227
19983
20252
21814
24287
24372
24620
25668
25872
28940
30380
35212
35341
37080
37887
40715
41360
41926
41977
42896
45064
45763
47762
Number of cuts: 35

Rhodalysa
399
3511
3777
5298
5660
6685
9587
11346
12131
14222
19077
20109
20523
23554
23655
25177
26917
27758
27953
30589
34427
34661
38756
38887
39023
39580
40319
41042
41249
41853
43340
44772
45520
Number of cuts: 33

StCroix
399
3511
3777
5298
5660
6685
9587
11346
12131
14222
19077
20109
20523
23567
23668
25190
26930
27771
27966
30602
34440
34674
36061
38778
38909
39045
39602
40341
41064
41875
43362
44794
45542
Number of cuts: 33

Swann
399
3511
3777
5298
5660
6685
9587
11346
12131
14222
19077
20109
20523
23554
23655
25177
26917
27758
27953
29480
30587
34425
34659
36046
38754
38885
39021
39578
40317
41040
41247
41851
43338
44770
45518
Number of cuts: 35

Takoda
6662
9547
9929
11306
12091
12381
15762
17042
19037
20069
20863
20872
23526
23627
25150
26890
27926
29455
30496
34610
34769
34844
36231
37094
38939
39070
39206
40504
41140
41226
41433
42036
43488
44186
44231
45098
45748
Number of cuts: 37

Trina
7463
26971
35908
37562
45654
46377
47495
54582
56245
57351
66708
78575
83811
88140
98417
100829
116301
118643
124189
126982
130284
130700
132021
Number of cuts: 23

TWAMP
399
3511
3777
5298
5660
6685
9587
11346
12131
14222
19077
20109
20523
23554
23655
25177
26917
27758
27953
30589
34427
34661
38756
38887
39023
39580
40319
41042
41249
41853
43340
44772
45520
Number of cuts: 33

UhSalsa
399
3511
3777
5298
5660
6685
9587
11346
12131
14222
19077
20109
20523
23554
23655
25178
26918
27759
27954
29481
30522
34369
34603
38698
38829
38965
39519
40307
40474
40983
41190
41794
43281
44713
45461
Number of cuts: 35

Weasels2
5643
6320
8484
9389
10840
16688
17571
24843
25177
27402
29933
30133
31849
33860
34092
36494
38389
45666
50924
51284
52609
52894
59709
59878
61325
61518
61533
65241
68387
76203
78801
80056
90507
98813
114878
118567
120607
127661
Number of cuts: 38

Yogi
399
2051
3511
5660
6670
9937
11320
12105
15776
17056
17322
19051
20083
20497
20877
20886
23528
23629
25151
26891
27732
29456
30563
31992
34398
34632
36709
39107
39238
39374
39931
40670
41393
41600
42204
43691
44256
45123
45871
Number of cuts: 39

Yoncess
399
3511
5660
6670
9555
9937
11320
12105
15776
17322
19051
20083
20497
20877
20886
23529
23630
24006
25152
26892
27733
29457
30343
31772
34181
34415
38510
38641
38777
39334
40073
40796
41003
41611
44531
45279
45989
Number of cuts: 37

