Alatin
5114
6278
8821
8920
10196
10285
12152
13045
15295
15445
15630
16727
17339
22846
22855
23629
25662
27413
30366
30402
30414
35310
37151
38971
39200
39664
39714
44310
45604
Number of cuts: 29

Alpacados
5076
6225
8850
8918
9907
10126
10215
12088
12981
13479
15381
15566
16663
17275
22715
22724
23498
25567
27318
30271
30307
30319
33037
35212
37044
38864
39093
39557
39607
40731
44133
45427
Number of cuts: 32

AngryOrchard
333
354
5059
6208
8833
9890
10109
10198
12071
12964
15364
15549
16646
22710
22719
23493
25527
27277
30164
30200
30212
32927
35372
38980
39024
39253
39719
39769
41247
43041
44352
44914
45548
Number of cuts: 33

AppleCloud
4823
5972
8573
9630
9849
9938
13010
15410
15595
17304
22448
24572
24764
25537
27288
30096
30132
30144
32862
34158
35037
36869
38689
38918
39379
39429
40167
44027
45321
Number of cuts: 29

Belenaria
5114
6278
8821
8920
10196
10285
12152
13045
15295
15445
15630
16727
17339
22779
22788
23562
25596
27347
30232
30268
30280
35185
37017
38837
39066
39527
39577
40315
44175
45469
Number of cuts: 30

BobbyDazzler
5185
6334
8959
10016
10235
10324
12197
12932
13090
13588
15490
15675
16772
17384
22825
22834
23608
25641
27392
30345
30381
30393
33111
35289
37121
38941
39170
39634
39684
40878
44281
45575
Number of cuts: 32

Bonanza
5114
6263
8888
8956
9945
10164
10253
12126
13019
13517
15419
15604
16701
17313
22753
22762
23536
25569
27320
30273
30309
30321
33039
35214
37426
39246
39475
39939
39989
41183
44585
45879
Number of cuts: 32

Bradshaw
5114
6278
8821
8920
10196
10285
12152
13045
15295
15445
15630
16727
17339
22779
22788
23562
25595
27346
30299
30335
30347
35243
37084
38904
39133
39597
39647
44243
45537
Number of cuts: 29

Bryce
5114
6263
8888
9945
10164
10253
12126
13019
13517
15419
15604
16701
17313
22754
22763
23537
25570
27321
30053
30089
30101
32819
34997
36829
38649
38878
39342
39392
40586
43989
45283
Number of cuts: 31

ChewyVIII
144
1060
3817
4714
8669
8898
8996
10659
12322
12538
12727
12922
13036
13308
14049
14052
14811
15446
15650
15847
16201
16270
21581
21642
22407
22851
23206
23209
23635
24223
25018
25290
27462
27806
27809
30806
32072
32288
32392
32714
34778
36938
38270
38782
38834
39377
39619
40952
41680
46482
46692
46761
48115
48142
48163
48965
50049
50331
50916
51687
53630
55426
56600
56687
57842
57845
58057
58219
59570
59764
60994
60997
61894
62144
62306
62879
62975
64290
68345
Number of cuts: 79

CosmicSans
5114
6278
8821
8920
10196
10285
12152
13045
15295
15445
15630
16727
17339
22779
22788
23562
25595
27346
30299
30335
30347
35243
37075
38895
39124
39588
39638
40832
44234
45528
Number of cuts: 30

Dinger
333
5110
5566
6259
8884
10160
10249
12122
13015
13513
15415
15600
16697
17309
22762
22771
23545
24806
25579
27330
30168
30204
30216
32546
32934
35385
37217
39037
39266
39732
39782
43059
44370
44932
45565
Number of cuts: 35

DocB7
1380
1697
4160
4688
5057
7737
9416
11448
11451
14395
14742
15877
16936
21669
22110
23025
27821
28093
30841
31143
33858
34429
35762
36021
36024
36996
40102
40431
41405
41466
41836
42071
44748
45478
47501
49102
49457
50632
52520
53608
53617
56026
56131
56650
58425
59036
59429
61258
70958
71512
72224
72959
73133
73163
74751
Number of cuts: 55

E3
316
993
2462
2663
2666
3251
3284
3811
3941
4043
4180
4586
5442
5703
6831
6885
7247
7334
7774
7831
8276
11078
11153
11420
11575
11743
13137
13605
15239
15242
15921
16967
17309
17797
20647
21077
21951
21981
22262
22537
22932
23773
23781
24115
24747
24852
24938
25153
25303
25793
26185
26462
27172
28322
28544
28652
29162
29562
31029
31936
32176
32454
32682
33298
33619
34126
34138
34306
34882
35065
35668
36093
37396
37778
38021
38653
39448
40156
41546
41636
41956
42631
43018
43634
43748
44285
48945
53034
53087
53236
53383
54062
54280
54927
55801
56668
57055
58065
58098
58727
59034
59269
60283
61050
61406
61505
61565
61894
63123
63651
66321
67442
68023
68053
68556
68670
74747
75735
76322
80561
80882
85034
85037
86074
86326
88914
88950
88992
89091
89291
91235
92817
93765
93777
93801
94080
94095
94531
95349
97828
97876
98678
99006
99411
99962
99992
101446
101493
101497
102736
102943
104976
105468
106815
108763
109968
110905
111248
111306
111530
113349
114197
114954
115326
115530
116047
116319
116326
116720
116783
116926
119065
119155
120056
120455
121258
121708
121711
122961
123123
123150
123198
123321
124100
124281
124304
125053
125433
125580
126019
126783
127128
127832
128065
128101
128574
129076
129079
129298
129441
130675
132628
135479
137866
140061
140139
140269
140562
141466
141637
Number of cuts: 210

Erik
5114
6278
8820
8919
10195
10284
12151
13044
15294
15444
15629
16726
17338
22778
22787
23560
25593
27344
30231
30267
30279
32997
35175
37007
38827
39056
39520
39570
40663
44065
45359
Number of cuts: 31

Espica
5114
6278
8821
8920
10196
10285
12152
13045
15295
15445
15630
16727
17339
22779
22788
23562
25596
27347
30232
30268
30280
32998
35185
37017
38837
39066
39527
39577
40315
44175
45469
Number of cuts: 31

Finch
976
1618
1747
2159
2224
3695
4107
4992
5049
5518
5798
6494
6912
6993
7455
8292
8545
8837
9332
9740
11035
11890
12079
12217
12277
12730
13155
13817
14247
15408
16459
16570
16945
17122
17673
19929
20713
20749
21607
22608
23378
24210
24393
24411
24546
25705
26065
29369
29652
29793
30432
30672
32517
34497
35959
36757
36877
36880
37500
37503
40750
43634
45296
46075
46195
47625
49963
49966
50105
50590
51082
52548
53743
54809
55821
56318
57471
57897
58155
59213
60307
60899
61166
62720
62786
63404
63579
63931
64832
65180
65534
67154
67487
67700
68075
68207
68210
69517
69676
69946
70496
70499
70593
70876
71002
71906
72632
73803
74481
76121
77279
77562
77657
78953
79624
79696
79879
81060
81279
81639
82002
82692
82880
83312
83391
83484
84138
84261
85707
85779
86332
86495
87309
87395
89109
89973
90508
91137
91622
92348
92635
93049
93670
95406
96468
97216
97264
98065
98293
98529
98532
98661
98889
98892
99064
100350
101358
102779
103034
103198
104086
104094
104519
104594
104623
104671
105012
105436
105997
106227
106586
106667
107101
107206
107775
108830
108954
109005
109366
110400
112807
113892
114469
115037
115040
115046
116173
117555
117613
118204
119729
119795
122688
122895
124838
125737
127734
128309
129572
129602
131083
132868
134331
134535
135541
Number of cuts: 205

Gollum
5114
6278
8821
8920
10196
10285
12152
13045
15295
15445
15630
16727
17339
22779
22788
23562
25595
27346
30297
30333
30345
33063
35241
37073
38893
39122
39583
39633
40774
44176
45470
Number of cuts: 31

Grayson
13344
14713
22272
24165
24547
25284
30166
30243
34272
36129
41674
54974
59928
62070
65677
81051
90540
95362
115216
115296
119014
119116
Number of cuts: 22

Harlequin
5114
6263
8864
9921
10140
10229
12102
12995
13493
15395
15580
16677
17289
22784
22793
23567
25600
27351
30083
30119
30131
32849
35027
38679
38908
39374
39424
40112
40621
44024
45318
Number of cuts: 31

Hiro
5114
6263
8864
9921
10140
10229
13301
15701
15886
17595
22739
25855
27606
30559
30595
30607
33325
35503
37335
39155
39384
39848
39898
41092
44495
45789
46637
Number of cuts: 27

Jace
1713
8992
16482
19919
23842
25550
33096
34805
40132
46357
49063
50792
Number of cuts: 12

Jester
5114
6263
8864
10140
10229
12096
13487
15389
15574
17283
22715
22724
23498
25531
27282
30014
30050
30062
32780
34958
38610
38839
39305
39355
40043
40552
43955
45249
Number of cuts: 28

Krishelle
5114
6278
8879
9936
10155
10244
13316
15716
15901
17610
22790
24914
25106
25879
27630
30659
30695
30707
35603
37444
39264
39493
39957
40007
44603
46721
Number of cuts: 26

Lillie
5114
6278
8821
8920
10196
10285
12152
13045
15295
15445
15630
16727
17339
22779
22788
23562
25595
27346
30299
30335
30347
35243
37075
38895
39124
39588
39638
40832
44234
45528
Number of cuts: 30

Mahdia
125
814
817
937
1116
2506
2844
3130
3804
4224
4347
5257
5269
5728
5883
6323
6434
6681
6932
7115
7174
8122
8319
8413
8687
8965
9034
9175
9297
9411
9420
9714
10060
10065
10678
10891
11218
13060
13924
14236
14284
14896
14995
15025
15658
15819
16363
16366
16390
16667
18135
19061
19232
19525
19633
19773
19845
19884
19898
20007
21801
22105
22341
22344
22680
22793
22864
23301
24257
24382
24495
24798
25259
25325
25436
25445
25965
26415
26508
27471
27504
27639
27922
28177
29022
31265
31627
32017
32226
32353
32687
33129
33750
34284
34806
35353
35419
35779
36144
36168
37135
37955
38547
38637
38751
38808
40858
40933
41387
41508
42382
42444
Number of cuts: 112

Naiad
5114
6278
8821
8920
10196
10285
12152
13045
15295
15445
15630
16727
17339
22792
22801
23575
25608
27359
30312
30348
30360
35256
37097
38917
39146
39610
39660
44256
45550
Number of cuts: 29

Nancinator
5114
6278
8821
8920
10196
10285
12152
13045
15295
15445
15630
16727
17339
22779
22788
23562
25596
27347
30232
30268
30280
32998
35185
37017
38837
39066
40171
43573
44867
Number of cuts: 29

Natosaleda
5114
6278
8821
8920
10196
10285
12152
13045
15295
15445
15630
16727
17339
22779
22788
23562
25595
27346
30231
30267
30279
32997
35184
37016
38836
39065
39526
39576
40314
44174
Number of cuts: 30

Partridge
333
5173
6322
8947
10223
10312
12185
13078
13576
14230
15478
15663
16760
17372
22825
22834
23608
24869
25678
27429
30459
30495
30507
33222
35541
37373
39194
39423
39889
39939
43405
44716
45278
45910
Number of cuts: 34

Pepy6
2200
3708
5302
6379
9004
9389
9867
10336
10828
11285
11288
17206
21322
23123
23558
24326
25145
26419
27706
35432
36961
38796
39292
40339
40380
43744
43991
44033
46983
47068
47710
48708
48733
51429
52196
53595
54563
55383
58107
58460
58856
59992
60841
62357
63671
64348
65170
65754
66158
68098
68611
69453
Number of cuts: 52

Peregrin
12619
23331
24121
24858
29754
53757
58295
60437
64095
79110
81582
86985
89971
92024
93032
98778
113816
115697
Number of cuts: 18

Phrankenstein
5114
6278
8821
8920
10196
10285
12152
13045
15295
15445
15630
16727
17339
22725
22734
23508
25541
27292
30245
30281
30293
35189
37021
38841
39070
39534
39584
40778
44180
45474
Number of cuts: 30

Pine5
153
456
810
1098
1876
2113
2290
2347
2791
3678
5646
6814
6854
7079
7415
7652
7967
9548
9815
9950
10193
10505
10757
10817
11899
13256
13538
13865
14121
14406
14631
15153
15753
16583
16904
17096
19376
19607
19610
20071
21499
21862
23473
23571
23710
24631
25579
25851
25899
26967
28001
28252
28859
29300
30397
31149
31299
31503
31563
31684
31945
32902
33823
34008
34104
34314
34317
35231
35273
35273
35276
35648
35791
35866
35869
36691
36703
38128
39184
39271
39484
39685
39943
40156
42659
43397
43619
44720
45732
46511
46871
47081
47147
47654
47972
49480
50230
50910
51438
51983
52818
52929
53111
53147
53390
53815
54003
54215
56098
56802
57588
57820
58037
58455
59215
Number of cuts: 115

Poco6
1361
2279
8845
11946
12435
12820
13690
13766
14258
18867
23344
24952
25136
25505
25571
26339
27158
27545
28432
29919
34151
41314
41646
41804
45365
45857
46999
47544
47832
48247
49766
49932
51745
51979
52012
52632
52680
52938
53243
53705
55103
62920
64189
64277
66652
66986
67381
68368
69118
69847
70015
70514
72617
74316
75111
Number of cuts: 55

Rasputin
5114
6263
8889
9946
10165
10254
12121
13014
13512
15414
15599
16696
17308
22749
22758
23532
24793
25566
27317
27641
30270
30306
30318
35214
37046
38866
39095
39559
39609
40803
44205
45499
Number of cuts: 32

RER2
5114
6278
8821
8920
10196
10285
12152
13045
15295
15445
15630
16727
17339
22779
22788
23562
25595
27346
30299
30335
30347
35243
37075
38895
39124
39588
39638
40832
44234
45528
Number of cuts: 30

RexFury
5145
6309
8852
8951
10227
10316
12183
13076
15326
15476
15661
16758
17370
22810
22819
23593
25626
27377
30330
30366
30378
35274
37106
38926
39155
39616
39666
40404
44264
45558
Number of cuts: 30

RGL3
330
2592
2901
7799
8886
8954
9946
10165
10254
10988
11456
13317
14768
15453
15794
17500
19331
22960
23401
24043
24311
24917
25082
26277
26477
28333
29840
30768
30969
31353
31812
33711
35460
36138
36662
38076
38304
38545
38701
39405
40195
40395
41506
41620
41734
42054
42455
43126
44201
44435
Number of cuts: 50

Rhodalysa
5114
6278
8821
8920
10196
10285
12152
13045
15295
15445
15630
16727
17339
22779
22788
23562
25595
27346
30299
30335
30347
35243
37075
38895
39124
39588
39638
40832
44234
45528
Number of cuts: 30

StCroix
5114
6278
8821
8920
10196
10285
12152
13045
15295
15445
15630
16727
17339
22792
22801
23575
25608
27359
30312
30348
30360
35256
37097
38917
39146
39610
39660
44256
45550
Number of cuts: 29

Swann
5114
6278
8821
8920
10196
10285
12152
13045
15295
15445
15630
16727
17339
22779
22788
23562
25595
27346
30297
30333
30345
35241
37073
38893
39122
39586
39636
40830
44232
45526
Number of cuts: 30

Takoda
333
354
1690
5106
6255
8880
9937
10156
10245
12112
13005
15405
15590
16687
22751
22760
23534
25568
27319
30206
30242
30254
32969
35426
39034
39078
39307
39773
39823
41301
43095
44560
45122
45756
Number of cuts: 34

Trina
6017
13716
18542
27910
34112
43534
45659
48163
57170
109335
118036
119657
125248
131152
134298
Number of cuts: 15

TWAMP
5114
6278
8821
8920
10196
10285
12152
13045
15295
15445
15630
16727
17339
22779
22788
23562
25595
27346
30299
30335
30347
35243
37075
38895
39124
39588
39638
40832
44234
45528
Number of cuts: 30

UhSalsa
5114
6278
8821
8920
10196
10285
12152
13045
15295
15445
15630
16727
17339
22779
22788
23562
25596
27347
30232
30268
30280
32998
35185
37017
38837
39066
39527
39577
40315
44175
45469
Number of cuts: 31

Weasels2
7471
20034
24864
29679
29756
35738
36869
42791
47528
57165
59445
74450
82997
87762
99019
101438
112576
115638
127669
129491
Number of cuts: 20

Yogi
5114
6263
8888
8956
9945
10164
10253
12126
13019
13517
15419
15604
16701
17313
22753
22762
23536
25569
27320
30273
30309
30321
33039
35214
37426
39246
39475
39939
39989
41183
44585
45879
Number of cuts: 32

Yoncess
5114
6263
8888
9945
10164
10253
12126
13019
13517
15419
15604
16701
17313
22754
22763
23537
25570
27321
30053
30089
30101
32819
34997
36829
38649
38878
39342
39392
40586
43993
45287
Number of cuts: 31

