Alatin
296
1865
2414
3608
7312
11892
13223
13559
17610
19089
19243
19548
22731
23891
25243
25446
25452
26582
28858
31307
32284
38018
38498
42898
43532
44472
45347
46367
46390
Number of cuts: 29

Alpacados
296
2376
4178
7259
11828
13159
13657
13861
17546
19025
19484
21895
23760
25112
25315
26487
27338
28763
31212
32189
32500
33031
37118
37911
38391
42721
43355
44295
45170
46188
46211
Number of cuts: 31

AngryOrchard
296
1275
1810
3553
7242
11811
13142
13640
14635
17529
19008
19467
22595
23756
25108
25311
26446
28722
31105
32545
33318
35735
38071
38551
39860
41751
42723
43577
45302
46317
Number of cuts: 30

AppleCloud
7006
11545
13062
13188
13686
17575
19054
19513
20420
23071
23794
25118
25321
26457
27308
28812
31037
32325
33253
33509
34324
36943
37736
38216
42615
43249
44189
45064
46083
46106
Number of cuts: 30

Belenaria
296
1865
2414
3608
7312
11892
13223
13559
16803
17610
19089
19243
19548
23824
25177
25380
26516
28792
31173
32150
37091
37884
38364
42763
43397
44337
45212
46232
46255
Number of cuts: 29

BobbyDazzler
296
2485
4287
7368
11937
13268
13604
13766
13970
14151
17655
19134
23870
25222
25425
26561
27412
28837
31286
32263
33105
37195
37988
38468
42869
43503
44443
45318
46336
46359
Number of cuts: 30

Bonanza
296
1865
2414
4216
7297
11866
13197
13695
13899
17584
19063
19522
21933
23798
25150
25353
26489
26997
27340
28765
31214
32191
32502
33033
37500
38293
38773
43173
43807
44747
45622
46626
46650
Number of cuts: 33

Bradshaw
296
1865
2414
3608
7312
11892
13223
13559
17610
19089
19243
19548
23824
25176
25379
25385
26515
28791
31240
32217
37951
38431
42831
43465
44405
45280
Number of cuts: 26

Bryce
296
1865
2414
4216
7297
11866
13197
13533
13695
13869
13899
17584
19063
23799
25151
25354
26490
28766
30994
31971
32813
36903
37696
38176
42577
43211
44151
45026
46042
46065
Number of cuts: 30

ChewyVIII
2120
4217
5136
5485
5982
7291
9045
10432
15349
16610
23089
24664
25632
26424
28471
28564
28981
29431
30457
30796
36883
37028
37858
39564
41361
46228
46580
47732
49771
49791
50391
50565
50761
52079
53206
53284
54405
54672
59219
59469
61828
63211
64215
64613
64715
66012
68022
69088
Number of cuts: 48

CosmicSans
296
1865
2414
3608
7312
11892
13223
13559
17610
19089
19243
19548
23824
25176
25379
26515
28791
31240
32217
37942
38422
42822
43456
44396
45271
46291
46314
Number of cuts: 27

Dinger
296
1861
3604
7293
11862
13193
13691
13865
14686
17580
19059
19267
19518
23808
25160
25363
26499
27350
28854
31109
32086
33325
33851
37291
38084
38564
39873
40875
41766
42741
43595
43940
45319
46336
Number of cuts: 34

DocB7
448
2279
5310
7120
9801
10945
11578
11835
12286
13116
13303
14551
14830
15371
16140
17358
19455
19997
23326
23987
24839
26465
27585
28477
29619
31704
32908
34469
35063
35237
38728
40597
41841
43205
45618
45801
46552
47131
47761
49012
53234
56606
59352
60202
62077
62344
62742
63116
64948
65581
67696
69224
71796
72475
73977
Number of cuts: 55

E3
1281
2706
3333
3519
5318
5572
6388
6669
7040
7224
7682
9287
9836
10682
10807
10913
11591
12191
14484
15653
16723
19171
19695
20599
20791
20889
21155
22496
23505
23957
24903
25411
25875
25933
26748
27450
28293
29281
30559
30715
31108
33264
33398
33672
34466
34651
36726
37062
38514
39397
41238
42437
42650
43584
43787
44674
45992
46860
47977
49456
50818
53344
53686
53718
55303
56132
58254
58550
59696
60486
63589
66158
66607
68403
68843
70128
70400
71819
73959
75273
76773
77649
78227
80889
81783
83739
85041
88024
88397
89387
95635
97210
97234
97296
98889
99031
100435
101542
101562
101805
102912
103400
103445
103670
105857
105917
106354
109451
115303
115342
115996
116739
116982
119613
119693
121099
121254
121940
122410
122856
122928
125178
125316
125515
125666
126483
128123
128234
130193
130922
131454
131552
135098
136667
138483
138944
139060
139170
140894
141232
141267
141793
142015
142281
142328
142455
Number of cuts: 146

Erik
296
1865
2414
3608
7312
11891
13222
13558
17609
19088
19242
19547
23822
25174
25377
26513
28789
31172
32149
32991
37874
38354
42653
43287
44227
45102
46122
46145
Number of cuts: 28

Espica
296
1865
2414
3608
7312
11892
13223
13559
17610
19089
19243
19548
23824
25177
25380
26516
28792
31173
32150
32992
37091
37884
38364
42763
43397
44337
45212
46231
46254
Number of cuts: 29

Finch
859
981
2150
2286
2709
2924
3142
3981
3986
5377
6457
9558
12182
13622
17576
17705
18736
19735
19948
20385
21677
22568
23098
23184
23898
24642
26722
27372
31927
32015
32932
35014
36677
37106
37254
37698
38036
38312
38486
40308
41994
42519
43050
43236
44584
44620
45085
47576
50600
50909
52460
53171
54490
55661
57258
57749
58072
58289
59735
60456
62328
63036
63226
63801
69017
69973
70363
70678
71614
72588
74939
76438
77451
78679
87269
89039
89974
90146
91156
91873
92545
92861
96608
96661
97232
97474
97520
98244
99990
101443
102449
103178
104781
104834
106696
112218
113231
113283
115096
115550
115670
117269
118188
118992
122026
122066
122594
125339
126722
127774
131674
134252
134393
135577
136007
137603
138005
138019
Number of cuts: 118

Gollum
296
1865
2414
3608
7312
11892
13223
13559
17610
19089
19243
19548
23824
25176
25379
26515
28791
31238
32215
33057
37147
37940
38420
42764
43398
44338
45213
46230
46253
Number of cuts: 29

Grayson
1313
6877
7344
23136
29027
32327
35389
48154
53643
60378
64889
66312
84084
84430
89084
106529
110183
111670
117344
119029
130214
Number of cuts: 21

Harlequin
296
1865
2414
6419
7297
11842
13173
13509
13671
13845
13875
17560
19039
23829
25181
25384
26520
28796
31024
32001
32843
36933
38206
39515
42612
43246
44186
45061
46078
46101
Number of cuts: 30

Hiro
296
1865
2414
4216
7297
11836
13353
13479
13977
17866
19345
19804
20711
23362
24084
25436
25639
26775
27626
29051
31500
32477
33319
37409
38202
38682
43083
43717
44657
45532
46550
46573
Number of cuts: 32

Jace
109
1717
1849
2032
2151
3735
4247
4530
9275
10088
11196
11630
11882
12929
13145
13149
13879
14031
15844
17161
17171
17851
19231
20787
21975
22236
23585
23598
23846
23955
25064
25253
25609
26258
26524
26620
27964
29221
29399
29410
29668
30079
30357
31850
32324
33912
34602
36874
37545
38188
38958
39040
39117
39860
40968
42231
42265
43119
43996
46353
46589
47135
47245
48460
49142
49378
49412
51405
51770
52515
53134
53456
Number of cuts: 72

Jester
296
1865
2414
6419
7297
11836
13167
13503
13665
13839
13869
17554
19033
23760
25112
25315
26451
28727
30955
31932
32774
36864
38137
39446
42543
43177
44117
44992
46009
46032
Number of cuts: 30

Krishelle
296
1865
2414
3608
7312
11851
13368
13494
13992
17881
19360
19819
20726
23413
24136
25460
25663
26799
27650
29154
31600
32577
38311
38791
43191
43825
44765
45640
Number of cuts: 28

Lillie
296
1865
2414
3608
7312
11892
13223
13559
17610
19089
19243
19548
23824
25176
25379
26515
28791
31240
32217
37942
38422
42822
43456
44396
45271
46291
46314
Number of cuts: 27

Mahdia
2312
2396
3347
3585
4478
5261
9986
11366
11898
12149
13005
13601
17686
18406
19104
21148
23418
23931
26393
26405
27238
27835
29219
32378
40142
42212
42314
42459
Number of cuts: 28

Naiad
296
1865
2414
3608
7312
11892
13223
13559
17610
19089
19243
19548
22677
23837
25189
25392
25398
26528
28804
31253
32230
37964
38444
42844
43478
44418
45293
46313
46336
Number of cuts: 29

Nancinator
296
1865
2414
3608
7312
11892
13223
13559
17610
19089
19243
19548
23824
25177
25380
26516
28792
31173
32150
32992
37091
37884
38364
42161
42795
43735
44610
45630
45653
Number of cuts: 29

Natosaleda
296
1865
2414
3608
7312
11892
13223
13559
17610
19089
19243
19548
23824
25176
25379
26515
28791
31172
32149
32991
37090
37883
38363
42762
43396
44336
45211
46222
46245
Number of cuts: 29

Partridge
296
1924
3667
7356
11925
13256
13754
13928
14749
17643
19122
19330
19581
23871
25223
25426
26598
27449
28953
31400
32377
33613
37448
38241
38721
40030
41032
41923
42610
43087
43941
45664
46681
Number of cuts: 33

Pepy6
8121
8251
12026
13758
19035
21277
21332
23737
24536
25389
26490
26875
30105
31146
33172
35568
40567
42797
47197
47222
47869
49142
52932
53169
58633
61557
62184
63595
66674
67365
75198
75875
Number of cuts: 32

Peregrin
2571
5114
6726
23678
25944
28541
30847
31255
34171
45581
46517
46934
52327
54828
63307
74050
76497
76665
82139
83540
83971
84317
92897
93546
100809
106805
116324
128612
132640
Number of cuts: 29

Phrankenstein
296
1865
2414
3608
7312
11892
13223
13559
17610
19089
19243
19548
23770
25122
25325
26461
28737
31186
32163
37888
38368
42768
43402
44342
45217
46236
46259
Number of cuts: 27

Pine5
530
700
908
2137
3524
3973
5392
6429
7119
8289
8865
11697
13597
13880
15301
15868
16458
17310
17394
17968
18099
20451
20880
20964
21419
21621
22440
22902
23747
24777
25029
26269
26315
29481
30143
30278
32468
32859
33331
34112
34448
37317
37430
37851
38247
38633
40293
41676
41924
43123
43708
43975
45309
46180
46554
47567
51164
51305
51781
52017
52566
53067
53790
56349
57054
57091
57899
Number of cuts: 67

Poco6
2903
3816
4939
5199
9740
11054
11304
15515
17209
19534
20674
23299
25750
27402
32124
33003
35197
37590
38392
42393
50654
51234
52253
54440
54677
56762
59229
62346
63104
68007
70274
77143
Number of cuts: 32

Rasputin
296
1865
2414
3608
7297
10765
11861
13192
13528
13690
13894
17579
19058
19266
19517
21928
23795
25147
25350
26486
28762
31211
32188
37913
38393
42793
43427
44367
45242
46263
46286
Number of cuts: 31

RER2
296
1865
2414
3608
7312
11892
13223
13559
17610
19089
19243
19548
23824
25176
25379
26515
27366
28791
31240
32217
37942
38422
42822
43456
44396
45271
46289
46312
Number of cuts: 28

RexFury
296
1896
2445
3639
7343
11923
13254
13590
17641
19120
19274
19579
20486
23189
23855
25207
25410
26546
28822
31271
32248
37180
37973
38453
42852
43486
44426
45301
46321
46344
Number of cuts: 30

RGL3
1855
2416
3031
5151
5594
7224
10771
11867
12580
13348
13588
13871
16790
17745
17771
18029
18751
19239
19599
19695
21289
22481
24083
24307
25870
26035
27113
29755
30375
30426
31910
32207
32884
33705
33823
34522
36559
36793
38161
39221
39339
41751
42457
42640
43441
44294
46457
47926
48011
Number of cuts: 49

Rhodalysa
296
1865
2414
3608
7312
11892
13223
13559
17610
19089
19243
19548
23824
25176
25379
26515
28791
31240
32217
37942
38422
42822
43456
44396
45271
46291
46314
Number of cuts: 27

StCroix
296
1865
2414
3608
7312
11892
13223
13559
17610
19089
19243
19548
22677
23837
25189
25392
25398
26528
28804
31253
32230
37964
38444
42844
43478
44418
45293
46313
46336
Number of cuts: 29

Swann
296
1865
2414
3608
7312
11892
13223
13559
17610
19089
19243
19548
23824
25176
25379
26515
28791
31238
32215
37940
38420
42820
43454
44394
45269
46290
46313
Number of cuts: 27

Takoda
296
1275
1857
3600
7289
11852
13183
13681
14676
17570
19049
19508
22636
23797
25149
25352
26488
28764
31147
32587
32963
33360
35789
37332
38125
38605
39914
40915
41805
42777
43785
45510
46526
Number of cuts: 33

Trina
2251
3598
4167
6585
7902
9400
10780
12314
12734
22685
22850
29083
29110
32198
34753
41344
42268
42319
45853
48239
52235
56852
56917
59046
61863
65180
69448
70741
73011
74505
82505
85035
86781
87118
91881
95071
97673
105382
105864
108945
120459
121885
130339
138653
Number of cuts: 44

TWAMP
296
1865
2414
3608
7312
11892
13223
13559
17610
19089
19243
19548
23824
25176
25379
26515
28791
31240
32217
37942
38422
42822
43456
44396
45271
46291
46314
Number of cuts: 27

UhSalsa
296
1865
2414
3608
7312
11892
13223
13559
17610
19089
19243
19548
23824
25177
25380
26516
28792
31173
32150
32992
37091
37884
38364
42763
43397
44337
45212
46232
46255
Number of cuts: 29

Weasels2
10014
11975
28540
28765
36574
43108
53111
54313
57537
59898
71469
72602
77130
79869
87765
100164
Number of cuts: 16

Yogi
296
1865
2414
4216
7297
11866
13197
13695
13899
17584
19063
19522
21933
23798
25150
25353
26489
26997
27340
28765
31214
32191
32502
33033
37500
38293
38773
43173
43807
44747
45622
46624
46648
Number of cuts: 33

Yoncess
296
1865
2414
4216
7297
11866
13197
13533
13695
13869
13899
17584
19063
23799
25151
25354
26490
27341
28766
30994
31971
32813
36903
37696
38176
42580
43215
44155
45030
46048
46071
Number of cuts: 31

