Alatin
2113
2926
7420
9162
10343
12680
21435
22278
24269
24564
26827
26945
31081
32228
32359
33909
36046
36892
37362
37459
37558
37600
44115
46375
46466
46578
Number of cuts: 26

Alpacados
2066
2888
7367
8506
9840
24138
24433
26715
26732
28602
30986
32133
32264
33814
35948
36785
37255
37352
37451
37493
43938
46287
46398
Number of cuts: 23

AngryOrchard
2058
2871
7350
8489
9823
13358
22142
24134
24429
26485
26691
30879
32026
33974
36108
37415
37512
37611
37653
44157
45043
46303
46502
Number of cuts: 23

AppleCloud
1822
2635
7114
8253
9563
11805
11960
15692
22339
23080
24439
26496
26685
26702
28283
30811
33633
33865
35773
36610
37080
37177
37276
37318
43832
46091
46182
46294
Number of cuts: 28

Belenaria
2113
2926
7420
9162
10343
12680
21435
24203
24498
26744
26879
30947
32094
32225
33775
35921
36758
37228
37325
37424
37466
43980
46240
46331
46443
Number of cuts: 25

BobbyDazzler
2178
2997
7476
8615
9949
24248
24543
26789
26806
31060
32207
32338
33888
36025
36862
37332
37429
37570
44086
46435
46546
Number of cuts: 21

Bonanza
2113
2926
7405
8544
9878
24176
26717
26734
28604
30988
32135
32266
33816
35950
37167
37637
37734
37833
37875
44390
46726
46837
Number of cuts: 22

Bradshaw
2113
2926
7420
9162
10343
12680
21435
24202
24497
26743
26878
31014
32161
32292
33842
35979
36825
37295
37392
37491
37533
44048
46308
46398
46511
Number of cuts: 25

Bryce
2113
2926
7405
8544
9130
9878
24177
24472
30768
31915
32046
33596
35733
36570
37040
37137
37236
37278
43794
46141
46252
Number of cuts: 21

ChewyVIII
45
5694
7446
7686
10659
11240
13753
16672
16696
20473
24991
31176
33084
33821
35600
36174
42406
43481
44115
45451
46071
46146
46959
49688
50437
50556
52381
52716
54048
55082
58207
64985
65588
66828
Number of cuts: 34

CosmicSans
2113
2926
7420
9162
10343
12680
20670
21435
24202
24497
26743
26878
31014
32161
32292
33842
35979
36816
37286
37383
37482
37524
46299
46390
46501
Number of cuts: 25

Dinger
2109
2922
7401
8540
9483
9874
20190
24186
24481
26538
26727
26744
28325
29908
30883
32030
33975
36121
36958
37428
37525
37624
37666
44175
45061
46322
46522
Number of cuts: 27

DocB7
447
1053
1291
5607
5771
5938
7153
8492
9611
11283
12353
12932
13116
18192
18193
18208
18427
18681
20290
20352
20989
21265
21706
22903
24253
25827
26356
30140
30275
31570
32386
32396
32510
32611
33586
33845
36145
36289
36526
38537
41324
44298
44621
46651
49733
50994
51164
52615
52724
53550
54250
55288
55759
57019
58523
58730
59185
59258
60069
60654
61205
62922
63064
63724
65662
66809
67119
74487
75694
Number of cuts: 69

E3
259
1359
1946
3068
5121
5535
5806
6227
6547
7795
8132
8718
9887
10327
10480
10656
10788
11737
12184
13245
14858
16100
16282
16414
16575
17186
17404
17921
18990
19384
19525
19865
21713
22800
23734
23838
24017
24188
24789
26795
26900
27983
28115
28956
33367
33562
35772
35853
38485
39581
40522
40879
42025
43323
44486
45048
45191
45492
45636
47194
48194
51412
52175
53236
53409
53649
55115
55422
55815
57091
58939
60148
60794
62228
63222
63231
63522
63961
64510
65238
66084
66147
67753
70058
70301
70985
71704
71994
72419
72470
73550
73919
74858
76053
76906
77898
78088
78837
80159
81620
82667
83327
85141
87706
89609
90821
91611
92003
92195
93394
93446
95247
96043
98035
99372
99396
99435
99708
100910
101629
101960
103342
103980
104217
105354
109330
109650
110910
111058
111997
112443
112758
112929
113760
116882
118670
119803
121240
121600
122621
122642
125448
126209
126974
128687
131020
131644
131679
132154
135387
136948
137944
138814
139809
140598
140842
140905
141118
141445
Number of cuts: 159

Erik
2113
2926
7420
9161
10342
12679
21434
24200
24495
26741
26876
30946
32093
32224
33774
35911
36748
37218
37315
37414
37456
43870
46130
46222
46334
Number of cuts: 25

Espica
2113
2926
7420
9162
10343
12680
21435
24203
24498
26744
26879
30947
32094
32225
33775
35921
36758
37228
37325
37424
37466
43980
46239
46330
46442
Number of cuts: 25

Finch
619
9413
12094
12217
14152
17933
18705
21247
25910
26416
29179
30767
31498
38407
40415
45767
48125
48800
49846
53547
53925
61160
61415
64425
69688
71274
71823
73313
74356
74699
75368
77141
78782
78989
81140
81778
81902
83179
83930
85931
86806
87699
88578
89230
92256
95013
99079
102473
103540
104194
105140
106332
107283
110608
113226
114549
116515
121099
121824
123149
124640
125744
130793
131919
132302
133076
135781
137461
138592
Number of cuts: 69

Gollum
2113
2926
7420
9162
10343
12680
21435
24202
24497
26743
26878
31012
32159
32290
33840
35977
36814
37284
37381
37480
37522
43981
46329
46440
Number of cuts: 24

Grayson
3877
5692
7212
8327
9725
17771
20834
26293
28942
29701
31797
32651
35772
37308
40976
43124
43138
43368
46107
46236
47328
48071
49686
49716
51033
51270
56113
56200
59614
62072
62427
67345
81983
85077
85733
91854
100823
104216
105906
107697
109063
115860
120605
123842
Number of cuts: 44

Harlequin
2113
2926
7405
8544
9854
24207
24502
30798
31945
32076
33626
35763
36600
37070
37167
37266
37308
43829
46177
46288
Number of cuts: 20

Hiro
2113
2926
7405
8544
9854
12096
12251
22630
23371
24462
24757
27003
27020
31274
32421
32552
34102
36239
37076
37546
37643
37784
44300
46649
46759
Number of cuts: 25

Jace
643
1110
1689
2526
2841
3388
3408
4418
7310
7699
7950
8211
8820
9343
10243
10403
10819
10894
14437
14635
15120
16206
16845
17936
18809
19611
19877
20279
20534
21787
22009
22144
23356
26222
27575
27795
28054
28359
29739
30507
30655
31389
33158
33276
35373
36536
39110
39333
39856
40293
41268
42033
42946
43030
43439
43526
44205
44235
45341
46630
46807
47112
48092
48341
48709
49272
49737
49921
49939
51786
52835
52909
Number of cuts: 72

Jester
2113
2926
7405
8544
9854
15671
24138
24433
30729
31876
32007
33557
35694
36531
37001
37098
37197
37239
43760
46108
46219
Number of cuts: 21

Krishelle
2113
2926
7420
8559
9869
12111
12266
15998
22681
23422
24781
26838
27027
27044
28625
31374
32521
32652
34202
36339
37185
37655
37752
37851
37893
44408
46890
Number of cuts: 27

Lillie
2113
2926
7420
9162
10343
12680
21435
24202
24497
26743
26878
31014
32161
32292
33842
35979
36816
37286
37383
37482
37524
46299
46390
46501
Number of cuts: 24

Mahdia
22810
26252
30940
Number of cuts:  3

Naiad
2113
2926
7420
9162
10343
12680
20670
21435
22224
24215
24510
26773
26891
31027
32174
32305
33855
35992
36838
37308
37405
37504
37546
44061
46321
46412
46524
Number of cuts: 27

Nancinator
2113
2926
7420
9162
10343
12680
21435
24203
24498
26744
26879
30947
32094
32225
33775
35921
36758
37228
37325
37424
37466
43378
45638
45729
45841
Number of cuts: 25

Natosaleda
2113
2926
7420
9162
10343
12680
21435
24202
24497
26743
26878
30946
32093
32224
33774
35920
36757
37227
37324
37423
37465
43979
46321
46432
Number of cuts: 24

Partridge
2172
2985
7464
8603
9546
9937
24249
24544
26637
26826
26843
28424
31174
32321
34131
34440
37114
37585
37682
37781
37823
44521
45407
46667
46867
Number of cuts: 25

Pepy6
727
8834
10229
14462
16129
17334
18466
19224
23708
24155
26178
28878
29890
37987
40047
46225
48408
50968
52894
54489
56073
58073
62511
67960
69322
69549
71571
71673
Number of cuts: 28

Peregrin
2501
7631
14006
14048
17370
25870
28456
29215
31433
32919
34554
36090
39756
41904
41918
42148
45016
46087
46108
48466
48499
48834
49816
50053
50416
54896
55634
57981
60439
62954
65770
69864
81450
82479
84964
85652
90121
91285
92800
99271
100365
101216
101604
104621
107970
108822
119018
120418
132570
Number of cuts: 49

Phrankenstein
2113
2926
7420
9162
10343
12680
21435
24148
24443
26689
26824
30960
32107
32238
33788
35925
36762
37232
37329
37428
37470
43985
46245
46335
46445
Number of cuts: 25

Pine5
9172
34790
35955
Number of cuts:  3

Poco6
3254
3269
5620
7906
12265
16615
18190
18982
19744
22126
25721
26168
35238
36696
37314
42134
49266
49560
50861
51062
52495
55997
59266
67789
68038
69334
69544
70042
71298
72834
77338
Number of cuts: 31

Rasputin
2113
2926
7405
8545
9131
10312
24173
24468
26714
26849
30985
32132
32263
33813
35950
36787
37257
37354
37453
37495
44010
46270
46362
46474
Number of cuts: 24

RER2
2113
2926
7420
9162
10343
12680
21435
24202
26743
26760
28630
31014
32161
32292
33842
35979
36816
37286
37383
37482
37524
44039
46298
46388
46501
Number of cuts: 25

RexFury
2144
2957
7451
9193
9941
10374
21466
24233
24528
26774
26909
31045
32192
32323
33873
36010
36847
37317
37414
37513
37555
44069
46329
46420
46532
Number of cuts: 25

RGL3
1272
1452
2112
7285
9128
10312
10363
14580
14841
16325
21386
21627
22851
23251
27267
27520
27529
31684
34785
38018
38395
38494
41856
42344
43685
44384
47757
47770
Number of cuts: 28

Rhodalysa
2113
2926
7420
9162
10343
12680
21435
24202
24497
26743
26878
31014
32161
32292
33842
35979
36816
37286
37383
37482
37524
46299
46390
46501
Number of cuts: 24

StCroix
2113
2926
7420
9162
10343
12680
20670
21435
22224
24215
24510
26773
26891
31027
32174
32305
33855
35992
36838
37308
37405
37504
37546
44061
46321
46412
46524
Number of cuts: 27

Swann
2113
2926
7420
9162
10343
12680
21435
24202
24497
26743
26878
31012
32159
32290
33840
35977
36814
37284
37381
37480
37522
44037
46298
46389
46501
Number of cuts: 25

Takoda
2918
7397
8536
9870
13399
22183
24175
24470
26716
26733
30921
32068
34016
36162
37469
37566
37665
37707
43282
44365
45251
46512
46712
Number of cuts: 23

Trina
560
1735
2182
2358
2377
4607
6258
7471
8933
9268
9429
10350
12863
16539
17054
18079
19313
20370
22943
23518
24514
24588
27790
28408
30144
32986
33592
33646
34817
37141
38534
40540
40954
43431
45425
45449
45911
45956
46577
46988
47018
48052
48122
48431
49442
49457
49757
50122
50429
51498
51524
52835
54390
56639
58697
58817
59836
60446
60543
62179
62541
63217
67248
68193
69321
72410
75686
77602
78671
80010
80159
82180
86049
86208
87000
88919
91731
92156
92391
92670
94219
94911
95020
97881
98664
99549
100330
100920
102411
106523
106706
108504
108553
109005
109819
109829
111271
112693
114568
115550
116653
117847
118722
119135
122977
123277
124272
124972
125053
125071
125086
126164
126617
126980
126997
128210
129602
129979
130383
132122
132564
133294
133407
133671
133684
134436
136962
138137
138584
138760
138779
Number of cuts: 131

TWAMP
2113
2926
7420
9162
10343
12680
21435
24202
24497
26743
26878
31014
32161
32292
33842
35979
36816
37286
37383
37482
37524
46299
46390
46501
Number of cuts: 24

UhSalsa
2113
2926
7420
9162
10343
12680
21435
24203
24498
26744
26879
30947
32094
32225
33775
35921
36758
37228
37325
37424
37466
43980
46240
46331
46444
Number of cuts: 25

Weasels2
1053
2069
2167
2670
3039
6234
8638
10339
11708
13871
14291
14747
15008
15050
25873
26618
28455
31455
32268
33230
34328
35381
37511
37659
38401
42775
42862
45923
49178
49633
50582
52932
56810
59131
60609
63738
63949
65803
70875
73684
74234
74243
75355
79672
80137
84699
86578
88899
90560
93032
97472
100234
101219
110247
110744
110978
112415
113895
116550
117248
119223
123767
125693
126078
128472
129238
132758
133774
133872
134375
134744
Number of cuts: 71

Yogi
2113
2926
7405
8544
9878
24176
26717
26734
28604
30988
32135
32266
33816
35950
37167
37637
37734
37833
37875
44390
46724
46835
Number of cuts: 22

Yoncess
2113
2926
7405
8544
9878
12654
24177
24472
26718
27467
30768
31915
32046
33596
35733
36570
37040
37137
37236
37278
43798
46147
46258
Number of cuts: 23

