Alatin
536
547
705
922
1087
1105
2057
2951
3529
3738
3946
4259
4546
6787
7026
7855
9027
9313
9610
9863
10535
10808
11553
12385
12945
13569
14087
14300
14474
14537
15865
15901
17043
19626
19699
19911
20392
20484
20874
20995
22211
22635
23088
24575
24587
25133
26026
27159
28738
29378
30653
33377
33875
33916
34251
34484
34918
35266
35997
38484
38667
40318
40632
42065
43452
43748
44279
44465
44578
45943
46064
46111
46134
46667
Number of cuts: 74

Alpacados
536
547
705
922
1087
1105
2913
3491
3505
4151
4221
4508
4930
6734
6973
7802
8253
8957
9243
10744
11489
12321
12815
12881
13505
14236
14410
14473
14825
15801
16979
17402
17799
19847
20420
20810
20931
21685
22202
22504
22957
24444
24456
25002
25381
25443
25931
27064
27223
28643
28743
29283
33282
33780
34156
34386
34820
35168
35899
36108
40455
41888
43275
43571
44102
44288
44401
45766
45887
45934
45957
46487
Number of cuts: 72

AngryOrchard
537
548
700
917
1080
1098
2002
2896
3474
3488
4134
4204
4491
6717
7785
8236
8696
8940
9226
9523
9776
10727
11472
12304
12798
12864
13457
13488
14219
14393
14808
15784
15820
16962
17782
19188
19545
19830
20311
20793
22499
22952
23488
23492
24440
24452
24998
25891
27420
28602
29242
30451
31033
32246
32393
32510
32673
33172
33513
33940
34316
34546
34980
35328
35882
36059
36268
38720
42499
43495
44321
44507
44620
45871
45992
46039
46062
46591
Number of cuts: 78

AppleCloud
300
311
500
880
898
1766
2121
3238
3252
3898
3968
4255
6481
6720
7549
8000
8680
8966
9263
10461
11206
12042
12693
14265
14439
15830
15866
16253
17008
17828
19664
19876
20839
20960
21714
22254
22990
23530
23571
24450
24462
25008
25901
27034
27431
30383
32442
32818
33107
33599
33958
33975
34132
34645
34993
35547
35724
35933
40115
41782
43169
43465
43996
44182
44295
45660
45781
45828
45851
46383
Number of cuts: 70

Belenaria
536
547
705
922
1087
1105
2057
2951
3529
3738
3946
4259
4546
6787
7026
7855
9027
9313
9610
9863
10535
10808
11553
12385
12945
13569
14087
14300
14474
14537
15865
15901
17043
19626
19699
19911
20392
20484
20874
20995
22266
22568
23021
24509
24521
25067
25960
27093
28772
29310
33243
33741
34117
34359
34793
35141
35695
35872
36081
40263
41930
43317
43613
44144
44330
44443
45808
45929
45976
45999
46532
Number of cuts: 71

BobbyDazzler
536
547
705
922
1087
1105
3022
3600
3614
4260
4330
4617
5039
6843
7082
7911
8362
9066
9352
9465
9649
10853
11598
12430
12990
13614
14345
14519
14582
14934
15910
17088
17511
17908
19956
20919
21040
21794
22312
22614
23067
24554
24566
25112
25491
26005
26143
27138
27297
28717
28817
29357
33356
33854
34230
34463
34897
35245
35799
35976
36185
40288
40602
42036
43423
43719
44250
44436
44549
45914
46035
46082
46105
46635
Number of cuts: 74

Bonanza
536
547
705
922
1087
1105
2057
2951
3529
3543
4189
4259
4546
4968
6772
7011
7840
8291
8995
9281
10782
11527
12359
12853
12919
13543
14274
14448
14511
14863
15839
17017
17440
17837
19885
20458
20848
20969
21723
22240
22542
22995
23835
24482
24494
25040
25419
25933
26071
27066
27225
28645
28745
29285
33284
33782
34158
34388
34822
35170
35901
36110
40593
40907
42340
43727
44023
44554
44740
44853
46203
46324
46371
46394
46926
Number of cuts: 75

Bradshaw
536
547
705
922
1087
1105
2057
2951
3529
3738
3946
4259
4546
6787
7026
7855
9027
9313
9610
9863
10535
10808
11553
12385
12945
13569
14087
14300
14474
14537
15865
15901
17043
19626
19699
19911
20392
20484
20874
20995
22266
22568
23021
24508
24520
25066
25959
27092
28671
29311
30586
33310
33808
33849
34184
34417
34851
35199
35930
38417
38600
40251
40565
41998
43385
43681
44212
44398
44511
45876
45997
46067
46600
Number of cuts: 73

Bryce
536
547
705
922
1087
1105
2057
2951
3529
3543
4189
4259
4546
4968
6772
7011
7840
8291
8995
9281
9578
10782
11527
12359
12853
12919
13543
14274
14448
14511
14863
15839
17017
17440
17837
19885
20366
20848
20969
21723
22241
22543
22996
24483
24495
25041
25420
25934
27067
27226
27464
28646
28746
29286
31417
33064
33562
33938
34171
34605
34953
35507
35684
35893
39794
39996
40310
41744
43131
43427
43958
44144
44257
45622
45743
45790
45813
46341
Number of cuts: 78

ChewyVIII
280
442
616
966
978
1223
1868
2085
2500
2819
3007
3107
3286
3303
3403
3439
3696
3809
3891
3936
3969
4214
5013
5108
5567
5881
6758
6804
7164
7261
7279
7603
7692
7773
7807
8282
8303
8836
9196
9427
9488
11044
11317
11727
11796
11913
12004
12140
12456
12479
12693
12881
12981
13253
13721
14111
14334
14809
14813
14920
15064
15618
16028
16173
16367
17190
17592
17666
17846
17924
18005
18207
18224
18499
18556
18560
18577
18967
18990
19081
19690
19991
20082
20235
20239
20390
20394
20516
20582
20753
20892
20996
21056
22029
22196
22400
22702
22751
23035
23180
23336
23379
23453
23489
24143
24601
25061
25372
25836
25919
26067
26129
26594
26696
26717
26828
28098
28398
28606
28678
28764
28921
29212
29625
29815
29845
30100
30262
30370
30492
30634
30833
30946
30950
31057
31603
32683
32915
32919
33030
33570
33880
33892
34504
34710
34732
34806
35122
35307
35883
35902
35919
35941
36327
36391
36700
36801
36849
36873
37068
37380
37391
37641
37809
38262
38356
38461
38470
38694
39285
39657
39869
40012
40171
40411
40450
40657
40664
40900
41079
41268
42093
42393
42397
42473
42570
42594
42615
42660
42898
43061
43071
43247
43335
44063
44182
44420
44467
44780
44944
45760
46414
46483
46499
46535
46892
47110
47200
47381
48114
48134
48281
48446
48774
48849
48960
49417
49963
50183
50244
50957
51092
51131
51239
51548
51724
51850
51930
51934
52039
52049
52751
53722
53752
53919
54114
54285
54289
54364
54425
54434
54703
54707
54809
55818
56116
56501
56605
57052
57169
57391
58359
58738
58767
58908
58944
59781
60071
60984
61014
61986
62713
63461
63523
64912
65143
65150
66957
67274
68428
68485
Number of cuts: 271

CosmicSans
536
547
705
922
1087
1105
2057
2951
3529
3738
3946
4259
4546
6787
7026
7855
9027
9313
9610
9863
10535
10808
11553
12385
12945
13569
14087
14300
14474
14537
15865
15901
17043
19626
19699
19911
20392
20484
20874
20995
22266
22568
23021
24508
24520
25066
25959
27092
28671
29311
30586
33310
33808
33849
34184
34417
34851
35199
35930
36139
38408
38591
40242
40556
41989
43376
43672
44203
44389
44502
45867
45988
46035
46058
46590
Number of cuts: 75

Dinger
537
548
702
1082
1100
2053
2455
3539
4185
4255
4542
6768
7007
7836
8287
8991
9277
9574
9827
10778
11523
12355
12849
12915
13539
14270
14859
15835
15871
17013
17833
19881
20362
20844
20965
21719
22551
23004
23540
23544
24492
24504
25050
25943
27076
27473
30455
32514
33179
33520
33941
34317
34559
34993
35341
36072
36281
42517
43513
44339
44525
44638
45635
45689
45890
46011
46058
46081
46611
Number of cuts: 69

DocB7
757
784
828
1751
1875
2794
4651
5031
5522
7710
8656
9000
9149
12186
12364
12757
14345
15177
15561
15689
16202
16350
16676
17112
19394
19705
20155
20635
21593
21883
22277
22561
22724
22798
23189
23197
23653
24199
24562
24718
27076
27234
27264
27538
27636
28152
28958
29686
31230
31742
32397
34668
34977
35219
35245
35272
36653
36887
38236
39499
40270
40781
40949
41526
41960
43108
43728
46207
46868
48014
48893
49736
52338
52692
54148
55415
56723
57144
57453
58040
58161
58288
58522
58631
59074
59083
59287
59800
60622
60645
60796
60936
61452
61628
61656
62176
62209
62596
63776
63866
65347
67255
67683
68023
68035
68091
69238
69718
70545
71551
72118
72506
72865
72924
73506
74724
Number of cuts: 116

E3
95
202
219
376
712
923
1424
1448
1915
2133
2193
2239
2314
2368
2591
2788
2889
2933
3222
3517
3663
3679
3701
3906
3924
4546
4603
4868
5133
5435
5918
6507
6976
7375
7646
8213
8250
8280
8639
8751
9219
9332
9403
9703
10087
10397
11183
11343
11680
11966
12763
13174
13246
13415
13609
13961
14002
14619
14881
14970
15121
15598
15925
16089
16267
16314
16568
16717
16853
16867
17103
17110
17184
17421
17586
18131
18243
18394
18603
18725
18785
18986
18990
19043
19233
19729
19881
20149
20445
20449
20558
20649
20849
20949
20965
21007
21107
21601
22488
22494
22798
22814
22997
23705
23833
24055
24067
24211
24353
24405
24455
25460
25587
25681
25709
25776
25908
25923
26073
26185
26562
26566
26652
26960
27306
27519
27648
27705
27810
27828
27994
28038
28179
28383
28422
28572
28833
28991
29124
29413
29725
30080
30291
30295
30433
30611
30763
30791
30845
30960
31224
31633
31871
32485
32563
33482
33642
33822
33858
34616
35264
35305
35712
36007
36020
36315
36634
36664
36744
36853
36898
37032
37053
37093
37480
37778
37965
38244
38302
39053
39243
39350
39461
39540
39746
40445
40957
41442
41548
41823
41840
42222
42290
42359
42455
42884
42932
43127
43298
43599
43617
43660
43764
44112
44217
44233
44711
44843
44999
45080
45202
45295
45463
45488
45742
45796
46050
46246
46733
46819
46921
47500
47533
47832
47847
47880
47949
47997
48192
48710
48806
48904
48970
49297
49486
49550
49576
49636
49747
49762
50025
50052
50650
50875
51169
51582
51589
51671
51966
52032
52506
52633
53340
53393
53514
53783
54078
54275
54297
54667
55159
55411
55480
55492
55869
56286
56621
56642
56727
56780
56791
57050
57066
57149
57356
57496
57535
57998
58045
58183
58216
58426
58510
58570
58862
58928
59118
59246
59564
59783
59850
59858
59876
60029
60084
60892
61195
61375
61501
61587
62020
62044
62262
62368
62581
62620
62714
62914
63025
63088
63328
63543
64228
65137
65200
65275
65374
65776
65953
66016
66046
66235
66286
66325
66916
67093
67958
68135
68693
69240
69285
69297
69621
69690
69711
69888
69999
70059
70368
70480
70572
70797
71433
71483
71621
71729
71971
72072
72666
72777
73383
73419
73533
74020
74154
74442
74640
74682
75576
75599
76168
76225
76695
76748
76934
77183
77201
77474
77619
77623
77681
77972
77999
78352
78656
78830
78940
79012
79096
79222
79250
79441
79467
79534
79552
80029
80035
80184
80319
80373
80669
81192
81507
81582
81735
81979
82135
82319
82489
82493
82584
82671
82704
82791
82893
83337
83397
83676
83754
83766
84097
84119
84238
84254
84330
84452
84612
84783
85081
85170
85292
85319
85344
85553
85790
85802
86045
86054
86279
86403
86960
87979
88428
88812
89114
89383
89428
89535
89544
89806
89878
89911
90352
90573
90622
90724
90763
90902
91146
91635
91678
91788
91941
91999
92112
92626
92756
93164
93227
93389
93565
93580
93733
93781
93880
93964
94000
94723
94758
95293
95622
95712
95733
96119
96153
96280
96368
96482
96492
96650
97703
98160
98403
98482
98602
99208
99442
100239
100601
100744
100758
100995
100999
101108
101176
101399
101408
101520
101691
101706
102289
102663
103107
103616
104086
104689
104978
105107
105118
105284
105313
105437
105539
105612
105883
106001
106270
106291
106304
106609
106654
106993
107096
107105
107321
107618
107657
107817
108014
108059
108299
108373
108581
108773
108986
109101
109813
109928
109951
110295
111383
111540
111699
111737
111766
111812
111932
112001
112486
112666
112752
112857
112933
113284
113693
113807
113827
114036
114922
115324
115372
115787
116187
116453
116668
117000
117007
117592
118177
118450
118465
118791
119022
119157
119262
119434
119584
120069
120183
120495
120542
120551
120578
121039
121240
121499
121556
121775
121862
122090
122114
122400
122559
123453
123694
124140
124636
124976
125069
125332
125336
125485
125647
125815
125894
126027
126095
126281
126421
126532
126695
127129
127165
127223
127267
127312
127327
127331
127346
127587
127603
127671
128025
128098
128272
128380
128501
128524
128767
128955
129189
129482
129871
129910
129914
129924
130674
131009
131084
131235
131415
131423
131823
131849
131955
132107
132152
132197
132397
132473
132643
132754
132911
132958
133112
133312
133462
133471
133484
133577
133672
133692
133816
133993
134281
134413
134624
134698
134947
135325
135529
135847
136009
136430
136436
136482
136513
136599
136808
136812
137102
137118
137192
137381
137495
137504
137607
137684
137696
138185
138530
138986
138997
139184
139509
139559
139756
139911
140057
140071
140170
140226
140551
141227
141306
141560
141803
142418
142484
Number of cuts: 709

Erik
536
547
705
922
1087
1105
2057
2951
3529
3738
3946
4259
4546
6787
7026
7855
9026
9312
9609
9862
10534
10807
11552
12384
12944
13568
14086
14299
14473
14536
15864
15900
17042
19625
19698
19910
20391
20483
20873
20994
22265
22567
23020
24506
24518
25064
25957
27090
28769
29309
33242
33740
33781
34116
34349
34783
35131
35862
36071
38340
38523
40174
40387
41820
43207
43503
44034
44220
44333
45698
45819
45866
45889
46423
Number of cuts: 74

Espica
536
547
705
922
1087
1105
2057
2951
3529
3738
3946
4259
4546
6787
7026
7855
9027
9313
9610
9863
10535
10808
11553
12385
12945
13569
14087
14300
14474
14537
15865
15901
17043
19626
19699
19911
20392
20484
20874
20995
22266
22568
23021
23861
24509
24521
25067
25960
27093
28772
29310
33243
33741
34117
34359
34793
35141
35695
35872
36081
40263
41930
43317
43613
44144
44330
44443
45808
45929
45976
45999
46531
Number of cuts: 72

Finch
104
354
714
787
1323
1971
2103
2244
2261
3152
3161
3266
4736
4756
5030
5134
5760
6806
6863
10127
10460
10947
11394
11574
12239
13904
16421
16808
17215
17544
17690
18029
18288
19523
19579
21238
21565
21762
22434
23361
23611
23726
23988
24541
24925
25283
25619
25675
25706
25785
26120
26237
26375
26396
26597
26996
27709
28146
28155
28356
28401
28536
29211
30202
30244
30760
31118
31256
31437
31447
32132
32347
33641
34780
34897
34924
34982
35417
36459
36709
37050
38079
38348
38508
38615
38978
39153
40141
40777
41751
42636
43617
45205
45481
45949
45999
46863
48180
48577
48599
49728
49811
50198
50205
50900
51704
53014
53023
53185
53974
54649
54868
55336
56509
56591
56778
57152
57225
57281
57596
59004
59581
60174
60302
60702
61464
61746
62769
63055
63425
63586
63900
64483
64984
65853
66199
66586
67710
68179
68260
68427
69192
69200
70959
71090
71214
71356
73289
73681
75559
75590
75976
76397
78792
79119
80497
80581
80609
80743
81191
81521
81589
81733
82405
82765
83198
83626
83773
83796
84385
84591
85273
85839
85954
86590
87035
87969
88019
88325
88791
88836
89140
89331
89376
89845
89938
90002
91141
91268
92254
93486
94023
94052
96019
96685
96967
96994
97815
98102
98211
98597
99500
100156
100235
100262
100774
100886
100957
101149
101165
101318
103344
103487
103936
104361
104982
105794
106164
106307
106672
107067
107314
107756
108272
108450
109003
109216
109451
109504
110301
111205
112064
112779
113324
113413
114360
114487
115160
116521
116546
116979
117113
117353
117482
118416
118638
119085
119463
120939
121149
121596
121625
121807
122552
122612
123024
124324
125049
125636
125983
126200
126871
126884
127502
128991
129331
130315
131211
131508
131544
131586
131947
132322
132639
132984
133856
134314
134487
135361
135412
135921
135959
137037
137850
138164
138209
138419
Number of cuts: 287

Gollum
536
547
705
922
1087
1105
2057
2951
3529
3738
3946
4259
4546
6787
7026
7855
9027
9313
9610
9863
10535
10808
11553
12385
12945
13569
14087
14300
14474
14537
15865
15901
17043
19626
19699
19911
20392
20484
20874
20995
22266
22568
23021
24508
24520
25066
25959
27092
28771
29309
30584
33308
33806
34182
34415
34849
35197
35751
35928
36137
40184
40498
41931
43318
43614
44145
44331
44444
45809
45930
45977
46000
46529
Number of cuts: 73

Grayson
513
2515
3604
4586
5418
17156
18080
19893
20365
32547
44125
48660
56552
72407
83815
88886
95132
96906
101702
102603
122724
124167
125713
125717
128153
129414
131416
Number of cuts: 27

Harlequin
536
547
705
922
1087
1105
2057
2951
3529
3543
4189
4259
4546
6772
7840
8291
8971
9257
10758
11503
12335
12829
12895
13519
14250
14424
14487
14839
15815
16993
17416
17813
19861
20342
20824
20945
21753
22271
22573
23026
24513
24525
25071
25450
25964
27097
27256
27494
28676
28776
29316
31447
33094
33592
33968
34201
34635
34983
35537
35714
35923
37833
40111
41779
43166
43462
43993
44179
44292
45657
45778
45825
45848
46377
Number of cuts: 74

Hiro
536
547
705
922
1087
1105
2057
2951
3529
3543
4189
4259
4546
4968
6772
7011
7840
8291
8971
9257
9554
10752
11497
12333
14556
14730
16121
16157
16544
17299
18119
20167
21130
21251
22005
22545
23281
23821
23862
24768
24780
25326
25705
26219
26357
27352
27511
28931
29031
29571
33570
34068
34444
34677
35111
35459
36013
36190
36399
40816
42250
43637
43933
44464
44650
44763
46128
46249
46296
46319
46848
Number of cuts: 71

Jace
32
87
207
286
390
671
680
1028
1157
1241
1309
1528
1650
1681
1789
2062
2125
2239
2369
2473
2510
2537
2831
3019
3532
3654
3699
4203
4207
4234
4392
4693
4722
5002
5270
5686
5731
5797
5924
5999
6053
6170
6218
6244
6281
6757
6870
6915
7067
7171
7234
7267
7557
7955
8284
8298
8480
8597
8603
8850
8987
9035
9458
9532
9592
10017
10049
10193
10643
10925
10991
11114
11981
12518
12542
12894
13097
13305
13514
13542
13587
13657
13676
13751
13901
14027
14100
14402
14589
14776
14811
14866
15136
15607
15781
15854
15991
16031
16070
16798
16898
16975
17051
17237
17281
18048
18610
18675
18777
18946
19275
19350
19831
19955
20010
20256
20310
20467
20559
21002
21054
21261
21440
21506
21624
21834
22345
22428
22508
23086
23303
23745
23795
23868
24647
24983
25081
25240
25606
25870
26002
27076
27181
27283
27498
27502
27528
27999
28108
28239
28305
28391
28395
29278
29302
30043
30609
31157
31226
31485
31515
31590
31905
32042
32269
32719
32926
33373
33517
33608
33649
33693
33703
33800
34969
35371
35405
35552
36658
37000
37230
37309
37485
37773
38183
38625
39228
39258
39292
39332
39457
39900
40666
40783
40886
41085
41119
41826
41911
42189
42216
42369
42495
42578
42599
42653
42845
43265
43498
43872
44021
44053
44096
44478
44521
44541
44698
44796
44896
44986
45096
45310
45461
45797
46286
46416
46532
46579
46679
46727
46802
47395
47673
47859
48339
48647
48779
48939
49116
49642
49646
49738
50246
50500
50529
50754
50791
50914
51013
51304
52019
52023
52434
52581
52599
52749
52758
52824
52953
Number of cuts: 259

Jester
536
547
705
922
1087
1105
2057
2951
3529
3543
4189
4259
4546
6772
7840
8291
8971
9257
10752
12329
12823
12889
14244
14418
15809
16232
16987
17807
19855
20336
20818
20939
21693
22202
22504
22957
24444
24456
25002
25381
25895
27028
27187
27425
28607
28707
29247
31378
33025
33523
33899
34132
34566
34914
35468
35645
35854
37764
40042
41710
43097
43393
43924
44110
44223
45588
45709
45756
45779
46308
Number of cuts: 70

Krishelle
536
547
705
922
1087
1105
2057
2951
3529
3738
3946
4259
4546
6787
7026
7855
8306
8986
9272
9569
10767
11512
12348
12999
14571
14745
16136
16172
16559
17314
18134
19970
20182
21145
21266
22056
22596
23332
23872
23913
24792
24804
25350
26243
27376
27773
30946
33670
34168
34209
34544
34777
35211
35559
36290
38777
38960
40611
40925
42358
43745
44041
44572
44758
44871
46226
46347
46417
46979
Number of cuts: 69

Lillie
536
547
705
922
1087
1105
2057
2951
3529
3738
3946
4259
4546
6787
7026
7855
9027
9313
9610
9863
10535
10808
11553
12385
12945
13569
14087
14300
14474
14537
15865
15901
17043
19626
19699
19911
20392
20484
20874
20995
22266
22568
23021
24508
24520
25066
25959
27092
28671
29311
30586
33310
33808
33849
34184
34417
34851
35199
35930
36139
38408
38591
40242
40556
41989
43376
43672
44203
44389
44502
45867
45988
46035
46058
46590
Number of cuts: 75

Mahdia
149
219
547
563
745
753
1505
1596
2158
2536
3171
3209
3377
3938
4045
4357
4396
4444
4501
5129
5345
6153
6465
6477
6961
7060
7359
8320
8701
8745
8772
9017
9110
9419
9697
10092
10109
10172
10439
10757
10970
11267
12296
12344
12756
13256
13662
13826
13907
13922
14210
14895
14908
14972
15692
16346
16708
16804
17017
17038
17056
17320
17707
17783
17833
18113
18208
18302
18623
18886
19436
19770
21025
21076
21236
21342
21718
21735
21810
22242
22433
22447
22534
22855
23390
23559
23978
23982
24150
24171
24400
24542
24595
24876
25027
25111
25288
25393
25844
25940
26181
26194
26743
26834
26927
27074
27089
27706
27730
27829
28313
28323
28341
28990
29369
29483
29573
29738
29955
30444
30589
30701
30902
31051
31292
31383
31458
31506
32258
32290
32390
32499
32503
32507
33079
33436
33481
33613
33638
33810
34028
34267
34709
35042
35089
35675
35706
35751
36055
36236
36447
37107
37495
37917
38156
38179
38299
38668
38834
39132
39349
40247
40368
40509
40737
41428
41821
42033
Number of cuts: 168

Naiad
536
547
705
922
1087
1105
2057
2951
3529
3738
3946
4259
4546
6787
7026
7855
9027
9313
9610
9863
10535
10808
11553
12385
12945
13569
14087
14300
14474
14537
15865
15901
17043
19626
19699
19911
20392
20484
20874
20995
22157
22581
23034
24521
24533
25079
25972
27105
28684
29324
30599
33323
33821
33862
34197
34430
34864
35212
35943
38430
38613
40264
40578
42011
43398
43694
44225
44411
44524
45889
46010
46057
46080
46613
Number of cuts: 74

Nancinator
536
547
705
922
1087
1105
2057
2951
3529
3738
3946
4259
4546
6787
7026
7855
9027
9313
9610
9863
10535
10808
11553
12385
12945
13569
14087
14300
14474
14537
15865
15901
17043
19626
19699
19911
20392
20484
20874
20995
22266
22568
23021
24509
24521
25067
25960
27093
28772
29310
33243
33741
34117
34359
34793
35141
35695
35872
36081
39581
39895
41328
42715
43011
43542
43728
43841
45206
45327
45374
45397
45930
Number of cuts: 72

Natosaleda
536
547
705
922
1087
1105
2057
2951
3529
3738
3946
4259
4546
6787
7026
7855
9027
9313
9610
9863
10535
10808
11553
12385
12945
13569
14087
14300
14474
14537
15865
15901
17043
19626
19699
19911
20392
20484
20874
20995
22266
22568
23021
24508
24520
25066
25959
27092
28771
29309
33242
33740
34116
34358
34792
35140
35694
35871
36080
40262
41929
43316
43612
44143
44329
44442
45799
45920
45967
45990
46521
Number of cuts: 71

Partridge
537
548
700
1080
1098
2116
2518
3602
4248
4318
4605
6831
7070
7899
8350
9054
9340
9637
9890
10841
11586
12418
12912
12978
13602
14333
14922
15898
15934
17076
17896
20907
21028
21782
22614
23067
23603
23607
24555
24567
25113
26042
27175
27572
30746
32968
33467
33808
34025
34097
34456
34473
34715
35497
36228
42671
43859
44685
44871
44984
45980
46235
46356
46403
46426
46956
Number of cuts: 66

Pepy6
413
673
933
1002
1175
1547
2311
2513
2774
3278
3463
4119
4345
4907
5653
5922
6040
6587
9298
11115
11360
11620
11634
11640
11768
14890
15570
16099
16325
16453
17085
17986
19334
20338
21217
22183
22578
23004
23512
23520
23562
23778
23808
24084
24219
25356
25413
25569
25617
26919
27362
27611
28231
28350
28664
29218
29794
30246
31165
33883
34188
34317
34707
36157
37325
37796
39516
40070
42392
42916
43509
43866
43914
44106
44353
44455
44481
44535
44994
45199
45678
45707
45757
45935
46261
46770
47542
48846
49182
49273
49436
50427
52490
52522
53281
54337
54514
54694
55033
55157
55433
56018
56360
56445
56791
56867
57230
57622
58313
58862
58926
59229
59618
59805
60118
60663
60708
61230
61590
62163
62479
63142
63264
64160
64554
65207
65271
65339
65542
65586
66030
66364
66378
66530
67243
67527
68189
68564
68645
69028
69524
70498
70867
71461
73184
76352
Number of cuts: 146

Peregrin
2476
2916
3316
3632
35590
42905
55335
64396
70817
87642
91682
112747
124296
126013
132545
132985
Number of cuts: 16

Phrankenstein
536
547
705
922
1087
1105
2057
2951
3529
3738
3946
4259
4546
6787
7026
7855
9027
9313
9863
10535
10808
11553
12385
12945
13569
14087
14300
14474
14537
15865
15901
17043
19626
19699
19911
20392
20484
20874
20995
22212
22514
22967
24454
24466
25012
25905
27038
28717
29257
30532
33256
33754
33795
34130
34363
34797
35145
35699
35876
36085
38354
38537
40188
40502
41935
43322
43618
44149
44335
44448
45813
45934
45981
46004
46534
Number of cuts: 75

Pine5
262
364
554
610
631
635
880
950
1123
1186
1364
1368
1451
1472
1576
1655
1728
1743
1875
1879
2563
2589
2646
2710
2885
3042
3374
3476
3500
3549
3608
3626
4303
4550
4737
4748
5026
5068
5179
5274
5388
5764
6071
6426
6576
6580
6630
6685
6783
6837
7242
7248
7660
7854
8034
8103
8133
8152
8248
8301
8370
8399
8472
8580
8601
8889
9120
9385
9621
9751
9766
10077
10189
10265
10329
10333
10675
10857
11270
11279
11594
11865
11921
11933
11990
12050
12176
12200
12266
12404
12510
12725
12752
12860
13092
13110
13276
13311
13353
13382
13437
13452
13458
13674
13795
14152
14209
14515
15244
15323
15439
15664
15952
15976
16202
16258
16282
16357
16561
16779
16884
17043
17100
17147
17391
17631
17858
17862
17916
17982
18019
18145
18249
18343
18438
18935
19282
19318
19763
19791
19921
19989
20131
20164
20188
20509
20750
20864
20927
21131
21260
21338
21446
21880
21987
22088
22289
22478
22867
23372
23669
23996
24065
24131
24248
24260
24338
24362
24579
24887
25001
25508
25520
25544
25568
25734
26059
26257
26548
26584
26776
26803
27006
27010
27073
27192
27409
27629
27937
28350
28585
29178
29295
29310
29319
29419
29705
29709
29739
29760
29844
29863
30171
30480
30611
30833
31100
31364
31486
31558
31623
32021
32149
32502
32612
32691
32811
32952
33105
33378
33510
33542
33593
33725
33964
34025
34235
34394
34872
35121
35656
35689
35720
36038
36092
36319
36372
36648
36740
36753
36762
36913
37142
37173
37314
37563
37758
37818
37869
37928
37951
38022
38142
38418
38460
38508
38924
38943
39042
39156
39294
39360
39399
39429
39663
39671
39678
40019
40188
40467
40592
40602
40677
40782
41080
41207
41323
41380
41975
42370
42385
42471
42672
42682
42769
42778
42830
42882
42910
42927
43329
43440
43782
43855
44519
44736
44812
45007
45369
45411
45566
45590
46302
46545
46618
46628
47301
47326
47389
47397
47560
47619
47913
47977
48095
48194
48447
48660
48828
48838
48959
49336
49453
49885
50075
50212
50354
50540
50558
50759
51068
51212
51329
51515
51524
51965
52109
52578
52619
53116
53120
53124
53811
53815
53819
53868
53961
54152
54727
55249
55255
55291
55368
55408
55412
55516
55642
55857
55971
56020
56024
56048
56226
56279
56325
56414
56433
56744
56804
56980
57255
57930
58148
58227
58486
58545
58570
Number of cuts: 377

Poco6
599
673
677
933
1002
1047
1476
2060
2129
2828
3518
3900
4558
4574
4690
4760
5157
5360
5525
6366
6592
7396
7802
7839
8231
9226
9990
10744
10971
12567
12968
13634
14426
14545
15049
15055
15347
18965
20771
20812
22149
22279
22360
23140
23239
25020
25086
25525
25575
25773
25821
26097
26232
27365
27426
28932
29553
29785
30683
30736
31813
33190
33873
34695
35298
35677
35908
36213
36339
37575
38179
38799
39365
39558
39821
40747
40751
43035
43098
44186
44611
45185
45272
45335
45690
45942
46317
46371
46570
47469
47707
47757
48463
48707
48770
48972
49141
50361
50694
50782
50945
51038
51638
51842
51942
53222
53998
54030
54858
54920
55845
56665
56941
57526
57868
58387
58526
58726
59323
59635
59776
60070
60102
60336
60790
60977
61553
62428
62592
62822
62903
63851
64461
64742
64887
64928
64932
65301
65403
66018
66086
67193
67944
68450
69239
69413
69548
69800
71486
71746
72089
72109
72130
72724
73673
74446
75013
77620
Number of cuts: 158

Rasputin
536
547
705
922
1087
1105
2057
2951
3529
3738
3946
4259
4546
4968
6772
7011
7840
8292
8996
9282
9579
10579
10777
11522
12354
12848
12914
13538
14269
14443
14506
14858
15834
17012
17435
17832
19880
20843
20964
21718
22289
22293
22538
22991
23527
23531
24479
24491
25037
25416
25930
27063
28742
29282
33281
33779
33820
34155
34388
34822
35170
35901
36110
38379
38562
40213
40527
41960
43347
43643
44174
44360
44473
45838
45959
46006
46029
46563
Number of cuts: 78

RER2
536
547
705
922
1087
1105
2057
2951
3529
3738
3946
4259
4546
6787
7026
7855
9027
9313
9610
9863
10535
10808
11553
12385
12945
13569
14087
14300
14474
14537
15865
15901
17043
19626
19699
19911
20392
20484
20874
20995
22266
22568
23021
23557
24508
24520
25066
25445
25959
26097
27092
27251
28671
28771
29311
30586
33310
33808
33849
34184
34417
34851
35199
35753
35930
36139
38408
38591
40242
40556
41989
43376
43672
44203
44389
44502
45867
45988
46035
46058
46590
Number of cuts: 81

RexFury
536
547
736
953
1118
1136
2088
2982
3560
3769
3977
4290
4577
6818
7057
7886
9058
9344
9641
9894
10566
10839
11584
12416
12976
13600
14118
14331
14505
14568
15896
15932
17074
19657
19730
19942
20423
20515
20905
21026
22297
22599
23052
24539
24551
25097
25476
25990
27123
28802
29342
33341
33839
33880
34215
34448
34882
35230
35784
35961
36170
40352
42019
43406
43702
44233
44419
44532
45897
46018
46065
46088
46621
Number of cuts: 73

RGL3
137
222
527
538
691
792
2414
2782
2953
3531
3948
4191
4548
4970
5456
5649
6307
6634
6777
7016
7136
7468
7492
7845
8993
10003
10408
10492
10579
10783
11119
13040
13267
14080
14146
14158
14656
15047
15124
16062
16452
16800
17138
17627
18427
19449
19749
20058
21049
21177
21279
21690
22712
22766
23135
23515
23519
23652
23747
23953
24738
24870
24948
24996
25557
27803
28067
29248
29813
30218
31256
31567
32165
32636
33291
33664
33956
34466
34616
34751
35324
35333
35480
35510
35519
35687
36603
36835
37113
37870
38499
38503
39058
40881
41298
42732
43019
43563
43695
44476
44810
44977
45923
46649
47379
48066
Number of cuts: 106

Rhodalysa
536
547
705
922
1087
1105
2057
2951
3529
3738
3946
4259
4546
6787
7026
7855
9027
9313
9610
9863
10535
10808
11553
12385
12945
13569
14087
14300
14474
14537
15865
15901
17043
19626
19699
19911
20392
20484
20874
20995
22266
22568
23021
24508
24520
25066
25959
27092
28671
29311
30586
33310
33808
33849
34184
34417
34851
35199
35930
36139
38408
38591
40242
40556
41989
43376
43672
44203
44389
44502
45867
45988
46035
46058
46590
Number of cuts: 75

StCroix
536
547
705
922
1087
1105
2057
2951
3529
3738
3946
4259
4546
6787
7026
7855
9027
9313
9610
9863
10535
10808
11553
12385
12945
13569
14087
14300
14474
14537
15865
15901
17043
19626
19699
19911
20392
20484
20874
20995
22157
22581
23034
24521
24533
25079
25972
27105
28684
29324
30599
33323
33821
33862
34197
34430
34864
35212
35943
38430
38613
40264
40578
42011
43398
43694
44225
44411
44524
45889
46010
46057
46080
46613
Number of cuts: 74

Swann
536
547
705
922
1087
1105
2057
2951
3529
3738
3946
4259
4546
6787
7026
7855
9027
9313
9610
9863
10535
10808
11553
12385
12945
13569
14087
14300
14474
14537
15865
15901
17043
19626
19699
19911
20392
20484
20874
20995
22266
22568
23021
24508
24520
25066
25445
25959
27092
28771
29309
30584
33308
33806
33847
34182
34415
34849
35197
35751
35928
36137
38406
38589
40240
40554
41987
43374
43670
44201
44387
44500
45865
45986
46033
46056
46590
Number of cuts: 77

Takoda
537
548
700
1080
1098
2049
2943
3521
3535
4181
4251
4538
6764
7832
8283
8743
8987
9273
9570
9823
10768
11513
12345
12839
12905
13498
13529
14260
14434
14849
15825
17003
17823
19229
19586
19871
20352
20834
22540
22993
23529
23533
24481
24493
25039
27462
28644
29284
30493
32288
32552
32715
33214
33555
33982
34358
34600
35034
35382
35936
36113
38774
42553
43703
44529
44715
44828
46080
46201
46248
46271
46801
Number of cuts: 72

Trina
1407
1895
2104
2168
2994
6267
9173
20991
22754
28465
36920
40434
41552
47612
48540
59957
60156
62442
64601
68120
72937
73768
74436
85915
90194
94837
97270
98119
98954
107317
110759
112225
113252
113705
116715
117044
118992
119059
121367
124862
128242
128700
130899
132065
134876
137809
138297
138506
138570
Number of cuts: 49

TWAMP
536
547
705
922
1087
1105
2057
2951
3529
3738
3946
4259
4546
6787
7026
7855
9027
9313
9610
9863
10535
10808
11553
12385
12945
13569
14087
14300
14474
14537
15865
15901
17043
19626
19699
19911
20392
20484
20874
20995
22266
22568
23021
24508
24520
25066
25959
27092
28671
29311
30586
33310
33808
33849
34184
34417
34851
35199
35930
36139
38408
38591
40242
40556
41989
43376
43672
44203
44389
44502
45867
45988
46035
46058
46590
Number of cuts: 75

UhSalsa
536
547
705
922
1087
1105
2057
2951
3529
3738
3946
4259
4546
6787
7026
7855
9027
9313
9610
9863
10535
10808
11553
12385
12945
13569
14087
14300
14474
14537
15865
15901
17043
19626
19699
19911
20392
20484
20874
20995
22266
22568
23021
24509
24521
25067
25960
27093
28772
29310
33243
33741
34117
34359
34793
35141
35695
35872
36081
40263
41930
43317
43613
44144
44330
44443
45808
45929
45976
45999
46533
Number of cuts: 71

Weasels2
2581
4854
7751
9126
12908
21676
41572
42196
48989
60599
63379
71557
73592
76986
85290
87988
92221
94877
97878
98789
103548
108612
109896
114052
126921
134286
Number of cuts: 26

Yogi
536
547
705
922
1087
1105
2057
2951
3529
3543
4189
4259
4546
4968
6772
7011
7840
8291
8995
9281
10782
11527
12359
12853
12919
13543
14274
14448
14511
14863
15839
17017
17440
17837
19885
20458
20848
20969
21723
22240
22542
22995
23835
24482
24494
25040
25419
25933
26071
27066
27225
28645
28745
29285
33284
33782
34158
34388
34822
35170
35901
36110
40593
40907
42340
43727
44023
44554
44740
44853
46203
46324
46371
46394
46924
Number of cuts: 75

Yoncess
536
547
705
922
1087
1105
2057
2951
3529
3543
4189
4259
4546
4968
6772
7011
7840
8291
8995
9281
9394
9578
10782
11527
12359
12853
12919
13543
14274
14448
14511
14863
15839
17017
17837
19885
20366
20848
20969
21723
22241
22996
24483
24495
25041
25420
25934
26072
27067
27226
28646
28746
29286
33064
33562
33938
34171
34605
34953
35507
35684
35893
39996
40310
41747
43135
43431
43962
44148
44261
45626
45747
45794
45817
46347
Number of cuts: 75

