Alatin
292
1393
3711
4666
4765
5314
6135
6366
7375
7995
8539
9229
10188
10212
10500
10841
11052
12282
12701
13218
14681
15641
16108
16467
16479
16719
17092
18077
18413
20593
21208
21423
22252
22333
22856
23243
23393
23612
25332
25738
25840
25858
26203
26216
26609
27128
27348
28828
30945
31555
32409
32991
35402
36981
38184
39264
40960
41185
41208
41241
41989
42806
42844
43461
43915
44401
44648
45072
Number of cuts: 68

Alpacados
292
1393
4628
4727
5068
5276
6097
7322
7942
8465
8483
10142
10430
10777
12218
13154
14617
15391
15577
16044
16236
16403
16415
16655
17028
17876
18013
18057
18349
18500
19505
20529
21144
21359
22133
23112
23262
23481
24738
25201
25643
25730
25745
25763
26121
26169
26514
27033
30850
31460
32314
32896
35304
36874
38077
39082
41008
41031
41064
41812
42629
42667
43738
44224
44471
44895
Number of cuts: 66

AngryOrchard
1386
3656
4611
4710
5051
5294
6080
6296
7305
7925
8448
8466
9782
10125
10413
10604
10760
10971
12201
13797
14600
15560
16027
16219
16386
16398
16518
16638
17011
17497
17996
18040
18332
19488
20512
21342
22116
22197
22720
23107
23257
23476
23784
23832
25197
25603
25705
25723
26081
26117
26150
26177
26473
28692
29791
30743
31353
32146
32567
32786
33561
33621
33900
34541
35464
37034
38237
39242
40073
41014
41239
41262
41295
41814
42042
42854
43260
43365
43957
44023
44443
44690
44913
Number of cuts: 83

AppleCloud
85
1186
3420
4375
5058
5844
6060
7069
7689
8212
8230
9522
9841
9865
10153
10494
10705
12147
12823
12903
14646
14743
15606
16073
16265
16360
16432
16444
16564
16684
17057
17543
18042
18086
18378
20558
21173
22245
22686
22827
23577
23822
25207
25559
25613
25715
25733
28346
30675
31285
32139
32479
32499
32721
33559
35129
36699
37902
38176
39733
40677
40902
40925
40958
41706
42523
42561
43178
43632
44118
44365
44789
Number of cuts: 72

Belenaria
292
1393
3711
4666
4765
5314
6135
6366
7375
7995
8539
9229
10188
10212
10500
10841
11052
12282
12701
13218
14681
15641
16108
16467
16479
16719
17092
18077
18413
20593
21208
21423
22197
22789
23176
23326
23515
23545
25266
25774
25792
26150
26543
26774
27062
27282
30811
31421
32275
32857
35277
36847
38050
38324
39881
40825
41050
41073
41106
41854
42671
42709
43326
43780
44266
44513
44937
Number of cuts: 67

BobbyDazzler
292
1393
4737
4836
5177
5385
6206
7431
8051
8574
8592
10251
10539
10886
12327
13263
13923
14726
15500
15686
16153
16345
16512
16524
16764
17137
17985
18122
18166
18458
18609
19485
19614
20581
20638
21253
21397
21468
23222
23372
23591
24848
25311
25717
25804
25819
25837
26195
26243
26588
27107
30924
31534
32388
32970
35381
36951
38154
39159
41155
41178
41211
41960
42777
42815
43291
43432
43886
43952
44372
44619
45043
Number of cuts: 72

Bonanza
292
1393
4666
4765
5106
5314
6135
7360
7980
8503
8521
10180
10468
10815
12256
13192
14655
15429
15615
16082
16274
16441
16453
16693
17066
17914
18051
18095
18387
18538
19543
20567
22171
23150
23300
23519
23874
24776
25239
25645
25732
25747
25765
26123
26171
26516
27035
30852
31462
32316
32898
35306
36722
36753
37256
38459
39464
41460
41483
41516
42264
43081
43119
44190
44676
44923
45347
Number of cuts: 67

Bradshaw
292
1393
3711
4666
4765
5314
6135
6366
7375
7995
8539
9229
10188
10212
10500
10841
11052
12282
12701
13218
14681
15641
16108
16467
16479
16719
17092
18077
18413
20593
21208
21423
22197
22789
23176
23326
23545
25265
25671
25773
25791
26136
26149
26542
26773
27061
27281
28761
30878
31488
32342
32924
35335
36914
38117
39197
40893
41118
41141
41174
41922
42739
42777
43394
43848
44334
44581
Number of cuts: 67

Bryce
292
1393
4666
4765
5106
5314
6135
7360
7980
8503
8521
10180
10468
10815
12256
13192
13852
14655
15429
15615
16082
16274
16369
16441
16453
16693
17066
17914
18051
18095
18387
18538
19414
19543
20510
20567
21182
21326
21397
23151
23301
23520
24777
25240
25646
25733
25748
25766
26124
26172
26517
26748
27036
30632
31242
32096
32678
35089
36659
37862
38867
40863
40886
40919
41668
42485
42523
43140
43594
43660
44080
44327
44751
Number of cuts: 73

ChewyVIII
372
715
962
1080
1326
1421
1465
2092
2276
3464
4050
4339
5874
6414
7390
7636
8236
8401
8590
8661
10521
10879
10957
11743
12314
12874
12914
13802
14599
14641
14958
15168
16262
19429
20039
20297
22954
23375
24559
26468
28940
29353
29821
29875
31279
31659
32788
34374
35760
35856
36558
38856
39823
43976
44137
44275
44515
44776
44872
45634
45784
48033
48538
50662
51631
53260
53571
54272
54295
54552
58273
58307
58538
59023
61643
62301
62481
62705
62886
63159
63880
64795
65919
66588
66610
Number of cuts: 85

CosmicSans
292
1393
3711
4666
4765
5314
6135
6366
7375
7995
8539
9229
10188
10212
10500
10841
11052
12282
12701
13218
14681
15641
16108
16467
16479
16719
17092
18077
18413
20593
21208
21423
22197
22789
23176
23326
23545
25265
25791
26136
26149
26542
26773
27061
27281
28761
30878
31488
32342
32924
35335
36905
38108
39188
40248
41109
41132
41165
41913
42730
42768
43385
43839
44325
44572
44996
Number of cuts: 66

Dinger
325
1388
3707
4662
4761
5102
5345
5576
6347
6482
7356
7976
8499
8517
10176
10464
10655
10811
12252
14651
15611
16078
16270
16437
16449
16689
17062
17548
18047
18091
18383
19410
20563
21178
22168
22249
22772
23159
23309
23528
23836
23884
25249
25601
25655
25757
25775
26280
27592
30747
31357
32150
32211
32571
32793
33568
33628
33901
35477
37047
37351
38250
40086
41028
41253
41309
41829
42060
42872
43278
43383
43975
44041
44461
44708
44931
Number of cuts: 76

DocB7
609
1054
1099
1896
2967
3844
6443
7528
8043
8103
8196
8322
9429
9435
10236
10533
11026
11272
11508
11912
12140
12244
12792
18268
19505
20234
22147
23342
23860
26727
28636
30140
34187
34433
36049
37510
39514
39842
39915
40705
40872
41009
41442
42359
42949
43615
44066
44122
44595
44984
45061
45649
46944
48395
48889
49415
49761
49797
51847
52586
53453
54487
54664
55649
55689
56426
57408
62903
63663
66926
68594
69010
69161
71828
72234
74123
74213
74552
74559
74567
74675
75599
Number of cuts: 82

E3
469
544
679
817
1192
2250
2519
2667
2715
3218
3309
3342
3537
3979
5063
5309
5677
5746
6823
6877
7024
7239
7251
7275
7571
7607
7712
7898
8268
9069
9550
9724
9790
9876
10122
11070
11136
11295
11412
11567
11921
12008
12311
12715
13039
13636
14147
14681
14809
15234
15278
15290
15350
15356
15709
16000
16677
17717
17914
17995
18160
18378
19128
19260
19424
19514
19532
19887
20488
20564
20639
20767
21269
21373
21642
22646
22741
23532
24359
24556
24754
25005
25785
26259
26402
26517
28314
28439
29259
29337
29377
30148
31489
33127
33728
33788
34505
34733
35353
35514
35615
35833
36220
36750
37430
37490
37623
37914
38019
38579
39083
39356
39704
39968
40472
41010
41556
41646
42686
42908
42917
43710
43740
44189
44502
44575
44707
45394
45889
45939
46547
46586
47069
47087
47192
47246
48384
48645
48865
50491
50556
50881
51384
53019
53058
53335
53498
53791
54290
54385
54467
54682
55021
55739
56306
56753
56987
57724
57802
58207
59063
59069
59159
59234
59504
60275
60284
60465
60679
61032
61191
62563
63004
63241
63499
63628
64188
64209
64706
65095
65997
66003
66313
66484
66727
67398
67798
67807
68102
68294
68554
68662
68680
68958
69537
69843
70326
71735
72113
73055
73378
74100
74826
74907
75491
75626
76664
76733
76837
76894
77882
77966
78089
78098
78107
78772
78886
79788
80220
80802
80976
81810
82026
82961
83280
83490
84250
84744
85112
85652
85687
86004
86468
87020
88642
88781
88808
88851
88945
88951
89904
90018
90468
91050
91065
92145
93113
93353
93365
93745
93853
95089
95329
95401
96218
97886
98039
98087
99202
99433
99898
100359
101087
101633
101919
102102
102923
103910
104071
104298
104452
104536
104932
105160
106027
106413
106582
106726
106756
106807
106875
106999
107465
107507
107744
108468
108833
108935
109067
110118
110286
111199
111836
112142
112516
112534
112651
113041
113086
113164
113227
113710
114300
114946
114964
115815
116057
116090
116135
116351
117346
117352
117513
117618
117711
118902
119235
119325
119364
119580
120414
121454
121679
121742
122279
122441
122847
123190
123888
124101
124709
125437
125457
126114
126221
126332
126733
126751
126976
127180
127257
127722
127958
128159
128201
128536
129107
129128
129499
129581
129751
129933
130568
131180
131510
131981
132141
132203
133006
133078
133318
133945
134098
134170
134547
134902
135951
136964
137078
137894
139533
141476
142070
142177
142465
Number of cuts: 375

Erik
292
1393
3711
4666
4765
5314
6135
6366
7375
7995
8539
9228
10187
10211
10499
10840
11051
12281
12700
13217
14680
15640
16107
16466
16478
16718
17091
18076
18412
20592
21207
21422
22196
22788
23175
23325
23543
25263
25771
25789
26147
26540
26771
27059
27279
30810
31420
32274
32856
35267
36837
38040
39120
40940
40963
40996
41744
42561
42599
43216
43670
44156
44403
44827
Number of cuts: 64

Espica
292
1393
3711
4666
4765
5314
6135
6366
7375
7995
8539
9229
10188
10212
10500
10841
11052
12282
12701
13218
14681
15641
16108
16467
16479
16719
17092
18077
18413
20593
21208
21423
22197
22789
23176
23326
23515
23545
25266
25774
25792
26150
26543
26774
27062
27282
30811
31421
32275
32857
35277
36847
38050
38324
39881
40825
41050
41073
41106
41854
42671
42709
43326
43780
44266
44513
44937
Number of cuts: 67

Finch
593
697
1415
2594
2969
3589
4107
4182
5606
5618
5754
6355
6601
6915
7627
9249
10570
10708
10757
11210
11731
11813
13914
13942
14022
14257
14644
15713
15893
15952
16004
16100
16493
16649
16745
17480
18115
19966
20201
20899
20980
21376
22050
24403
24442
25130
25634
26264
26789
27008
29611
29798
29881
30259
30535
31687
31747
33075
33692
33799
33905
34476
34495
34738
35010
35530
35849
35981
36199
36350
36485
36884
37603
37751
38965
41603
41627
41718
42578
42963
43025
43809
44803
44895
45079
45180
45363
45453
46776
46938
47012
47399
47460
48279
48430
49901
50765
50921
51244
51380
51608
51652
52472
52642
53513
53907
54220
54475
55480
55516
55635
55774
56798
57029
57092
57414
57480
57576
57679
58005
58165
58492
58683
59636
59767
60107
60152
60363
60392
60582
60744
60900
60927
61167
62221
62278
62323
63449
63468
63571
63957
63968
64157
65085
67146
67509
67706
68950
69002
69686
69821
69896
70060
70458
71084
71997
72042
72481
72690
73276
74023
74087
75303
75713
76630
76699
77649
78259
78445
78990
79002
79346
79634
79706
79763
80896
82060
82210
82354
82642
82872
82899
83054
83443
83476
84007
84396
84699
84723
84955
85718
85845
86226
86658
87051
87229
87540
88877
88936
89327
89493
89551
90255
91064
91506
93194
93389
93629
93766
94019
94650
94982
95321
95500
96792
96823
96975
97026
97398
97823
98866
98884
99088
99610
99794
100193
100222
100378
100806
101976
102256
103529
103888
104803
104843
105422
105561
105884
106118
106832
107198
107480
107524
107943
108182
108458
108524
109033
109072
109298
109968
110041
110738
111604
112101
112248
112412
113616
114772
114854
114920
115970
116141
116736
116888
116936
117033
117400
118836
119198
119305
119625
120630
120772
120881
120911
121424
121610
121712
122201
122287
122629
122641
122821
123732
124649
125153
125937
126859
128088
128214
129168
129531
130293
130350
130766
130858
131202
133173
134092
135025
135872
136663
136760
137453
137956
138869
Number of cuts: 307

Gollum
292
1393
3711
4666
4765
5314
6135
6366
7375
7995
8539
9229
10188
10212
10500
10841
11052
12282
12701
13218
14681
15641
16108
16300
16467
16479
16719
17092
18077
18413
20593
21208
21423
22197
22789
23176
23326
23515
23545
25265
25671
25791
26136
26149
26542
26773
27061
27281
30876
31486
32340
32922
35333
36903
38106
38380
41051
41074
41107
41855
42672
42710
43327
43781
44267
44514
44938
Number of cuts: 67

Grayson
1169
9107
10259
16157
19173
22870
27806
29654
40326
40855
41600
46459
49407
50821
51637
58942
61463
61970
63427
66987
71797
73761
74479
74651
81845
87067
90739
91423
92888
93114
93709
96586
97241
99041
100222
113774
122681
122802
123142
123541
123994
130070
Number of cuts: 42

Harlequin
292
1393
3711
4337
4666
5349
6351
7360
7980
8503
8521
10156
10444
10791
12232
13168
13828
14631
15405
15591
16058
16250
16345
16417
16429
16669
17042
17890
18027
18071
18363
18514
19390
19519
20486
20543
21158
21302
21373
23181
23331
23550
24807
25270
25676
25763
25778
25796
26154
26202
26547
26778
27066
30662
31272
32126
32708
35119
36689
37892
39728
39981
40101
40673
40898
40921
40954
41703
42520
42558
43175
43629
43695
44115
44362
44786
Number of cuts: 76

Hiro
292
1393
4666
4765
5106
5314
6135
7360
7980
8503
8521
9813
10132
10156
10444
10785
10996
12438
13194
13969
14937
15034
15897
16364
16556
16651
16723
16735
16855
16975
17348
17834
18333
18377
18669
19696
19825
20849
21464
22536
22977
23118
23868
25062
25525
25931
26018
26033
26051
26409
26457
26802
27321
31138
31748
32602
33184
35595
37165
38368
39373
41369
41392
41425
42174
42991
43029
43505
43646
44100
44166
44586
44833
45257
Number of cuts: 74

Jace
347
1039
1753
2569
2623
3319
4356
5785
6121
6304
6639
6696
6973
6997
10071
10239
13811
15761
17143
17621
17778
24264
24331
25368
25575
25689
26599
26647
27145
27557
27995
30007
31004
31025
31254
31559
32086
32182
32194
32889
32989
33035
33322
34127
35460
36282
36738
38982
39223
39833
40443
40636
40834
41013
41294
42977
43070
44647
44923
45005
45813
45830
45884
46349
46838
48135
49183
49300
49892
51098
51865
52123
52388
52460
52508
52550
52577
Number of cuts: 77

Jester
292
1393
3711
4337
4666
5349
6351
7360
7980
8503
8521
9813
10156
10444
10996
12226
13162
14625
15585
16052
16244
16339
16411
16423
16543
16663
17036
17522
17884
18021
18065
18357
19384
19513
20480
20537
21152
21296
21367
23112
23262
23481
24738
25201
25607
25694
25709
25727
26085
26133
26478
26709
26997
30593
31203
32057
32639
35050
36620
37823
39659
39912
40032
40604
40829
40852
40885
41634
42451
42489
43106
43560
43626
44046
44293
44717
Number of cuts: 76

Krishelle
292
1393
3711
4666
4765
5314
6135
6366
7375
7995
8518
8536
9828
10147
10171
10459
10800
11011
12453
13129
13209
14952
15049
15912
16379
16571
16666
16738
16750
16870
16990
17363
17849
18348
18392
18684
20864
21479
22587
23028
23169
23919
24164
25549
25901
25955
26057
26075
28688
31238
31848
32702
33284
35695
37274
38477
39557
41253
41478
41501
41534
42282
43099
43137
43754
44208
44694
44941
45365
46557
46578
Number of cuts: 71

Lillie
292
1393
3711
4666
4765
5314
6135
6366
7375
7995
8539
9229
10188
10212
10500
10841
11052
12282
12701
13218
14681
15641
16108
16467
16479
16719
17092
18077
18413
20593
21208
21423
22197
22789
23176
23326
23545
25265
25791
26136
26149
26542
26773
27061
27281
28761
30878
31488
32342
32924
35335
36905
38108
39188
40248
41109
41132
41165
41913
42730
42768
43385
43839
44325
44572
44996
Number of cuts: 66

Mahdia
632
740
1088
1097
1512
1773
1829
1855
1901
2703
2924
3961
3970
4627
4715
4763
6243
6402
7099
7107
8577
8830
9098
10001
10065
10202
10670
12056
12404
12730
17023
17044
17680
17703
18187
18571
19381
21360
21390
21589
22342
22635
22647
22750
23444
24089
24128
24604
24957
24987
25437
25446
26983
27689
29260
29495
30316
31527
31595
31722
32159
32302
33412
33646
33745
35163
35208
35378
35777
36729
36977
37683
38058
38101
38251
38285
39752
40299
40443
40485
40558
40669
40850
40943
41379
41743
42160
Number of cuts: 87

Naiad
292
1393
3711
4666
4765
5314
6135
6366
7375
7995
8539
9229
10188
10212
10500
10841
11052
12282
12701
13218
14681
15641
16108
16467
16479
16719
17092
18077
18413
20593
21208
21423
22198
22279
22802
23189
23339
23558
25278
25684
25786
25804
26149
26162
26555
27074
27294
28774
30891
31501
32355
32937
35348
36927
38130
39210
40906
41131
41154
41187
41935
42752
42790
43407
43861
44347
44594
45018
Number of cuts: 68

Nancinator
292
1393
3711
4666
4765
5314
6135
6366
7375
7995
8539
9229
10188
10212
10500
10841
11052
12282
12701
13218
14681
15641
16108
16467
16479
16719
17092
18077
18413
20593
21208
21423
22197
22789
23176
23326
23515
23545
25266
25774
25792
26150
26543
26774
27062
27282
30811
31421
32275
32857
35277
36847
38050
38324
40448
40471
40504
41252
42069
42107
42724
43178
43664
43911
44335
Number of cuts: 65

Natosaleda
292
1393
3711
4666
4765
5314
6135
6366
7375
7995
8539
9229
10188
10212
10500
10841
11052
12282
12701
13218
14681
15641
16108
16467
16479
16719
17092
18077
18413
20593
21208
21423
22197
22789
23176
23326
23515
23545
25265
25773
25791
26149
26542
26773
27061
27281
30810
31420
32274
32856
35276
36846
38049
38323
39880
40824
41049
41072
41105
41853
42670
42708
43325
43779
44265
44512
44936
Number of cuts: 67

Partridge
325
1386
3770
4725
4824
5165
5408
6410
7419
8039
8562
8580
10239
10527
10718
10874
11085
12315
14714
15674
16141
16333
16500
16512
16752
17125
17611
18110
18154
18446
19473
21241
22231
22312
22835
23372
23591
23899
23947
25312
25700
25754
25856
25874
27691
28487
31038
31648
32441
32842
32862
33081
33856
33916
34057
35633
37203
37508
38407
38681
40243
41185
41410
41466
41986
42214
43218
43624
43729
44321
44387
44807
45054
45277
Number of cuts: 74

Pepy6
644
1358
1565
2113
2530
2726
3290
4475
4730
5516
6904
7399
8959
11984
12351
13453
13839
14052
14537
14595
15689
15818
18969
20105
21431
22175
22422
23550
25930
27043
27417
28648
29845
30592
32586
32872
36911
41060
41612
42625
43736
44037
44369
44493
45088
45112
45139
47245
48364
50234
52034
52296
52819
54931
59152
59175
60157
60911
60982
61034
61175
61965
62713
63213
63669
63944
65490
65651
67688
68381
70034
70516
71536
71712
72072
73785
73985
74498
74747
74990
75151
75984
76167
Number of cuts: 83

Peregrin
1192
2089
2678
2720
3173
5107
8421
9573
12759
18725
19650
22036
35194
36244
39106
39635
40380
43081
45239
47336
48187
49604
57309
59279
59830
65055
82342
86782
88405
88888
90170
90598
92319
96271
97487
110599
110779
113770
124374
124809
130013
131261
132158
132747
132789
Number of cuts: 45

Phrankenstein
292
1393
3711
4666
4765
5314
6135
6366
7375
7995
8539
9229
10188
10212
10500
10841
11052
12282
12701
13218
14681
15641
16108
16467
16479
16719
17092
18077
18413
20593
21208
21423
22143
22735
23122
23272
23491
25211
25737
26082
26095
26488
26719
27007
27227
30824
31434
32288
32870
35281
36851
38054
39134
41055
41078
41111
41859
42676
42714
43331
43785
44271
44518
44942
Number of cuts: 64

Pine5
360
1764
5352
9779
10449
12353
18038
18900
23444
34796
39077
44529
45230
48855
49498
54280
54637
55330
56208
Number of cuts: 19

Poco6
295
644
1406
1797
3249
4061
4460
5537
6410
8849
9073
9662
10512
12390
13526
14604
15432
15802
16904
17290
18449
20608
20736
21834
23360
23453
24200
24300
24447
24609
25056
25563
27943
29056
29430
30602
32778
33096
34611
34897
36736
38933
39962
41102
42383
42771
42992
44419
46329
46626
46650
46964
46991
47964
49485
49578
52179
53164
53805
54327
55551
55752
56439
57829
58087
59964
60698
62235
62290
62676
63140
63387
63612
64029
64536
64793
65714
66237
66280
66395
68840
69323
69903
70170
70254
70576
70601
71091
72799
72975
74359
75247
75593
75760
76009
76258
76419
76579
77252
77328
77435
Number of cuts: 101

Rasputin
292
1393
3711
4666
4765
5106
5314
6135
7360
7980
8504
8522
9838
10181
10469
10810
12251
13187
13847
14650
15424
15610
16077
16269
16436
16448
16688
17061
17909
18046
18090
18382
18533
19409
19538
20505
20562
21177
23146
23296
23515
23823
23871
25236
25588
25642
25744
25762
26120
26513
26744
27032
27252
30849
31459
32313
32895
35306
36876
38079
39159
41080
41103
41136
41884
42701
42739
43356
43810
44296
44543
44967
Number of cuts: 72

RER2
292
1393
3711
4666
4765
5314
6135
6366
7375
7995
8539
9229
10188
10212
10500
10841
11052
12282
12701
13218
14681
15641
16108
16300
16467
16479
16719
17092
18077
18413
20593
21208
21423
22197
23176
23326
23545
24802
25136
25265
25671
25758
25773
25791
26149
26197
26542
27061
30878
31488
32342
32924
35335
36905
38108
39188
41109
41132
41165
41913
42730
42768
43385
43839
44325
44572
44996
Number of cuts: 67

RexFury
292
1424
3742
4697
4796
5345
6166
6397
7406
8026
8570
9260
10219
10243
10531
10872
11083
12313
12732
14712
15672
16139
16331
16498
16510
16750
17123
18108
18444
20624
21239
21454
22228
22820
23207
23357
23546
23576
25296
25648
25702
25804
25822
26180
26573
26804
27092
27312
30909
31519
32373
32955
35366
36936
38139
38413
39970
40914
41139
41162
41195
41943
42760
42798
43415
43869
44355
44602
45026
Number of cuts: 69

RGL3
447
1321
1726
1865
1892
2254
3255
4044
4994
5387
5582
6170
6478
6756
7132
7366
7985
8193
8511
8529
10157
10181
10816
11538
11550
12257
12637
14003
14189
14196
14320
14887
14917
14986
16272
16464
16631
16643
16763
16883
17080
17261
18101
18282
18726
19097
20010
20411
20486
20664
21286
21459
21534
21827
22699
22757
23198
23804
24335
24789
24801
24921
25134
25275
26119
26585
26636
26825
26875
27209
27517
27905
28190
28439
28467
28595
29045
29309
29454
29619
29850
29970
30299
30772
31740
31753
32158
32749
33101
33315
33441
33570
34462
34711
34815
35004
35242
35790
35821
36291
36317
36642
36753
36920
37030
37086
37315
37475
37497
37900
37921
37966
37984
38218
39026
39097
40187
40637
40748
41477
41516
41944
42133
42327
42933
45454
46056
46639
46876
47944
Number of cuts: 130

Rhodalysa
292
1393
3711
4666
4765
5314
6135
6366
7375
7995
8539
9229
10188
10212
10500
10841
11052
12282
12701
13218
14681
15641
16108
16467
16479
16719
17092
18077
18413
20593
21208
21423
22197
22789
23176
23326
23545
25265
25791
26136
26149
26542
26773
27061
27281
28761
30878
31488
32342
32924
35335
36905
38108
39188
40248
41109
41132
41165
41913
42730
42768
43385
43839
44325
44572
44996
Number of cuts: 66

StCroix
292
1393
3711
4666
4765
5314
6135
6366
7375
7995
8539
9229
10188
10212
10500
10841
11052
12282
12701
13218
14681
15641
16108
16467
16479
16719
17092
18077
18413
20593
21208
21423
22198
22279
22802
23189
23339
23558
25278
25684
25786
25804
26149
26162
26555
27074
27294
28774
30891
31501
32355
32937
35348
36927
38130
39210
40906
41131
41154
41187
41935
42752
42790
43407
43861
44347
44594
45018
Number of cuts: 68

Swann
292
1393
3711
4666
4765
5314
6135
6366
7375
7995
8539
9229
10188
10212
10500
10841
11052
12282
12701
13218
14681
15641
16108
16467
16479
16719
17092
18077
18413
20593
21208
21423
22197
22789
23176
23326
23545
25265
25617
25671
25773
25791
26149
26542
26773
27061
27281
30876
31486
32340
32922
35333
36903
38106
39186
41107
41130
41163
41911
42728
42766
43383
43837
44323
44570
44994
Number of cuts: 66

Takoda
325
1386
3703
4658
4757
5098
5341
6127
6343
7352
7972
8495
8513
9829
10172
10460
10801
12242
13838
14641
15601
16068
16260
16427
16439
16559
16679
17052
17538
18037
18081
18373
19400
19529
20553
21383
22238
22761
23148
23298
23517
23825
23873
25238
25644
25746
25764
26122
26515
28734
30785
31395
32188
32609
32828
33116
33528
33603
33663
33942
34046
35518
37088
38291
39296
40127
40499
41068
41293
41316
41349
41868
42096
42908
43468
43573
43714
44165
44231
44651
44898
45121
Number of cuts: 82

Trina
809
1135
2423
2534
2583
4305
8920
8977
12066
12901
13668
14166
16266
17222
17690
17834
18382
18561
21101
21404
22367
26036
27587
27701
33089
36126
37902
40308
42358
43329
43617
44835
45477
45489
45546
46368
47682
47721
50136
50163
50816
51694
52447
56019
58878
59187
62217
62387
64470
65337
67239
67276
67360
68434
68683
72732
73167
75779
76694
78300
79166
79711
81763
82037
82198
84798
86162
88393
91160
97687
97792
100337
100375
101081
101163
102036
102366
102979
104467
105260
105863
107420
112503
113229
113379
113527
113739
114876
119960
120726
121463
122052
123569
123777
124105
125221
126720
127202
128542
128657
129799
131420
133411
135716
135822
137211
137537
138825
138936
138985
Number of cuts: 110

TWAMP
292
1393
3711
4666
4765
5314
6135
6366
7375
7995
8539
9229
10188
10212
10500
10841
11052
12282
12701
13218
14681
15641
16108
16467
16479
16719
17092
18077
18413
21208
21423
22197
22789
23176
23326
23545
25265
25791
26136
26149
26542
26773
27061
27281
28761
30878
31488
32342
32924
35335
36905
38108
39188
40248
41109
41132
41165
41913
42730
42768
43385
43839
44325
44572
44996
Number of cuts: 65

UhSalsa
292
1393
3711
4666
4765
5314
6135
6366
7375
7995
8539
9229
10188
10212
10500
10841
11052
12282
12701
13218
14681
15641
16108
16467
16479
16719
17092
18077
18413
20593
21208
21423
22197
22789
23176
23326
23515
23545
25266
25774
25792
26150
26543
26774
27062
27282
30811
31421
32275
32857
35277
36847
38050
38324
39881
40825
41050
41073
41106
41854
42671
42709
43326
43780
44266
44513
44937
Number of cuts: 67

Weasels2
728
3186
4651
9422
20560
20787
24607
30096
31672
31867
31924
34410
37117
40496
48959
50370
50817
51201
57000
62817
67514
71887
73217
83026
86677
88654
90525
90633
94207
94635
95820
96008
97133
98214
99872
103274
107081
108608
110582
115866
116363
118193
122080
129313
129770
132433
134891
Number of cuts: 47

Yogi
292
1393
4666
4765
5106
5314
6135
7360
7980
8503
8521
10180
10468
10815
12256
13192
14655
15429
15615
16082
16274
16441
16453
16693
17066
17914
18051
18095
18387
18538
19543
22171
23150
23300
23519
23874
24776
25239
25645
25732
25747
25765
26123
26171
26516
27035
30852
31462
32316
32898
35306
36722
36753
37256
38459
39464
41460
41483
41516
42264
43081
43119
44190
44676
44923
45347
Number of cuts: 66

Yoncess
292
1393
4666
4765
5106
5314
6135
7360
7980
8503
8521
10180
10468
10815
12256
13192
13852
14655
15429
15615
16082
16274
16369
16441
16453
16693
17066
17914
18051
18095
18387
18538
19414
19543
20510
20567
21182
21326
21397
23151
23301
23520
24777
25240
25646
25733
25748
25766
26124
26172
26517
26748
27036
30632
31242
32096
32678
35089
36659
37862
38867
40863
40886
40919
41608
41671
42488
42526
43003
43144
43598
43664
44084
44331
44755
Number of cuts: 75

