Alatin
3835
4917
6290
8920
11853
15853
16498
17690
19904
20379
22099
23185
23691
24142
27185
28162
30057
30194
32082
33619
35429
36466
36719
39452
40052
41818
44343
Number of cuts: 27

Alpacados
3797
4879
6474
8135
8850
11789
15789
17626
19840
20315
20361
21981
23560
24011
27090
29962
30099
31987
33524
35331
36182
36359
36612
39945
41641
44166
Number of cuts: 26

AngryOrchard
4862
8118
8833
11772
15772
16417
19823
20298
20344
23049
23555
27049
28026
31880
33529
35491
36342
36519
36772
40107
41871
44385
Number of cuts: 22

AppleCloud
3544
4626
6221
6764
7882
8573
9711
11506
15818
16463
19869
22010
23107
25312
27060
28037
29924
35156
36007
36184
36437
39167
39767
41535
44060
Number of cuts: 25

Belenaria
3835
4917
6290
8920
11853
15853
16498
17690
19904
20379
22045
23624
24075
27119
28096
31948
33485
35304
36155
36332
36585
39315
39915
41683
44208
Number of cuts: 25

BobbyDazzler
3906
4988
6583
8244
8959
11898
15898
17735
19949
20424
20470
22090
23670
27164
30036
30173
32061
33598
35408
36259
36436
36689
40022
41789
44314
Number of cuts: 25

Bonanza
3835
4917
6512
8173
8888
11827
15827
17664
19878
20353
20399
22019
23092
23598
27092
29964
30101
31989
33526
35333
36184
36432
36994
40327
42093
44618
Number of cuts: 26

Bradshaw
3835
4917
6290
8920
11853
15853
16498
17690
19904
20379
22045
23118
23624
24075
27118
28095
29990
30127
32015
33552
35362
36399
36652
39385
39985
41751
44276
Number of cuts: 27

Bryce
3835
4917
6512
8173
8888
11827
15827
17664
19878
20353
20399
22019
23599
27093
29881
31769
33306
35116
35967
36144
36397
39730
41497
44022
Number of cuts: 24

ChewyVIII
7465
7537
11134
12224
13106
13261
14316
15426
17435
20030
20252
20452
23432
25793
26647
26816
29067
31561
31860
35793
36444
37273
44200
47768
48918
51479
51614
51755
52323
53417
55722
58011
58809
60282
66867
67697
Number of cuts: 36

CosmicSans
3835
4917
6290
8920
11853
15853
16498
17690
19904
20379
22045
23624
24075
27118
28095
29990
30127
32015
33552
35362
36213
36390
36643
39376
39976
41742
44267
Number of cuts: 27

Dinger
4913
6271
8169
8884
11823
15823
16468
19874
20349
20395
21995
22015
23607
25354
27102
28079
31884
35504
36532
36785
40120
41886
44403
Number of cuts: 23

DocB7
2061
6734
8826
14884
21940
22174
22879
26968
28113
28368
29845
41710
43176
46427
49141
51586
64753
65210
67864
69413
73225
Number of cuts: 21

E3
6500
7054
7131
7562
8537
9057
11238
13408
17469
18495
19158
19815
20112
20438
28542
29962
30442
30733
31355
32404
33929
34361
36780
37197
37497
39035
44594
45151
45808
49426
49795
49981
51825
57952
57988
58841
59372
62383
64891
65461
67542
71423
72507
73104
74028
74205
75554
78185
78565
78574
79234
79285
79471
79483
81765
82926
88478
89497
89731
91024
93382
95269
96200
96587
100164
103984
106336
108674
109687
111080
111116
114417
114647
119328
123804
124124
128033
128398
129634
131024
131126
133048
134149
136475
136835
136949
140264
140576
141464
Number of cuts: 89

Erik
3835
4917
6290
8919
11852
15852
16497
17689
19903
20378
22044
23622
24073
27116
28093
31947
33484
35294
36145
36322
36575
39308
39908
41573
44098
Number of cuts: 25

Espica
3835
4917
6290
8920
11853
15853
16498
17690
19904
20379
22045
23624
24075
27119
28096
31948
35304
36155
36332
36585
39315
39915
41683
44208
Number of cuts: 24

Finch
1136
2479
5045
6490
6526
6709
6835
7753
8542
12779
18418
20365
20434
20918
23247
25394
36049
39572
49161
53213
54547
54876
54993
66545
67794
71633
72804
76257
80359
80670
81145
82851
86601
86882
89696
100041
103416
106378
107722
107740
107856
108590
110291
112925
120446
121499
123486
124420
125039
127366
127954
128966
134147
134932
136775
138612
Number of cuts: 56

Gollum
3835
4917
6290
8920
11853
15853
16498
17690
19904
20379
23624
24075
27118
28095
29988
30125
32013
35360
36211
36388
36641
39371
39918
41684
44209
Number of cuts: 25

Grayson
2536
2566
18081
26960
46147
52985
55770
61740
69137
107313
112306
131437
131467
Number of cuts: 13

Harlequin
3835
4690
6275
8173
8864
11803
15803
17640
19854
20329
20375
22049
23629
27123
29911
31799
33336
35146
35997
36174
36427
39762
41532
44057
Number of cuts: 24

Hiro
3835
4917
6512
8173
8864
10002
11797
16754
20160
22301
23398
27378
30250
30387
32275
33812
35622
36473
36650
36903
40236
42003
44528
Number of cuts: 23

Jace
2443
4173
4503
7126
12074
15529
15874
33599
35487
35615
38485
40449
40933
47497
48815
48866
50040
Number of cuts: 17

Jester
3835
4690
6275
8173
8864
10002
10863
11797
15797
16442
19848
20323
20369
23560
27054
29842
31730
33267
35077
35928
36105
36358
39693
41463
43988
Number of cuts: 25

Krishelle
3835
4917
6290
8188
8879
10017
11812
16124
16769
20175
22352
23449
25654
27402
28379
30350
30487
32375
33912
35722
36759
37012
39745
40345
42111
44636
Number of cuts: 26

Lillie
3835
4917
6290
8920
11853
15853
16498
17690
19904
20379
22045
23624
24075
27118
28095
29990
30127
32015
33552
35362
36213
36390
36643
39376
39976
41742
44267
Number of cuts: 27

Mahdia
2471
2570
3172
6321
7436
7554
18313
20932
22363
23967
24931
27988
28120
31204
40724
Number of cuts: 15

Naiad
3835
4917
6290
8920
11853
15853
16498
17690
19904
20379
22045
23131
23637
24088
27131
28108
30003
30140
32028
33565
35375
36412
36665
39398
39998
41764
44289
Number of cuts: 27

Nancinator
3835
4917
6290
8920
11853
15853
16498
17690
19904
20379
23624
24075
27119
28096
31948
35304
36155
36332
36585
39315
41081
43606
Number of cuts: 22

Natosaleda
3835
4917
6290
8920
11853
15853
16498
17690
19904
20379
22045
23624
24075
27118
28095
31947
35303
36154
36331
36584
39314
39914
41682
44207
Number of cuts: 24

Partridge
4976
6334
8232
8947
11886
15886
16531
19937
20412
20458
22058
22078
23670
27201
28178
30150
32175
35660
36688
36941
40277
42043
44749
Number of cuts: 23

Pepy6
20949
30450
37100
38689
40195
40462
44825
45152
54385
55777
55867
60800
62722
65937
71197
71290
73109
Number of cuts: 17

Peregrin
2702
6478
15790
26537
44927
60107
67562
132771
Number of cuts:  8

Phrankenstein
3835
4917
6290
8920
11853
15853
16498
17690
19904
20379
21991
23570
24021
27064
28041
29936
30073
31961
33498
35308
36159
36336
36589
39322
39922
41688
44213
Number of cuts: 27

Pine5
421
1300
4365
7653
10936
11336
14344
16039
16920
23585
30042
33569
34669
34885
35044
35443
36375
39651
42172
42586
52319
54994
Number of cuts: 22

Poco6
9633
31552
38642
39272
40711
49392
57285
57375
61815
68028
72460
72553
Number of cuts: 12

Rasputin
3835
4917
6512
8174
8889
11822
15822
17659
19873
20348
20394
22014
23594
27089
28066
29961
30098
31986
33523
35333
36184
36361
36614
39347
39947
41713
44238
Number of cuts: 27

RER2
3835
4917
6290
8920
11853
15853
16498
17690
19904
20379
22045
23624
24075
27118
29990
30127
32015
33552
35362
36213
36390
36643
39376
39976
41742
44267
Number of cuts: 26

RexFury
3866
4948
6321
8951
11884
15884
16529
17721
19935
20410
22076
23655
24106
27149
28126
30021
30158
32046
33583
35393
36244
36421
36674
39404
40004
41772
44297
Number of cuts: 27

RGL3
449
3642
3837
4479
5186
6283
6520
8886
10894
11828
16017
16101
18888
20802
24105
26174
28803
30797
38631
40088
42056
Number of cuts: 21

Rhodalysa
3835
4917
6290
8920
11853
15853
16498
17690
19904
20379
22045
23624
24075
27118
28095
29990
30127
32015
33552
35362
36213
36390
36643
39376
39976
41742
44267
Number of cuts: 27

StCroix
3835
4917
6290
8920
11853
15853
16498
17690
19904
20379
22045
23131
23637
24088
27131
28108
30003
30140
32028
33565
35375
36412
36665
39398
39998
41764
44289
Number of cuts: 27

Swann
3835
4917
6290
8920
11853
15853
16498
17690
19904
20379
22045
23624
24075
27118
28095
29988
30125
32013
33550
35360
36211
36388
36641
39374
41740
44265
Number of cuts: 26

Takoda
4909
8165
8880
10018
11813
15813
16458
19390
19864
20339
20385
23090
23596
27091
28068
30034
31922
33571
35545
36396
36573
36826
40161
41925
44593
Number of cuts: 25

Trina
3281
6545
13426
19134
19861
21002
24587
33004
54444
57056
61918
71162
78575
81027
87645
89799
95080
96408
97855
100133
100137
106274
106368
106601
108504
108879
110879
117520
133327
136295
Number of cuts: 30

TWAMP
3835
4917
6290
8920
11853
15853
16498
17690
19904
20379
22045
23624
24075
27118
28095
29990
30127
32015
33552
35362
36213
36390
36643
39376
39976
41742
44267
Number of cuts: 27

UhSalsa
3835
4917
6290
8920
11853
15853
16498
17690
19904
20379
22045
23624
24075
27119
28096
31948
35304
36155
36332
36585
39315
39915
41683
44208
Number of cuts: 24

Weasels2
54857
55311
57189
58450
69799
76341
103326
Number of cuts:  7

Yogi
3835
4917
6512
8173
8888
11827
15827
17664
19878
20353
20399
22019
23092
23598
27092
29964
30101
31989
33526
35333
36184
36432
36994
40327
42093
44618
Number of cuts: 26

Yoncess
3835
4917
6512
8173
8888
11827
15827
17664
19878
20353
20399
22019
23599
27093
29881
31769
33306
35116
35967
36144
36397
39730
41497
44026
Number of cuts: 24

