Alatin
933
1737
2794
3623
3630
3753
4032
4159
5057
5153
5657
5873
6203
6545
6706
6745
6820
6929
7199
7413
7573
8025
8316
8409
9003
9311
9415
10265
10771
11460
11999
12162
12217
12568
13352
13787
14338
14355
14376
14547
14622
14818
14935
16330
17748
18476
18589
18964
19481
19919
20335
21097
21796
22024
22608
23712
23877
23991
24444
25649
25779
26000
26081
28055
28061
28815
28882
29123
30316
31851
31970
32052
32149
32408
32817
33072
33547
33659
33814
33894
34360
34514
34528
34805
36244
36361
36831
37211
37273
37391
37686
37696
38890
40066
40261
40316
41621
41891
42345
42492
42512
42546
42669
42735
42754
42792
42971
43055
43119
43174
43227
43295
43421
43638
43672
43698
43988
44061
44175
44275
44705
45131
45425
Number of cuts: 123

Alpacados
933
1689
2756
3585
3592
3715
3994
4121
5019
5115
5619
5835
6165
6492
6653
6692
6767
6876
7146
7360
7520
7972
8278
9138
9241
9403
10195
10707
11396
11935
12098
12153
12343
12504
13103
13288
13723
14274
14291
14312
14471
14483
14558
14754
14871
15021
17125
17426
17987
18525
18900
19099
19855
20271
21678
21746
22654
22787
23746
23860
24313
25291
25684
25905
25986
27701
27960
27966
28032
28720
28787
29028
31756
31875
31957
32054
32313
32722
32977
33452
33564
34416
34430
34707
36095
36137
36254
37104
37166
37284
37579
37589
38260
38832
39959
40084
40139
41444
41714
42168
42315
42335
42369
42492
42558
42577
42615
42794
42878
42942
42997
43050
43118
43244
43461
43495
43521
43884
43998
44098
44528
44954
45248
Number of cuts: 123

AngryOrchard
928
1682
2112
2739
3568
3575
3698
3977
3995
4104
5002
5098
5602
6148
6475
6636
6675
6750
6859
7129
7343
7503
7955
8261
9224
9926
10178
10690
11379
11918
12081
12136
12326
12487
13086
13271
13706
13822
14257
14295
14541
14737
14854
15004
16249
17066
17667
17970
18508
18883
19082
19838
20254
20610
20938
21168
21661
21729
22472
23576
23742
23856
24309
25865
25946
27195
28679
28746
28987
29892
30114
31649
31768
31850
32269
32608
32615
32867
33342
33428
33454
33697
34515
34590
34735
34867
35251
36006
36414
36884
37264
37444
37739
37749
38992
40121
40404
41574
41674
41944
42316
42457
42515
42588
42677
42783
43164
43683
43717
44103
44217
44317
44501
44747
45380
Number of cuts: 115

AppleCloud
365
728
1444
2098
2503
3332
3339
3462
3741
4862
5366
5582
5912
6239
6439
6514
6893
7106
7107
7267
7719
8025
8656
8794
8964
9149
9918
10424
11113
11652
11815
11870
11891
13317
13752
14341
14512
14587
14783
14900
15038
15050
15099
17112
17713
18016
18554
18929
19128
19884
20656
20774
20897
20953
21478
21707
21775
22873
23136
23333
23552
23614
23780
23894
24319
25524
25875
25956
26175
28769
28836
29077
30046
31075
31581
31700
31782
32138
32547
32802
33277
34261
34532
35920
35962
36079
36281
36929
36991
37109
37404
37414
38608
38782
39781
41338
41608
42062
42209
42229
42263
42386
42452
42471
42509
42688
42772
42836
42891
42944
43012
43138
43355
43389
43415
43705
43778
43892
43992
44422
44848
45142
Number of cuts: 122

Belenaria
933
1737
2794
3623
3630
3753
4032
4159
5057
5153
5657
5873
6203
6545
6706
6745
6820
6929
7199
7413
7573
8025
8316
8409
9003
9311
9415
10265
10771
11460
11999
12162
12217
12568
13352
13787
14338
14355
14376
14547
14622
14818
14935
16330
17748
18476
18589
18964
19481
19919
20335
21970
22718
23810
23924
24378
25583
25713
25934
26015
27989
27995
28749
28816
29057
29960
30182
31836
31918
32015
32274
32683
32938
33413
33525
33680
34226
34300
34389
34403
34680
35819
36068
36110
36227
36429
37077
37139
37257
37552
37562
38756
38930
39929
41486
41756
42210
42357
42377
42411
42534
42600
42619
42657
42836
42920
42984
43039
43092
43160
43286
43503
43537
43563
43853
43926
44040
44140
44570
44996
45290
Number of cuts: 121

BobbyDazzler
933
1801
2865
3694
3701
3824
4103
4230
5128
5224
5728
6274
6601
6762
6801
6876
6985
7255
7469
7629
8081
8387
9042
9350
9512
10304
10816
11505
12044
12207
12262
12452
12613
13212
13397
13832
14383
14400
14421
14580
14592
14667
14863
14980
15130
17234
17535
18096
18634
19009
19208
19964
20380
21558
21787
21855
22764
22897
23856
23970
24423
25401
25628
25758
25979
26060
28034
28040
28106
28794
28861
29102
31547
31830
31949
32031
32128
32387
32796
33051
33526
33638
34493
34507
34784
36172
36214
36331
37181
37243
37361
37656
37666
38337
38909
40036
40231
40286
41592
41862
42316
42463
42483
42517
42640
42706
42725
42763
42942
43026
43090
43145
43198
43266
43392
43609
43643
43669
44032
44146
44246
44676
45102
45396
45635
Number of cuts: 125

Bonanza
933
1737
2054
2794
3623
3630
3753
4032
4159
5057
5153
5657
5873
6203
6530
6691
6730
6805
6914
7184
7398
7558
8010
8316
9176
9279
9441
10233
10745
11434
11973
12136
12191
12381
12542
13141
13326
13761
14312
14329
14350
14509
14521
14596
14792
14909
15059
17163
17464
18025
18563
18938
19137
19893
20309
21071
21223
21296
21716
21784
22692
23784
23898
24351
25329
25686
25907
25988
27962
27968
28034
28722
28789
29030
31758
31877
31959
32056
32315
32724
32979
33454
33566
34418
34432
34709
35983
36097
36139
36256
36453
37486
37548
37666
37961
37971
38642
40341
40536
40591
41896
42166
42620
42767
42787
42821
42944
43010
43029
43067
43246
43330
43394
43449
43502
43570
43696
43913
43947
44336
44450
44550
44980
45406
45700
Number of cuts: 125

Bradshaw
933
1737
2543
2794
3623
3630
3753
4032
4159
5057
5153
5657
5873
6203
6545
6706
6745
6820
6929
7199
7413
7573
8025
8316
8409
9003
9311
9415
10265
10771
11460
11999
12162
12217
12568
13352
13787
14338
14355
14376
14547
14622
14818
14935
16330
17748
18476
18589
18964
19481
19919
20335
21742
21970
22718
23645
23810
23924
24377
25582
25712
25933
26014
27988
27994
28748
28815
29056
30249
31784
31903
31985
32082
32341
32750
33005
33480
33592
33747
33827
34293
34447
34461
34738
36177
36294
36764
37144
37206
37324
37619
37629
38823
39999
40194
40249
41554
41824
42278
42425
42445
42479
42602
42668
42687
42725
42904
42988
43052
43107
43160
43228
43354
43571
43605
43631
43921
43994
44108
44208
45064
45358
Number of cuts: 122

Bryce
933
1737
2794
3623
3630
3753
4032
4159
5057
5153
5657
6203
6530
6691
6730
6805
6914
7184
7398
7558
8010
8316
8971
9279
9441
10233
10745
11434
11973
12136
12191
12381
12542
13141
13326
13761
14312
14329
14350
14509
14521
14596
14792
14909
15059
17163
17464
18025
18563
18938
19137
19893
20309
21071
21223
21296
21487
21716
21784
22693
22826
23785
23899
24352
25330
25557
25687
25908
25989
27963
27969
28035
28723
28790
29031
31538
31657
31739
31836
32095
32504
32759
33234
33346
34201
34215
34492
35880
35922
36039
36889
36951
37069
37364
37374
38045
38568
38617
39744
39939
39994
41300
41570
42024
42171
42191
42225
42348
42414
42433
42471
42650
42734
42798
42853
42906
42974
43100
43317
43351
43377
43740
43854
43954
44384
44810
45104
45343
Number of cuts: 128

ChewyVIII
349
546
1136
1253
1945
2035
2151
2566
2919
3119
3905
4038
4657
5285
5587
5733
5892
5912
7266
8477
8550
9426
9693
10323
11151
11665
11811
11883
12452
12791
12826
13320
13694
14061
14157
14375
15181
15202
15365
15406
15539
15693
16232
16285
16619
16755
17290
18554
19123
19233
19430
19485
20292
20320
20470
20512
21075
21735
22351
23165
23401
23460
23693
23756
24092
24424
24876
25429
25496
25714
25819
26380
26801
26815
27029
27116
27561
27768
27891
28096
28159
28305
28579
28801
28869
29019
29109
29984
30027
30144
30510
30588
30769
31143
31332
31350
31672
31731
32057
32995
33453
33783
33893
34040
34310
34823
34871
34896
34967
35027
35975
36755
37098
37369
37978
37998
38527
39489
39546
39960
40229
40242
40342
40371
40846
41774
42023
43302
43361
43400
43670
43907
44059
44211
44368
44617
44892
46183
46285
46722
48295
48306
48391
48896
49282
49399
49621
49748
50375
51048
51792
52469
52477
53257
53336
54360
54395
54955
55124
55969
56233
57808
57925
57984
58491
58819
59209
59776
59822
59884
60274
60367
60445
60820
60929
61632
62260
62328
62399
63608
64019
64024
64144
64292
64302
64313
64389
64621
64752
65413
65462
65494
65499
65659
65891
66165
66402
66448
67673
68339
68352
68733
69119
Number of cuts: 203

CosmicSans
933
1737
2543
2794
3623
3630
3753
4032
4159
5057
5153
5657
5873
6203
6545
6706
6745
6820
6929
7199
7413
7573
8025
8316
8409
9003
9311
9415
10265
10771
11460
11999
12162
12217
12568
13352
13787
14338
14355
14376
14547
14622
14818
14935
16330
17748
18476
18589
18964
19481
19919
20335
21097
21742
21970
22718
23645
23810
23924
24377
25712
25933
26014
27988
27994
28748
28815
29056
30249
31784
31903
31985
32341
32750
33005
33480
33592
33747
33827
34293
34447
34461
34738
36012
36126
36168
36285
36755
37135
37197
37315
37610
37620
38814
39990
40185
40240
41545
41815
42269
42416
42436
42470
42593
42659
42678
42716
42895
42979
43043
43098
43151
43219
43345
43562
43596
43622
43912
43985
44099
44199
44629
45055
45349
Number of cuts: 124

Dinger
327
930
1733
2790
3619
3626
3749
4028
4046
4155
5053
5149
5653
5869
6526
6687
6726
6801
6910
7180
7394
7554
8006
8312
8967
9275
9862
10229
10741
10775
11430
11969
12132
12187
12377
12538
12578
13322
13757
14308
14346
14517
14592
14788
14905
15055
17117
17718
18021
18559
18934
19133
19889
20661
21067
21420
21780
21940
22524
22782
23239
23628
23794
23908
24361
25566
25917
25998
26217
28811
28878
29119
30118
31653
31772
31854
32210
32619
32874
33349
33435
33461
34500
34589
34603
34880
35264
36019
36427
36629
36897
36957
37277
37344
37457
37752
37762
39005
39568
40134
41689
41962
42334
42475
42533
42606
42695
42801
43237
43701
43735
44121
44235
44335
44765
45086
45397
45625
Number of cuts: 118

DocB7
1012
1022
1243
1614
2262
2456
2625
3587
3870
4629
4904
5039
5848
5893
6631
6700
6999
7137
7977
10020
10149
10401
10830
11358
11433
11888
12390
13313
13634
13964
14478
15327
15398
15435
15494
15762
16258
16519
17066
17264
17668
18303
18447
19296
19308
19674
20553
20763
20895
21027
21238
21655
22041
22813
23379
24146
24833
24967
26255
26434
27112
27494
27576
27893
28105
28289
28758
29199
29336
30280
30407
31258
31390
31759
31902
32755
33084
33426
34419
35008
35238
35505
35820
36317
36425
36962
37955
38050
38484
38748
39289
40560
40570
40677
40834
40899
41283
41647
41888
42061
42125
42992
43539
44480
44653
44826
45138
45321
45870
46620
47173
47458
47472
48247
48622
48850
48907
48971
49052
49267
49978
50145
50395
50878
50901
51008
51362
51560
51827
52839
52909
53506
53791
53880
55201
55285
56143
56246
56481
56840
57524
58150
58214
58286
59095
59125
59973
61315
61448
61483
61600
61702
61762
61894
62511
62700
63220
63241
63734
64328
65336
65696
65724
67610
67865
68303
68514
68566
68792
68939
68974
68976
69128
69250
69902
70335
70636
70842
71475
71592
72114
72483
72540
72587
72714
72788
73115
73789
74386
75029
75451
75647
Number of cuts: 192

E3
349
629
1308
1356
1510
1835
3496
4063
4137
4820
5881
6177
6501
7573
7813
8722
8828
9495
10853
11180
11740
14015
14901
15289
15864
16389
17049
18084
18437
18741
19606
20835
21850
21918
22008
22743
23111
23444
23676
23716
24463
24698
24831
25225
25553
26069
26444
26864
27086
27518
27746
28177
29312
29352
29819
29984
31533
32561
33181
33525
34351
34741
35092
35778
36556
36644
36836
37417
37760
38779
38853
39052
39075
39106
39151
39634
39907
40692
40723
40876
41683
41818
41902
42755
43532
45449
45510
45962
46114
46181
46353
47242
47265
47332
47906
47907
48188
48283
48635
48723
49110
49796
50973
51148
53446
53841
53877
54568
54808
55272
55674
55694
56095
56115
56235
56806
57229
57789
59482
59598
59622
59874
59883
60198
60337
60383
60611
61442
61529
61876
62289
63513
63546
64004
65004
65115
65158
65381
65830
66323
66512
66690
67253
67758
68272
69761
70721
71413
71746
71963
72856
74076
74962
75500
75825
76015
76494
76584
77002
78433
78936
79951
80062
80152
80338
80660
81001
81374
81451
81784
81838
82334
83233
83428
85006
85567
86140
86848
87207
87422
87865
87938
88611
89082
89217
89408
90248
90759
91201
91247
91388
91480
91546
92045
92409
92430
92686
93256
94017
95036
95579
96139
96948
97105
97699
98428
100490
100637
100783
101332
101380
101505
102137
102551
103952
105137
105456
105605
107146
107581
108268
109451
110037
110236
112404
113052
114648
114678
114800
114917
115386
115476
115512
116765
117441
117939
119719
119841
120642
120673
120738
120959
120979
121267
121314
121320
121488
122081
122603
122683
122989
123240
123393
124144
125776
126080
126670
127299
127843
128376
128900
130434
130548
132641
133113
133469
133947
134054
134066
134483
134533
134954
135014
135190
135491
135757
136208
136259
136277
136742
136786
137188
138943
139705
140145
141014
Number of cuts: 286

Erik
933
1737
2794
3623
3630
3753
4032
4159
5057
5153
5657
5873
6203
6545
6706
6745
6820
6929
7199
7413
7573
8025
8316
8409
9002
9310
9414
10264
10770
11459
11998
12161
12216
12567
13351
13786
14337
14354
14375
14546
14621
14817
14934
16329
17747
18475
18588
18963
19480
19918
20334
21969
22717
23643
23808
23922
24375
25580
25710
25931
26012
27986
27992
28746
28813
29054
29959
30181
31716
31835
31917
32014
32273
32682
32937
33412
33524
33679
33759
34225
34379
34393
34670
35944
36058
36100
36217
36687
37067
37129
37247
37542
37552
38746
39922
40117
40172
41376
41646
42100
42247
42267
42301
42424
42490
42509
42547
42726
42810
42874
42929
42982
43050
43176
43393
43427
43453
43743
43816
43930
44030
44460
44886
45180
Number of cuts: 124

Espica
933
1737
2794
3623
3630
3753
4032
4159
5057
5153
5657
5873
6203
6545
6706
6745
6820
6929
7199
7413
7573
8025
8316
8409
9003
9311
9415
10265
10771
11460
11999
12162
12217
12568
13352
13787
14338
14355
14376
14547
14622
14818
14935
16330
17748
18476
18589
18964
19481
19919
20335
21970
22718
23810
23924
24378
25583
25713
25934
26015
27989
27995
28749
28816
29057
29960
30182
31836
31918
32015
32274
32683
32938
33413
33525
33680
34226
34300
34389
34403
34680
36068
36110
36227
36429
37077
37139
37257
37552
37562
38756
38930
39929
41486
41756
42210
42357
42377
42411
42534
42600
42619
42657
42836
42920
42984
43039
43092
43160
43286
43503
43537
43563
43853
43926
44040
44140
44570
44996
45290
Number of cuts: 120

Finch
181
526
934
943
1015
1630
2526
4592
6480
6894
7083
9205
9314
9829
11401
12226
12259
12662
12865
12997
13265
13590
13785
14923
14953
15601
15618
15646
16120
16774
17168
17566
19535
20513
20659
22245
22892
23261
23639
23669
25702
25792
28195
28399
29403
29988
30349
30418
30828
30987
31146
31566
33108
33777
34073
34625
34754
35069
35165
35598
35708
35905
36693
37782
37825
38302
39295
40502
41224
41521
41588
42442
43096
43688
43968
44305
44901
45029
45093
45201
45557
45604
45997
46369
46993
48146
48881
50082
50185
50647
51734
51898
52366
52506
52731
52887
53725
55392
56656
58044
58124
58215
58990
61305
61685
62151
62275
62756
63179
63192
63636
63680
64333
64862
65590
66338
67193
67960
69019
69805
70022
70642
71301
71674
73199
73305
74493
75098
75253
75377
76180
76499
76507
77170
77726
77900
78649
79115
80400
80416
80546
80562
80940
81000
81576
81576
81872
82326
82684
83119
83421
83501
83702
84048
85585
86032
87870
88902
90135
90712
90757
91681
92241
93825
94625
95670
95929
96087
96348
96529
99192
101698
101779
101920
102025
102192
102453
102863
104304
104492
104911
107107
107224
107386
108229
108787
109524
109598
110216
111973
112844
113750
114283
115098
115715
116364
116626
117007
117469
117848
119072
119126
119737
120151
120255
120477
120801
121603
122043
125299
125370
125491
125735
126055
126331
126685
127637
127659
128800
129635
130358
130409
130499
130939
132052
132511
132991
133548
134864
135408
135843
136381
136474
137542
137724
Number of cuts: 235

Gollum
933
1737
2794
3623
3630
3753
4032
4159
5057
5153
5657
5873
6203
6545
6706
6745
6820
6929
7199
7413
7573
8025
8316
8409
9003
9311
9415
10265
10771
11460
11999
12162
12217
12568
13352
13787
14338
14355
14376
14547
14622
14818
14935
16330
17748
18476
18589
18964
19919
20335
21970
22718
23256
23810
23924
24377
25582
25933
26014
27988
27994
28748
28815
29056
30247
31901
31983
32080
32339
32748
33003
33478
33590
33745
34291
34445
34459
34736
36010
36124
36166
36283
37133
37195
37313
37608
37618
38812
38986
39932
40127
40182
41487
41757
42211
42358
42378
42412
42535
42601
42620
42658
42837
42921
42985
43040
43093
43161
43287
43504
43538
43564
43854
43927
44041
44141
44997
45291
45530
Number of cuts: 119

Grayson
367
821
988
1070
1136
1241
1892
1962
2251
2409
2537
2732
2790
3107
4922
5131
6641
6685
6872
7321
7345
8158
8188
8388
8803
9030
9365
9599
9785
10319
11949
12359
13467
14117
14131
14234
17943
19464
19997
20265
20724
21110
22241
22401
22723
22912
25356
25684
26070
26658
26929
27703
27865
27938
28457
29102
29889
30021
30189
30507
33978
34182
34564
34582
35631
37233
37313
38335
38391
38677
39152
39782
39878
40625
41046
42112
43432
43754
44270
44326
44751
45349
45665
46038
46074
46113
46137
46171
47373
49026
49229
50250
50784
51944
52074
54709
54957
57395
57442
59080
59797
60396
60824
62324
62691
63624
63810
66368
66613
67190
67288
68394
69457
70469
71117
71280
71752
71760
72051
72157
72791
77001
77077
77547
77915
78070
79421
80137
80190
81063
81184
81200
81728
82303
84663
86453
86613
88013
88278
89143
89745
90359
90645
90883
91187
95924
97569
98655
99833
100729
100856
101447
102198
102530
103547
104099
104139
104634
105210
107839
109984
110956
111258
113303
113874
113940
114355
118245
119289
119735
121169
121402
121431
122166
123489
124593
124759
125667
125833
125841
125881
125939
126847
127433
127517
127714
127912
128209
128239
129268
129722
129889
129971
130037
130142
130793
130863
131152
131310
131438
131633
131691
Number of cuts: 202

Harlequin
933
1737
2794
3623
3630
3753
4032
4050
5153
5657
5873
6203
6530
6691
6730
6805
6914
7184
7397
7398
7558
8010
8316
8947
9085
9255
10209
10721
11410
11949
12112
12167
12357
12518
13117
13302
13737
14288
14305
14326
14485
14497
14572
14768
14885
15035
17139
17440
18001
18539
18914
19113
19869
20285
21047
21199
21272
21517
21746
21814
22723
22856
23815
23929
24382
25360
25587
25717
25938
26019
27993
27999
28065
28753
28820
29061
31568
31687
31769
31866
32125
32534
32789
33264
33376
34231
34245
34522
35910
35952
36069
36919
36981
37099
37394
37404
38598
38797
39210
39486
39776
40523
41335
41605
42059
42206
42226
42260
42383
42449
42468
42506
42685
42769
42833
42888
42941
43009
43135
43352
43386
43412
43775
43889
43989
44419
44845
45139
45378
Number of cuts: 129

Hiro
933
1737
2054
2794
3623
3630
3753
4032
4159
5057
5153
5657
6203
6530
6691
6730
6805
6914
7184
7397
7398
7558
8010
8316
8947
9085
9255
9440
10209
10715
11404
11943
12106
12161
12182
13608
14043
14632
14803
14878
15074
15191
15329
15341
15390
17403
18004
18845
19220
19419
20175
20947
21065
21188
21244
21769
21998
22066
23164
23427
23624
23843
23905
24070
24184
24637
25615
25842
25972
26193
26274
28248
28254
28320
29008
29075
29316
32044
32163
32245
32342
32601
33010
33265
33740
33852
34707
34721
34998
36386
36428
36545
37395
37457
37575
37870
37880
38551
40250
40445
41806
42076
42530
42677
42697
42731
42854
42920
42939
42977
43156
43240
43304
43359
43412
43480
43606
43823
43857
43883
44246
44360
44460
44890
45316
45610
45849
Number of cuts: 127

Jace
405
604
945
2165
2577
2646
3341
3857
3959
4787
5046
5066
5190
5583
5856
6311
6841
7074
7137
8178
9229
9250
9321
9394
9651
10444
10998
11380
12916
13591
13745
14542
15354
15629
16100
16278
17522
17780
17898
17948
18763
18805
19469
20701
21673
21875
21949
22049
22896
23239
23563
23793
24288
24972
25112
25453
27374
27621
27891
28224
29967
30318
30637
30937
31195
31458
31712
31747
31954
33280
33363
33456
33811
34033
34437
35378
36368
36428
36762
37666
38366
38538
38703
38945
38993
39363
39400
39586
40176
40303
40794
41041
41187
41694
42494
42660
42850
42989
43111
43456
43736
44110
45046
45182
45457
45743
45785
46407
46530
47030
47909
48471
48551
49045
49359
49486
49725
50306
50368
50618
50639
51110
51349
52080
52723
53669
53854
Number of cuts: 127

Jester
933
1737
2794
3623
3630
3753
4032
4050
5153
5657
5873
6203
6530
6691
6730
6805
6914
7184
7397
7398
7558
8010
8316
8947
9085
9255
9842
10209
10715
11404
11501
11943
12106
12161
12512
12843
13296
13731
14320
14479
14491
14566
14879
15017
15029
17091
17692
17995
18533
18908
19107
19863
20279
21041
21193
21266
21457
21686
21754
22654
22787
23746
23860
24313
25291
25518
25648
25869
25950
27924
27930
27996
28684
28751
28992
31499
31618
31700
31797
32056
32465
32720
33195
33307
34162
34176
34453
35841
35883
36000
36850
36912
37030
37325
37335
38529
38728
39141
39417
39707
40454
41266
41536
41990
42137
42157
42191
42314
42380
42399
42437
42616
42700
42764
42819
42872
42940
43066
43283
43317
43343
43706
43820
43920
44350
44776
45070
45309
Number of cuts: 128

Krishelle
933
1737
2794
3623
3630
3753
4032
4159
5057
5153
5657
5873
6203
6545
6706
6745
6820
6929
7199
7413
7573
8025
8331
8962
9100
9270
9455
10224
10730
11419
11958
12121
12176
12197
13623
14058
14647
14818
14893
15089
15206
15344
15356
15405
17418
18019
18322
18860
19235
19434
20190
20962
21080
21203
21259
21820
22049
22117
23215
23478
23675
23894
23956
24122
24236
24661
25866
26217
26298
26517
29111
29178
29419
30609
32144
32263
32345
32442
32701
33110
33365
33840
33952
34107
34187
34653
34807
34821
35098
36537
36654
37124
37504
37566
37684
37979
37989
39183
40359
40554
40609
41914
42184
42638
42785
42805
42839
42962
43028
43047
43085
43264
43348
43412
43467
43520
43588
43714
43931
43965
43991
44281
44354
44468
44568
44998
45424
45718
Number of cuts: 128

Lillie
933
1737
2543
2794
3623
3630
3753
4032
4159
5057
5153
5657
5873
6203
6545
6706
6745
6820
6929
7199
7413
7573
8025
8316
8409
9003
9311
9415
10265
10771
11460
11999
12162
12217
12568
13352
13787
14338
14355
14376
14547
14622
14818
14935
16330
17748
18476
18589
18964
19481
19919
20335
21097
21742
21970
22718
23645
23810
23924
24377
25712
25933
26014
27988
27994
28748
28815
29056
30249
31784
31903
31985
32341
32750
33005
33480
33592
33747
33827
34293
34447
34461
34738
36012
36126
36168
36285
36755
37135
37197
37315
37610
37620
38814
39990
40185
40240
41545
41815
42269
42416
42436
42470
42593
42659
42678
42716
42895
42979
43043
43098
43151
43219
43345
43562
43596
43622
43912
43985
44099
44199
44629
45055
45349
Number of cuts: 124

Mahdia
229
242
506
634
760
1675
2021
2065
2339
3082
3130
3301
3989
4008
4367
4371
4648
4799
5233
5397
5560
5865
6336
6649
6945
7277
7366
7507
7548
7735
7804
7840
7895
8017
8669
8911
9826
10297
10431
10572
11275
11467
12138
12151
12294
13184
13234
13600
13699
14206
14305
14486
14755
15088
15773
16470
16598
16936
16945
17781
18013
18258
18568
18697
19344
19474
19797
20508
20523
20810
20812
20942
21297
21624
22059
22143
23027
23138
23157
23330
23575
24418
24780
24903
25193
25780
25836
25977
26321
27357
27549
27870
28085
28156
28571
28656
29475
29589
30306
30381
31047
31592
31617
31639
31657
32113
32388
33364
33535
33762
34321
34350
34407
34760
34976
34988
35326
35641
35807
35860
36108
36180
36204
36511
36514
36625
37505
38028
38073
38085
38583
38820
39531
39743
40367
40631
40649
40744
41279
41361
42109
42357
42379
Number of cuts: 143

Naiad
933
1737
2794
3623
3630
3753
4032
4159
5057
5153
5657
5873
6203
6545
6706
6745
6820
6929
7199
7413
7573
8025
8316
8409
9003
9311
9415
10265
10771
11460
11999
12162
12217
12568
13352
13787
14338
14355
14376
14547
14622
14818
14935
16330
17748
18476
18589
18964
19481
19919
20335
21097
21742
21970
22554
23658
23823
23937
24390
25595
25725
25946
26027
28001
28007
28761
28828
29069
30262
31797
31916
31998
32095
32354
32763
33018
33493
33605
33760
33840
34306
34460
34474
34751
36190
36307
36777
37157
37219
37337
37632
37642
38836
40012
40207
40262
41567
41837
42291
42438
42458
42492
42615
42681
42700
42738
42917
43001
43065
43120
43173
43241
43367
43584
43618
43644
43934
44007
44121
44221
44651
45077
45371
Number of cuts: 123

Nancinator
933
1737
2794
3623
3630
3753
4032
4159
5057
5153
5657
5873
6203
6545
6706
6745
6820
6929
7199
7413
7573
8025
8316
8409
9003
9311
9415
10265
10771
11460
11999
12162
12217
12568
13352
13787
14338
14355
14376
14547
14622
14818
14935
16330
17748
18476
18589
18964
19481
19919
20335
21970
22718
23810
23924
24378
25583
25713
25934
26015
27989
27995
28749
28816
29057
29960
30182
31836
31918
32015
32274
32683
32938
33413
33525
33680
34226
34300
34389
34403
34680
36068
36110
36227
36429
37077
37139
37257
37552
37562
38756
38930
39524
39579
40884
41154
41608
41755
41775
41809
41932
41998
42017
42055
42234
42318
42382
42437
42490
42558
42684
42901
42935
42961
43251
43324
43438
43538
43968
44394
44688
Number of cuts: 121

Natosaleda
933
1737
2543
2794
3623
3630
3753
4032
4159
5057
5153
5657
5873
6203
6545
6706
6745
6820
6929
7199
7413
7573
8025
8316
8409
9003
9311
9415
10265
10771
11460
11999
12162
12217
12568
13352
13787
14338
14355
14376
14547
14622
14818
14935
16330
17748
18476
18589
18964
19481
19919
20335
21970
22718
23810
23924
24377
25582
25712
25933
26014
27988
27994
28748
28815
29056
29959
30181
31835
31917
32014
32273
32682
32937
33412
33524
33679
34225
34299
34388
34402
34679
36067
36109
36226
36428
37076
37138
37256
37551
37561
38755
38929
39928
41485
41755
42209
42356
42376
42410
42533
42599
42618
42656
42835
42919
42983
43038
43091
43159
43285
43502
43536
43562
43852
43925
44039
44139
44569
44995
45289
45584
Number of cuts: 122

Partridge
327
402
928
1796
2853
3682
3689
3812
4091
4109
4218
5116
5212
5716
5932
6589
6750
6789
6864
6973
7243
7457
7617
8069
8375
9030
9338
9925
10292
10804
10838
11493
12032
12195
12250
12440
12601
12641
13385
13820
14371
14409
14580
14655
14851
14968
15118
17180
17781
18084
18622
18997
19196
19952
20724
21130
21483
21843
22003
22587
22845
23302
23691
23857
23971
24424
25665
26016
26097
27347
28910
28977
29218
30409
31944
32145
32501
32910
33162
33637
33723
33749
34656
34745
34759
35036
35420
36175
36265
36424
36472
36583
36785
37053
37113
37501
37614
37909
37919
39162
39725
40291
41846
42116
42488
42629
42687
42908
42952
43041
43147
43583
44047
44081
44467
44581
44681
45111
45742
45970
46788
Number of cuts: 121

Pepy6
152
240
265
383
853
929
1539
1622
1701
1714
1966
2225
2509
3069
3079
3208
3436
3875
4185
4276
4486
4657
4829
4830
4961
4985
5021
5706
6027
6292
6648
7004
8801
8926
9866
10042
10665
11599
11602
11837
12702
13000
13195
13400
15923
15995
16885
17835
19471
19482
19991
20034
20451
20568
20975
21205
21329
21545
22466
22652
23218
23468
23693
23794
24549
24959
25057
25612
25705
25817
26223
26253
26603
27217
27303
28251
28917
28948
29166
31161
31211
31476
32420
32471
32684
32942
32951
33110
34223
34395
34941
35180
35253
35324
35642
36175
36234
36596
37053
37198
37286
37865
37946
38007
38673
38712
38920
39415
39869
40224
40489
40861
41346
41570
41921
42441
42498
42537
42570
42818
43016
43348
44011
44015
44281
44547
44677
45026
45309
45342
45359
45615
45721
45802
45824
46315
46352
46556
46785
47298
47370
47944
48715
48775
49280
49296
49384
49419
49985
50286
50325
50991
51102
51320
51980
52509
52550
52776
52788
53498
53875
53992
54163
54814
55191
55917
56406
58033
58350
58879
59801
59844
60004
60183
60250
60339
60604
60874
61286
61397
61847
61967
62004
62060
62887
63019
64322
64461
64579
65243
65963
66140
66266
66272
66802
66900
67939
68149
68283
68384
68632
68788
68864
68960
69106
69393
69459
69600
69794
69951
70041
70361
70387
70482
70562
72076
72448
72888
73849
74003
74530
74672
74723
74725
74896
75264
75409
75544
76547
76766
Number of cuts: 230

Peregrin
846
967
1013
1161
1264
1915
1937
2280
2438
2746
2827
6572
6658
6985
7692
8117
8344
12631
13449
13463
13516
13991
16092
16680
19817
20165
21407
21889
22078
22293
24930
25045
25261
25647
26235
26506
27217
27379
27452
27645
27971
28616
29403
29532
29919
30388
32964
33123
33364
34413
34941
36095
37173
37459
37933
38563
38659
39405
39826
42212
42534
43050
43106
44129
44818
44893
44917
44951
46153
47293
47806
48372
49033
49567
50605
50727
50857
52842
53492
53740
54227
55762
55809
57447
58164
58686
58763
59191
60329
60691
61058
62177
62610
62808
64619
64793
65038
65862
66819
67882
68225
68879
69527
69690
70461
70842
71201
72358
75254
77037
77287
77305
77353
78125
79944
80383
81201
81594
81714
81730
82226
82447
83283
83885
84550
86372
86532
88440
89179
89280
89790
90618
92927
94425
98734
98814
99135
100230
100685
101122
101249
101784
102112
102389
102572
102932
103949
104544
105038
105665
106095
108112
109356
110096
110179
110617
110919
111379
111567
111642
111754
113299
113720
113939
114801
115681
116077
119021
119589
120316
120552
121892
122425
123372
124827
125839
127884
128554
128933
129457
130915
131036
131082
131230
131333
131984
132006
132349
132507
132815
132896
Number of cuts: 191

Phrankenstein
933
1737
2794
3623
3630
3753
4032
4159
5057
5153
5657
5873
6203
6545
6706
6745
6820
6929
7199
7413
7573
8025
8316
8409
9003
9311
9415
10265
10771
11460
11999
12162
12217
12568
13352
13787
14338
14355
14376
14547
14622
14818
14935
16330
17748
18476
18589
18964
19481
19919
20335
21916
22664
23591
23756
23870
24323
25658
25879
25960
27934
27940
28694
28761
29002
30195
31849
31931
32028
32287
32696
32951
33426
33538
33693
33773
34239
34393
34407
34684
35958
36072
36114
36231
36701
37081
37143
37261
37556
37566
38760
39936
40131
40186
41491
41761
42215
42362
42382
42416
42539
42605
42624
42662
42841
42925
42989
43044
43097
43165
43291
43508
43542
43568
43931
44045
44145
44575
45001
45295
Number of cuts: 120

Pine5
509
753
887
941
1437
1574
1735
1979
2359
3447
3754
4049
4432
4782
5231
7346
7351
7822
8774
8819
8834
8945
9049
9074
9092
9204
9247
9441
9661
10175
10514
11103
11338
11557
11677
11872
12942
13028
13073
13103
13937
15174
15261
15496
15782
16979
17387
17483
17698
17933
18247
18350
19044
19343
19985
20250
20346
21082
21238
21520
21634
21688
22165
22741
23041
23149
23583
24813
24817
26730
27181
27430
27827
28171
28252
28393
29282
29737
29998
30607
30668
30722
30946
31733
32184
32846
32997
33868
34711
34733
34853
35790
36715
38161
38293
39802
40151
40479
41770
42294
42524
42983
44354
44931
44936
45501
45666
45975
46677
46741
47454
47478
47900
47984
48919
48928
48955
49141
49473
49828
50467
50841
51055
51420
52023
52631
52791
53093
53680
53890
54000
56233
56679
56987
57053
57461
57767
58377
58419
59082
Number of cuts: 140

Poco6
152
240
623
868
1619
1698
1711
1808
3026
3322
3509
3844
3962
4072
4472
4707
4922
4956
5076
5387
5455
5613
6733
7076
7077
7359
7627
7822
8508
8892
9409
9530
9770
9805
9813
9964
10668
11578
12042
12232
12357
13173
13297
13618
13920
14050
14095
14601
15014
16153
16451
16646
16851
17506
18345
18482
18527
18626
18683
19483
22013
22275
22300
22365
22473
22590
23020
23227
23351
23567
23676
24491
24677
25706
25915
26562
26972
27026
27718
27830
28236
28616
29041
29230
29316
30066
30511
30936
30967
31185
31367
33044
33186
34445
34496
34709
34880
35804
36248
36374
36821
37202
37275
37346
38256
38834
39075
39374
39556
39634
40029
40368
40695
40890
40942
41436
41747
41965
42310
42694
42806
43148
43372
43715
43737
44139
44235
44292
44364
44587
45035
45450
45835
46230
46304
46383
46820
47193
47210
47526
47858
48101
48102
48140
48516
48553
48757
48790
49069
49266
49538
49646
50175
50290
50789
50893
51497
52044
52629
52829
53136
53574
54017
54058
54284
54296
55006
55383
55500
55671
56083
56322
56865
57425
57777
57914
58488
58773
58875
58890
59281
59708
60055
60749
60802
60973
61016
61279
61384
61451
61540
61805
62160
62404
62579
62661
63289
63864
64469
64704
65310
65428
65990
66100
66968
67547
67759
67951
68213
68341
69743
69868
70469
70867
70944
71115
71276
71627
71653
71748
73338
74067
74983
75082
75265
76159
76532
76677
76812
78033
Number of cuts: 230

Rasputin
933
1737
2794
3623
3630
3753
4032
4159
5057
5153
5657
6203
6530
6691
6730
6805
6914
7184
7398
7558
8010
8317
8972
9280
9442
10234
10740
11429
11968
12131
12186
12376
12537
13136
13321
13756
14307
14324
14345
14504
14516
14591
14787
14904
15054
17158
17459
18020
18558
18933
19132
19888
20304
21711
21779
22688
23226
23615
23781
23895
24348
25106
25553
25904
25985
27959
27965
28719
28786
31755
31874
31956
32312
32721
32976
33451
33563
33718
33798
34264
34418
34432
34709
35983
36097
36139
36256
36726
37106
37168
37286
37581
37591
38785
39961
40156
40211
41516
41786
42240
42387
42407
42441
42564
42630
42649
42687
42866
42950
43014
43069
43122
43190
43316
43533
43567
43593
43883
43956
44070
44170
44600
45026
45320
Number of cuts: 124

RER2
933
1737
2543
2794
3623
3630
3753
4032
4159
5057
5153
5657
5873
6203
6545
6706
6745
6820
6929
7199
7413
7573
8025
8316
8409
9003
9311
9415
10265
10771
11460
11999
12162
12217
12568
13352
13787
14338
14355
14376
14547
14622
14818
14935
16330
17748
18476
18589
18964
19481
19919
20335
20629
21970
22718
22851
23810
23924
24377
25355
25712
25933
26014
27988
27994
28060
28748
28815
29056
31784
31903
31985
32082
32341
32750
33005
33480
33592
33747
33827
34293
34447
34461
34738
35877
36285
36487
36755
37135
37197
37315
37610
37620
38814
39990
40185
40240
41545
41815
42269
42416
42436
42470
42593
42659
42678
42716
42895
42979
43043
43098
43151
43219
43345
43562
43596
43622
43912
43985
44099
44199
44629
45055
45349
Number of cuts: 124

RexFury
601
964
1768
2825
3654
3661
3784
4063
4190
5088
5184
5688
5904
6234
6576
6737
6776
6851
6960
7230
7444
7604
8056
8347
8440
9034
9342
9446
10296
10802
11491
12030
12193
12248
12599
13383
13818
14369
14386
14407
14578
14653
14849
14966
16361
17779
18507
18620
18995
19950
20366
21128
22001
22749
23841
23955
24408
25166
25613
25964
26045
28019
28025
28779
28846
31934
32016
32113
32372
32781
33036
33511
33623
33778
33858
34324
34478
34492
34769
36157
36199
36316
36518
37166
37228
37346
37641
37651
38845
39019
40018
41575
41845
42299
42446
42466
42500
42623
42689
42708
42746
42925
43009
43073
43128
43181
43249
43375
43592
43626
43652
43942
44015
44129
44229
44659
45085
45379
Number of cuts: 118

RGL3
312
1735
2205
2488
2796
3471
3577
3625
3632
3755
3773
3962
4251
5310
5659
5800
6538
6699
6810
6848
7190
7329
7398
7404
7690
8015
8399
8518
8781
8969
9107
9277
9462
10138
10234
11089
12137
12192
12769
12849
13180
14153
14513
14714
14858
14976
15093
15243
15516
17278
17308
18212
18660
19105
19114
19313
20066
20963
21128
21344
21448
22462
22556
23385
23434
23496
23845
23938
24293
24408
24500
24865
25073
25085
25106
25587
25904
25949
26489
26550
26722
26904
28327
28546
28954
28975
29254
29672
29754
29939
29987
30019
30125
30260
30545
30919
31680
31992
32439
32598
32643
32655
32818
33050
33396
33651
33676
34043
34212
34238
34344
35043
35228
35472
35694
35977
36007
36279
36317
38327
38619
38629
39632
39654
40631
40796
40905
40917
41551
42551
42608
42673
42818
43000
43145
43165
43234
43617
43997
44134
44183
44473
45148
45166
45199
45518
45685
45691
46037
46112
46305
46361
46375
46448
46678
46829
46943
47048
47068
Number of cuts: 159

Rhodalysa
933
1737
2543
2794
3623
3630
3753
4032
4159
5057
5153
5657
5873
6203
6545
6706
6745
6820
6929
7199
7413
7573
8025
8316
8409
9003
9311
9415
10265
10771
11460
11999
12162
12217
12568
13352
13787
14338
14355
14376
14547
14622
14818
14935
16330
17748
18476
18589
18964
19481
19919
20335
21097
21742
21970
22718
23645
23810
23924
24377
25712
25933
26014
27988
27994
28748
28815
29056
30249
31784
31903
31985
32341
32750
33005
33480
33592
33747
33827
34293
34447
34461
34738
36012
36126
36168
36285
36755
37135
37197
37315
37610
37620
38814
39990
40185
40240
41545
41815
42269
42416
42436
42470
42593
42659
42678
42716
42895
42979
43043
43098
43151
43219
43345
43562
43596
43622
43912
43985
44099
44199
44629
45055
45349
Number of cuts: 124

StCroix
933
1737
2794
3623
3630
3753
4032
4159
5057
5153
5657
5873
6203
6545
6706
6745
6820
6929
7199
7413
7573
8025
8316
8409
9003
9311
9415
10265
10771
11460
11999
12162
12217
12568
13352
13787
14338
14355
14376
14547
14622
14818
14935
16330
17748
18476
18589
18964
19481
19919
20335
21097
21742
21970
22554
23658
23823
23937
24390
25595
25725
25946
26027
28001
28007
28761
28828
29069
30262
31797
31916
31998
32095
32354
32763
33018
33493
33605
33760
33840
34306
34460
34474
34751
36190
36307
36777
37157
37219
37337
37632
37642
38836
40012
40207
40262
41567
41837
42291
42438
42458
42492
42615
42681
42700
42738
42917
43001
43065
43120
43173
43241
43367
43584
43618
43644
43934
44007
44121
44221
44651
45077
45371
Number of cuts: 123

Swann
933
1737
2794
3623
3630
3753
4032
4159
5057
5153
5657
5873
6203
6545
6706
6745
6820
6929
7199
7413
7573
8025
8316
8409
9003
9311
9415
10265
10771
11460
11999
12162
12217
12568
13352
13787
14338
14355
14376
14547
14622
14818
14935
16330
17748
18476
18589
18964
19481
19919
20335
21097
21970
22718
23645
23810
23924
24377
25135
25582
25933
26014
27988
27994
28748
28815
29056
30247
31782
31901
31983
32080
32339
32748
33003
33478
33590
33745
33825
34291
34445
34459
34736
35875
36283
36485
36753
37133
37195
37313
37608
37618
38812
39988
40183
40238
41543
41813
42267
42414
42434
42468
42591
42657
42676
42714
42893
42977
43041
43096
43149
43217
43343
43560
43594
43620
43910
43983
44097
44197
44627
45053
45347
Number of cuts: 123

Takoda
928
1729
2786
3615
3622
3745
4024
4042
4151
5049
5145
5649
6195
6522
6683
6722
6797
6906
7176
7390
7550
8002
8308
9271
10225
10731
11420
11959
12122
12177
12367
12528
13127
13312
13747
13863
14298
14336
14507
14582
14778
14895
15045
16290
17107
17708
18011
18549
18924
19123
19879
20295
20651
20979
21702
21770
21792
22513
23617
23783
23897
24350
25906
25987
27237
28721
28788
29029
29934
30156
31691
31810
31892
32311
32657
32909
33384
33470
33496
33739
34467
34541
34630
34644
34789
34921
36060
36468
36938
37318
37498
37793
37803
39046
40175
40370
41628
41728
41998
42370
42511
42569
42642
42731
42837
43427
43891
43925
44311
44425
44525
44709
44955
45588
Number of cuts: 114

Trina
395
632
901
2049
2127
2329
3085
3196
3818
5255
7148
7950
8807
9939
14456
15130
17747
18011
18096
18363
18414
20237
20827
21482
22209
23312
23707
23805
23834
24541
24811
25677
27679
29293
30192
30918
32097
32171
32350
32800
32902
33482
34646
34833
35096
35174
35301
35793
36185
37494
39576
42269
42321
42567
43432
44362
45813
47213
47303
47498
48145
48602
49208
49481
49895
50300
51366
54008
54540
54731
55488
56304
58610
58921
60165
60199
60592
60670
60913
60985
61209
61777
61844
62042
64011
64199
65093
67302
67428
69386
69567
70628
70832
72114
73279
73964
74623
75471
76024
76206
76456
76462
76705
77013
77683
78240
78386
78568
79198
80627
81094
82130
82498
82971
83981
85140
85167
85734
85991
86567
87136
89159
90483
93129
93789
94101
95160
95900
96995
98439
99441
100057
100195
100618
101188
101874
101906
102364
102767
105207
105628
106197
106512
106513
110278
111567
111705
112108
112792
113282
113284
116152
116261
116352
116366
118532
118900
119672
119778
120211
120746
121100
121227
121407
123985
125019
129769
130529
131259
131348
132311
133523
133962
134271
135579
136797
137034
137303
138451
138529
138731
Number of cuts: 181

TWAMP
933
1737
2543
2794
3623
3630
3753
4032
4159
5057
5153
5657
5873
6203
6545
6706
6745
6820
6929
7199
7413
7573
8025
8316
8409
9003
9311
9415
10265
10771
11460
11999
12162
12217
12568
13352
13787
14338
14355
14376
14547
14622
14818
14935
16330
17748
18476
18589
18964
19481
19919
20335
21097
21742
21970
22718
23645
23810
23924
24377
25712
25933
26014
27988
27994
28748
28815
29056
30249
31784
31903
31985
32341
32750
33005
33480
33592
33747
33827
34293
34447
34461
34738
36012
36126
36168
36285
36755
37135
37197
37315
37610
37620
38814
39990
40185
40240
41545
41815
42269
42416
42436
42470
42593
42659
42678
42716
42895
42979
43043
43098
43151
43219
43345
43562
43596
43622
43912
43985
44099
44199
44629
45055
45349
Number of cuts: 124

UhSalsa
933
1737
2794
3623
3630
3753
4032
4159
5057
5153
5657
5873
6203
6545
6706
6745
6820
6929
7199
7413
7573
8025
8316
8409
9003
9311
9415
10265
10771
11460
11999
12162
12217
12568
13352
13787
14338
14355
14376
14547
14622
14818
14935
16330
17748
18476
18589
18964
19481
19919
20335
21970
22718
23810
23924
24378
25583
25713
25934
26015
27989
27995
28749
28816
29057
29960
30182
31836
31918
32015
32274
32683
32938
33413
33525
33680
34226
34300
34389
34403
34680
36068
36110
36227
36429
37077
37139
37257
37552
37562
38756
38930
39929
41486
41756
42210
42357
42377
42411
42534
42600
42619
42657
42836
42920
42984
43039
43092
43160
43286
43503
43537
43563
43853
43926
44040
44140
44570
44996
45290
Number of cuts: 120

Weasels2
144
388
1966
2160
2360
3173
3463
4152
4778
5306
5747
5902
6373
6838
7222
8743
8931
9409
10264
10502
10664
11354
11483
12016
12828
12836
14123
14993
17177
17370
17427
17766
18208
18432
20016
20607
22509
23528
24936
26544
26979
28615
29402
29702
30023
31204
33686
33950
34083
34191
34768
35240
36762
36851
38019
38473
38959
39496
40274
41613
41706
41907
42245
44987
45321
45536
46051
46349
47294
48253
48781
49799
51641
51832
52157
54250
54424
55714
56544
57035
57728
57753
57947
58141
58326
58597
59011
59827
61678
63953
64621
67814
68800
70538
70634
70701
71181
74306
75254
77710
79603
79720
82165
82218
82471
82614
83833
83952
86833
87145
87849
89564
89619
89779
91981
92599
94351
94655
94791
97220
98205
98283
98372
98446
99782
100963
102167
102222
104589
104656
105552
105618
105976
107650
108328
108407
109424
111234
113901
114899
115236
116046
117346
118072
120769
123163
123361
123755
124654
124902
125413
126346
126565
127279
128292
129949
131675
131849
132093
133671
133865
134065
134878
Number of cuts: 163

Yogi
933
1737
2054
2794
3623
3630
3753
4032
4159
5057
5153
5657
5873
6203
6530
6691
6730
6805
6914
7184
7398
7558
8010
8316
9176
9279
9441
10233
10745
11434
11973
12136
12191
12381
12542
13141
13326
13761
14312
14329
14350
14509
14521
14596
14792
14909
15059
17163
17464
18025
18563
18938
19137
19893
20309
21071
21223
21296
21716
21784
22692
23784
23898
24351
25329
25686
25907
25988
27962
27968
28034
28722
28789
29030
31758
31877
31959
32056
32315
32724
32979
33454
33566
34418
34432
34709
35983
36097
36139
36256
36453
37486
37548
37666
37961
37971
38642
40341
40536
40591
41896
42166
42620
42767
42787
42821
42944
43010
43029
43067
43246
43330
43394
43449
43502
43570
43696
43913
43947
44336
44450
44550
44980
45406
45700
Number of cuts: 125

Yoncess
933
1737
2794
3623
3630
3753
4032
4159
5057
5153
5657
6203
6530
6691
6730
6805
6914
7184
7398
7558
8010
8316
8971
9279
9441
10233
10745
11434
11973
12136
12191
12381
12542
13141
13326
13761
14312
14329
14350
14509
14521
14596
14792
14909
15059
17163
17464
18025
18563
18866
18938
19137
19893
20309
21487
21716
21784
22693
22826
23785
23899
24352
25330
25687
25908
25989
27963
27969
28035
28723
28790
29031
31538
31657
31739
31836
32095
32504
32759
33234
33346
34201
34215
34492
35880
35922
36039
36889
36951
37069
37364
37374
38045
38617
39744
39939
39994
41300
41573
42027
42174
42194
42228
42351
42417
42436
42474
42653
42737
42801
42857
42910
42978
43104
43321
43355
43381
43744
43858
43958
44388
44814
45108
45324
45347
Number of cuts: 125

