Alatin
401
696
1015
1144
1178
1428
1746
1835
3187
4964
4970
5848
6152
6728
6796
7164
8347
9358
9371
9950
10418
11277
11909
12224
12241
12459
12607
12721
12919
13114
13542
13743
15268
15389
15771
15787
15829
16261
16451
16682
16837
17305
17314
17470
17864
18905
19482
19971
20244
20472
20609
20646
20789
20855
20955
21089
21729
21814
22240
22333
23455
23517
23778
23800
24044
25226
25402
25428
25477
26206
26543
26640
27852
28079
28282
28326
28677
30220
30992
31548
31926
32096
33771
34653
34702
35655
36280
37751
38404
39044
40329
40752
40754
41133
41553
43256
44510
45511
Number of cuts: 98

Alpacados
696
1015
1144
1178
1428
1698
1788
4195
4926
4932
5810
6114
6422
6675
6743
7111
7837
9288
9301
9442
9880
10348
10638
11213
11845
12160
12177
12395
12543
12657
12801
12855
13050
13052
13679
13771
15325
15707
15723
15765
16246
16387
17241
17250
17800
20180
20408
20545
20582
20891
21025
21221
21653
21696
22202
22457
23059
23324
23386
23647
23669
23913
25095
26111
26357
26448
26545
27256
27984
28187
28231
28582
31453
31831
32001
33676
34555
34604
35557
37644
38139
38179
38763
39172
40575
40577
41376
43079
44333
44585
45334
45444
Number of cuts: 92

AngryOrchard
401
443
463
691
1008
1137
1171
1421
1691
4178
4909
4915
5793
6097
6405
6658
6726
7094
7781
7820
9271
9284
9863
10254
10331
10621
10659
11196
11828
12143
12160
12378
12526
12640
12784
12838
13033
13035
13461
13662
14188
14412
15308
15690
15706
15748
16370
16756
17224
17389
17783
20338
20391
20528
20774
20874
21008
21679
22127
22336
23319
23381
23642
23665
25091
25267
25342
25494
26071
26316
26407
26815
27265
28146
28190
28541
29865
31346
31894
32002
32333
33491
33629
33836
34556
34764
35432
35717
37804
38299
38457
39332
39535
41187
41607
43301
44552
45466
Number of cuts: 98

AppleCloud
126
491
808
937
971
1221
1453
1544
3004
3942
4673
4679
5150
5282
5557
5861
6169
6422
6490
6858
7584
9011
9024
9165
9603
9994
10071
10361
10930
11562
11877
12884
12913
13079
13708
13800
14234
15752
16275
16416
16802
17270
17279
17435
17829
18625
19453
20384
20437
20820
21682
21725
22502
22777
23172
23354
23457
23680
23703
25101
25232
25303
25352
26081
26327
26418
26891
27226
27902
28157
28201
28631
31222
31934
32429
33475
34257
34308
34429
35382
37469
39701
40044
40850
41270
42973
44227
45228
Number of cuts: 88

Belenaria
401
696
1015
1144
1178
1428
1746
1835
3187
4964
4970
5848
6152
6728
6796
7164
8347
9358
9371
9950
10418
11277
11909
12224
12241
12459
12607
12721
12919
13114
13542
13743
15268
15389
15771
15787
15829
16261
16451
16682
16837
17305
17314
17470
17864
18905
19482
19971
20244
20472
20609
20646
20789
20855
20955
21089
21717
21760
22266
22521
23123
23388
23450
23711
23733
23977
25160
25336
25362
25411
26140
26386
26477
26574
27786
28013
28216
28260
28611
31414
31792
31962
33637
34528
35530
37617
39849
40192
40998
41418
43121
44375
45376
Number of cuts: 93

BobbyDazzler
401
696
1015
1144
1178
1428
1810
1900
4304
5035
5041
5919
6223
6531
6784
6852
7220
7946
9397
9410
9551
9989
10457
10747
11322
11954
12269
12286
12504
12652
12766
12910
12964
13159
13161
13788
13880
15434
15816
15832
15874
16355
16496
17350
17359
17909
19722
20289
20464
20517
20654
20691
21000
21134
21330
21762
21805
22312
22567
23169
23434
23496
23757
23779
24023
25205
25456
26185
26431
26522
26619
27330
28058
28261
28305
28656
31905
32075
32183
33750
34632
34681
35634
37721
38216
38256
39249
40299
40722
40724
41523
43227
44481
45482
Number of cuts: 94

Bonanza
401
696
1015
1144
1178
1428
1746
1835
3697
4233
4964
4970
5848
6152
6460
6713
6781
7149
7875
9326
9339
9480
9918
10386
10676
11251
11883
12198
12215
12433
12581
12839
12893
13088
13090
13717
13809
15363
15745
15761
15803
16284
16425
17279
17288
17838
19651
20218
20446
20583
20620
20929
21063
21691
21734
22240
22495
23362
23424
23685
23707
23951
25133
25335
25384
26113
26359
26450
26547
27258
27986
28189
28233
28584
31455
31833
32003
33678
34557
34606
35559
38026
38521
38561
39145
39554
40604
41027
41029
41828
44785
45037
45786
Number of cuts: 93

Bradshaw
401
696
1015
1144
1178
1428
1746
1835
3187
4964
4970
5848
6152
6728
6796
7164
8347
9358
9371
9950
10418
11277
11909
12224
12241
12459
12607
12721
12919
13114
13542
13743
15268
15389
15771
15787
15829
16261
16451
16682
16837
17305
17314
17470
17864
18905
19482
19971
20244
20472
20609
20646
20789
20855
20955
21089
21675
21760
22266
22521
23388
23450
23711
23733
23977
25159
25335
25361
25410
26139
26476
26573
27785
28012
28215
28259
28610
30153
30925
31481
31859
32029
33704
34586
34635
35588
36213
37684
38337
38977
40262
40685
40687
41066
41486
43189
44443
45444
Number of cuts: 98

Bryce
401
696
1015
1144
1178
1428
1746
1835
3697
4233
4964
4970
5848
6152
6460
6713
6781
7149
7875
9326
9339
9480
9918
10386
10676
11251
11883
12198
12215
12433
12581
12695
12839
12893
13088
13090
13717
13809
15363
15745
15761
15803
16284
16425
17279
17288
17838
19651
20218
20393
20446
20583
20620
21063
21691
21734
22241
22496
23098
23363
23425
23686
23708
23952
25134
25385
26114
26360
26451
26548
27259
27309
27760
27987
28234
28585
31235
31613
31783
31891
33458
34340
34389
35149
35342
37429
37924
37964
38575
38957
40007
40430
40432
41231
42935
44189
45190
45300
Number of cuts: 98

ChewyVIII
1550
1638
1737
2422
2428
3332
3665
3717
4366
4525
4612
5791
7091
7110
7785
8331
8983
9522
9847
10272
10841
11069
11467
12883
15368
15977
15998
16756
17209
17288
17869
18004
18016
18420
18828
19304
19693
20663
21319
21639
21644
21894
22227
22568
23625
23977
25243
26057
26923
27345
27535
28593
29472
29717
29805
30109
30176
30440
30647
30717
30984
31329
31564
31791
31861
33596
33670
34206
35249
35288
35989
36492
37045
37543
37630
37723
37823
38036
38195
38615
39958
40165
40303
40413
40654
40707
40872
42185
42936
43159
43556
44265
44283
44777
44803
44978
45951
46600
47265
47433
47715
47902
49219
50340
50658
51453
52842
53425
53532
53968
53990
54360
54427
54643
54669
55006
55891
56734
56978
57428
57619
58099
58368
58494
59250
59768
60113
60262
60631
60674
61033
61392
63631
63934
65557
65672
65749
65952
67993
Number of cuts: 139

CosmicSans
401
696
1015
1144
1178
1428
1746
1835
3187
4964
4970
5848
6152
6728
6796
7164
8347
9358
9371
9950
10418
11277
11909
12224
12241
12459
12607
12721
12919
13114
13542
13743
15268
15389
15771
15787
15829
16261
16451
16682
16837
17305
17314
17470
17864
18905
19482
19971
20244
20472
20609
20646
20789
20855
20955
21089
21675
21760
22266
22521
23123
23388
23450
23711
23733
23977
25159
25335
25410
25562
26139
26385
26476
26573
27785
28012
28215
28259
28610
30153
30925
31481
31859
32029
33704
34586
34635
35588
37675
38328
38968
40253
40676
40678
41477
43180
44434
45435
Number of cuts: 98

Dinger
401
693
1010
1139
1173
1423
1742
4229
4960
4966
5844
6148
6456
6709
6777
7145
7871
9322
9335
9914
10305
10382
10672
11247
11879
12211
12429
12577
12638
12691
12835
12889
13084
13086
13592
13713
13805
14239
14463
15359
15741
15757
15799
16280
16421
16807
17275
17284
17440
17834
19458
20389
20442
20825
20925
21059
21114
21687
21730
22403
22893
23371
23694
23717
23961
25143
25274
25345
25394
26123
26369
26460
26933
27268
27480
27944
28199
28243
28673
31350
31898
32006
33636
33817
34728
34777
35730
37817
38312
38352
38470
39345
40397
41268
41621
41733
43319
44570
45483
Number of cuts: 99

DocB7
263
368
509
914
2855
3557
3690
5293
5345
5595
9064
9586
9675
11089
11476
12101
13575
14667
14903
15819
15873
16354
16403
16719
17375
20071
24006
24567
24743
24755
25245
26025
27721
28374
28709
29222
29378
30098
30099
31283
31659
32853
33561
34933
35787
37584
38469
39013
39520
39771
40179
40728
41971
42420
43549
45501
46304
46493
47004
47330
47608
48157
48266
48367
48989
49191
51289
52134
52433
53152
55276
55342
55393
56569
57146
57183
57822
58405
60221
60280
60290
60799
61551
61596
63213
63412
64642
64671
65598
66010
66231
66744
67205
67568
67863
68204
69241
69776
69942
70127
70548
70582
75230
Number of cuts: 103

E3
954
1125
2288
2642
2735
2741
3983
4026
4472
6061
6999
7340
8369
8420
8788
8884
9037
9130
9723
10297
10659
10824
11542
11752
12034
12271
12328
12330
12457
13395
13410
13632
13833
14227
14635
14748
14946
15385
15873
17278
18048
18548
19636
19952
20150
20908
21405
21521
21600
22090
22292
22407
22531
22702
22825
24516
25173
25535
25858
26255
26321
26341
26774
27310
27451
27683
28869
29298
29540
29760
29784
29988
30020
30387
30630
30638
30927
32696
32703
33052
33565
34225
35303
36274
36612
36655
36788
36974
38404
39379
40255
40260
41033
41140
41343
41551
42454
43104
43164
43436
44047
44279
44335
44517
44816
44838
45198
45740
46318
46406
46702
47267
48034
48281
48405
50137
50789
50844
51737
52217
52541
52720
53120
53324
53371
53542
54550
55563
55885
55995
56346
56584
56608
57423
58301
58485
59188
61223
62364
62804
62937
63612
63883
64051
64229
64976
65295
65721
65736
66047
66606
67499
68191
68257
68727
68773
69880
70901
71551
71659
72917
73699
73730
73976
74050
74290
74739
75667
75894
76329
76455
76864
76903
76966
77149
77811
78609
78633
79304
79846
80347
80573
80941
80948
81089
81287
81307
82079
82252
82313
82682
82717
82928
82966
83138
83593
83934
83981
85747
86242
86257
86728
87494
87639
88264
88509
88763
88820
89146
89807
90044
90179
91124
91883
92212
92811
92897
93343
94096
94730
95522
95881
95890
96501
97212
97251
97278
97846
98754
99936
100190
100549
101176
101262
101493
101605
101752
101957
103904
103915
104358
104493
104592
105085
108476
108654
108832
109222
109599
110582
112135
112159
112433
112881
113156
114338
114714
115607
115865
116077
118326
118989
119009
119013
119264
119269
119612
120004
121960
122290
122451
122519
122546
122958
124442
125298
125409
125532
125556
125613
125887
126065
126074
126539
126626
126638
126818
126987
127143
127269
128647
128828
128828
129234
129235
129749
130258
130832
131206
131404
131689
131827
133212
134925
135557
136684
137317
137995
139455
139525
139698
140070
140206
140554
140693
141123
141301
141610
142186
142515
Number of cuts: 320

Erik
401
696
1015
1144
1178
1428
1746
1835
3187
4964
4970
5848
6152
6728
6796
7164
8347
9357
9370
9949
10417
11276
11908
12223
12240
12458
12606
12720
12918
13113
13541
13742
15267
15388
15770
15786
15828
16260
16450
16681
16836
17304
17313
17469
17863
18904
19481
19970
20243
20471
20608
20645
20788
20854
20954
21088
21716
21759
22265
22520
23122
23387
23449
23709
23731
23975
25157
25333
25359
25408
26137
26383
26474
26571
27783
28010
28213
28257
28608
31413
31791
31961
33636
34518
34567
35520
37607
38260
38900
40185
40507
40509
41308
43011
44265
45266
Number of cuts: 96

Espica
401
696
1015
1144
1178
1428
1746
1835
3187
4964
4970
5848
6152
6728
6796
7164
8347
9358
9371
9950
10418
11277
11909
12224
12241
12459
12607
12721
12919
13114
13542
13743
15268
15389
15771
15787
15829
16261
16451
16682
16837
17305
17314
17470
17864
18905
19482
19971
20244
20472
20609
20646
20789
20855
20955
21089
21717
21760
22266
22521
23123
23388
23450
23711
23733
23977
25160
25336
25362
25411
26140
26386
26477
26574
27786
28013
28216
28260
28611
31414
31792
31962
33637
34528
35530
37617
39849
40192
40998
41418
43121
44375
45376
Number of cuts: 93

Finch
109
765
1732
1975
2187
3159
3183
3309
3895
5028
6588
8085
8996
9023
9347
9575
9635
9872
9878
10114
10158
11084
11317
11569
12310
12529
12665
13418
14469
14979
15132
16210
16577
17114
18623
19278
20315
20483
20583
21015
21604
21751
22257
23531
24572
24596
25473
26293
26643
27030
27069
27161
27850
28013
28123
28424
28564
28613
29061
29293
30144
30664
32538
32990
33020
33306
33823
34701
34872
35537
35798
35970
36016
36105
36417
36529
36616
36913
38017
38157
38694
39283
39727
40259
40578
41128
41669
42011
42523
42638
44014
44192
44381
44487
44823
45102
46841
47625
47982
47994
48407
48452
48946
49723
50014
50293
50617
51666
51997
53182
54340
54538
55304
55572
55874
56944
57208
57240
57570
58095
58230
58913
59815
60327
60473
60703
62612
62681
62708
62823
62879
62992
63777
64048
64216
64217
64229
65564
65689
66712
66932
67271
67546
69964
70675
71251
72834
72950
73569
74488
74739
74821
74956
77610
78170
78325
79040
79488
79609
79612
82071
82713
83642
83955
84039
84138
84353
84565
84687
86477
86779
87612
89022
89144
89658
89745
90308
91194
91296
91341
91550
91927
92479
92553
92576
92881
93864
96579
96862
97999
98278
98742
98760
99058
99139
100217
100338
100462
100556
100739
101430
101902
102549
103437
103596
104647
106480
106803
107381
107609
108050
108517
108627
109110
109351
109644
110617
111879
111910
112000
112490
112624
113266
113606
113725
113917
114505
114813
114887
114948
115978
118085
119435
119923
120172
121390
122043
122490
122826
124119
124282
124999
125134
125231
126006
126302
126687
126750
126881
127026
127587
127728
128178
128319
129023
129320
132907
132920
133483
133540
133803
135787
135999
136015
136024
136497
136738
137238
137278
137368
137413
137632
138139
138738
Number of cuts: 274

Gollum
401
696
1015
1144
1178
1428
1746
1835
3187
4964
4970
5848
6152
6728
6796
7164
8347
9358
9371
9950
10418
11277
11909
12224
12241
12459
12607
12721
12919
13114
13542
13743
15268
15389
15771
15787
15829
16451
16682
16837
17305
17314
17470
17864
18905
19971
20244
20472
20609
20646
20789
20855
20955
21089
21717
21760
22266
22521
23123
23388
23450
23711
23733
23977
25159
25335
25410
26139
26385
26476
26573
27785
28012
28215
28259
28610
30151
30923
31479
31857
32027
33702
34584
34633
35586
37673
40195
40618
40620
41419
43122
44376
44628
45377
Number of cuts: 94

Grayson
442
857
1899
3201
5187
5753
9288
11005
12107
12863
12943
15378
18423
21838
21916
23117
25303
26830
27121
28109
29721
30115
32032
32247
32279
35372
36603
39349
40176
41075
42268
44112
44264
48422
48576
56131
57516
58824
59230
63198
64522
65062
66469
69204
69890
71115
72468
74901
75046
75645
76007
77346
79815
84177
86916
87074
87090
87190
88880
91427
92303
93108
93436
93470
96433
99650
100091
100527
104194
105091
105510
105654
107212
108476
109690
112251
112992
113877
114664
115742
121778
126992
129343
129758
130800
Number of cuts: 85

Harlequin
401
696
1015
1144
1178
1428
1746
1835
4233
4964
4970
5848
5968
6152
6460
6713
6781
7149
7875
9302
9315
9456
9894
10362
10652
11227
11859
12174
12191
12409
12557
12671
12815
12869
13064
13066
13693
13785
15339
15721
15737
15779
16260
16401
17255
17264
17814
19627
20194
20369
20422
20559
20596
21039
21721
21764
22271
22526
23128
23393
23455
23716
23738
23982
25164
25415
26144
26390
26481
26578
27289
27339
27790
28017
28264
28615
31265
31643
31813
31921
33488
34370
34419
35179
35372
37459
37954
38112
38987
40039
40566
41266
42970
44224
45225
45335
Number of cuts: 96

Hiro
696
1015
1144
1178
1428
1746
1835
3697
4964
4970
5848
6152
6460
6713
6781
7149
7875
9302
9315
9456
9894
10285
10362
10652
11221
11853
12168
13175
13204
13370
13999
14091
14525
16043
16085
16566
16707
17561
17570
17726
18120
18916
19744
20675
20728
21111
21973
22016
22793
23068
23463
23645
23748
23971
23993
24237
25419
25670
26399
26645
26736
26833
27544
28272
28475
28519
28870
31741
32119
32289
32397
33964
34846
34895
35655
35848
37935
38430
38470
39054
39081
39463
40936
40938
41737
43441
44695
45696
Number of cuts: 88

Jace
1307
1866
2097
2203
3468
3748
4326
4753
4820
5936
6141
6303
6360
6830
7032
7473
8880
10302
13558
13764
14919
14982
15594
15668
16086
17387
17704
18482
18784
18833
19328
19966
20071
20886
22683
22722
23125
23344
23936
24513
24876
25059
25604
26688
27308
27668
28107
28357
28815
30732
31006
32237
33848
35591
36165
37192
37433
37825
38284
38469
38876
38891
39150
39287
39375
39546
39829
39876
40853
41488
41813
41842
42105
42113
42760
43344
43584
43709
43978
44437
45185
45281
45831
46396
47201
47262
48317
48610
49415
49620
49680
49946
50302
51388
51783
53099
53101
53223
53478
53863
Number of cuts: 100

Jester
401
696
1015
1144
1178
1428
1746
1835
4233
4964
4970
5848
5968
6152
6460
6713
6781
7149
7875
9302
9315
9456
9894
10285
10362
10652
11221
11853
12168
12185
12403
12551
12612
12665
12809
13058
13060
13687
13779
14213
15333
15731
15773
16254
16395
17249
17258
17414
17808
18604
19621
20188
20363
20416
20553
20590
21033
21661
21704
22202
22457
23059
23324
23386
23647
23669
23913
25095
25346
26075
26321
26412
26509
27220
27270
27721
27948
28195
28546
31196
31574
31744
31852
33419
34301
34350
35110
35303
37390
37885
38043
38918
39970
40497
41197
42901
44155
45156
45266
Number of cuts: 99

Krishelle
401
696
1015
1144
1178
1428
1746
1835
3187
4964
4970
5848
6152
6728
6796
7164
7890
9317
9330
9471
9909
10300
10377
10667
11236
11868
12183
13190
13219
13385
14014
14106
14540
16058
16581
16722
17108
17576
17585
17741
18135
18931
19759
20690
20743
21126
22024
22067
22844
23119
23514
23696
23799
24022
24045
25443
25574
25645
25694
26423
26669
26760
27233
27568
28244
28499
28543
28973
30513
31285
31841
32219
32389
34064
34946
34995
35948
36573
38044
38697
39337
40622
41045
41047
41426
41846
43549
44803
45804
46311
46376
Number of cuts: 91

Lillie
401
696
1015
1144
1178
1428
1746
1835
3187
4964
4970
5848
6152
6728
6796
7164
8347
9358
9371
9950
10418
11277
11909
12224
12241
12459
12607
12721
12919
13114
13542
13743
15268
15389
15771
15787
15829
16261
16451
16682
16837
17305
17314
17470
17864
18905
19482
19971
20244
20472
20609
20646
20789
20855
20955
21089
21675
21760
21861
22266
22521
23123
23388
23450
23711
23733
23977
25159
25335
25410
25562
26139
26385
26476
26573
27785
28012
28215
28259
28610
30153
30925
31481
31859
32029
33704
34586
34635
35588
37675
38328
38968
40253
40676
40678
41477
43180
44434
45435
Number of cuts: 99

Mahdia
64
308
436
448
933
1080
1126
1195
1323
1555
1588
1775
1987
2050
2364
2421
2461
2497
2512
2518
2671
2780
2881
3225
3583
3602
4495
4921
4973
6544
6566
6728
6739
6744
6793
7531
7815
7855
7946
8309
8376
8723
8951
8977
9393
9623
9687
10011
10018
10590
10869
11145
11920
12028
12198
12259
12978
13051
13072
13096
13173
13221
13316
13423
13542
13579
13694
13758
14098
14226
14280
14292
14469
14515
14578
14602
15012
15663
16070
16076
16755
16758
16792
16819
16959
17197
17237
17250
17258
17336
17787
17830
18267
18294
18351
18453
18672
18744
18890
18899
18911
19089
19234
19473
20318
20388
20663
20741
21137
21242
21254
21314
21712
21811
21871
22107
22214
22719
22883
23216
23522
23534
23762
23800
23860
23909
24007
24073
24104
24273
24328
24531
24863
25100
25134
25202
25574
25631
26013
26109
26131
26233
26805
27052
27321
27648
27818
27953
27966
28020
28121
28414
28429
28462
28572
28683
29059
29278
29307
29653
29745
29950
30012
30169
30187
30526
30717
30732
31194
31243
31520
31688
31799
31881
31903
31985
32048
32790
32880
32888
33164
33249
33352
33679
34129
34240
34437
34449
34530
34640
34848
35038
35064
35066
36226
36360
36430
36475
36512
36922
36932
37027
37410
37611
37676
37910
38318
38349
38406
38467
38523
38673
38705
39251
39506
39529
39613
39653
39968
39977
40025
40066
40178
40363
40514
40803
40876
40933
41041
41067
41375
41448
41538
41635
41845
42157
42185
42206
Number of cuts: 238

Naiad
401
696
1015
1144
1178
1428
1746
1835
3187
4964
4970
5848
6152
6728
6796
7164
8347
9358
9371
9950
10418
11277
11909
12224
12241
12459
12607
12721
12919
13114
13542
13743
15268
15389
15771
15787
15829
16261
16451
16682
16837
17305
17314
17470
17864
18905
19482
19971
20244
20472
20609
20646
20789
20855
20955
21089
21675
21760
22186
22279
23401
23463
23724
23746
23990
25172
25348
25374
25423
26152
26489
26586
27798
28025
28228
28272
28623
30166
30938
31494
31872
32042
33717
34599
34648
35601
36226
37697
38350
38990
40275
40698
40700
41079
41499
43202
44456
45457
Number of cuts: 98

Nancinator
401
696
1015
1144
1178
1428
1746
1835
3187
4964
4970
5848
6152
6728
6796
7164
8347
9358
9371
9950
10418
11277
11909
12224
12241
12459
12607
12721
12919
13114
13542
13743
15268
15389
15771
15787
15829
16261
16451
16682
16837
17305
17314
17470
17864
18905
19482
19971
20244
20472
20609
20646
20789
20855
20955
21089
21717
21760
22266
22521
23123
23388
23450
23711
23733
23977
25160
25336
25362
25411
26140
26386
26477
26574
27786
28013
28216
28260
28611
31414
31792
31962
33637
34528
35530
37617
39592
40015
40017
40816
42519
43773
44774
Number of cuts: 93

Natosaleda
401
696
1015
1144
1178
1428
1746
1835
3187
4964
4970
5848
6152
6728
6796
7164
8347
9358
9371
9950
10418
11277
11909
12224
12241
12459
12607
12721
12919
13114
13542
13743
15268
15389
15771
15787
15829
16261
16451
16682
16837
17305
17314
17470
17864
18905
19482
19971
20244
20472
20609
20646
20789
20855
20955
21089
21717
21760
22266
22521
23123
23388
23450
23711
23733
23977
25159
25335
25361
25410
26139
26385
26476
26573
27785
28012
28215
28259
28610
31413
31791
31961
33636
34527
35529
37616
39848
40191
40997
41417
43120
44374
45375
Number of cuts: 93

Partridge
401
465
691
1008
1137
1171
1421
1805
2164
4292
5023
5029
5907
6211
6519
6772
6840
7208
7934
9385
9398
9977
10368
10445
10735
11310
11942
12257
12274
12492
12640
12701
12754
12898
12952
13147
13149
13655
13776
13868
14302
14526
15422
15804
15820
15862
16343
16484
16870
17338
17347
17503
17897
19521
20452
20505
20888
20988
21122
21177
21750
21793
23206
23434
23757
23780
24024
25206
25408
25457
26222
26468
26559
27032
28043
28298
28342
28772
31641
32043
32189
32297
33924
34884
34933
35886
35983
36527
37974
38469
38509
38627
39502
40554
41425
41778
41890
43665
44916
45828
Number of cuts: 100

Pepy6
28
1695
1895
2909
4458
4958
7832
7976
8138
8546
9184
9585
10207
11311
11882
14077
14439
14721
16514
16556
18385
18493
19157
19560
20298
20812
23014
23417
23938
23964
24953
25607
26877
27008
27448
28686
28882
32411
32591
35957
42794
43388
44459
44571
44832
45341
45610
45680
45731
46785
46847
46974
47739
48155
48328
49536
51276
51312
52341
52824
52838
52949
53222
54094
54978
56398
57094
60022
64744
65185
66209
66567
67382
68973
70670
70848
71348
74135
75804
Number of cuts: 79

Peregrin
1115
5591
7543
8602
11421
12177
12257
12761
12849
15589
17975
20462
21004
21082
23785
23842
24877
25852
26060
26407
26995
29235
30842
33611
34154
35021
37711
38130
38957
39855
39870
41187
42892
44973
53399
54914
55883
57191
61565
62554
63480
64894
68614
69525
73467
73713
73751
75023
75936
80337
80741
80979
82901
86223
86993
87009
87109
87225
87678
87913
89282
90858
94691
95466
98096
98855
100889
102670
104599
105931
107487
111362
111823
112837
113382
114391
114668
116381
122773
131184
Number of cuts: 80

Phrankenstein
401
696
1015
1144
1178
1428
1746
1835
3187
4964
4970
5848
6152
6728
6796
7164
8347
9358
9371
9950
10418
11277
11909
12224
12241
12459
12607
12721
12919
13114
13542
13743
15268
15389
15771
15787
15829
16261
16451
16682
16837
17305
17314
17470
17864
18905
19482
19971
20244
20472
20609
20646
20789
20855
20955
21089
21663
21706
22212
22467
23069
23334
23396
23657
23679
23923
25105
25281
25356
25508
26085
26331
26422
26519
27731
27958
28161
28205
28556
30099
31427
31805
31975
33650
34532
34581
35534
37621
38274
38914
40199
40622
40624
41423
43126
44380
45381
Number of cuts: 97

Pine5
882
1350
1362
1409
1475
1777
1849
2014
2075
2259
2260
2301
2534
2757
2804
2928
2948
2977
3013
3091
3795
4022
4220
4273
4369
4393
4471
4557
5015
5225
5351
5450
5700
6075
6327
6491
6682
6719
6937
6991
7180
7246
7384
7842
8543
8554
8735
9680
9835
10294
10501
10571
10676
11045
11719
12022
12402
13269
13519
13732
13745
13759
13892
14066
14427
14584
14638
14736
14890
15013
15411
15655
15701
15778
15978
16578
16748
16889
17050
17055
17068
17189
17384
17561
17609
17856
18064
18101
18180
18313
18323
18376
18383
18427
18749
18975
19092
19225
19252
19307
19334
19423
19460
19477
19601
19718
20005
20262
20280
20617
21898
22030
22117
22144
22504
22615
22693
22756
22792
22966
23023
23101
23191
23541
23551
23730
23885
23894
23908
24078
24162
24433
26264
26340
26625
26840
26853
27005
27253
27475
27532
27703
27824
28297
28351
28495
28955
29141
29222
29256
29288
29679
29755
29833
30158
30249
30387
30595
30652
30805
31041
31227
31757
31778
31871
32187
32378
32415
32502
32552
32562
32640
33028
33052
33151
33462
33499
33511
33589
33610
33732
33864
33904
34273
34709
34931
34965
34994
35078
35261
35292
35585
36424
36755
36794
36914
36982
37400
37468
37630
37681
37777
38802
38825
39289
39386
39733
39765
39848
40056
40237
40330
40432
40513
40737
41097
41310
41348
41360
41375
41551
41624
41689
41708
41731
42017
42381
42467
43184
43580
43595
43608
43676
43756
43970
44038
44200
44388
44591
44650
44982
45278
45338
45495
45568
45631
46162
46242
46290
46536
47072
47125
47352
47367
47456
47597
47742
48044
48054
48223
48372
48461
48526
48618
49271
49403
49689
49713
49722
50077
50281
50305
50436
50518
50547
50670
51301
51449
51543
51690
51773
52050
52124
52141
52177
52264
52368
52377
52640
52663
52853
53216
53570
53680
53950
53959
54584
54642
54696
54954
55050
55271
55608
55629
56019
56341
56414
56649
56716
56880
56918
57275
57364
57678
57962
58306
58627
58998
59067
Number of cuts: 319

Poco6
1240
1692
2088
2920
3181
4089
4748
4869
5132
5346
6155
6705
8768
9350
9643
10075
10909
11005
11017
12615
13439
15018
19644
19715
20024
20316
20956
23702
25430
25951
25977
26966
28409
29021
29461
29549
31393
34436
34803
35666
37262
37649
41222
42998
44208
45300
46295
46407
47731
47782
49176
50712
51042
51797
52602
52785
53850
54332
54346
54457
55602
55685
56945
57527
58207
58425
58885
59246
60699
60870
61322
62977
63671
64394
64465
64781
66261
66318
66474
67029
67067
68024
69598
70291
71933
73446
74445
76313
Number of cuts: 88

Rasputin
401
696
1015
1144
1178
1428
1746
1835
3187
4964
4970
5848
6152
6460
6713
6781
7149
7875
9327
9340
9481
9919
11246
11878
12193
12210
12428
12576
12690
12834
12888
13083
13085
13712
13804
15358
15740
15756
15798
16279
16420
17050
17274
17283
17833
19646
20213
20388
20441
20578
20615
20924
21058
21254
21686
21729
22236
22491
23358
23681
23704
23948
25130
25306
26110
26356
26447
26544
27756
27887
27983
28186
28230
28581
30124
31830
32000
33675
34557
34606
35559
37646
38299
38939
40224
40647
40649
41448
43151
44405
45406
Number of cuts: 91

RER2
401
696
1015
1144
1178
1428
1746
1835
3187
4964
4970
5848
6152
6728
6796
7164
8347
9358
9371
9950
10418
11277
11909
12224
12241
12459
12607
12721
12919
13114
13542
13743
15268
15389
15771
15787
15829
16261
16451
16682
16837
17305
17314
17470
17864
18905
19482
19971
20244
20472
20646
20955
21089
21717
21760
21861
22266
22521
23123
23388
23450
23711
23733
23977
25159
25361
25410
26139
26385
26476
26573
27284
28012
28215
28259
28610
30925
31481
31859
32029
33704
34586
34635
35588
37675
38328
38968
40253
40676
40678
41477
43180
44434
Number of cuts: 93

RexFury
401
727
1046
1175
1209
1459
1777
1866
3218
4995
5001
5879
6183
6759
6827
7195
8378
9389
9402
9981
10449
11308
11940
12255
12272
12490
12638
12699
12752
12950
13145
13573
13774
15299
15420
15802
15818
15860
16292
16482
16713
16868
17336
17345
17501
17895
18936
20002
20275
20503
20640
20677
20820
20886
20986
21120
21748
21791
22297
22552
23154
23419
23481
23742
23764
24008
25190
25366
26170
26416
26507
26604
27816
28043
28246
28290
28641
30184
31890
32060
33735
34617
34666
35619
37706
39938
40281
41087
41507
43210
44464
45465
Number of cuts: 92

RGL3
254
682
731
996
1138
1410
1744
2490
2601
2658
3297
3699
4141
4235
4373
4509
4972
5110
5280
5434
5443
5682
6154
7155
7523
7841
8337
9043
9324
9337
9873
10084
10310
11248
11764
11884
12199
12216
12369
12483
12563
12738
12864
12876
13076
13239
14200
14436
15547
15759
15848
15884
15911
16474
16615
17466
17475
17869
18025
18222
19177
19554
19757
20015
20504
21008
21328
21714
21769
21874
21903
21946
22441
22518
22913
23014
23289
23866
23969
24133
24191
24462
24466
24880
25275
25650
25781
25901
26085
26354
26390
26560
27451
27548
27653
27698
27859
28060
28591
29203
29657
29829
30457
31305
32529
32553
32699
34139
34350
35542
35660
36192
36356
36559
36785
36884
36938
37390
37966
38137
38397
38710
38883
39179
39219
39228
39450
39994
40091
40530
41734
42154
42388
42416
42437
42806
43689
43739
43896
44286
44772
45814
45910
46231
46571
46847
47428
47939
Number of cuts: 148

Rhodalysa
401
696
1015
1144
1178
1428
1746
1835
3187
4964
4970
5848
6152
6728
6796
7164
8347
9358
9371
9950
10418
11277
11909
12224
12241
12459
12607
12721
12919
13114
13542
13743
15268
15389
15771
15787
15829
16261
16451
16682
16837
17305
17314
17470
17864
18905
19482
19971
20244
20472
20609
20646
20789
20855
20955
21089
21675
21760
22266
22521
23123
23388
23450
23711
23733
23977
25159
25335
25410
25562
26139
26385
26476
26573
27785
28012
28215
28259
28610
30153
30925
31481
31859
32029
33704
34586
34635
35588
37675
38328
38968
40253
40676
40678
41477
43180
44434
45435
Number of cuts: 98

StCroix
401
696
1015
1144
1178
1428
1746
1835
3187
4964
4970
5848
6152
6728
6796
7164
8347
9358
9371
9950
10418
11277
11909
12224
12241
12459
12607
12721
12919
13114
13542
13743
15268
15389
15771
15787
15829
16261
16451
16682
16837
17305
17314
17470
17864
18905
19482
19971
20244
20472
20609
20646
20789
20855
20955
21089
21675
21760
22186
22279
23401
23463
23724
23746
23990
25172
25348
25374
25423
26152
26489
26586
27798
28025
28228
28272
28623
30166
30938
31494
31872
32042
33717
34599
34648
35601
36226
37697
38350
38990
40275
40698
40700
41079
41499
43202
44456
45457
Number of cuts: 98

Swann
401
696
1015
1144
1178
1428
1746
1835
3187
4964
4970
5848
6152
6728
6796
7164
8347
9358
9371
9950
10418
11277
11909
12224
12241
12459
12607
12721
12919
13114
13542
13743
15268
15389
15771
15787
15829
16261
16451
16682
16837
17305
17314
17470
17864
18905
19482
19971
20244
20472
20609
20646
20789
20855
20955
21089
21717
21760
22266
22521
23123
23388
23450
23711
23733
23977
25159
25335
26139
26385
26476
26573
27785
28012
28215
28259
28610
30151
30923
31479
31857
32027
33702
34584
34633
35586
37673
38326
38966
40251
40674
40676
41475
43178
44432
45433
Number of cuts: 96

Takoda
401
443
463
691
1008
1137
1171
1421
1738
4956
4962
5840
6144
6705
6773
7141
7828
7867
9318
9331
9472
9910
10301
10378
10668
11237
11869
12184
12201
12419
12567
12681
12825
12879
13074
13076
13502
13703
14453
15349
15731
15747
16411
16797
17265
17430
17824
18865
20379
20432
20815
20915
21720
23360
23422
23683
23706
25132
25308
25383
25535
26112
26358
26449
26546
26857
27307
28188
28232
28583
31388
31936
32044
32375
33533
33671
33878
34818
35486
35771
37858
38353
38511
39386
39589
40438
41241
41661
41772
43509
44760
45674
Number of cuts: 92

Trina
3593
4429
4981
5139
8174
8847
9169
9366
10670
10708
13481
14177
15871
16090
16575
16597
17357
17726
18749
19709
20270
20284
20330
20526
23015
23669
23710
24092
24556
24978
25249
26566
26573
26659
26758
28929
29445
30194
30717
32215
35120
35829
35887
40123
41282
44740
47420
48410
50363
51138
52589
54107
55485
55779
56869
60034
61644
65198
65852
65871
66253
66450
67613
67875
69402
69795
74735
78275
79284
81367
82138
82680
83832
84234
85053
85719
86022
87213
87487
88003
89824
91307
91572
97472
99454
99916
101123
101218
103279
106428
111945
112424
114768
115939
115988
117183
117259
119629
120009
120845
120950
122212
126114
129723
132502
132886
132895
Number of cuts: 107

TWAMP
401
696
1015
1144
1178
1428
1746
1835
3187
4964
4970
5848
6152
6728
6796
7164
8347
9358
9371
9950
10418
11277
11909
12224
12241
12459
12607
12721
12919
13114
13542
13743
15268
15389
15771
15787
15829
16261
16451
16682
16837
17305
17314
17470
17864
18905
19482
19971
20244
20472
20609
20646
20789
20855
20955
21089
21675
21760
22266
22521
23123
23388
23450
23711
23733
23977
25159
25335
25410
25562
26139
26385
26476
26573
27785
28012
28215
28259
28610
30153
30925
31481
31859
32029
33704
34586
34635
35588
37675
38328
38968
40253
40676
40678
41477
43180
44434
45435
Number of cuts: 98

UhSalsa
401
696
1015
1144
1178
1428
1746
1835
3187
4964
4970
5848
6152
6728
6796
7164
8347
9358
9371
9950
10418
11277
11909
12224
12241
12459
12607
12721
12919
13114
13542
13743
15268
15389
15771
15787
15829
16261
16451
16682
16837
17305
17314
17470
17864
18905
19482
19971
20244
20472
20609
20646
20789
20855
20955
21089
21717
21760
22266
22521
23123
23388
23450
23711
23733
23977
25160
25336
25362
25411
26140
26386
26477
26574
27786
28013
28216
28260
28611
31414
31792
31962
33637
34528
35530
37617
39849
40192
40998
41418
43121
44375
45376
Number of cuts: 93

Weasels2
799
1869
1939
2308
2365
6868
8104
9271
9553
9603
14445
17232
20941
22691
23048
24674
24883
25000
26410
26705
26804
29234
31400
31638
32028
33613
35526
36212
37761
39281
41570
41979
44896
48508
50313
52919
57041
58335
59858
67728
71486
72980
75511
76923
77113
77399
77545
77977
79178
80132
80264
80399
81945
82932
87615
91203
92728
95233
97127
97369
97489
100419
101090
101560
101575
104730
105707
106685
106697
107443
107737
108720
109356
110676
114005
115048
115383
118377
118483
118639
119322
120278
123221
124735
125664
128987
131389
132504
133574
133644
134013
134070
Number of cuts: 92

Yogi
401
696
1015
1144
1178
1428
1746
1835
3697
4233
4964
4970
5848
6152
6460
6713
6781
7149
7875
9326
9339
9480
9918
10386
10676
11251
11883
12198
12215
12433
12581
12839
12893
13088
13090
13717
13809
15363
15745
15761
15803
16284
16425
17279
17288
17838
19651
20218
20446
20583
20620
20929
21063
21691
21734
22240
22495
23362
23424
23685
23707
23951
25133
25335
25384
26113
26359
26450
26547
27258
27986
28189
28233
28584
31455
31833
32003
33678
34557
34606
35559
38026
38521
38561
39145
39554
40604
41027
41029
41828
44785
45037
45786
Number of cuts: 93

Yoncess
401
696
1015
1144
1178
1428
1746
1835
3697
4233
4964
4970
5848
6152
6713
6781
7149
7875
9326
9339
9480
9918
10386
10676
11251
11883
12198
12215
12433
12581
12695
12839
12893
13088
13090
13717
13809
15363
15745
15761
15803
16284
16425
17279
17288
17838
19651
20218
20393
20446
20583
20620
20929
21063
21259
21691
21734
22241
22496
23098
23363
23425
23686
23708
23952
25134
25385
25537
26114
26360
26451
26548
27259
27760
27987
28190
28234
28585
31235
31613
31783
31891
33458
34340
34389
35342
37429
37924
37964
38957
40007
40430
40432
41231
42939
44193
45194
Number of cuts: 97

