Alatin
555
1308
1630
1869
2783
4446
4548
5016
5278
8058
11935
12516
12734
13664
14029
14116
15658
25812
34927
36528
40543
43526
43726
Number of cuts: 23

Alpacados
555
1308
2745
4408
9756
11871
12670
13965
15594
17482
34829
36421
40366
43349
43549
Number of cuts: 15

AngryOrchard
556
1301
1814
2728
4177
4493
6338
11854
12653
13948
14035
15577
25677
26815
34989
36581
43571
46475
Number of cuts: 18

AppleCloud
319
1101
2492
4131
4155
11588
13629
15623
22992
24088
25687
30099
31089
34388
34654
36246
43243
43443
Number of cuts: 18

Belenaria
555
1308
1630
1869
2783
4446
4548
5016
5278
8058
11935
12516
12734
13664
14029
14116
15658
25746
30235
31225
34802
36394
43391
43591
Number of cuts: 24

BobbyDazzler
555
1308
1694
2854
4517
6043
9865
11980
12779
13709
14074
15703
17591
25791
26930
31338
34906
36498
40513
43497
43697
Number of cuts: 21

Bonanza
555
1308
1869
2783
4446
11909
12708
14003
15632
17520
25719
31266
34831
36353
40818
43801
44001
Number of cuts: 17

Bradshaw
555
1308
1630
1869
4446
4548
5016
5278
8058
11935
12516
12734
13664
14029
14116
15658
25745
34860
36461
40476
43459
43659
Number of cuts: 22

Bryce
555
1308
1869
2783
4446
5972
9794
11909
12708
14003
15632
17520
25720
34614
36206
40221
43205
43405
Number of cuts: 18

ChewyVIII
1003
1402
6899
9081
9812
11307
13037
17615
21313
24665
24890
26974
27141
30952
32304
33697
33946
41377
44487
45048
46950
47441
52714
56645
59654
62816
Number of cuts: 26

CosmicSans
555
1308
1630
1869
4446
4548
5016
5278
8058
11935
12516
12734
13664
14029
14116
15658
25745
34860
36452
40467
43450
43650
Number of cuts: 22

Dinger
556
1303
1626
1865
2779
4228
4442
5012
6389
11905
13634
13999
14086
15628
23006
25729
31161
32395
35002
36594
41044
43589
46495
Number of cuts: 23

DocB7
64
258
1299
3507
6111
9348
16771
18891
21582
22450
23242
23299
23811
24052
25062
25396
26638
28208
29785
32137
32586
33001
33654
35529
35991
38946
40370
42066
42181
43106
44447
47428
49417
50065
55597
58348
60839
62358
62852
63474
63552
63565
64733
65513
66359
66611
66703
66775
67458
68129
71197
71751
75532
Number of cuts: 53

E3
1523
16160
18383
26491
27697
28564
31060
32511
44317
45163
49649
51132
62042
75399
81721
87755
90815
91656
102441
107395
109453
121764
133425
137083
138717
139584
141333
Number of cuts: 27

Erik
555
1308
1630
1869
2783
4446
4548
5016
5278
8058
11934
12515
12733
13663
14028
14115
15657
25743
30234
34792
36384
40298
43281
43481
Number of cuts: 24

Espica
555
1308
1630
1869
2783
4446
4548
5016
5278
8058
11935
12516
12734
13664
14029
14116
15658
25746
30235
31225
34802
36394
43391
43591
Number of cuts: 24

Finch
7155
9656
13875
16336
22914
23630
23666
25913
26011
26734
32379
32966
33378
33409
33913
34036
35305
36562
36666
44974
46148
46868
47800
48480
56318
60909
61788
63057
63600
63871
64435
65600
66392
68465
74851
75221
75639
79158
81569
86016
88460
90633
94709
97504
99519
99773
103238
104039
105593
106359
107071
109087
109661
111356
111515
112154
118669
121951
124500
125663
128907
131522
132477
138396
Number of cuts: 64

Gollum
555
1308
1630
1869
2783
4446
4548
5016
5278
8058
11935
12516
12734
13664
14029
14116
15658
25745
31290
34858
36450
40409
41672
43392
43592
46413
Number of cuts: 26

Grayson
271
1277
2843
5171
5180
7114
8080
11280
12470
13273
13429
13643
17356
17444
19309
19630
20180
21209
23619
24626
25100
25917
26123
27053
29175
32109
33490
35218
36619
37261
37467
38746
39152
40492
44243
44380
45130
45205
46697
47207
47991
49613
50132
50177
50312
50491
50540
50720
51731
52039
52237
52283
56662
57950
58440
59745
59781
61226
63214
64797
66482
67766
68428
68497
69563
71489
71996
71998
74870
76344
79162
79504
80154
80288
80900
81469
83196
84278
85656
88074
91443
92098
94381
94799
95604
97169
97302
97700
98007
101279
101450
101512
102672
103676
106851
109460
109649
110235
112122
115823
116109
116564
117405
120099
120634
120836
120909
121315
121950
123327
123730
124145
125092
125400
126122
127290
128539
129172
130178
131744
Number of cuts: 120

Harlequin
555
1308
1869
2783
4446
6393
9770
11885
12684
13979
15608
17496
25750
34644
36236
43240
43440
Number of cuts: 17

Hiro
555
1308
1869
2783
4446
5972
11879
13920
15914
23283
26005
27144
35120
36712
40727
43711
43911
Number of cuts: 17

Jace
1759
2616
7732
10172
14766
17260
17503
23672
25302
29947
30390
34147
35782
37319
41669
42877
43371
46137
48341
50603
51909
53135
Number of cuts: 22

Jester
555
1308
1869
2783
4446
6393
11879
12678
13608
13973
14060
15602
25681
34575
36167
43171
43371
Number of cuts: 17

Krishelle
555
1308
1630
1869
2783
4446
4548
5016
5278
11894
13935
15929
23334
24430
26029
35220
36821
40836
43819
44019
Number of cuts: 20

Lillie
555
1308
1630
1869
4446
4548
5016
5278
8058
11935
12516
12734
13664
14029
14116
15658
25745
34860
36452
40467
43450
43650
Number of cuts: 22

Mahdia
11978
Number of cuts:  1

Naiad
555
1308
1630
1869
2783
4446
4548
5016
5278
8058
11935
12516
12734
13664
14029
14116
15658
25758
34873
36474
40489
43472
43672
Number of cuts: 23

Nancinator
555
1308
1630
1869
2783
4446
4548
5016
5278
8058
11935
12516
12734
13664
14029
14116
15658
25746
30235
31225
34802
36394
39806
42789
42989
Number of cuts: 25

Natosaleda
555
1308
1630
1869
2783
4446
4548
5016
5278
8058
11935
12516
12734
13664
14029
14116
15658
25745
30234
31224
34801
36393
43390
43590
Number of cuts: 24

Partridge
556
1301
1928
2842
4291
4505
6452
11968
13697
14062
14149
15691
23069
25828
31452
32686
35158
36750
41201
43935
46840
Number of cuts: 21

Pepy6
771
2758
2857
3613
5833
10350
11612
14564
17914
24269
27681
27992
30920
33592
33931
34131
36455
37061
41365
45438
46891
54242
54420
55356
55450
56453
57358
63597
66801
67091
68867
69026
69770
70911
72784
Number of cuts: 35

Peregrin
260
2536
3804
4999
5008
5118
7125
11784
11823
12587
16955
17043
17432
19182
23630
24200
26630
29358
30372
30683
30761
30937
31757
32272
33308
34909
36043
36249
37528
37933
39272
43023
43160
43910
43985
45987
46771
48393
48915
48960
49095
49304
49323
50514
50822
51020
56317
58112
58148
59593
61581
62880
63132
63662
64907
66191
66853
66922
67168
67988
68482
69899
70406
74847
76270
76580
79552
80685
81431
82000
83088
84165
85575
87967
88786
90724
91529
93017
93814
96199
96332
99646
100329
100579
101899
101925
103074
107127
107922
109377
109394
109896
111694
111790
115269
116326
118213
118222
122067
123221
124995
127148
128327
128755
130329
132605
Number of cuts: 106

Phrankenstein
555
1308
1630
1869
2783
4446
4548
5016
5278
8058
11935
12516
12734
13664
14029
14116
15658
25691
30248
31238
34806
36398
40413
43396
43596
46418
Number of cuts: 26

Pine5
446
5838
12287
13319
15199
16525
17582
19060
24026
26406
28788
39538
46394
Number of cuts: 13

Poco6
6057
6574
6858
6997
12095
12696
13082
13780
13830
14010
14882
17478
19562
26282
28917
29700
29724
29807
33696
33779
34554
35435
35617
36156
36282
36408
36762
36997
39657
40171
41225
42259
43167
45087
47127
47617
47675
49050
49093
49274
49835
55928
61297
62095
62802
63685
66291
67443
68676
68872
71377
74046
74380
74802
77126
Number of cuts: 55

Rasputin
555
1308
1630
1869
2783
4446
5972
11904
12703
13633
13998
15627
17515
22993
25716
34831
36423
40438
43421
43621
Number of cuts: 20

RER2
555
1308
1630
1869
4446
4548
5016
5278
8058
11935
12516
12734
13664
14029
14116
15658
25745
34860
36452
40467
43450
43650
Number of cuts: 22

RexFury
555
1339
1661
1900
2814
4477
4579
5047
5309
8089
11966
12765
13695
14060
14147
15689
25776
34891
36483
43480
43680
Number of cuts: 21

RGL3
1631
2036
5018
5974
13958
15720
22192
26411
27339
27859
31962
35816
43603
45051
46252
47343
47556
Number of cuts: 17

Rhodalysa
555
1308
1630
1869
4446
4548
5016
5278
8058
11935
12516
12734
13664
14029
14116
15658
25745
34860
36452
40467
43450
43650
Number of cuts: 22

StCroix
555
1308
1630
1869
2783
4446
4548
5016
5278
8058
11935
12516
12734
13664
14029
14116
15658
25758
34873
36474
40489
43472
43672
Number of cuts: 23

Swann
555
1308
1630
1869
2783
4446
4548
5016
5278
8058
11935
12516
12734
13664
14029
14116
15658
25745
34858
36450
40465
43448
43648
Number of cuts: 23

Takoda
556
1301
1623
1861
2775
4224
4438
4540
6385
11895
13989
15618
25718
26857
30209
35043
36635
43779
46685
Number of cuts: 19

Trina
991
3809
4801
5469
9525
12749
12883
12923
13220
15139
17302
17984
20627
23068
24474
26106
27817
29476
30024
30876
31160
32528
35610
36507
40901
42389
45088
45867
46314
46331
48226
49473
52411
55701
56547
57159
60886
63049
63069
63277
64334
67079
69323
69507
69910
70817
72490
74441
76149
80177
82071
84440
84920
85778
86058
88372
89508
90552
91782
96785
97896
98434
99265
104603
105082
105303
106303
106835
106932
111895
112885
113559
113748
114465
116958
118479
121022
122267
126047
127783
128418
130318
130903
131049
135954
136177
137393
Number of cuts: 87

TWAMP
555
1308
1630
1869
4446
4548
5016
5278
8058
11935
12516
12734
13664
14029
14116
15658
25745
34860
36452
40467
43450
43650
Number of cuts: 22

UhSalsa
555
1308
1630
1869
2783
4446
4548
5016
5278
8058
11935
12516
12734
13664
14029
14116
15658
25746
30235
31225
34802
36394
43391
43591
Number of cuts: 24

Weasels2
2946
4382
4818
4827
5880
8475
8710
9989
11146
13963
17641
17729
19521
20354
21610
22057
23201
24680
25497
25703
27427
30318
31796
36228
38903
39838
40116
40402
42156
45215
45269
45457
46452
46641
46786
47208
47943
48336
49165
49681
49726
49861
49948
50070
50089
51606
51804
52474
52754
57600
59128
59262
59298
60478
60608
63797
65515
66396
66623
67605
67863
69728
71417
75361
76201
78788
81219
82989
83665
83869
84262
88822
91529
92867
98444
102740
104856
105003
105585
112862
114061
115437
117063
117667
118808
122490
122567
123268
124932
128538
128812
130175
134651
Number of cuts: 93

Yogi
555
1308
1869
2783
4446
11909
12708
14003
15632
17520
25719
31266
34831
36353
40818
43801
44001
Number of cuts: 17

Yoncess
555
1308
1869
2783
4446
5972
9794
11909
12708
14003
15632
17520
25720
26859
34614
36206
40221
43209
43409
Number of cuts: 19

