Alatin
315
2036
3542
5150
5287
5513
5699
5928
6159
6283
7080
8016
8196
8412
8710
8956
10098
12646
12788
13164
13726
13813
14607
14796
16151
17801
17960
19280
20882
22222
22243
22951
24893
25092
25205
28064
28685
28812
31749
32428
33075
34147
34629
36980
37464
37487
39545
39684
40558
40959
41210
41598
41624
42267
42513
43639
44894
46045
46267
46469
Number of cuts: 60

Alpacados
315
4040
5112
5249
5269
5475
5661
5890
6230
7963
8640
8886
10028
10695
10770
11873
12438
12582
12724
13100
13662
13749
14022
14732
15308
16087
17737
19436
21059
22820
24762
24961
25074
27969
28590
31654
32333
34052
34531
36194
36873
37357
37380
39148
39577
40381
40782
41421
41447
42090
42336
43462
44717
45868
46290
Number of cuts: 55

AngryOrchard
315
1981
2121
2532
4023
5232
5252
5458
5644
5873
6104
6213
7227
7946
8623
8869
10011
10678
10753
11856
12421
12565
12707
13083
13645
13732
14005
14715
16070
17720
17879
19419
21042
22368
22815
24758
24957
25070
28549
28676
29882
32230
33064
34212
34691
36354
37033
37317
37517
39308
39739
40612
41651
41677
42674
43684
44484
44936
45973
46195
46394
46406
Number of cuts: 62

AppleCloud
1745
2296
4996
5016
5222
5408
5637
5868
5977
6991
7710
8387
8609
9751
11590
12146
12866
13691
13778
16116
17766
17925
18067
19465
21088
22418
22688
22853
24768
24967
25080
25232
27216
28639
30291
31479
32158
32805
32999
33871
34356
36019
36698
37182
37205
39399
40275
40676
40927
41315
41341
41984
42230
43356
44611
45762
45984
46185
Number of cuts: 58

Belenaria
315
2036
3542
5150
5287
5513
5699
5928
6159
6283
7080
8016
8196
8412
8710
8956
10098
11937
12646
12788
13164
13726
13813
14607
14796
16151
17801
17960
19280
20882
22884
24827
25026
25139
27998
28619
31615
32294
32941
34013
34504
36167
36846
37330
37353
39547
40423
40824
41075
41463
41489
42132
42378
43504
44759
45910
46132
46334
Number of cuts: 58

BobbyDazzler
315
4149
5221
5358
5378
5584
5999
6339
8072
8749
8995
10137
10804
10879
11982
12547
12691
12833
13209
13771
13858
14131
14841
15417
16196
19545
22930
23215
24872
25071
25184
28043
28664
31728
32407
33054
34126
34608
36271
36950
37434
37457
39225
39654
40528
40929
41595
42238
42484
43610
43670
44865
46016
46438
Number of cuts: 54

Bonanza
315
2036
4078
5150
5287
5307
5513
5699
5928
6268
8001
8678
8924
10066
10733
10808
11911
12476
12620
12762
13138
13700
13787
14060
14770
15346
16125
17775
19474
21097
22858
24800
24999
25112
27971
28592
31656
32335
34054
34533
36824
37255
37739
37762
39530
39959
40833
41234
41873
41899
42542
42788
43914
45169
46305
46527
46729
Number of cuts: 57

Bradshaw
315
2036
3542
5150
5287
5513
5699
5928
6159
6283
7080
8016
8196
8412
8710
8956
10098
11937
12646
12788
13164
13726
13813
14607
14796
16151
17801
17960
19280
20882
22884
24826
25025
25138
27997
28618
28745
31682
32361
33008
34080
34562
36913
37397
37420
39478
39617
40491
40892
41143
41531
41557
42200
42446
43572
44827
46401
Number of cuts: 57

Bryce
315
2036
5150
5287
5307
5513
5699
5928
6268
8001
8678
8924
10066
10733
10808
11911
12476
12620
12762
13138
13700
13787
14581
14770
15346
16125
19474
21097
22859
23144
24801
25000
25113
27242
27249
27972
28593
32115
32762
33834
34316
35979
36658
37142
37165
38933
39362
40236
40637
41303
41946
42192
43318
44573
45724
46144
Number of cuts: 56

ChewyVIII
161
205
1719
2590
2670
3463
3908
4066
4136
5658
7246
7391
7455
8443
8480
8523
8756
8820
9742
9830
10326
10695
10878
11093
11744
12518
12634
12816
13048
13290
13464
13877
15337
15519
15662
15676
15829
16276
17983
18291
18337
18704
18848
18923
19488
20839
20956
21621
21679
21738
23494
26328
26725
27105
27474
28576
28881
29133
31353
31660
32054
32069
32105
34232
34563
34618
34967
35267
35855
36307
36373
36545
37052
37720
38288
38513
38858
40374
40623
41479
42239
43176
43644
45345
45409
46430
46704
46782
47021
47136
48008
50873
50886
51154
51283
51630
52062
52584
52617
52818
54652
55384
55429
56961
56997
57185
57581
57826
58315
58915
59785
60181
60352
60667
61928
62540
63810
64107
64134
64167
64302
64338
64496
64679
64830
65094
65555
65818
66436
67654
67726
68186
68301
Number of cuts: 133

CosmicSans
315
2036
3542
5150
5287
5513
5699
5928
6159
6283
7080
8016
8196
8412
8710
8956
10098
11937
12646
12788
13164
13726
13813
14607
14796
16151
17801
17960
19280
20882
22884
24826
25025
25138
27997
28618
28745
31682
32361
33008
34080
34562
36225
36904
37388
37411
39469
39608
40482
40883
41522
41548
42191
42437
43563
44818
45969
46393
Number of cuts: 58

Dinger
315
2032
2172
2583
3672
5283
5303
5509
5656
5695
5924
6155
6264
7278
7997
8674
8920
9686
10062
10729
10804
11907
12472
12616
12758
13696
13783
16121
17771
17930
18072
18258
19250
19470
21093
22138
22159
22420
22867
24810
25009
25122
27258
28681
32877
33071
34213
34397
36367
37046
37330
37530
39321
39611
39752
40625
41278
41666
41692
42530
42692
43702
44954
46443
Number of cuts: 64

DocB7
317
1258
1492
1619
4189
5039
5770
6283
6442
7393
10526
11346
11380
12416
12653
12896
15605
15827
15844
17261
17402
17420
17723
18674
19305
19692
20040
20233
20678
20688
20820
20952
21084
22146
22218
23037
23703
25095
27328
27896
28159
28374
28839
30993
31338
31378
31797
32616
33792
33999
34777
36003
36066
36184
37459
37638
38421
38487
38562
40667
40966
40992
41846
41885
43647
44349
44706
45135
45378
46509
46777
47170
47575
48246
48749
51173
51380
51487
51804
51846
52064
52487
52842
53452
54133
54604
55095
55858
55999
57359
57554
59147
59976
61318
61570
61699
61759
62384
62777
63905
64645
65199
65271
66256
66346
66439
67303
67733
68064
68154
68384
68940
68973
69000
70564
72206
72971
73175
75013
75511
75677
75754
Number of cuts: 122

E3
70
154
176
557
773
1262
1804
1838
2425
2440
2512
2980
3023
3249
3383
3571
4063
4580
5676
5745
6020
6157
6663
6813
7570
7585
7711
7780
8085
8505
8653
8818
9723
10002
10548
11008
11135
12412
12477
13293
13587
14179
14431
14518
14703
15134
15259
15349
15403
16756
17312
17452
17892
17941
18030
18150
18191
18623
19367
19423
20273
20814
21347
21641
21734
22966
23414
23646
23950
24269
24645
24729
24843
25273
26357
26377
26444
26621
26639
26684
27043
27877
27974
28965
29144
29235
29309
29455
29557
29582
29588
29738
29846
29915
30227
30366
31298
31317
31993
32971
33136
33463
33727
33799
34159
34744
34996
35004
35433
35439
35451
35551
35623
35666
35734
35974
36349
37142
37153
37511
37739
38003
38141
38384
38547
38603
39355
39415
39442
40008
40039
40189
40429
40543
40657
40851
40984
41371
41968
42238
43000
43373
43709
43730
44655
45395
45477
45603
45714
46335
46423
46579
47080
47239
47264
47285
47516
48216
48267
48714
48746
48927
48948
48958
49394
49502
49508
50952
51090
51201
51800
51972
52468
52712
52751
52871
53103
53524
54091
54310
54375
54550
54675
54982
55275
55640
55654
55741
56934
57863
57942
58467
58656
58760
59056
59062
59685
59987
60224
60386
60837
61291
61403
61476
62183
62210
62277
62762
62954
62997
63036
63234
63453
63516
63774
63822
64444
64633
64752
64777
64874
64994
65073
65103
65323
65517
65738
65981
65996
66393
66653
66693
67337
67426
67454
67516
68101
68619
68879
69274
69468
69629
70336
70438
70493
72200
72239
72320
73024
73087
73759
73801
73969
74101
74537
74900
75031
75408
75429
76343
76555
76657
76663
77114
77554
77872
78247
79130
79321
79409
79781
80482
80795
81338
81674
81758
81907
82235
82289
82296
82455
82649
82868
83470
83991
84767
84806
84953
84976
85016
86467
86547
87270
87432
87707
88294
88317
88565
88581
88675
88703
88746
88828
89103
89243
89339
89513
89621
89834
90061
90123
90179
90637
91121
91310
91373
92412
92668
93738
93822
94113
94148
94414
94553
94840
95178
95235
95370
95394
95756
95780
95851
96442
96538
96559
96817
97302
97408
97807
98266
98418
98521
99276
99393
99974
100448
100658
100895
101365
101656
101940
102430
102519
103380
104070
104925
105319
105873
106755
107031
107368
108253
108309
108398
108727
108928
109066
109147
109201
110096
110138
110210
110306
110580
110690
111423
111440
111824
111847
111922
112141
112572
112583
112692
113811
114293
114698
114939
115271
115475
115558
116106
116152
116159
116211
116222
116397
116603
117204
117326
117345
117504
117704
118398
118823
118991
119110
119363
119981
120149
120738
120869
121597
121678
121735
122564
122680
123351
123383
124263
124425
124760
125436
126126
126305
126635
126975
127287
127679
127721
127957
128299
128595
129046
129342
129861
129893
131614
131652
131743
132508
132795
133116
133229
133335
133931
134628
134735
135131
135791
136025
136369
136527
137334
138165
138444
139116
139260
139290
139988
140121
140710
140862
141088
141240
141249
141339
141454
141490
141969
142063
142291
Number of cuts: 472

Erik
315
2036
3542
5150
5287
5513
5699
5928
6159
6283
8016
8196
8412
8709
8955
10097
11936
12645
12787
13163
13725
13812
14606
14795
16150
17800
17959
19279
20881
22883
24824
25023
25136
27995
28616
31614
32293
34012
34494
36157
36836
37320
37343
39401
39540
40313
40714
41353
41379
42022
42268
43394
44649
45800
46022
46225
Number of cuts: 56

Espica
315
2036
3542
5150
5287
5513
5699
5928
6159
6283
7080
8016
8196
8412
8710
8956
10098
11937
12646
12788
13164
13726
13813
14607
14796
16151
17801
17960
19280
20882
22884
24827
25026
25139
27998
28619
31615
32294
34013
34504
36167
36846
37330
37353
39547
40423
40824
41075
41463
41489
42132
42378
43504
44759
45910
46132
46333
Number of cuts: 57

Finch
82
1307
1953
2878
3137
3869
3997
5175
5664
6594
6606
7736
7898
8103
8723
9139
10156
12151
12712
13509
15189
15615
15706
19990
20200
20847
22656
23638
25319
25371
26356
26617
26959
31260
31785
32097
33090
33699
33851
36448
36847
38429
39603
40514
41062
41596
42028
42173
42537
42646
43534
43691
44055
44153
45026
48429
49124
50467
50572
51237
51683
51987
54042
54296
55839
56742
58320
58461
58574
58873
61190
62100
62298
63386
63524
63973
64031
64691
65546
67036
67370
67756
68366
68516
68829
69119
70210
70749
72050
72509
73308
74016
74065
74226
74388
75422
75458
75827
77167
77903
78342
79523
79627
79852
81343
81579
81926
82143
82230
82329
82380
82426
82798
83388
84174
85519
86849
86959
87291
88817
90358
90543
90868
91194
91505
91927
92714
93652
93811
94012
95098
95739
96073
96734
97382
97624
98418
98547
98856
100723
101476
102761
104665
104994
105065
107517
108609
109627
110692
112918
113089
114382
114892
115327
115632
116508
118533
118543
118717
118840
120154
120229
120743
120798
121179
121940
122338
123098
123391
126023
126114
127389
127449
127801
129546
131082
132655
132880
133156
133614
134257
136165
136467
136941
Number of cuts: 184

Gollum
315
2036
3542
5150
5287
5513
5699
5928
6159
6283
7080
8016
8196
8412
8710
8956
10098
12646
12788
13164
13726
13813
14607
14796
16151
17801
17960
19280
19500
20882
22884
24826
25025
27997
28618
31680
32359
34078
34560
36223
36902
37386
37409
39603
40424
40825
41464
41490
42133
42379
43505
44760
46133
46332
Number of cuts: 54

Grayson
1361
1520
1997
2729
4514
4776
10132
11175
17548
20336
21107
27099
31273
41762
59466
73426
78597
88903
97469
99465
100572
104351
125726
130262
130421
130898
131630
Number of cuts: 27

Harlequin
315
2036
5287
5307
5513
5660
5699
5928
6268
7282
8001
8678
8900
10042
10709
10784
11887
12452
12596
12738
13114
13676
13763
14557
14746
15322
16101
19450
21073
22889
23174
24831
25030
25143
27272
27279
28002
28623
32145
32792
33864
34346
36009
36688
37172
37195
38800
38963
39394
40270
40672
41338
41981
42227
43353
44608
45759
46180
Number of cuts: 58

Hiro
315
2036
4078
5150
5287
5307
5513
5928
6268
7282
8001
8678
8900
10042
11881
12158
12437
13157
13982
14069
16407
18057
18216
19756
21379
22709
22979
23144
25086
25285
25398
28257
28878
31942
32621
33268
34340
34822
36485
37164
37648
37671
39439
39868
40742
41143
41809
42452
42698
43824
45079
46230
46652
Number of cuts: 53

Jace
4490
5063
5205
6428
6492
6651
7623
8138
8568
11383
12052
12385
13066
13716
16788
18617
18707
18802
18887
19037
21349
22375
22942
23037
24961
27550
28955
29068
30404
31031
32900
34785
34895
37942
38396
40221
42353
44394
44916
45920
47427
49837
52561
52618
Number of cuts: 44

Jester
315
2036
5287
5307
5513
5660
5699
5928
6268
7282
8001
8678
8900
10042
11881
12446
12590
12732
13670
13757
16095
17745
17904
19444
21067
22820
23105
24762
24961
25074
27203
27210
27933
28554
32076
32723
33795
34277
35940
36619
37103
37126
38731
38894
39325
40201
40603
41269
41912
42158
43284
44539
45690
46111
Number of cuts: 54

Krishelle
315
2036
3542
5150
5287
5513
5699
5928
6159
6283
7080
8016
8693
8915
10057
11896
12452
13172
13997
14084
16422
18072
18231
18373
19771
21394
22760
23030
23195
25110
25309
25422
25574
27558
28981
32042
32721
33368
34440
34922
37273
37757
37780
39838
39977
40851
41252
41503
41891
41917
42560
42806
43932
45187
46328
Number of cuts: 55

Lillie
315
2036
3542
5150
5287
5513
5699
5928
6159
6283
7080
8016
8196
8412
8710
8956
10098
11937
12646
12788
13164
13726
13813
14607
14796
16151
17801
17960
19280
20882
22884
24826
25025
25138
27997
28618
28745
31682
32361
33008
34080
34562
36225
36904
37388
37411
39469
39608
40482
40883
41522
41548
42191
42437
43563
44818
45969
46393
Number of cuts: 58

Mahdia
290
430
1379
1511
1702
1854
1894
2068
4182
4326
4728
4798
5013
5025
5197
6098
6419
6500
7092
7098
7419
8385
8427
8908
8968
9115
9288
9879
9938
10064
10192
10201
10672
10711
12480
12723
12930
13774
13844
15369
15776
16072
16456
16577
17154
17165
17268
17956
18053
18423
18942
19109
19244
19615
19884
19910
20145
21096
21247
21588
21755
22323
22341
22755
23572
23717
23755
23818
24121
24549
25166
25186
25337
25404
25705
25770
26126
26603
26679
27023
27290
27486
27592
27651
27750
27778
28189
28531
28568
28860
29610
29721
30125
30324
30378
31277
31526
33153
33411
33681
33696
33746
33978
34698
34725
34768
35377
35520
35881
36343
36403
36469
36599
37089
37386
37795
37993
38225
38250
38505
38619
39261
39601
40345
40434
40610
40652
40813
40849
40998
41180
41358
41457
41520
42159
Number of cuts: 135

Naiad
315
2036
3542
5150
5287
5513
5699
5928
6159
6283
7080
8016
8196
8412
8710
8956
10098
12646
12788
13164
13726
13813
14607
14796
16151
17801
17960
19280
20882
22168
22189
22897
24839
25038
25151
28010
28631
28758
31695
32374
33021
34093
34575
36926
37410
37433
39491
39630
40504
40905
41156
41544
41570
42213
42459
43585
44840
45991
46213
46415
Number of cuts: 60

Nancinator
315
2036
3542
5150
5287
5513
5699
5928
6159
6283
7080
8016
8196
8412
8710
8956
10098
11937
12646
12788
13164
13726
13813
14607
14796
16151
17801
17960
19280
20882
22884
24827
25026
25139
27998
28619
31615
32294
34013
34504
36167
36846
37330
37353
39821
40222
40861
40887
41530
41776
42902
44157
45308
45530
45732
Number of cuts: 55

Natosaleda
315
2036
3542
5150
5287
5513
5699
5928
6159
6283
7080
8016
8196
8412
8710
8956
10098
11937
12646
12788
13164
13726
13813
14607
14796
16151
17801
17960
19280
20882
22884
24826
25025
25138
27997
28618
31614
32293
34012
34503
36166
36845
37329
37352
39546
40422
40823
41074
41462
41488
42131
42377
43503
44758
45901
46123
46324
46352
Number of cuts: 58

Partridge
315
2095
2235
2646
3735
5209
5346
5366
5572
5719
5758
5987
6218
6327
7341
8060
8737
8983
9749
10125
10792
10867
11970
12535
12679
12821
13759
13846
16184
17834
17993
18135
19313
19533
21156
22201
22222
22930
24873
25072
27357
28780
32841
33165
33359
34369
34553
36508
36523
37202
37487
37687
39478
39768
39909
40782
41409
41435
41823
41849
43038
44048
45300
Number of cuts: 63

Pepy6
45
450
1287
2112
4273
6612
7251
7271
8379
8713
11272
11548
12176
12669
14123
16515
17188
17661
18114
19526
21422
24035
24056
25066
25166
25370
25702
26602
27688
28382
33724
33870
35224
35339
37050
38665
39360
42102
42943
43107
43434
45117
45620
45629
46866
47367
47409
48325
49202
49416
49519
49599
50188
51099
52420
53808
54519
54930
55205
55710
57459
57672
58364
58624
58836
59129
60502
62884
64589
64726
66897
67121
67157
69007
69195
70040
70825
72933
73784
74215
75160
Number of cuts: 81

Peregrin
1384
1543
1759
2012
2749
9446
10489
17147
40542
57833
60026
71836
75251
78805
84464
96499
98291
104595
104755
131453
131612
131828
132081
132818
Number of cuts: 24

Phrankenstein
315
2036
3542
5150
5287
5513
5699
5928
6159
6283
7080
8016
8196
8412
8710
8956
10098
12646
12788
13164
13726
13813
14607
14796
16151
17801
17960
19280
20882
22830
24772
24971
25084
27943
28564
31628
32307
32954
34026
34508
36171
36850
37334
37357
39415
39554
40428
40829
41468
41494
42137
42383
43509
44764
45915
46137
46338
Number of cuts: 57

Pine5
506
1092
1136
1214
1479
2773
3145
3238
3693
6524
7808
8075
8717
9207
9778
10142
10693
11206
11787
12040
12310
13238
13550
16028
17194
17216
18948
19415
21457
23359
24450
24502
24730
25581
25591
26040
26109
26274
26439
26877
28040
28552
28654
28871
30928
31023
31715
32316
32653
32884
33133
33517
33796
34907
35174
35243
35561
36120
38099
38173
38990
39241
39404
39853
40129
40314
40414
41530
42087
42251
43085
43739
45978
46020
46361
47228
47527
47771
50491
51042
52351
52586
52755
53985
54273
55017
56947
57428
57458
57802
Number of cuts: 90

Poco6
2463
4173
4647
5020
5610
6025
6336
7306
8833
10431
10451
11581
11810
12043
12144
14668
15458
15645
16120
16577
17903
22303
23444
24602
26048
26583
27079
27179
27383
27527
27715
28615
30964
31149
31467
32810
33164
33922
35895
37361
40687
41008
41382
43299
44295
46627
46817
47724
49404
49649
50925
51025
51108
52264
54923
55316
57218
59951
60012
60305
60691
60995
61703
64394
64694
65438
66342
66386
67837
68242
68317
69771
70338
72223
73758
74002
74244
74986
75753
76428
77128
Number of cuts: 81

Rasputin
315
2036
3542
5150
5287
5307
5513
5928
6268
8001
8679
8925
10067
10803
11906
12471
12615
12757
13133
13695
13782
14055
14765
15341
16120
19249
19469
20949
22854
24797
24996
25109
25819
27968
28589
31653
32332
32979
34051
34533
36196
36875
37359
37382
39440
39579
40453
40854
41493
41519
42162
42408
43534
44789
45940
46162
46365
Number of cuts: 57

RER2
315
2036
3542
5150
5287
5513
5699
5928
6159
6283
7080
8016
8196
8412
8710
8956
10098
11937
12646
12788
13164
13726
13813
14607
14796
16151
17801
17960
19280
22884
24826
25025
25138
27997
28618
31682
32361
33008
34080
34562
36225
36904
37388
37411
39469
39608
40482
40883
41522
41548
42191
42437
43563
44818
45969
46191
46392
Number of cuts: 57

RexFury
315
2067
3573
5181
5318
5544
5730
5959
6190
6314
7111
8047
8227
8443
8741
8987
10129
11968
12533
12677
12819
13757
13844
14638
14827
16182
17832
17991
19311
19531
20913
22915
24857
25056
25169
25879
28028
28649
31713
32392
33039
34111
34593
36256
36935
37419
37442
39636
40512
40913
41164
41552
41578
42221
42467
43593
44848
45999
46221
46423
Number of cuts: 60

RGL3
2175
4028
4043
4080
4271
4392
5233
5515
5701
5930
6276
6625
6891
7288
8006
8700
8922
9985
10809
12408
13400
15530
16184
16315
17843
17962
18105
18239
18533
19430
20095
20966
21812
21826
22930
23032
23200
23365
24809
25254
25629
25781
26217
26704
27602
27715
28223
28306
31164
31611
31791
31995
32077
32640
33216
34488
34967
35015
35296
36004
36779
37468
37824
39585
39859
40636
41937
42711
42875
43126
43172
43379
43670
43789
44018
44131
44997
45117
45167
45354
46378
Number of cuts: 81

Rhodalysa
315
2036
3542
5150
5287
5513
5699
5928
6159
6283
7080
8016
8196
8412
8710
8956
10098
11937
12646
12788
13164
13726
13813
14607
14796
16151
17801
17960
19280
20882
22884
24826
25025
25138
27997
28618
28745
31682
32361
33008
34080
34562
36225
36904
37388
37411
39469
39608
40482
40883
41522
41548
42191
42437
43563
44818
45969
46393
Number of cuts: 58

StCroix
315
2036
3542
5150
5287
5513
5699
5928
6159
6283
7080
8016
8196
8412
8710
8956
10098
12646
12788
13164
13726
13813
14607
14796
16151
17801
17960
19280
20882
22168
22189
22897
24839
25038
25151
28010
28631
28758
31695
32374
33021
34093
34575
36926
37410
37433
39491
39630
40504
40905
41156
41544
41570
42213
42459
43585
44840
45991
46213
46415
Number of cuts: 60

Swann
315
2036
3542
5150
5287
5513
5699
5928
6159
6283
7080
8016
8196
8412
8710
8956
10098
11937
12646
12788
13164
13726
13813
14607
14796
16151
17801
17960
19280
20882
22884
24826
25025
25138
25848
27997
28618
31680
32359
33006
34078
34560
36223
36902
37386
37409
39467
39606
40480
40881
41520
41546
42189
42435
43561
44816
45967
46190
46392
Number of cuts: 59

Takoda
315
2028
2168
2579
4070
5279
5299
5505
5691
5920
6151
6260
7274
7993
8670
8916
10058
10794
11897
12462
12606
12748
13124
13686
13773
14046
14756
16111
17761
17920
21083
22409
22856
24799
24998
25111
28591
28718
32272
32434
32912
33106
34254
34745
36408
37087
37371
37571
39362
39793
40666
41705
41731
42728
43892
45144
46182
46404
46603
Number of cuts: 59

Trina
1740
1980
2427
5177
6733
8773
9019
15624
16911
18342
18968
28167
29188
29578
29953
37194
41430
42137
45561
47581
53623
54011
56636
57970
62208
66349
67412
70601
73642
74220
74707
75204
76093
76273
79579
80509
80920
81385
88499
89485
90107
91056
92443
94711
97535
98436
100164
101045
101196
102406
102537
103002
105687
111911
113287
115667
118246
119516
120233
128824
130667
133815
138142
138382
138829
Number of cuts: 65

TWAMP
315
2036
3542
5150
5287
5513
5699
5928
6159
6283
7080
8016
8196
8412
8710
8956
10098
11937
12646
12788
13164
13726
13813
14607
14796
16151
17801
17960
19280
20882
22884
24826
25025
25138
27997
28618
28745
31682
32361
33008
34080
34562
36225
36904
37388
37411
39469
39608
40482
40883
41522
41548
42191
42437
43563
44818
45969
46393
Number of cuts: 58

UhSalsa
315
2036
3542
5150
5287
5513
5699
5928
6159
6283
7080
8016
8196
8412
8710
8956
10098
11937
12646
12788
13164
13726
13813
14607
14796
16151
17801
17960
19280
20882
22884
24827
25026
25139
27998
28619
31615
32294
34013
34504
36167
36846
37330
37353
39547
40423
40824
41075
41463
41489
42132
42378
43504
44759
45910
46132
46334
Number of cuts: 57

Weasels2
421
651
1656
1729
1857
3170
6392
6787
12484
30278
48250
65482
72058
82915
85313
96839
100380
102036
110913
115908
123920
126562
127642
130892
131379
132126
132356
133361
133434
133562
134875
Number of cuts: 31

Yogi
315
2036
4078
5150
5287
5307
5513
5699
5928
6268
8001
8678
8924
10066
10733
10808
11911
12476
12620
12762
13138
13700
13787
14060
14770
15346
16125
17775
19474
21097
22858
24800
24999
25112
27971
28592
31656
32335
34054
34533
36824
37255
37739
37762
39530
39959
40833
41234
41873
41899
42542
42788
43914
45169
46305
46527
46727
Number of cuts: 57

Yoncess
315
2036
5150
5287
5307
5513
5928
6268
8001
8678
8924
10066
10733
10808
11911
12476
12620
12762
13138
13700
13787
14770
15346
16125
19474
21097
22859
23144
24801
25000
25113
27972
28593
31436
32008
32115
32762
33834
34316
35979
36658
37142
37165
38933
39362
40236
40637
41303
41949
42195
43322
44577
45728
46150
Number of cuts: 54

