Alatin
292
582
597
991
1023
1393
1706
1728
1866
2376
3000
3711
3793
4337
4666
4765
5093
5157
5314
6135
6225
6366
6807
7277
7375
7995
8539
8705
8847
9229
10188
10212
10500
10841
11052
12282
12701
13218
14503
14681
15641
15749
16108
16199
16467
16479
16719
17092
17406
17578
17898
18047
18077
18413
19250
20191
20536
20593
20762
21208
21352
21423
22252
22333
22856
22908
23243
23393
23513
23612
23740
24198
25091
25201
25332
25599
25738
25840
25858
26203
26216
26609
27033
27128
27348
27762
28828
28996
29921
30110
30945
31555
32005
32409
32991
33484
33669
33981
34479
34901
35402
36550
36981
38172
38184
38263
39264
39367
39977
40324
40960
41185
41208
41217
41241
41761
41989
42292
42458
42806
42844
43461
43915
44401
44473
44602
44648
44853
45072
45091
45100
46276
46457
46496
46512
46540
Number of cuts: 136

Alpacados
292
582
597
991
1023
1393
1595
1658
1680
1977
2338
2962
3755
4299
4628
4727
5055
5068
5119
5276
5375
6097
6313
6754
7224
7322
7942
8465
8483
8635
8777
10142
10374
10430
10739
10777
10988
12218
13154
13649
13814
14439
14617
15391
15577
15685
16044
16135
16188
16236
16403
16415
16655
16709
17028
17342
17514
17663
17876
18013
18057
18349
18500
19186
19203
19415
19505
20127
20472
20529
20698
20960
21144
21288
21359
21798
22133
23112
23262
23382
23481
23609
24067
24738
25201
25643
25730
25745
25763
26052
26121
26169
26514
27033
27667
28901
29467
29826
30015
30144
30850
31460
31910
32314
32896
33389
33574
33886
34803
35304
36443
36874
38065
38077
38555
39082
39260
39870
41008
41031
41064
41191
41584
41812
42115
42281
42629
42667
43738
44224
44266
44296
44425
44471
44676
44895
44914
44923
45179
46099
46278
46316
46332
46360
Number of cuts: 144

AngryOrchard
297
580
595
986
1016
1386
1588
1651
1673
1811
2321
2452
2945
3656
3738
4282
4611
4710
5038
5051
5294
5358
6080
6296
6737
7207
7305
7925
8448
8466
8618
9782
10125
10357
10413
10604
10722
10760
10971
12201
13632
13797
14600
15560
15668
15691
16027
16118
16219
16386
16398
16518
16638
17011
17325
17497
17817
17996
18040
18332
19398
19488
20512
20669
20681
21271
21342
21749
22116
22197
22720
22772
23107
23257
23377
23476
23604
23784
23832
24063
24956
25197
25464
25603
25705
25723
26081
26117
26150
26177
26473
26992
27626
28692
29426
29791
30037
30639
30743
30753
31353
32146
32227
32567
32786
33026
33279
33561
33621
33900
34046
34177
34541
34963
35464
36340
36603
37034
37324
38225
38237
39242
39420
40032
40073
41014
41239
41262
41295
41814
42042
42854
43260
43365
43957
44023
44443
44485
44644
44690
44913
45241
46204
46437
46464
Number of cuts: 145

AppleCloud
85
346
361
786
816
1186
1413
1435
1892
2085
2709
3420
3502
4046
4375
5058
5122
5844
6060
6501
6971
7069
7689
8212
8230
8382
8512
9522
9841
9865
10097
10153
10456
10494
10705
12147
12153
12286
12823
12903
13678
14301
14461
14468
14646
14743
15606
15714
15737
15785
16073
16164
16265
16360
16432
16444
16482
16564
16684
17057
17371
17543
17863
18042
18086
18378
19232
20558
20727
20911
21173
21317
22245
22686
22827
23072
23577
23642
23822
24073
25207
25474
25559
25613
25715
25733
27003
27575
27637
28346
28950
29513
29969
30571
30675
30685
30739
31285
32078
32139
32159
32335
32479
32499
32721
33214
33338
33399
33559
33705
34628
35129
36268
36699
37890
37902
37981
38176
38380
39733
40677
40902
40925
40934
40958
41085
41478
41706
42009
42175
42523
42561
43178
43632
44118
44190
44319
44365
44570
44789
44808
44817
45993
46173
46212
46228
46256
Number of cuts: 147

Belenaria
292
582
597
991
1023
1393
1706
1728
1866
2376
3000
3711
3793
4337
4666
4765
5093
5157
5314
6135
6225
6366
6807
7277
7375
7995
8539
8705
8847
9229
10188
10212
10500
10841
11052
12282
12701
13218
14503
14681
15641
15749
16108
16199
16467
16479
16719
17092
17406
17578
17898
18047
18077
18413
20191
20536
20593
20762
21208
21352
21423
21664
22197
22789
22841
23176
23326
23446
23515
23545
23673
24132
25266
25533
25774
25792
26150
26543
26774
27062
27282
27696
28930
29494
29874
30105
30811
31421
32275
32857
33350
33535
33847
34354
34776
35277
36416
36847
38038
38050
38129
38324
38528
39881
40825
41050
41073
41082
41106
41233
41626
41854
42157
42323
42671
42709
43326
43780
44266
44338
44467
44513
44718
44937
44956
44965
46141
46322
46361
46377
46405
Number of cuts: 131

BobbyDazzler
292
582
597
991
1023
1393
1595
1770
1792
2089
2447
3071
3864
4408
4737
4836
5164
5177
5228
5385
5484
6206
6422
6863
7333
7431
8051
8574
8592
8744
8886
10251
10483
10539
10848
10886
11097
12327
13263
13758
13923
14548
14726
15500
15686
15794
16153
16244
16297
16345
16512
16524
16764
16818
17137
17451
17623
17772
17985
18122
18166
18458
18609
19295
19312
19485
19524
19614
20236
20581
20638
20807
21069
21253
21397
21468
21907
23222
23372
23492
23591
23719
24177
24848
25311
25578
25717
25804
25819
25837
26126
26195
26243
26588
27012
27107
27741
27748
28975
29541
29900
30089
30218
30924
31534
31984
32388
32970
33463
33648
33960
34458
34880
35381
36520
36951
38142
38154
39159
39337
39947
41155
41178
41211
41338
41732
41960
42263
42429
42777
42815
43291
43432
43886
43952
44372
44414
44444
44573
44619
44824
45043
45071
46247
46426
46464
46480
46508
Number of cuts: 148

Bonanza
292
582
597
991
1023
1393
1706
1728
1866
2376
3000
3793
4337
4666
4765
5093
5106
5157
5314
5413
6135
6351
6792
7262
7360
7980
8503
8521
8673
8815
10180
10412
10468
10777
10815
11026
12256
13192
13687
13852
14477
14655
15429
15615
15723
16082
16173
16226
16274
16441
16453
16693
16747
17066
17380
17552
17701
17914
18051
18095
18387
18538
19224
19241
19453
19543
20165
20510
20567
20736
20998
21182
21326
21836
22171
22815
23150
23300
23420
23519
23647
23874
24105
24776
25239
25506
25645
25732
25747
25765
26054
26123
26171
26516
27035
27669
28903
29469
29828
30017
30146
30852
31462
31912
32316
32898
33391
33576
33888
34805
35306
36722
36753
37256
38447
38459
38937
39464
39642
40252
41460
41483
41516
41643
42036
42264
42567
42733
43081
43119
44190
44676
44718
44748
44877
44923
45128
45347
45366
45375
45631
46536
46548
46717
46755
46771
46799
Number of cuts: 147

Bradshaw
292
582
597
991
1023
1393
1706
1728
1866
2376
3000
3711
3793
4337
4666
4765
5093
5157
5314
6135
6225
6366
6807
7277
7375
7995
8539
8705
8847
9229
10188
10212
10500
10841
11052
12282
12701
13218
14503
14681
15641
15749
16108
16199
16467
16479
16719
17092
17406
17578
17898
18047
18077
18413
20191
20536
20593
20762
21208
21352
21423
22197
22789
22841
23176
23326
23446
23545
23673
24131
25024
25134
25265
25532
25671
25773
25791
26136
26149
26542
26773
26966
27061
27281
27695
28761
28929
29854
30043
30878
31488
31938
32342
32924
33417
33602
33914
34412
34834
35335
36483
36914
38105
38117
38196
39197
39300
39910
40257
40893
41118
41141
41150
41174
41694
41922
42225
42391
42739
42777
43394
43848
44334
44406
44535
44581
44786
45033
46322
46389
46429
46445
46473
Number of cuts: 133

Bryce
292
582
597
991
1023
1393
1706
1728
1866
2376
3000
3793
4337
4666
4765
5093
5106
5157
5314
5413
6135
6351
6792
7262
7360
7980
8503
8521
8673
8815
10180
10412
10468
10777
10815
11026
12256
13192
13687
13852
14477
14655
15429
15615
15723
16082
16173
16226
16274
16369
16441
16453
16693
16747
17066
17380
17552
17701
17914
18051
18095
18387
18538
19224
19241
19414
19453
19543
20165
20510
20567
20736
20920
20998
21182
21326
21397
21836
23151
23301
23421
23520
23648
24106
24777
25240
25507
25646
25733
25748
25766
26124
26172
26517
26748
27036
27670
28904
29470
29926
30632
31242
31692
32096
32678
33171
33356
33668
34166
34588
35089
36228
36659
37850
37862
38867
39045
39655
40863
40886
40919
41046
41440
41668
41971
42137
42485
42523
43140
43594
43660
44080
44122
44152
44281
44327
44532
44751
44770
44779
45955
46132
46170
46186
46214
Number of cuts: 145

ChewyVIII
372
518
643
715
962
1080
1229
1286
1326
1421
1465
1735
1938
2092
2276
2512
2772
2825
3464
4050
4339
4767
5068
5079
5874
6169
6414
7390
7515
7636
8236
8401
8590
8661
10521
10879
10957
11743
11965
12314
12874
12914
13802
14599
14641
14958
15168
16262
17113
17333
17565
17644
17771
17797
18298
19006
19429
19823
19972
20039
20054
20125
20297
20594
22859
22954
23375
24503
24559
24586
25532
26290
26468
27538
27950
28279
28940
29218
29353
29821
29875
30181
31243
31279
31659
32545
32788
33644
34374
34574
35163
35760
35856
36353
36558
37259
37386
38034
38389
38856
38975
39422
39823
39970
40052
40989
41370
41496
41711
42534
43099
43692
43976
44137
44275
44515
44776
44815
44833
44872
45634
45754
45784
46229
46789
46990
47621
47823
48033
48150
48538
48797
50662
51631
52022
52045
52446
52691
52825
53260
53571
53729
54272
54295
54476
54552
54673
54935
55373
55436
55802
56695
58101
58273
58307
58538
58577
59023
59035
59451
61643
61651
61929
62058
62301
62481
62705
62886
63159
63880
64339
64795
65919
66588
66610
67625
68613
68668
Number of cuts: 178

CosmicSans
292
582
597
991
1023
1393
1706
1728
1866
2376
3000
3711
3793
4337
4666
4765
5093
5157
5314
6135
6225
6366
6807
7277
7375
7995
8539
8705
8847
9229
10188
10212
10500
10841
11052
12282
12701
13218
14503
14681
15641
15749
16108
16199
16467
16479
16719
17092
17406
17578
17898
18047
18077
18413
20191
20536
20593
20762
21208
21352
21423
22197
22789
22841
23176
23326
23446
23545
23673
24131
25265
25532
25791
26136
26149
26542
26773
27061
27281
27695
28761
28929
29854
30043
30878
31488
32342
32924
33417
33602
33914
34412
34834
35335
36474
36905
38096
38108
38187
39188
39291
39901
40248
41109
41132
41165
41292
41685
41913
42216
42382
42730
42768
43385
43839
44325
44367
44397
44526
44572
44777
44996
45015
45024
46200
46381
46419
46435
46463
Number of cuts: 129

Dinger
110
325
583
598
988
1018
1388
1702
1724
1862
2372
2996
3707
3789
4333
4662
4761
5089
5102
5345
5409
5576
6347
6482
6788
7258
7356
7976
8499
8517
8669
8777
8811
10176
10408
10464
10655
10811
12252
12556
13683
14651
14748
15611
15719
15742
16078
16169
16270
16437
16449
16689
16743
17062
17376
17548
17868
18047
18091
18383
19410
20563
20720
20732
21178
21322
22168
22249
22772
22824
23159
23309
23429
23528
23656
23836
23884
24115
25249
25516
25601
25655
25757
25775
26280
27045
27592
27617
27679
28992
29556
30041
30643
30747
30757
30811
31357
32150
32211
32231
32340
32557
32571
32793
33286
33568
33628
33901
34047
34398
34554
34976
35477
36353
36616
37047
37337
37351
38238
38250
39433
39612
40045
40086
41028
41253
41309
41436
41829
42060
42872
43278
43383
43975
44041
44461
44503
44662
44708
44931
45258
46457
46484
Number of cuts: 143

DocB7
609
1054
1099
1243
1896
2967
3844
6443
7528
8043
8103
8196
8322
9429
9435
10236
10436
10533
11026
11272
11508
11912
12140
12244
12792
16423
18268
18761
19505
20234
22147
22917
23342
23860
26534
26727
28060
28636
30140
34187
34433
34674
35070
36049
37133
37510
38352
38596
39514
39842
39915
40705
40872
41009
41225
41442
42359
42949
43615
44066
44122
44595
44984
45061
45649
46944
48395
48889
49415
49647
49761
49797
51640
51847
52036
52555
52586
52658
53453
53822
54284
54487
54664
54712
55649
55689
56426
57408
57727
58742
58776
60606
61314
61371
62801
62903
63663
64769
66602
66926
67449
67703
68594
69010
69161
69673
70607
70738
70754
71433
71828
72234
73984
74123
74213
74552
74559
74567
74675
75137
75199
75572
75588
75599
Number of cuts: 124

E3
9
39
469
544
564
679
747
817
1192
2250
2519
2667
2715
2973
3126
3218
3309
3342
3537
3776
3846
3879
3979
4382
5063
5309
5325
5381
5677
5746
6164
6449
6670
6823
6877
6905
7024
7239
7251
7275
7571
7607
7712
7898
8268
8367
8455
9069
9095
9550
9574
9724
9790
9876
10122
10173
10370
10753
11008
11070
11136
11231
11295
11377
11412
11422
11567
11713
11921
12008
12188
12311
12484
12715
12886
13039
13546
13636
13985
14042
14147
14375
14681
14809
15021
15108
15234
15278
15290
15350
15356
15374
15709
16000
16223
16537
16662
16677
16823
17609
17717
17914
17995
18087
18160
18378
19128
19260
19424
19514
19532
19857
19887
20014
20129
20488
20518
20564
20639
20665
20767
21269
21373
21642
22571
22646
22741
23532
23866
24359
24556
24603
24754
24960
25005
25785
26259
26402
26517
27611
28314
28439
29259
29337
29377
29589
30094
30148
31003
31489
33039
33127
33679
33728
33788
33940
34145
34160
34505
34733
35353
35440
35514
35615
35667
35673
35833
35845
36028
36220
36265
36323
36350
36451
36462
36750
36872
37430
37490
37623
37650
37914
38019
38040
38136
38579
39083
39337
39356
39704
39968
39994
40367
40472
40520
40786
40803
41010
41538
41556
41646
41746
41987
41996
42328
42686
42908
42917
43097
43550
43710
43730
43740
43770
43878
44127
44189
44502
44575
44707
45394
45889
45939
46027
46547
46586
46829
47069
47087
47138
47192
47226
47246
47292
48384
48645
48865
48899
48965
49201
49509
49671
49695
50491
50556
50881
50953
51034
51084
51384
52169
52644
52950
53019
53058
53064
53335
53498
53791
54189
54290
54385
54467
54682
55021
55182
55739
56306
56753
56987
57337
57474
57602
57724
57802
58207
58345
58799
59063
59069
59159
59234
59504
60275
60284
60465
60503
60679
60844
60861
61032
61191
61950
62377
62563
63004
63120
63241
63499
63510
63628
64188
64209
64706
64921
65095
65440
65601
65982
65988
65997
66003
66028
66313
66334
66484
66727
67398
67442
67523
67798
67807
67942
67991
68102
68108
68252
68294
68554
68662
68680
68958
69104
69281
69358
69537
69843
70326
70337
70362
70439
71297
71568
71705
71735
72085
72113
72319
73031
73055
73378
73766
73776
74100
74285
74615
74826
74907
75106
75244
75464
75491
75626
75797
76664
76733
76780
76837
76894
77068
77882
77966
78089
78098
78107
78199
78772
78886
79330
79788
79820
80220
80305
80802
80976
81104
81810
81846
81951
82026
82206
82226
82451
82961
83280
83490
84142
84250
84484
84515
84607
84744
84954
85112
85398
85418
85652
85687
86004
86021
86119
86468
86584
87020
88487
88642
88781
88808
88851
88945
88951
89904
90018
90468
90595
90876
91050
91065
91087
91575
92145
92430
92889
93113
93353
93365
93490
93745
93853
94504
94841
95089
95329
95401
95849
95947
96218
96263
96317
96539
97211
97874
97886
98039
98087
98670
99202
99433
99898
100359
100938
101010
101087
101379
101633
101919
102102
102225
102923
103910
104071
104077
104298
104452
104536
104932
104974
105160
106027
106230
106251
106413
106540
106582
106726
106756
106807
106875
106933
106999
107248
107465
107507
107744
107993
108310
108424
108468
108722
108833
108935
109067
109259
109557
109615
110118
110286
110307
110561
110924
111103
111199
111430
111836
111964
112142
112516
112534
112651
112840
112939
113041
113086
113164
113227
113710
113749
114300
114774
114946
114964
115096
115216
115270
115360
115815
116057
116090
116135
116230
116351
117346
117352
117513
117618
117711
118353
118902
118985
119235
119325
119364
119487
119580
119700
120075
120351
120414
120952
121454
121679
121742
122279
122441
122501
122508
122733
122847
123130
123190
123390
123888
124101
124527
124650
124709
124750
124809
125437
125457
126114
126204
126221
126332
126733
126751
126976
127048
127066
127180
127257
127722
127812
127958
128159
128201
128300
128536
128924
129107
129121
129128
129499
129581
129751
129933
130127
130167
130377
130568
130999
131180
131218
131510
131644
131744
131981
132141
132203
132551
132740
133006
133078
133318
133500
133945
133989
134098
134170
134547
134902
135007
135190
135726
135951
136964
137078
137894
137903
138404
138490
138694
138750
139533
140038
140464
141233
141476
142070
142177
142388
142465
Number of cuts: 652

Erik
292
582
597
991
1023
1393
1706
1728
1866
2376
3000
3711
3793
4337
4666
4765
5093
5157
5314
6135
6225
6366
6807
7277
7375
7995
8539
8846
9228
10187
10211
10499
10840
11051
12281
12700
13217
14502
14680
15640
15748
16107
16198
16466
16478
16718
17091
17405
17577
17897
18046
18076
18412
20190
20535
20592
20761
21207
21351
21422
21663
22196
22788
22840
23175
23325
23445
23543
23671
24129
25263
25530
25771
25789
26147
26540
26771
27059
27279
27693
28927
29873
30104
30810
31420
31870
32274
32856
33349
33534
33846
34344
34766
35267
36406
36837
38028
38040
38119
39120
39223
39833
40180
40940
40963
40996
41123
41516
41744
42047
42213
42561
42599
43216
43670
44156
44228
44357
44403
44608
44827
44846
44855
46031
46213
46252
46268
46296
Number of cuts: 128

Espica
292
582
597
991
1023
1393
1706
1728
1866
2376
3000
3711
3793
4337
4666
4765
5093
5157
5314
6135
6225
6366
6807
7277
7375
7995
8539
8705
8847
9229
10188
10212
10500
10841
11052
12282
12701
13218
14503
14681
15641
15749
16108
16199
16467
16479
16719
17092
17406
17578
17898
18047
18077
18413
20191
20536
20593
20762
21208
21352
21423
21664
22197
22789
22841
23176
23326
23446
23515
23545
23673
24132
25266
25533
25774
25792
26150
26543
26774
27062
27282
27696
28930
29494
29874
30105
30811
31421
32275
32857
33350
33535
33847
34354
34776
35277
36416
36847
38038
38050
38129
38324
38528
39881
40825
41050
41073
41082
41106
41233
41626
41854
42157
42323
42671
42709
43326
43780
44266
44338
44467
44513
44718
44937
44956
44965
46141
46321
46360
46376
46404
Number of cuts: 131

Finch
454
593
697
887
1415
2400
2594
2909
2969
3589
3693
4107
4182
4391
5241
5501
5606
5618
5754
6355
6601
6915
7056
7602
7627
7690
8136
8648
8886
9249
9762
10243
10570
10700
10708
10757
10779
11210
11456
11731
11813
11897
12315
12366
12864
13860
13914
13942
14022
14257
14644
15629
15713
15893
15952
16004
16100
16493
16640
16649
16687
16745
17120
17296
17480
17712
17821
18115
19626
19966
20201
20414
20540
20899
20980
21376
22050
22168
22663
23321
23578
24020
24403
24442
24547
25130
25634
25768
25791
25870
26264
26789
26990
27008
28081
28520
29611
29767
29798
29881
30259
30535
30866
30922
31028
31687
31747
32371
32446
32931
33075
33091
33258
33466
33692
33799
33905
34169
34476
34495
34738
34847
35010
35530
35849
35981
36199
36350
36485
36833
36872
36884
37603
37751
38147
38965
40974
41390
41580
41603
41627
41718
42578
42963
43025
43809
44014
44803
44895
45079
45180
45363
45453
45488
46072
46776
46938
47012
47399
47460
47810
47901
48279
48430
48583
48958
49160
49901
50380
50582
50765
50921
51004
51074
51244
51290
51380
51561
51608
51652
51916
52472
52642
52666
52895
52990
53232
53513
53774
53907
54220
54228
54435
54475
54631
55471
55480
55516
55635
55774
56798
56922
57029
57092
57414
57480
57576
57679
58005
58165
58301
58492
58683
58874
58979
59636
59767
60107
60152
60363
60392
60582
60744
60871
60900
60927
61167
62107
62221
62278
62323
63233
63387
63449
63459
63468
63489
63571
63957
63968
64157
65085
65121
65638
66459
67028
67146
67509
67706
68836
68950
69002
69165
69686
69821
69896
69957
70060
70458
71063
71084
71461
71935
71997
72042
72051
72481
72690
73276
74023
74087
74652
74754
75293
75303
75713
76438
76630
76643
76699
77649
77904
78096
78259
78445
78583
78990
79002
79264
79346
79634
79706
79763
80420
80896
81020
81631
81659
81740
81841
82033
82060
82183
82210
82330
82354
82642
82822
82872
82899
83054
83443
83476
83534
83768
83993
84007
84274
84396
84699
84723
84955
85037
85048
85075
85117
85144
85157
85385
85526
85718
85845
85965
86226
86583
86658
87051
87169
87187
87229
87346
87509
87540
88592
88877
88936
89327
89493
89551
89770
90255
90544
90920
91064
91201
91506
92384
93194
93371
93389
93629
93720
93766
94019
94065
94650
94982
95230
95321
95500
95637
95662
95725
95740
95854
96231
96621
96776
96792
96823
96975
97026
97398
97624
97823
98359
98866
98884
99088
99610
99712
99794
100193
100222
100378
100647
100806
100816
101055
101160
101281
101450
101477
101976
102256
102498
102559
103105
103529
103888
104803
104843
104995
105422
105561
105884
106118
106286
106632
106832
107198
107480
107524
107767
107943
108093
108182
108320
108458
108491
108524
108616
109033
109056
109072
109298
109510
109968
110041
110693
110738
111525
111604
111772
112028
112101
112181
112248
112412
113007
113096
113105
113616
114137
114665
114772
114854
114899
114920
114986
115512
115639
115671
115970
116141
116274
116465
116736
116888
116936
117033
117400
117463
117701
117759
118836
118865
119015
119198
119266
119291
119305
119539
119625
119643
120199
120630
120772
120881
120911
121180
121424
121610
121712
122201
122287
122418
122629
122641
122671
122711
122749
122821
123564
123732
123784
124183
124649
124835
125153
125937
125989
126078
126179
126629
126859
126877
126914
126944
127173
128088
128169
128214
129168
129531
129564
130014
130293
130350
130745
130766
130858
130902
131202
131224
131314
131456
131480
132057
132428
132460
132560
132662
133004
133080
133121
133173
133613
133907
133921
134092
134534
135025
135172
135240
135523
135578
135872
136023
136663
136760
136907
137276
137453
137956
138142
138239
138869
Number of cuts: 568

Gollum
292
582
597
991
1023
1393
1706
1728
1866
2376
3000
3711
3793
4337
4666
4765
5093
5157
5314
6135
6225
6366
6807
7277
7375
7995
8539
8705
8847
9229
10188
10212
10500
10841
11052
12282
12701
13218
14503
14681
15641
15749
16108
16199
16300
16467
16479
16719
17092
17406
17578
17898
18047
18077
18413
19479
20191
20536
20593
20762
21208
21352
21423
21664
22197
22789
22841
23176
23326
23446
23515
23545
23673
24131
25134
25265
25532
25671
25791
26136
26149
26542
26773
27061
27281
27695
28929
29493
29852
30041
30876
31486
32340
32922
33162
33415
33600
33912
34410
34832
35333
36472
36903
38094
38106
38185
38380
38584
39843
40190
41051
41074
41107
41234
41627
41855
42158
42324
42672
42710
43327
43781
44267
44309
44339
44468
44514
44719
44938
44957
44966
46142
46320
46358
46374
46402
Number of cuts: 136

Grayson
1169
1639
2182
9107
10259
10866
15085
16157
19173
22870
23912
27806
27926
29654
34433
40326
40855
41600
46459
49407
50821
51637
58942
60912
61463
61970
62155
63427
65643
66987
70597
71797
72150
73761
74479
74651
78598
79306
81222
81845
86154
86371
87067
90739
91423
92368
92888
93114
93709
96586
97241
98836
99041
99279
100222
108065
108322
109660
112631
113774
122681
122802
123142
123541
123994
124994
125201
125779
126113
130070
130540
131083
Number of cuts: 72

Harlequin
292
582
597
991
1023
1393
1706
1728
1866
2376
3000
3711
3793
4337
4666
5349
5413
6351
6792
7262
7360
7980
8503
8521
8673
8803
10156
10388
10444
10753
10791
11002
12232
13168
13663
13828
14453
14631
15405
15591
15699
16058
16149
16202
16250
16345
16417
16429
16669
16723
17042
17356
17528
17677
17890
18027
18071
18363
18514
19200
19217
19390
19429
19519
20141
20486
20543
20712
20896
20974
21158
21302
21373
21866
23181
23331
23451
23550
23678
24136
24807
25270
25537
25676
25763
25778
25796
26154
26202
26547
26778
27066
27700
28934
29500
29956
30662
31272
31722
32126
32708
33201
33386
33698
34196
34618
35119
36258
36689
37880
37892
38370
39075
39687
39728
39981
40101
40673
40898
40921
40954
41081
41475
41703
42006
42172
42520
42558
43175
43629
43695
44115
44157
44187
44316
44362
44567
44786
44805
44814
45990
46168
46206
46222
46250
Number of cuts: 145

Hiro
292
582
597
991
1023
1393
1706
1728
1866
2376
3000
3793
4337
4666
4765
5093
5106
5157
5314
5413
6135
6351
6792
7262
7360
7980
8503
8521
8673
8803
9813
10132
10156
10388
10444
10747
10785
10996
12120
12438
12444
12577
13114
13194
13969
14592
14752
14759
14937
15034
15897
16005
16364
16455
16508
16556
16651
16723
16735
16855
16975
17348
17662
17834
18154
18333
18377
18669
19074
19523
19696
19825
20849
21018
21202
21464
21608
22536
22977
23118
23868
23933
24391
25062
25525
25792
25931
26018
26033
26051
26340
26409
26457
26802
27321
27955
29189
29755
30114
30303
30432
31034
31138
31748
32198
32602
33184
33677
33862
34174
34672
35094
35595
36734
37165
38356
38368
38846
39373
39551
40161
41369
41392
41425
41552
41946
42174
42477
42643
42991
43029
43505
43646
44100
44166
44586
44628
44658
44787
44833
45038
45257
45276
45285
46461
46640
46677
46693
46721
Number of cuts: 149

Jace
83
347
461
759
816
1005
1039
1753
2131
2158
2355
2569
2623
2655
3319
3723
4227
4349
4356
4800
4823
5517
5698
5757
5785
6121
6304
6435
6541
6639
6696
6861
6973
6997
7774
7836
8641
10071
10239
10504
11110
12053
12323
12889
13811
14002
14043
15761
16641
16984
17031
17143
17621
17778
19301
19395
19453
20357
20415
20635
21077
21316
21936
23044
23123
23720
23813
24264
24331
25091
25169
25368
25467
25554
25575
25689
26145
26449
26587
26599
26647
26728
27145
27420
27557
27995
28029
28065
28477
28999
29916
29956
30007
30358
31004
31025
31254
31559
32086
32182
32194
32889
32989
33035
33322
33542
33560
34127
34347
34464
34878
34902
35460
35514
35732
36282
36364
36387
36678
36738
37540
37574
37604
38084
38982
39223
39394
39439
39567
39647
39833
40250
40443
40636
40701
40834
41013
41294
42074
42977
43070
43423
43788
44365
44647
44923
44967
45005
45509
45813
45830
45884
46349
46832
46838
47004
47742
48135
49183
49300
49579
49883
49892
49913
49926
50173
50551
51098
51258
51865
52123
52366
52388
52460
52508
52526
52550
52568
52577
52592
52619
53614
53757
53812
Number of cuts: 184

Jester
292
582
597
991
1023
1393
1706
1728
1866
2376
3000
3711
3793
4337
4666
5349
5413
6351
6792
7262
7360
7980
8503
8521
8673
8803
9813
10156
10388
10444
10747
10996
12226
12530
13162
13657
14440
14447
14625
15585
15693
16052
16143
16244
16339
16411
16423
16461
16543
16663
17036
17350
17522
17842
17884
18021
18065
18357
19194
19211
19384
19423
19513
20135
20480
20537
20706
20890
20968
21152
21296
21367
21806
23112
23262
23382
23481
23609
24067
24738
25201
25468
25607
25694
25709
25727
26085
26133
26478
26709
26997
27631
28865
29431
29887
30593
31203
31653
32057
32639
33132
33317
33629
34127
34549
35050
36189
36620
37811
37823
38301
39006
39618
39659
39912
40032
40604
40829
40852
40885
41012
41406
41634
41937
42103
42451
42489
43106
43560
43626
44046
44088
44118
44247
44293
44498
44717
44736
44745
45921
46099
46137
46153
46181
Number of cuts: 144

Krishelle
292
582
597
991
1023
1393
1706
1728
1866
2376
3000
3711
3793
4337
4666
4765
5093
5157
5314
6135
6225
6366
6807
7277
7375
7995
8518
8536
8688
8818
9828
10147
10171
10403
10459
10762
10800
11011
12453
12459
12592
13129
13209
13984
14607
14767
14774
14952
15049
15912
16020
16043
16091
16379
16470
16571
16666
16738
16750
16788
16870
16990
17363
17677
17849
18169
18348
18392
18684
19538
20864
21033
21217
21479
21623
22587
23028
23169
23414
23919
23984
24164
24415
25549
25816
25901
25955
26057
26075
27345
27917
27979
28688
29292
30214
30403
31238
31848
32298
32702
33284
33777
33962
34274
34772
35194
35695
36843
37274
38465
38477
38556
39557
39660
40270
40617
41253
41478
41501
41510
41534
42054
42282
42585
42751
43099
43137
43754
44208
44694
44766
44895
44941
45146
45365
45384
45393
46074
46557
46578
46845
46852
Number of cuts: 142

Lillie
292
582
597
991
1023
1393
1706
1728
1866
2376
3000
3711
3793
4337
4666
4765
5093
5157
5314
6135
6225
6366
6807
7277
7375
7995
8539
8705
8847
9229
10188
10212
10500
10841
11052
12282
12701
13218
14503
14681
15641
15749
16108
16199
16467
16479
16719
17092
17406
17578
17898
18047
18077
18413
20191
20536
20593
20762
21208
21352
21423
22197
22789
22841
23176
23326
23446
23545
23673
24131
25265
25532
25791
26136
26149
26542
26773
27061
27281
27695
28761
28929
29854
30043
30878
31488
32342
32924
33417
33602
33914
34412
34834
35335
36474
36905
38096
38108
38187
39188
39291
39901
40248
41109
41132
41165
41292
41685
41913
42216
42382
42730
42768
43385
43839
44325
44367
44397
44526
44572
44777
44996
45015
45024
46200
46381
46419
46435
46463
Number of cuts: 129

Mahdia
343
632
740
1088
1097
1233
1512
1709
1719
1773
1829
1855
1901
2182
2703
2924
3961
3970
4627
4715
4763
4783
5014
5020
5527
5832
6243
6402
6838
7099
7107
8577
8830
9098
9662
10001
10065
10202
10489
10670
10917
10949
11177
12056
12404
12730
13298
13477
13775
15069
15425
15560
15685
16659
17023
17044
17680
17703
18100
18158
18181
18187
18571
19381
19606
19803
19923
20181
20438
21045
21360
21390
21589
22342
22618
22635
22647
22750
23129
23444
23708
23768
24089
24128
24604
24957
24987
25155
25437
25446
25757
26899
26983
27689
27885
28196
28329
29260
29495
29611
30316
31082
31527
31595
31722
32159
32302
32957
33309
33412
33646
33745
33799
34726
35118
35163
35208
35378
35593
35777
36096
36402
36729
36977
37041
37219
37683
37994
38058
38101
38251
38285
38800
38845
39752
40299
40443
40485
40558
40669
40850
40856
40943
40972
41005
41208
41379
41568
41743
41763
42160
42213
42343
42376
Number of cuts: 154

Naiad
292
582
597
991
1023
1393
1706
1728
1866
2376
3000
3711
3793
4337
4666
4765
5093
5157
5314
6135
6225
6366
6807
7277
7375
7995
8539
8705
8847
9229
10188
10212
10500
10841
11052
12282
12701
13218
14503
14681
15641
15749
16108
16199
16467
16479
16719
17092
17406
17578
17898
18047
18077
18413
19250
20191
20536
20593
20762
21208
21352
21423
22198
22279
22802
22854
23189
23339
23459
23558
23686
24144
25037
25147
25278
25545
25684
25786
25804
26149
26162
26555
26979
27074
27294
27708
28774
28942
29867
30056
30891
31501
31951
32355
32937
33430
33615
33927
34425
34847
35348
36496
36927
38118
38130
38209
39210
39313
39923
40270
40906
41131
41154
41163
41187
41707
41935
42238
42404
42752
42790
43407
43861
44347
44419
44548
44594
44799
45018
45037
45046
46222
46403
46442
46458
46486
Number of cuts: 136

Nancinator
292
582
597
991
1023
1393
1706
1728
1866
2376
3000
3711
3793
4337
4666
4765
5093
5157
5314
6135
6225
6366
6807
7277
7375
7995
8539
8705
8847
9229
10188
10212
10500
10841
11052
12282
12701
13218
14503
14681
15641
15749
16108
16199
16467
16479
16719
17092
17406
17578
17898
18047
18077
18413
20191
20536
20593
20762
21208
21352
21423
21664
22197
22789
22841
23176
23326
23446
23515
23545
23673
24132
25266
25533
25774
25792
26150
26543
26774
27062
27282
27696
28930
29494
29874
30105
30811
31421
32275
32857
33350
33535
33847
34354
34776
35277
36416
36847
38038
38050
38129
38324
38528
39587
40448
40471
40504
40631
41024
41252
41555
41721
42069
42107
42724
43178
43664
43736
43865
43911
44116
44335
44354
44363
45539
45720
45759
45775
45803
Number of cuts: 129

Natosaleda
292
582
597
991
1023
1393
1706
1728
1866
2376
3000
3711
3793
4337
4666
4765
5093
5157
5314
6135
6225
6366
6807
7277
7375
7995
8539
8705
8847
9229
10188
10212
10500
10841
11052
12282
12701
13218
14503
14681
15641
15749
16108
16199
16467
16479
16719
17092
17406
17578
17898
18047
18077
18413
20191
20536
20593
20762
21208
21352
21423
21664
22197
22789
22841
23176
23326
23446
23515
23545
23673
24131
25265
25532
25773
25791
26149
26542
26773
27061
27281
27695
28929
29493
29873
30104
30810
31420
32274
32856
33349
33534
33846
34353
34775
35276
36415
36846
38037
38049
38128
38323
38527
39880
40824
41049
41072
41081
41105
41232
41625
41853
42156
42322
42670
42708
43325
43779
44265
44337
44466
44512
44717
44936
44955
44964
45645
46132
46312
46350
46366
46394
Number of cuts: 132

Partridge
110
325
580
595
986
1016
1386
1588
1765
1787
1925
2435
3059
3770
3852
4396
4725
4824
5152
5165
5216
5408
5472
6410
6851
7321
7419
8039
8562
8580
8732
8840
8874
10239
10471
10527
10718
10874
11085
12315
12619
13746
14714
14811
15674
15782
15805
16141
16232
16333
16500
16512
16752
16806
17125
17439
17611
17931
18110
18154
18446
19473
20569
20626
20783
20795
21241
21385
22231
22312
22835
22887
23372
23492
23591
23719
23899
23947
24178
25312
25700
25754
25856
25874
27144
27691
27716
27778
28487
29091
29655
30203
30332
30934
31038
31048
31102
31648
32441
32522
32842
32862
33081
33574
33856
33916
34057
34203
34554
34710
35132
35633
36555
36772
37203
37494
37508
38395
38407
38681
39590
39769
40202
40243
41185
41410
41466
41593
41986
42214
43218
43624
43729
44321
44387
44807
44849
45008
45054
45277
45603
46802
46829
Number of cuts: 143

Pepy6
644
1358
1462
1565
2113
2530
2726
2936
3290
3347
3946
4115
4475
4730
5516
6478
6904
7399
7675
8959
11681
11984
12351
12938
13453
13839
14052
14537
14595
15561
15689
15818
15883
16514
17693
18322
18969
19812
20105
21431
22175
22422
23550
24534
25930
26354
27043
27417
28378
28648
29845
30592
31024
31860
32586
32872
36911
39269
39879
41060
41143
41431
41612
42625
43469
43736
44037
44369
44493
44692
44702
45088
45112
45139
47245
48364
50234
52034
52296
52819
54520
54931
55291
55853
56112
59152
59175
60157
60790
60823
60911
60982
61034
61175
61965
62713
62844
63213
63669
63944
65490
65651
67688
68381
69731
70034
70516
71536
71712
72072
72497
73785
73985
74083
74498
74747
74990
75151
75984
76167
76535
Number of cuts: 121

Peregrin
1192
2089
2211
2678
2720
3173
5107
8421
9573
12759
18725
19650
20445
22036
23078
27440
33197
35194
36244
39106
39635
40380
43081
45239
47336
48187
49587
49604
50420
51517
54407
57309
59279
59830
60522
64061
65055
69007
70207
70560
78806
79696
81752
82342
86073
86782
88405
88888
90170
90598
91799
92319
94646
96271
97282
97487
97725
108338
110599
110779
113770
117014
124253
124374
124809
127211
128109
130013
131261
132158
132280
132747
132789
Number of cuts: 73

Phrankenstein
292
582
597
991
1023
1393
1706
1728
1866
2376
3000
3711
3793
4337
4666
4765
5093
5157
5314
6135
6225
6366
6807
7277
7375
7995
8539
8705
8847
9229
9440
10188
10212
10500
10841
11052
12282
12701
13218
14503
14681
15641
15749
16108
16199
16467
16479
16719
17092
17406
17578
17898
18047
18077
18413
20191
20536
20593
20762
21208
21352
21423
21610
22143
22735
22787
23122
23272
23392
23491
23619
24077
25211
25478
25737
26082
26095
26488
26719
27007
27227
27641
28875
29441
29800
29989
30824
31434
32288
32870
33363
33548
33860
34358
34780
35281
36420
36851
38042
38054
38133
39134
39237
39847
40194
41055
41078
41111
41238
41631
41859
42162
42328
42676
42714
43331
43785
44271
44343
44472
44518
44723
44942
44961
44970
46146
46326
46364
46380
46407
Number of cuts: 130

Pine5
360
1192
1479
1764
2638
3310
4089
5352
5784
6152
6508
9779
9834
10356
10449
12353
16296
17807
18010
18038
18900
19628
19958
20071
21178
21223
23444
24709
28381
28553
32323
32476
32645
33180
34796
34906
36597
39077
39639
39936
40905
44162
44529
45230
45764
48855
49498
49684
51189
51703
51869
52026
52585
53779
54280
54637
55330
56208
Number of cuts: 58

Poco6
295
644
1406
1797
3249
4061
4460
5494
5537
6410
8414
8849
8948
9073
9662
10512
12390
13526
14604
15432
15802
16563
16904
17290
18321
18449
18643
20608
20736
21834
23360
23453
24200
24300
24447
24609
24893
25056
25563
26547
27943
28367
29056
29124
29430
30602
30892
31304
32778
33096
34079
34611
34897
36736
38933
39962
41102
41291
42383
42771
42992
43233
44419
46329
46626
46650
46731
46964
46991
47355
47964
49485
49578
51076
52179
52260
53164
53751
53805
54327
55551
55752
56439
56799
57361
57829
58087
58951
59691
59964
60698
61291
62235
62259
62290
62676
63140
63387
63612
63630
63743
63809
64029
64536
64793
65714
66237
66280
66343
66395
66722
68840
69323
69903
70170
70254
70576
70601
71091
72799
72975
72981
73681
73759
74359
74692
75247
75593
75760
76009
76258
76419
76579
77252
77328
77435
77801
Number of cuts: 137

Rasputin
292
582
597
991
1023
1393
1706
1728
1866
2376
3000
3711
3793
4337
4666
4765
5093
5106
5157
5314
5413
6135
6351
6792
7262
7360
7980
8504
8522
8674
8816
9838
10181
10469
10772
10810
11021
12251
13187
13682
13847
14472
14650
15424
15610
15718
16077
16168
16221
16269
16436
16448
16688
16742
17061
17375
17547
17696
17909
18046
18090
18382
18533
19219
19236
19409
19448
19538
20160
20505
20562
20731
20993
21177
21321
22811
23146
23296
23416
23515
23643
23823
23871
24102
25236
25503
25588
25642
25744
25762
26120
26513
26744
27032
27252
27666
28900
29025
29466
29825
30014
30849
31459
32313
32895
33388
33573
33885
34383
34805
35306
36445
36876
38067
38079
38158
39159
39262
39872
40219
41080
41103
41136
41263
41656
41884
42187
42353
42701
42739
43356
43810
44296
44368
44497
44543
44748
44967
44986
44995
46171
46353
46392
46408
46436
Number of cuts: 145

RER2
292
582
597
991
1023
1393
1706
1728
1866
2376
3000
3711
3793
4337
4666
4765
5093
5157
5314
6135
6225
6366
6807
7277
7375
7995
8539
8705
8847
9229
10188
10212
10500
10841
11052
12282
12701
13218
14503
14681
15641
15749
16108
16199
16300
16467
16479
16719
17092
17406
17578
17898
18047
18077
18413
20191
20536
20593
20762
21024
21208
21352
21423
21664
22197
23176
23326
23446
23545
23673
24131
24802
25136
25265
25532
25671
25758
25773
25791
26080
26149
26197
26542
27061
27695
28929
29495
29854
30043
30172
30878
31488
31938
32342
32924
33417
33602
33914
34412
34834
35335
36474
36905
38096
38108
38187
39188
39291
39901
40248
41109
41132
41165
41292
41685
41913
42216
42382
42730
42768
43385
43839
44325
44397
44526
44572
44777
44996
45015
45024
46200
46379
46419
46435
46463
Number of cuts: 135

RexFury
292
582
597
1022
1054
1424
1737
1759
1897
2407
3031
3742
3824
4368
4697
4796
5124
5188
5345
6166
6256
6397
6838
7308
7406
8026
8570
8736
8878
9260
9471
10219
10243
10531
10872
11083
12313
12732
14534
14712
15672
15780
16139
16230
16331
16498
16510
16750
17123
17437
17609
17929
18078
18108
18444
19510
20222
20567
20624
20793
21239
21383
21454
21695
22228
22820
22872
23207
23357
23477
23546
23576
23704
24162
25296
25563
25648
25702
25804
25822
26180
26573
26804
26997
27092
27312
27726
28960
29085
29526
29885
30074
30909
31519
31969
32373
32955
33448
33633
33945
34443
34865
35366
36505
36936
38127
38139
38218
38413
38617
39970
40914
41139
41162
41171
41195
41322
41715
41943
42246
42412
42760
42798
43415
43869
44355
44397
44427
44556
44602
44807
45026
45045
45054
46230
46411
46450
46466
46494
Number of cuts: 139

RGL3
447
572
588
1004
1321
1705
1726
1865
1892
1929
2254
2352
2378
3002
3255
3463
4044
4050
4339
4994
5387
5500
5582
6170
6478
6756
6797
7132
7268
7366
7985
8193
8511
8529
9253
9980
10157
10181
10469
10778
10816
11538
11550
11709
12093
12257
12637
13561
13845
14003
14189
14196
14320
14640
14887
14910
14917
14936
14986
15805
15913
16272
16363
16464
16631
16643
16763
16883
16974
17080
17261
17739
18101
18282
18532
18726
18949
19097
19333
19417
19544
20010
20163
20213
20411
20470
20486
20664
21286
21361
21459
21534
21617
21644
21827
22187
22237
22699
22757
23198
23242
23366
23804
23844
24155
24335
24620
24789
24801
24921
25134
25275
25648
26035
26119
26236
26585
26636
26825
26875
26974
27103
27209
27517
27748
27905
27941
28036
28190
28439
28467
28595
29045
29309
29454
29619
29850
29970
30033
30299
30327
30393
30772
30842
31548
31612
31723
31740
31753
32158
32202
32749
33011
33101
33315
33334
33441
33498
33570
34063
34084
34351
34462
34612
34711
34815
34857
34968
35004
35242
35790
35797
35821
35878
35944
36291
36317
36642
36753
36920
37030
37086
37315
37366
37416
37469
37475
37497
37505
37900
37921
37966
37984
38218
39026
39097
39377
40187
40230
40637
40748
41278
41477
41516
41944
41969
42133
42327
42882
42933
43701
44460
45004
45454
46056
46129
46639
46816
46876
47008
47482
47783
47911
47944
Number of cuts: 224

Rhodalysa
292
582
597
991
1023
1393
1706
1728
1866
2376
3000
3711
3793
4337
4666
4765
5093
5157
5314
6135
6225
6366
6807
7277
7375
7995
8539
8705
8847
9229
10188
10212
10500
10841
11052
12282
12701
13218
14503
14681
15641
15749
16108
16199
16467
16479
16719
17092
17406
17578
17898
18047
18077
18413
20191
20536
20593
20762
21208
21352
21423
22197
22789
22841
23176
23326
23446
23545
23673
24131
25265
25532
25791
26136
26149
26542
26773
27061
27281
27695
28761
28929
29854
30043
30878
31488
32342
32924
33417
33602
33914
34412
34834
35335
36474
36905
38096
38108
38187
39188
39291
39901
40248
41109
41132
41165
41292
41685
41913
42216
42382
42730
42768
43385
43839
44325
44367
44397
44526
44572
44777
44996
45015
45024
46200
46381
46419
46435
46463
Number of cuts: 129

StCroix
292
582
597
991
1023
1393
1706
1728
1866
2376
3000
3711
3793
4337
4666
4765
5093
5157
5314
6135
6225
6366
6807
7277
7375
7995
8539
8705
8847
9229
10188
10212
10500
10841
11052
12282
12701
13218
14503
14681
15641
15749
16108
16199
16467
16479
16719
17092
17406
17578
17898
18047
18077
18413
19250
20191
20536
20593
20762
21208
21352
21423
22198
22279
22802
22854
23189
23339
23459
23558
23686
24144
25037
25147
25278
25545
25684
25786
25804
26149
26162
26555
26979
27074
27294
27708
28774
28942
29867
30056
30891
31501
31951
32355
32937
33430
33615
33927
34425
34847
35348
36496
36927
38118
38130
38209
39210
39313
39923
40270
40906
41131
41154
41163
41187
41707
41935
42238
42404
42752
42790
43407
43861
44347
44419
44548
44594
44799
45018
45037
45046
46222
46403
46442
46458
46486
Number of cuts: 136

Swann
292
582
597
991
1023
1393
1706
1728
1866
2376
3000
3711
3793
4337
4666
4765
5093
5157
5314
6135
6225
6366
6807
7277
7375
7995
8539
8705
8847
9229
10188
10212
10500
10841
11052
12282
12701
13218
14503
14681
15641
15749
16108
16199
16467
16479
16719
17092
17406
17578
17898
18047
18077
18413
19250
20191
20536
20593
20762
21208
21352
21423
22197
22789
22841
23176
23326
23446
23545
23673
24131
25265
25532
25617
25671
25773
25791
26149
26542
26773
26966
27061
27281
27695
28929
29493
29852
30041
30876
31486
31936
32340
32922
33415
33600
33912
34410
34832
35333
36472
36903
38094
38106
38185
39186
39289
39899
40246
41107
41130
41163
41290
41683
41911
42214
42380
42728
42766
43383
43837
44323
44395
44524
44570
44775
44994
45013
45022
46199
46380
46419
46435
46463
Number of cuts: 133

Takoda
297
325
580
595
986
1016
1386
1698
1720
1858
2368
2992
3703
3785
4329
4658
4757
5085
5098
5341
5405
6127
6217
6343
6784
7254
7352
7972
8495
8513
8665
8807
9829
10172
10404
10460
10763
10801
12242
13673
13838
14641
15601
15709
15732
15780
16068
16159
16260
16427
16439
16559
16679
17052
17366
17538
17858
18037
18081
18373
19400
19439
19529
20553
20710
20722
21312
21383
22157
22238
22761
22813
23148
23298
23517
23645
23825
23873
24104
24997
25238
25505
25644
25746
25764
26122
26515
27034
27668
28734
29468
29848
30079
30681
30785
30795
31395
32188
32269
32609
32828
33116
33321
33528
33603
33663
33942
34046
34088
34595
35017
35518
36657
37088
37378
38279
38291
39296
39474
40086
40127
40499
41068
41293
41316
41349
41868
42096
42908
43468
43573
43714
44165
44231
44651
44693
44852
44898
45103
45121
45449
46413
46631
46647
46674
Number of cuts: 145

Trina
809
1135
1339
1646
1664
2051
2252
2423
2534
2583
4305
4765
8920
8977
11609
12066
12901
13668
14166
16266
17222
17690
17834
18382
18561
21101
21404
22367
26036
26204
27587
27701
28896
33089
35114
36126
36960
37902
40308
41282
42358
43329
43617
44826
44835
45477
45489
45546
46368
47682
47721
50136
50163
50816
51694
52447
56019
57114
58878
59187
59556
59585
61791
62217
62387
64470
64725
65337
65471
67239
67276
67360
68434
68683
72732
73167
73415
74221
75779
76267
76694
78300
79166
79586
79711
81104
81763
82037
82198
83354
84798
85948
86162
88393
91160
97687
97792
100337
100375
101081
101163
102036
102366
102979
104467
105260
105863
107420
109931
111608
112503
113229
113379
113527
113739
114876
119960
120466
120726
121463
122052
123569
123777
124105
125221
126720
127202
128542
128657
129799
130942
131420
133411
134688
135716
135822
137211
137537
137741
138048
138066
138453
138654
138825
138936
138985
Number of cuts: 146

TWAMP
292
582
597
991
1023
1393
1706
1728
1866
2376
3000
3711
3793
4337
4666
4765
5093
5157
5314
6135
6225
6366
6807
7277
7375
7995
8539
8705
8847
9229
10188
10212
10500
10841
11052
12282
12701
13218
14503
14681
15641
15749
16108
16199
16467
16479
16719
17092
17406
17578
17898
18047
18077
18413
20191
20536
20762
21208
21352
21423
22197
22789
22841
23176
23326
23446
23545
23673
24131
25265
25532
25791
26136
26149
26542
26773
27061
27281
27695
28761
28929
29854
30043
30878
31488
32342
32924
33417
33602
33914
34412
34834
35335
36474
36905
38096
38108
38187
39188
39291
39901
40248
41109
41132
41165
41292
41685
41913
42216
42382
42730
42768
43385
43839
44325
44367
44397
44526
44572
44777
44996
45015
45024
46200
46381
46419
46435
46463
Number of cuts: 128

UhSalsa
292
582
597
991
1023
1393
1706
1728
1866
2376
3000
3711
3793
4337
4666
4765
5093
5157
5314
6135
6225
6366
6807
7277
7375
7995
8539
8705
8847
9229
10188
10212
10500
10841
11052
12282
12701
13218
14503
14681
15641
15749
16108
16199
16467
16479
16719
17092
17406
17578
17898
18047
18077
18413
20191
20536
20593
20762
21208
21352
21423
21664
22197
22789
22841
23176
23326
23446
23515
23545
23673
24132
25266
25533
25774
25792
26150
26543
26774
27062
27282
27696
28930
29494
29874
30105
30811
31421
32275
32857
33350
33535
33847
34354
34776
35277
36416
36847
38038
38050
38129
38324
38528
39881
40825
41050
41073
41082
41106
41233
41626
41854
42157
42323
42671
42709
43326
43780
44266
44338
44467
44513
44718
44937
44956
44965
46141
46322
46362
46378
46406
Number of cuts: 131

Weasels2
728
3186
4368
4651
6386
9422
20560
20787
23485
24607
27319
27439
30096
31672
31867
31924
34410
37117
40496
48959
50370
50817
51201
57000
62817
67514
70019
71887
73217
80797
82030
82576
83026
86677
88654
90525
90633
94207
94635
95820
96008
97133
98214
99872
103274
103686
103828
103845
107081
108608
109722
110582
110889
111503
115866
116363
116945
118193
120653
122080
124615
129049
129313
129770
129822
130891
132433
134891
Number of cuts: 68

Yogi
292
582
597
991
1023
1393
1706
1728
1866
2376
3000
3793
4337
4666
4765
5093
5106
5157
5314
5413
6135
6351
6792
7262
7360
7980
8503
8521
8673
8815
10180
10412
10468
10777
10815
11026
12256
13192
13687
13852
14477
14655
15429
15615
15723
16082
16173
16226
16274
16441
16453
16693
16747
17066
17380
17552
17701
17914
18051
18095
18387
18538
19224
19241
19453
19543
20165
20510
20567
20736
20998
21182
21326
21836
22171
22815
23150
23300
23420
23519
23647
23874
24105
24776
25239
25506
25645
25732
25747
25765
26054
26123
26171
26516
27035
27669
28903
29469
29828
30017
30146
30852
31462
31912
32316
32898
33391
33576
33888
34805
35306
36722
36753
37256
38447
38459
38937
39464
39642
40252
41460
41483
41516
41643
42036
42264
42567
42733
43081
43119
44190
44676
44718
44748
44877
44923
45128
45347
45366
45375
45631
46536
46548
46715
46753
46769
46797
Number of cuts: 147

Yoncess
292
582
597
991
1023
1393
1706
1728
1866
2376
3000
3793
4337
4666
4765
5093
5106
5157
5314
5413
6135
6351
6792
7262
7360
7980
8503
8521
8673
8815
10180
10412
10468
10777
10815
11026
12256
13192
13687
13852
14477
14655
15429
15615
15723
16082
16173
16226
16274
16369
16441
16453
16693
16747
17066
17380
17552
17701
17914
18051
18095
18387
18538
19224
19241
19414
19453
19543
20165
20510
20567
20736
20998
21182
21326
21397
21836
23151
23301
23421
23520
23648
24106
24777
25240
25507
25646
25733
25748
25766
26055
26124
26172
26517
26748
26941
27036
27670
28904
29470
29926
30632
31242
31692
32096
32678
33171
33356
33668
34166
34588
35089
36228
36659
37850
37862
38867
39045
39655
40863
40886
40919
41046
41440
41608
41671
41974
42140
42488
42526
43003
43144
43598
43664
44084
44126
44156
44285
44331
44536
44755
44774
44783
45959
46138
46176
46192
46220
Number of cuts: 148

