Alatin
5553
6039
9253
14519
15251
34362
34726
36610
38306
39758
45461
Number of cuts: 11

Alpacados
5375
5515
6001
9183
14455
34628
36503
38199
39651
45284
Number of cuts: 10

AngryOrchard
636
5498
5984
9166
34788
38359
39813
43868
45416
Number of cuts:  9

AppleCloud
5262
5748
8906
14484
34453
38024
45178
Number of cuts:  7

Belenaria
5553
6039
9253
14519
15251
34228
34601
38172
45326
Number of cuts:  9

BobbyDazzler
5484
5624
6110
9292
14564
34705
36580
38276
39728
45432
Number of cuts: 10

Bonanza
5413
5553
6039
9221
14493
34630
36885
38581
40033
44343
45736
Number of cuts: 11

Bradshaw
5413
5553
6039
9253
14519
15251
34295
34659
36543
38239
39691
45394
Number of cuts: 12

Bryce
5413
5553
6039
9221
14493
34413
36288
37984
39436
45140
Number of cuts: 10

ChewyVIII
457
2301
4164
4367
4403
7546
11556
12998
14140
14167
16064
29704
30061
38700
41414
46811
51032
55536
57056
57958
Number of cuts: 20

CosmicSans
5413
5553
6039
9253
14519
15251
34295
34659
36534
38230
39682
45385
Number of cuts: 12

Dinger
638
5549
6035
9217
34801
36676
38372
39826
43886
45433
Number of cuts: 10

DocB7
1830
1962
2361
3936
4518
24505
29610
30944
46812
47351
48608
53862
54750
58643
63993
70912
73668
73995
75027
Number of cuts: 19

E3
2385
8116
16882
33596
35594
44005
54191
67227
69969
72339
75224
82467
89288
93113
94642
95805
97627
108977
109543
112387
117550
125674
Number of cuts: 22

Erik
5553
6039
9252
14518
15250
34227
34591
36466
38162
39614
45216
Number of cuts: 11

Espica
5553
6039
9253
14519
15251
34228
34601
38172
45326
Number of cuts:  9

Finch
5233
14077
18642
19024
19831
23445
24325
30775
35744
37438
41273
44507
45058
46734
47280
54026
69065
71772
75513
77046
82060
83934
107456
110093
110854
112314
114219
119220
119412
132921
Number of cuts: 30

Gollum
5553
6039
9253
14519
15251
34293
34657
36532
38228
45327
Number of cuts: 10

Grayson
4489
6180
27641
76141
88787
100151
Number of cuts:  6

Harlequin
5553
6039
9197
14469
34443
36318
39468
45175
Number of cuts:  8

Hiro
5413
5553
6039
9197
14775
34919
36794
38490
39942
45646
Number of cuts: 10

Jace
12242
16054
22913
26608
26845
37257
46478
48950
Number of cuts:  8

Jester
5553
6039
9197
14463
34374
36249
39399
45106
Number of cuts:  8

Krishelle
5553
6039
9212
14790
34655
35019
36903
38599
40051
45754
Number of cuts: 10

Lillie
5413
5553
6039
9253
14519
15251
34295
34659
36534
38230
39682
45385
Number of cuts: 12

Mahdia
855
3263
10622
10949
11390
11891
16370
18133
23269
26474
28266
29162
31106
34196
35505
36312
37077
38884
41689
41716
Number of cuts: 20

Naiad
5553
6039
9253
14519
15251
34308
34672
36556
38252
39704
45407
Number of cuts: 11

Nancinator
5553
6039
9253
14519
15251
34228
34601
38172
44724
Number of cuts:  9

Natosaleda
5553
6039
9253
14519
15251
34227
34600
38171
45325
Number of cuts:  9

Partridge
636
5612
6098
9280
34957
36832
38529
39983
44232
45778
Number of cuts: 10

Pepy6
2665
4155
9620
10482
14587
19838
20036
20533
22965
23223
32433
32967
35864
36542
40253
40889
42880
43346
43821
48208
54919
55621
56375
56498
56558
58119
59433
66210
76490
Number of cuts: 29

Peregrin
2678
70531
76070
77459
109218
132747
Number of cuts:  6

Phrankenstein
5413
5553
6039
9253
14519
15251
34241
34605
38176
39628
45331
Number of cuts: 11

Pine5
11157
12329
22334
22355
23258
28172
48403
Number of cuts:  7

Poco6
2727
3096
7268
11448
12586
22555
24981
25236
34992
35013
37886
41934
42067
42340
44700
45645
56427
57129
58066
58161
59035
59565
70537
72532
77758
Number of cuts: 25

Rasputin
5413
5553
6039
9222
14488
34266
34630
36505
38201
39653
45356
Number of cuts: 11

RER2
5413
5553
6039
9253
14519
15251
34295
34659
38230
39682
45385
Number of cuts: 11

RexFury
5584
6070
9284
14550
15282
34326
34690
38261
45415
Number of cuts:  9

RGL3
5555
6041
9219
16053
17711
18870
19383
36052
37529
39327
40126
40488
42523
Number of cuts: 13

Rhodalysa
5413
5553
6039
9253
14519
15251
34295
34659
36534
38230
39682
45385
Number of cuts: 12

StCroix
5553
6039
9253
14519
15251
34308
34672
36556
38252
39704
45407
Number of cuts: 11

Swann
5413
5553
6039
9253
14519
15251
34293
34657
38228
39680
45383
Number of cuts: 11

Takoda
636
5545
6031
9213
34469
34842
38413
39867
44076
45624
Number of cuts: 10

Trina
126705
Number of cuts:  1

TWAMP
5413
5553
6039
9253
14519
15251
34295
34659
36534
38230
39682
45385
Number of cuts: 12

UhSalsa
5553
6039
9253
14519
15251
34228
34601
38172
45326
Number of cuts:  9

Weasels2
5019
9042
11668
14039
15270
19366
21993
23383
26306
32771
34326
38309
39654
43859
58969
60087
63009
64422
65450
67523
67906
73865
74409
74697
82003
84598
87553
87725
87940
91576
92520
95320
102500
103849
106467
106898
107123
107834
110490
112170
115194
115349
115687
117782
119594
123578
128676
129488
Number of cuts: 48

Yogi
5413
5553
6039
9221
14493
34630
36885
38581
40033
44343
45736
Number of cuts: 11

Yoncess
5413
5553
6039
9221
14493
36288
37984
39436
45144
Number of cuts:  9

