Alatin
876
1396
4114
13526
13919
15243
18890
19188
20085
23445
24524
24846
25068
31316
33601
33940
34129
34688
35000
38647
40537
40998
41866
41978
43261
45783
Number of cuts: 26

Alpacados
876
1396
1582
1656
4076
7940
8336
13855
15179
18826
20021
23314
24393
24937
26062
31221
33506
34034
34590
34902
40360
41801
43084
43616
45606
Number of cuts: 25

AngryOrchard
871
1389
1575
1649
4059
7923
8319
13838
15162
18809
19107
20004
20163
23183
23294
23309
24389
24933
29882
31114
34194
34750
35062
38700
40591
41919
42031
43306
46073
Number of cuts: 29

AppleCloud
671
3823
7687
8083
11997
15208
18855
20050
20209
24029
24399
24943
31046
34727
39083
40251
40378
40715
41695
42978
45500
Number of cuts: 21

Belenaria
876
1396
4114
13526
13919
15243
18890
19188
20085
23378
24458
24780
25002
29950
31182
33467
33995
34563
34875
39231
40399
40526
40863
41843
43126
45648
Number of cuts: 26

BobbyDazzler
876
1582
4185
8049
8445
13964
15288
18935
20130
23424
24503
25047
26136
31295
33580
34108
34667
34979
38617
40507
41837
41949
43232
45754
Number of cuts: 24

Bonanza
876
1396
4114
7978
8374
13893
15217
18864
20059
23226
23352
24431
24975
26064
31223
33508
34036
34592
34904
40812
42141
42253
43536
44068
Number of cuts: 24

Bradshaw
876
1396
4114
13526
13919
15243
18890
19188
20085
23378
24457
24779
25001
31249
33534
33873
34062
34621
34933
38580
40470
40931
41799
41911
43194
45716
Number of cuts: 26

Bryce
876
1396
4114
7978
8374
13893
15217
18864
20059
23353
24432
24976
31003
33288
33816
34375
34687
38325
40215
41545
41657
42940
45462
Number of cuts: 23

ChewyVIII
7072
8545
13630
14265
15450
16535
21072
22945
23957
25787
26252
29550
31501
33678
42816
45305
47147
61290
62938
63183
63216
64198
64372
64419
64984
66990
67017
Number of cuts: 27

CosmicSans
876
1396
4114
13526
13919
15243
18890
19188
20085
23378
24457
24779
25001
31249
33534
33873
34062
34621
34933
38571
40461
41902
43185
45707
Number of cuts: 24

Dinger
873
1391
3043
3868
4110
7974
8370
15213
18860
20055
20214
21639
23235
24441
24985
31118
33403
34195
34763
35075
38713
40604
41066
41934
42049
43324
44857
46092
Number of cuts: 28

DocB7
1355
2566
4923
6324
6345
6555
6851
8006
9276
10179
12273
15282
15536
15995
18070
19108
19225
19813
19839
20917
22463
22626
23314
26443
26791
27390
31549
32632
33034
33188
33520
34659
36878
37571
37583
38719
45092
47427
47835
48579
48651
49808
52434
53256
54927
56948
57001
58460
59517
60214
60735
64815
66989
68069
69779
72133
72628
72953
Number of cuts: 58

E3
122
853
1422
5609
7143
11332
15003
20369
27625
39812
45817
50324
68587
68775
75953
76920
93329
96686
114411
118961
124707
125467
129978
132853
Number of cuts: 24

Erik
876
1396
4114
13525
13918
15242
18889
19187
20084
23377
24455
24777
24999
29949
31181
33466
33805
33994
34553
34865
38503
40292
41733
43016
45538
Number of cuts: 25

Espica
876
1396
4114
13526
13919
15243
18890
19188
20085
23378
24458
24780
25002
29950
31182
33467
33995
34563
34875
39231
40399
40526
40863
41843
43126
45648
Number of cuts: 26

Finch
2356
3168
3377
3442
12107
12298
12830
15053
15313
18092
18170
20427
20588
22048
22610
26030
29339
31921
34150
35020
35386
37359
39022
41340
43083
45348
48869
54447
54735
56687
58545
60450
62682
65904
70027
71286
74861
77235
82399
83464
83989
89109
90477
91712
92346
92715
93461
93951
95515
97163
98942
104237
105612
107611
108515
109445
115491
116030
116193
116487
120457
121697
124042
124875
126841
130491
134387
134869
136975
Number of cuts: 69

Gollum
876
1396
4114
13526
13919
15243
18890
19188
20085
23252
23378
24457
24779
25001
31247
33532
34060
34619
34931
39287
40403
41844
43127
45649
Number of cuts: 24

Grayson
1147
2394
3268
6812
9159
11516
15434
17189
17345
17675
20478
20999
22676
23231
23243
26258
26954
29371
30976
32046
33633
33956
34390
35042
36391
36826
36996
37259
39630
41815
43275
43623
46497
46517
46782
47175
47277
47862
48021
48729
49227
49239
50743
50997
51063
53557
53752
56509
57153
58388
58592
60503
60516
62403
63055
63364
64069
66122
67217
69094
74053
76355
76791
81335
81774
82470
83348
84025
86744
86745
89060
89288
91195
91621
91686
92665
96689
97272
97733
98284
101150
101357
102206
102224
103701
104381
104444
104579
105568
106723
106799
107800
109120
109296
109541
109887
110593
110673
111632
111797
112649
113400
113453
113984
114827
115135
115512
117684
118266
118937
119052
119313
121125
121194
121759
121845
122924
123259
123860
124034
124451
125017
125485
127058
127127
128500
130048
131295
Number of cuts: 128

Harlequin
876
1396
4114
7978
8374
13869
15193
18840
20035
23383
24462
25006
31033
33318
33846
34405
34717
40247
41580
41692
42975
45497
Number of cuts: 22

Hiro
876
1396
4114
7978
8374
12288
15499
19146
19444
20341
20500
24717
25261
26350
31509
33794
34322
34881
35193
40721
42051
42163
43446
45968
Number of cuts: 24

Jace
5878
9359
11058
16801
19311
22910
25064
40995
41842
42084
44564
47093
Number of cuts: 12

Jester
876
1396
4114
7978
8374
12307
13470
13863
15187
18834
20029
23314
24393
24937
30964
33249
33777
34336
34648
40178
41511
41623
42906
45428
Number of cuts: 24

Krishelle
876
1396
4114
7993
8389
12303
15514
19161
20356
20515
24371
24741
25285
31609
33894
34233
34422
34981
35293
38940
40830
41291
42159
42271
43554
Number of cuts: 25

Lillie
876
1396
4114
13526
13919
15243
18890
19188
20085
23378
24457
24779
25001
31249
33534
33873
34062
34621
34933
38571
40461
41902
43185
45707
Number of cuts: 24

Mahdia
2117
27628
37216
Number of cuts:  3

Naiad
876
1396
4114
13526
13919
15243
18890
19188
20085
23391
24470
24792
25014
31262
33547
33886
34075
34634
34946
38593
40483
40944
41812
41924
43207
45729
Number of cuts: 26

Nancinator
876
1396
4114
13526
13919
15243
18890
19188
20085
23378
24458
24780
25002
29950
31182
33467
33995
34563
34875
39231
39800
41241
42524
45046
Number of cuts: 24

Natosaleda
876
1396
4114
13526
13919
15243
18890
19188
20085
23378
24457
24779
25001
29949
31181
33466
33994
34562
34874
39230
40398
40525
40862
41842
43125
Number of cuts: 25

Partridge
871
1389
1575
3106
3931
4173
8037
8433
12792
15276
18923
20118
20277
21702
23298
24504
25048
31409
33691
34351
34919
35231
36302
38870
40761
41223
42091
42203
42753
43670
45203
Number of cuts: 31

Pepy6
371
2887
6707
9142
11240
20164
21034
22509
27372
27788
28779
30885
31119
32514
33084
33210
33242
40985
41246
44163
45871
48882
51713
58995
59757
60288
62932
68060
74934
Number of cuts: 29

Peregrin
1172
2423
8473
9238
14792
17268
19955
22397
22409
25798
26531
28885
30606
30705
30790
33172
33824
34306
34925
38411
42055
42403
44656
45277
45297
45562
45955
46057
47125
47509
48019
49780
52340
52535
53095
56755
56959
58870
58883
60770
61422
62436
62937
64584
65642
67026
69926
72589
73127
74030
74204
74916
76998
79764
80136
81866
83241
83912
84312
86664
88226
89484
90626
91052
91117
93695
95722
96302
96730
96759
98356
103548
104103
104785
104848
104983
105989
106999
107075
108818
109206
109327
109363
110254
111033
111192
111281
112982
113396
113449
114831
115347
115739
116189
116873
118492
119437
120200
120315
122861
122929
123319
123371
124926
125694
125880
126299
126869
128095
128164
129728
129828
131241
132492
Number of cuts: 114

Phrankenstein
876
1396
4114
13526
13919
15243
18890
19188
20085
23324
24403
24725
24947
31195
33480
33819
34008
34567
34879
38517
40407
41848
43131
45653
Number of cuts: 24

Pine5
745
13732
18178
24494
37154
44703
45320
47029
47143
Number of cuts:  9

Poco6
1890
2894
4240
5728
7709
8602
9316
12573
14655
21038
24534
28094
29954
34989
35109
35229
35267
42741
45388
50397
51126
52320
56530
60085
60929
61842
62007
67722
69105
77734
77911
Number of cuts: 31

Rasputin
876
1396
4114
7978
8375
13888
15212
18859
20054
23222
24428
24972
31220
33505
33844
34033
34592
34904
38542
40432
41873
43156
45678
Number of cuts: 23

RER2
876
1396
4114
13526
13919
15243
18890
19188
20085
20404
23378
24457
25001
26090
31249
33534
33873
34062
34621
34933
38571
40461
41902
43185
45707
Number of cuts: 25

RexFury
907
1427
4145
13557
13950
15274
18921
19219
20116
24488
24810
25032
31280
33565
33904
34093
34652
34964
39320
40488
40615
40952
41932
43215
45737
Number of cuts: 25

RGL3
303
862
1377
3773
5546
6442
12908
13618
13957
19040
21153
22206
22591
24678
29398
30085
30097
31988
32048
32340
33841
42234
45209
46121
Number of cuts: 24

Rhodalysa
876
1396
4114
13526
13919
15243
18890
19188
20085
23378
24457
24779
25001
31249
33534
33873
34062
34621
34933
38571
40461
41902
43185
45707
Number of cuts: 24

StCroix
876
1396
4114
13526
13919
15243
18890
19188
20085
23391
24470
24792
25014
31262
33547
33886
34075
34634
34946
38593
40483
40944
41812
41924
43207
45729
Number of cuts: 26

Swann
876
1396
4114
13526
13919
15243
18890
19188
20085
23378
24457
24779
25001
31247
33532
33871
34060
34619
34931
38569
40459
41900
43183
45705
Number of cuts: 24

Takoda
871
1389
3864
4106
5754
7970
8366
15203
18850
19148
20045
20204
23224
23350
24352
24430
24752
24974
28747
29924
31156
33438
34236
34804
35116
38754
40645
41973
42085
43514
46282
Number of cuts: 31

Trina
1325
2722
2758
3533
3614
6973
6986
8518
9354
11184
12587
14496
14615
18719
22286
26629
27175
31169
33789
34184
35138
36386
36982
37546
37972
40882
41242
44446
44873
46256
46319
46418
47672
47861
48638
48784
52129
53870
54040
55866
59096
61093
63602
63860
64739
66251
66260
66815
70406
70760
73864
76667
78263
78290
80007
81892
82006
82599
84965
85317
87269
88244
91972
94332
97334
99652
103485
104605
106308
107274
108636
112602
117454
117745
120684
121952
123137
123407
123579
123878
123890
124232
125871
126941
127641
128117
130014
130824
131551
131569
133549
133565
134925
135322
137727
139124
139160
Number of cuts: 97

TWAMP
876
1396
4114
13526
13919
15243
18890
19188
20085
23378
24457
24779
25001
31249
33534
33873
34062
34621
34933
38571
40461
41902
43185
45707
Number of cuts: 24

UhSalsa
876
1396
4114
13526
13919
15243
18890
19188
20085
23378
24458
24780
25002
29950
31182
33467
33995
34563
34875
39231
40399
40526
40863
41843
43126
45648
Number of cuts: 26

Weasels2
189
1008
1056
1101
2695
6321
6554
7261
7363
8026
8767
10552
11591
12249
14627
15735
20649
22265
24349
25838
26534
28884
33999
34498
34651
36000
36605
38808
39260
39290
41273
43461
45675
45863
45998
46958
48446
50288
50480
50612
53879
54835
59550
62198
65626
68522
70297
72391
72480
76270
82325
84330
85114
85197
85258
86691
87125
89205
90219
90786
91799
92338
93304
94663
95089
95154
95686
96383
97561
99222
102076
104046
104239
105747
107802
108438
109118
110403
111154
111880
112241
112917
114018
115414
116437
116490
116778
117498
117808
119037
119764
121538
123120
124320
126105
126231
128505
128593
129384
129678
130389
131894
132713
132761
132806
134400
Number of cuts: 106

Yogi
876
1396
4114
7978
8374
13893
15217
18864
20059
23226
23352
24431
24975
26064
31223
33508
34036
34592
34904
40812
42141
42253
43536
44068
Number of cuts: 24

Yoncess
876
1396
4114
7978
8374
13893
15217
18864
20059
23353
24432
24976
26065
31003
33288
33816
34375
34687
38325
40215
41545
41660
42944
45466
Number of cuts: 24

