Alatin
115
733
1190
1221
1327
1360
1492
1959
1965
2121
2374
2790
3012
3282
3486
3521
3764
3976
4046
4362
4487
5117
6074
6713
6963
7268
7878
8126
8442
8989
9263
9430
9789
10288
10503
10893
10968
12566
13298
13676
14436
14621
14741
15959
16292
16451
16848
16891
16922
17999
18060
18854
19014
19319
19760
20962
21077
21725
21876
21996
22092
22869
23473
23596
24069
24216
24609
25375
25495
26510
27022
27065
27117
27265
27303
27477
27521
28449
29093
29390
29573
29896
29902
30068
30406
31251
31644
31685
31854
32115
32193
32596
32686
33008
33245
34081
34165
34445
34598
35517
37431
38660
38807
39068
39093
39481
39931
41699
41943
43047
43246
43632
43885
44144
44304
44565
44595
44661
45371
46072
46462
46517
Number of cuts: 122

Alpacados
733
1190
1221
1327
1360
1492
1905
1918
2336
2752
3244
3483
4008
4324
4449
4801
5079
6351
6968
7215
7825
8386
8717
9193
9360
10218
10433
10829
10883
10904
13234
13247
13496
13612
14557
15361
15753
15895
16387
16784
16827
16858
17418
17935
17996
18790
18950
19255
19322
19696
20898
21013
21764
21878
21974
23342
23465
23938
24085
24478
25244
25364
26101
26415
26927
26970
27022
27170
27382
27426
28192
28354
28998
29295
29478
29801
29807
29973
30311
30641
31156
31549
31759
32020
32098
32591
32913
33150
33986
34070
34500
35419
38419
38553
38700
38740
38961
39374
39398
39744
39795
39824
41522
41766
42614
42870
42964
43069
43455
43708
44127
44388
44418
44484
45194
45895
46283
46337
Number of cuts: 118

AngryOrchard
115
728
1183
1214
1320
1353
1440
1485
1904
1910
2054
2066
2319
2735
3227
3431
3709
3921
3991
4307
4432
5062
6643
6951
7198
7808
8369
8902
9176
9343
9451
10046
10201
10416
10812
10866
10887
12485
13217
13479
13595
13814
14084
14291
14300
15736
15878
16370
16810
16841
17401
17918
18773
18933
19238
19305
19679
20108
20661
20741
20862
20881
20996
21194
21630
21792
21861
22111
23460
24081
24474
25240
25360
26374
26886
26929
26981
27129
27385
27615
27869
28012
28313
28420
28957
29254
29437
30204
30507
30730
31049
31442
31652
31913
31991
32435
32803
33040
34146
34230
34660
35579
37283
38713
38860
39121
39534
39957
40139
40209
40866
41996
42875
43081
43340
43677
43927
44016
44346
44607
44637
44703
45326
46000
46299
46442
Number of cuts: 126

AppleCloud
528
983
1014
1120
1153
1668
1674
1818
2499
2991
3195
3216
3230
3473
3755
4071
4196
4716
4826
5338
6098
6715
6962
7572
8133
8916
9083
9191
9462
9786
9941
10156
10188
10621
12291
13263
13276
13641
14346
14586
15049
15265
15782
15924
16416
16856
16887
17447
17964
18819
18979
19284
19351
19725
20154
20165
20707
20908
21042
21643
21676
21793
21907
22003
23065
23379
23410
23498
24091
24484
25250
25370
25512
26071
26385
26897
26940
27140
27396
27626
27914
28023
29047
29341
29501
29524
30136
30439
30981
31584
31923
32738
32975
33805
33889
35244
38244
38511
38525
38565
38786
39196
39646
39799
40130
40209
41416
41660
42764
42963
43349
43602
43861
44021
44282
44312
44378
45088
45789
46178
46233
Number of cuts: 121

Belenaria
115
733
1190
1221
1327
1360
1492
1959
1965
2121
2374
2790
3012
3282
3486
3521
3764
3976
4046
4362
4487
5117
6074
6713
6963
7268
7878
8126
8442
8989
9263
9430
9789
10288
10503
10893
10968
12566
13298
13676
14436
14621
15959
16292
16451
16848
16891
16922
17999
18060
18645
19014
19319
19760
20962
21077
21713
21942
22038
22732
22802
23406
23529
24002
24150
24543
25309
25429
26444
26956
26999
27411
27455
28383
29027
29322
29482
29505
30272
30575
30602
31117
31510
31551
31720
31981
32059
32462
32552
32874
33111
33947
34031
34314
34473
35392
38392
38659
38673
38713
38934
39344
39794
39947
40278
40357
41564
41808
42912
43111
43497
43750
44009
44169
44430
44460
44526
45236
45937
46327
46382
Number of cuts: 121

BobbyDazzler
115
733
1190
1221
1327
1360
2017
2030
2174
2445
2861
3353
3557
3592
4117
4433
4558
4910
5188
6460
7077
7324
7934
8495
8826
9302
9469
10172
10327
10542
10938
10992
11013
13356
13622
13721
14666
15470
15862
16004
16496
16893
16936
16967
17527
18044
18105
18899
19059
19364
19431
19805
21007
21122
21987
22083
22778
23452
23575
24048
24195
24588
25354
25474
26175
26489
27001
27044
27244
27456
27500
28266
28428
29072
29369
29552
29875
29881
30047
30385
30715
31230
31623
31833
32094
32172
32575
32987
33224
34060
34144
34577
35496
38496
38630
38777
39038
39451
39475
39821
39872
39901
41670
41914
43018
43112
43603
43856
43945
44013
44115
44275
44536
44566
44632
45342
46043
46431
46485
Number of cuts: 119

Bonanza
115
733
1190
1221
1327
1360
1492
1959
1965
2121
2374
2790
3282
3486
3521
4046
4362
4487
4839
5117
6389
7006
7253
7863
8424
8755
9231
9398
10256
10471
10867
10921
10942
13272
13285
13534
13650
14595
15399
15791
15933
16425
16822
16865
16896
17456
17973
18034
18828
18988
19293
19360
19734
20936
21051
21249
21802
21916
22012
22776
23380
23503
24123
24516
25282
25402
26103
26417
26929
26972
27024
27172
27384
27428
28194
28356
29000
29297
29480
29803
29809
29975
30313
30643
31158
31551
31761
32022
32100
32593
32915
33152
33988
34072
34502
35421
35997
36594
38801
38935
39082
39122
39343
39756
39780
40177
40206
41974
42218
43322
43521
43907
44160
44579
44840
44870
44936
45646
46332
46722
46776
46836
Number of cuts: 122

Bradshaw
115
733
1190
1221
1327
1360
1492
1959
1965
2121
2374
2506
2632
2790
3012
3282
3486
3521
3764
4046
4362
4487
5117
6074
6404
6713
6963
7268
7878
8126
8442
8989
9263
9430
9789
10288
10503
10893
10968
12566
13298
13676
14436
14621
14741
15959
16292
16451
16848
16891
16922
17999
18060
18645
19014
19319
19760
20962
21077
21671
21822
21942
22038
22732
22802
23406
23529
24002
24149
24542
25308
25428
26443
26955
26998
27050
27198
27236
27410
27454
28382
29026
29323
29506
29829
29835
30001
30339
31184
31577
31618
31787
32048
32126
32529
32619
32941
33178
34014
34098
34378
34531
35450
37364
38593
38740
39001
39026
39414
39864
41632
41876
42980
43179
43565
43818
44077
44237
44498
44528
44594
45009
45304
46005
46305
46327
46394
46450
Number of cuts: 128

Bryce
115
733
1190
1221
1327
1360
1492
1959
1965
2121
2374
2790
3282
3486
3521
4362
4487
4839
5117
6389
7006
7253
7863
8424
8755
9231
9398
10101
10256
10471
10641
10867
10921
10942
13272
13285
13551
13650
14139
14595
14715
15399
15791
15933
16425
16822
16865
16896
17456
17973
18034
18828
18988
19293
19360
19734
20936
21051
21249
21916
22012
22707
23381
23504
23977
24124
24517
25283
25403
26418
26930
26973
27173
27429
28195
28357
29001
29298
29481
30093
30423
30938
31331
31541
31802
31880
32283
32695
32932
33768
33852
34285
35204
38204
38338
38485
38525
39159
39183
39580
39609
41378
41622
42726
42820
43311
43564
43653
43823
43983
44244
44274
44340
45050
45751
46137
46191
Number of cuts: 117

ChewyVIII
521
953
1185
1336
1710
2197
2434
2440
3325
3703
4630
5134
5235
5433
6148
6204
6443
6512
7366
7397
8061
8115
8325
8424
8557
8820
9183
9306
10203
10215
10731
11178
11388
11963
13680
13704
13753
13830
15076
15196
15335
15703
15854
16449
16633
16974
17420
17547
17903
18291
18891
19205
19522
19843
20182
20313
20647
20898
21097
21187
21413
21610
21651
21764
22166
22281
22781
23111
23205
23515
24041
24296
24464
25278
25286
26485
26518
26532
26764
27546
28024
30231
30650
30846
31509
31779
32238
33109
33900
34274
35113
35195
35341
36663
38098
39557
39740
41083
41278
41533
41990
42410
42653
42935
43097
43660
43781
43887
44030
44457
44609
44858
45454
45502
45520
45808
45844
46611
46653
47574
48254
48434
48686
48827
49281
49750
50367
50790
51295
52268
52294
52547
52597
52768
52801
52876
52920
53317
53589
53682
53735
53888
53986
54101
54379
56564
56597
56942
57638
58102
58161
58405
58588
59084
59376
60101
60199
60294
60312
60421
60643
60649
60679
61112
61404
61542
61594
61602
62279
62916
63299
63338
63470
64279
64728
65313
65446
65990
66984
67370
68237
68788
Number of cuts: 182

CosmicSans
115
733
1190
1221
1327
1360
1492
1959
1965
2121
2374
2506
2632
2790
3012
3282
3486
3521
3764
4046
4362
4487
5117
6074
6404
6713
6963
7268
7878
8126
8442
8989
9263
9430
9789
10288
10503
10893
10968
12566
13298
13676
14436
14621
14741
15959
16292
16451
16848
16891
16922
17999
18060
19014
19319
19760
20962
21077
21671
21822
21942
22038
22732
22802
23406
23529
24002
24149
24542
25428
26443
26955
26998
27198
27236
27410
27454
28382
29026
29323
29506
29829
29835
30001
30339
31184
31577
31618
31787
32048
32126
32529
32619
32941
33178
34014
34098
34378
34531
35450
36026
36304
37355
38584
38731
38992
39017
39405
39855
41623
41867
42971
43170
43556
43809
44228
44489
44519
44585
45295
45996
46386
46440
Number of cuts: 123

Dinger
115
730
1185
1216
1322
1355
1487
1955
1961
2105
2370
2502
2786
3278
3482
3517
3648
3760
3972
4042
4358
4483
5113
6694
7002
7249
7859
8420
9227
9394
10097
10252
10467
10499
10938
13268
13281
13530
13646
14342
14351
15929
16421
16861
16892
17969
18824
18984
19289
19356
19730
20159
20170
20253
20712
20792
20913
20932
21047
21245
21681
21912
22008
23512
24133
24526
25292
25412
25554
26113
26427
26939
26982
27182
27438
27668
27956
28065
29089
29384
29544
29567
30182
30208
30511
30734
31053
31446
31487
31656
31917
31995
32488
32810
32929
33047
34147
34231
34514
34673
35592
35717
38726
38825
38873
38913
39134
39547
39970
40152
42014
42893
43099
43358
43695
44034
44364
44625
44655
44721
45343
46019
46318
46462
Number of cuts: 124

DocB7
283
425
524
1808
1840
1901
2615
3046
3343
3534
3858
3959
4081
4354
4396
5412
5466
5704
6645
6878
7449
7482
7534
7948
7983
8548
8590
8677
9483
9669
9739
9947
10196
10429
10772
11031
11083
11084
12229
12605
12820
12947
13162
13533
13569
13605
13831
14509
14639
15824
17099
17541
19385
19960
21220
21230
22958
23490
23508
23558
24887
25133
25193
25277
25508
25926
25976
26190
26290
26399
26633
27259
27310
27925
29239
29328
29387
29797
30075
30609
30646
31250
31319
31860
33224
34272
34369
34399
34957
34980
35623
35730
35913
36091
36147
36324
36370
36493
36858
37008
38042
38951
39951
40045
40157
40375
40584
41585
41732
41778
41877
42352
42606
42931
43074
43428
43758
43843
44645
45189
45200
45725
45761
46457
46602
46627
47213
49044
49360
50166
50350
51402
51784
52322
53061
55706
56332
56499
56516
57024
57235
57513
57704
58012
58215
58659
59139
60390
60606
60954
61498
61555
61563
62232
62770
63498
64897
65111
65328
65616
65939
66151
66288
66358
66667
66732
66882
68281
69312
69625
70605
71034
71284
72528
73023
73043
73107
73858
74946
75101
75382
75430
75503
75639
Number of cuts: 184

E3
486
569
662
1644
2087
2167
2482
2729
3199
3373
3839
5257
5361
5850
6930
6944
7411
7433
7436
8399
8776
9806
10994
11443
11473
12328
12337
12586
12779
13398
13632
13641
13857
14136
14529
15044
15340
16693
17338
17699
19088
19624
19646
19753
19940
20030
20752
20936
21493
21682
21898
22624
22883
23091
23578
23969
24217
24325
24417
24665
24797
24827
24890
25693
26347
27252
27794
29177
30032
30254
30482
31757
32082
32092
32139
32277
32586
33223
34209
34527
34691
37451
37651
37903
37988
38191
38530
39317
40722
40737
40791
40801
41904
42000
42381
42501
42822
43785
45298
45696
48486
50553
50583
50722
51147
51815
51907
52420
52694
53730
53943
54460
54520
54657
55058
55064
55456
56770
56992
57781
58078
58396
59230
59479
61100
62678
62798
63254
64000
64217
64596
64857
65417
65495
66071
66569
67029
67633
67876
68702
68791
69127
70051
70537
70847
70889
70906
70925
70930
71529
71984
72018
72140
72148
72380
72707
72974
73085
73120
73658
73767
73857
74383
74425
75282
76417
76782
77298
77731
77823
78265
79374
79559
79734
80015
80303
80345
81200
81533
81902
82564
82643
83102
83650
83829
85666
86299
86321
86388
87144
87278
87526
87659
87823
89031
89134
90197
91304
92345
92540
92571
93247
94359
94375
95463
95836
96513
97874
98008
98022
98107
98349
98777
98817
98864
99680
99864
100434
100481
100970
101274
101554
101686
101773
102655
102675
102795
103246
103259
104346
104597
104778
104994
107006
107412
107485
108324
108386
108516
109080
109255
110399
110826
110842
111774
112123
112357
112620
112854
113966
115739
116403
117321
118017
118617
118813
119299
120609
121051
121608
121877
121990
122469
124049
124136
124445
124822
125281
125454
125544
126590
126720
126807
127053
127094
127870
128641
128854
129495
129697
130820
130879
131269
131868
132078
132134
133746
134366
135059
135092
135459
135785
135821
136307
136392
136659
136890
137232
137278
137722
137733
137874
138460
138748
138765
139415
139425
139773
140001
140523
141399
Number of cuts: 311

Erik
115
733
1190
1221
1327
1360
1492
1959
1965
2121
2374
2790
3012
3282
3486
3521
3764
4046
4362
4487
5117
6074
6713
6963
7268
7878
8126
8442
8988
9262
9429
9788
10287
10502
10892
10967
12565
13297
13675
14435
14620
14740
15958
16291
16450
16847
16890
16921
17998
18059
18644
19013
19318
19759
20961
21076
21712
21941
22037
22731
22801
23405
23527
24000
24147
24540
25306
25426
26441
26953
26996
27408
27452
28380
29024
29321
29481
29504
30271
30574
30601
31116
31509
31550
31719
31980
32058
32461
32551
32873
33110
33946
34030
34310
34463
35382
35958
36236
37287
38516
38663
38924
38949
39337
39787
41454
41698
42802
43001
43387
43640
44059
44320
44350
44416
45126
45827
46218
46273
Number of cuts: 119

Espica
115
733
1190
1221
1327
1360
1492
1959
1965
2121
2374
2790
3012
3282
3486
3521
3764
3976
4046
4362
4487
5117
6074
6713
6963
7268
7878
8126
8442
8989
9263
9430
9789
10288
10503
10893
10968
12566
13298
13676
14436
14621
14741
15959
16292
16451
16848
16891
16922
17999
18060
18645
19014
19319
19760
20962
21077
21713
21942
22038
22732
22802
23406
23529
24002
24150
24543
25309
25429
26444
26956
26999
27411
27455
28383
29027
29322
29482
29505
30272
30575
30602
31117
31510
31551
31720
31981
32059
32462
32552
32874
33111
33947
34031
34314
34473
35392
38392
38659
38673
38713
38934
39344
39794
39947
40278
40357
41564
41808
42912
43111
43497
43750
44009
44169
44430
44460
44526
45236
45937
46326
46381
Number of cuts: 122

Finch
433
513
828
948
1087
1566
2237
2310
2737
2830
3132
4190
4217
4780
4965
5098
5270
5479
5773
6090
7258
7290
7434
7557
7683
7935
7974
8123
8190
8240
8630
8687
8984
9220
9254
9404
9623
9661
9866
10220
10777
12263
12869
12888
13223
13875
14019
14120
14963
15102
16336
16571
16904
17096
18051
18130
18851
19301
20214
20332
20732
22251
22927
23532
24103
24608
24807
24893
24968
25153
25868
27859
28229
28451
28678
29008
29281
29290
30227
30437
31028
31295
31956
32138
32795
33119
34366
34691
34727
34865
34913
35660
36144
36797
37347
37895
38016
38169
38248
39342
39481
39598
39820
39861
40422
40575
41086
41546
42139
42919
43076
43324
44375
44603
44748
44811
44886
45464
45600
45865
46036
46357
46897
47088
47239
47592
47819
48265
48388
48636
49171
49183
49714
49783
50002
50044
50260
50335
50772
50908
51232
51279
51586
53278
53354
53467
53685
53774
54440
54584
54757
54784
54814
55045
55291
56091
56382
56607
56702
57078
57189
57372
57683
57796
58349
58787
58907
58989
59568
59835
60536
60579
61108
61590
61606
61842
62029
62867
62941
62975
62991
63070
63710
63938
65144
65675
65831
66143
67018
67404
67699
68726
68861
69170
69834
69854
70011
70157
70255
70482
70576
70581
71225
71459
71479
72143
72438
72455
72466
73451
74215
74704
74720
75329
75403
76643
77360
77615
77777
77793
77917
78300
78402
78692
79475
79774
80806
81604
81647
81724
81911
82115
82674
82742
84066
84409
84467
84564
84609
84785
84972
85073
86576
86626
86721
87763
88885
89290
89742
90520
91290
91678
91959
92305
92670
92698
93336
94067
94289
94597
94979
95828
97031
97070
97617
97965
98134
98675
98748
98896
99026
99219
99303
100004
101455
101574
102305
103040
103086
103438
104382
104492
104808
104830
104970
105225
105386
105482
105994
106242
106778
106784
106923
107289
107603
107808
107967
108639
108897
108921
109069
109107
109283
110025
110034
110246
110720
110764
110915
110988
111021
111111
111158
111818
111825
112092
112149
112738
113023
113119
113254
113606
113940
114103
114279
114308
114945
115147
115841
115847
115934
116472
117866
118394
118558
119101
119150
119188
119445
119701
120030
120237
120358
120391
120722
121045
124087
124228
124557
124757
125058
125162
125257
125900
126518
126974
127581
127688
127758
128058
128097
128313
128594
128733
129024
129708
129754
130365
132097
132374
132914
133544
133594
133763
133834
134563
134638
134694
134761
135726
135748
136065
136300
136726
136834
137661
138072
138106
138374
138495
Number of cuts: 390

Gollum
115
733
1190
1221
1327
1360
1492
1959
1965
2121
2374
2790
3012
3282
3486
3521
3764
4046
4362
4487
5117
6074
6713
6963
7268
7878
8126
8442
8989
9263
9430
9789
10288
10503
10893
10968
12566
13298
13676
14436
14621
14741
15959
16292
16451
16848
16891
16922
17482
17999
18060
19014
19319
19760
20962
21077
21713
21942
22038
22732
22802
23406
23529
24002
24149
24542
25308
25428
26401
26443
26955
26998
27410
27454
28382
29026
29321
29504
29827
29833
29999
30337
31182
31575
31616
31785
32046
32124
32527
32617
32939
33176
34012
34096
34376
34529
35448
36024
38448
38715
38729
38769
38990
39400
39797
41565
41809
42913
43112
43498
43751
44170
44431
44461
44527
45237
45938
46325
46379
Number of cuts: 119

Grayson
1324
1405
2476
4637
5068
6313
6674
6746
7156
7839
8748
9825
10347
10425
10583
11285
12633
13146
13240
14351
14960
15055
15069
15493
15625
15709
15738
17377
17394
17530
17994
18327
18405
18504
18723
18748
19377
19457
19610
19620
20729
20910
21051
21115
23298
23399
23541
24114
24920
26178
26477
27723
29253
29343
31918
32470
32528
33248
33304
33382
33710
33844
33992
34367
34798
36152
36329
36553
36559
37907
38115
38127
38391
38775
40423
40631
40975
41038
41342
42419
42629
44254
45329
45610
45962
46468
46978
46994
47102
47396
47616
48047
48316
48425
48848
50497
50818
52143
52185
52408
54345
55194
55677
55839
56119
56224
59699
61992
63647
63725
64671
65550
66658
66858
66888
66996
67201
68916
69647
70178
70384
70440
71060
71845
72164
72331
72910
73775
76815
78554
78835
78943
79368
79921
80608
80638
81055
83432
83525
83544
84111
84489
85299
86376
87060
87738
87935
89428
90033
91136
91871
93841
94609
94724
94964
95496
96149
97489
97836
98335
98495
100894
101111
103284
103526
104213
105412
105478
106082
106503
107147
107599
107715
108263
110508
114224
114388
114570
114765
114911
115395
115619
115641
115860
116030
117932
118274
119123
119419
120142
121109
121119
126951
127706
128047
130225
130306
131377
Number of cuts: 198

Harlequin
115
733
1190
1221
1327
1360
1492
1959
1965
2121
2374
2790
3282
3486
3507
3521
3764
4046
4362
4487
5007
5117
6698
7006
7863
8424
9207
9374
9482
10077
10232
10447
10617
10843
10897
10918
13248
13261
13527
13626
14115
14571
14691
15375
15767
15909
16401
16798
16841
16872
17432
17949
18010
18804
18964
19269
19336
19710
20912
21027
21225
21946
22042
22737
23411
23534
24007
24154
24547
25313
25433
26448
26960
27003
27203
27459
28225
28387
29031
29328
29511
30123
30453
30968
31361
31571
31832
31910
32313
32725
32962
33798
33882
34315
35234
38368
38515
38776
39189
39794
39864
40205
41413
41657
42761
42855
43346
43599
43688
43858
44018
44279
44309
44375
45085
45786
46173
46227
Number of cuts: 118

Hiro
115
733
1190
1221
1327
1360
1492
1959
1965
2121
2374
2790
3282
3486
3521
4046
4362
4487
4839
5117
6389
7006
7253
7863
8424
9207
9374
9482
9753
10077
10232
10447
10479
10912
12582
13260
13554
13567
13932
14637
14877
15340
15556
16073
16215
16707
17147
17178
18255
19110
19270
19558
19575
19642
20016
20445
20456
20998
21199
21333
21934
21967
22084
22198
22294
23670
23701
23789
24262
24409
24802
25568
25688
26389
26703
27215
27258
27458
27670
27714
28642
29286
29583
30089
30095
30261
30599
30929
31444
31837
32047
32308
32386
32789
33201
33438
34274
34358
34791
35710
38710
38844
38991
39031
39252
39665
39689
40086
40115
41884
42128
43232
43326
43817
44070
44159
44329
44489
44750
44780
44846
45556
46257
46645
46698
Number of cuts: 125

Jace
244
1221
1290
2176
2899
3053
3456
5159
5723
6674
6949
7292
7395
8455
8743
9966
10306
10518
11254
11741
12801
13175
13342
13629
14095
14461
15680
16004
16326
16653
16665
16935
17189
17312
17597
17672
18040
18291
18314
18695
19451
19559
19801
20027
20764
21501
21604
23755
24295
24474
24691
25484
26486
26588
27227
27741
28018
28208
28633
28646
28812
29061
29151
29190
29621
30862
31173
31234
31329
31418
31675
32118
32390
33936
34733
36342
37499
37837
38272
38914
39534
40171
41180
42119
42530
43242
43547
44890
46235
46771
46912
46929
47141
47271
47825
48143
48158
48254
48461
49894
50268
50922
51005
51700
52247
52476
53023
53061
53728
53735
53898
Number of cuts: 111

Jester
115
733
1190
1221
1327
1360
1492
1959
1965
2121
2374
2790
3282
3486
3507
3521
3764
4046
4362
4487
5007
5117
6698
7006
7863
8424
9207
9374
9482
10232
10447
10837
10912
12510
13242
13255
13521
13620
14325
14380
14565
15028
15244
15761
15903
16395
16835
16866
17943
18798
18958
19263
19330
19704
20906
21021
21219
21886
21982
22668
23342
23465
23938
24085
24478
25244
25364
26379
26891
26934
27134
27390
28156
28318
28962
29259
29442
30054
30384
30899
31292
31502
31763
31841
32244
32656
32893
33729
33813
34246
35165
38299
38446
38707
39120
39725
39795
40136
41344
41588
42692
42786
43277
43530
43619
43789
43949
44210
44240
44306
45016
45717
46104
46158
Number of cuts: 114

Krishelle
115
733
1190
1221
1327
1360
1492
1959
1965
2121
2374
2790
3012
3282
3486
3521
3764
3976
4046
4362
4487
5117
6074
6713
6963
7268
7878
8439
9222
9389
9497
9768
10092
10247
10462
10494
10927
12597
13569
13582
13947
14652
14892
15355
15571
16088
16230
16722
17162
17193
17753
18270
19125
19285
19590
19657
20031
20460
20471
21013
21214
21348
21985
22018
22135
22249
22345
23407
23721
23752
23840
24433
24826
25592
25712
25854
26413
26727
27239
27282
27482
27738
27968
28256
28365
29389
29683
29866
30189
30195
30361
30699
31544
31937
31978
32147
32408
32486
32889
32979
33301
33538
34374
34458
34738
34891
35810
37724
38953
39100
39361
39386
39774
40224
41992
42236
43340
43539
43925
44178
44437
44597
44858
44888
44954
45664
46355
46697
46831
46843
46850
46857
Number of cuts: 132

Lillie
115
733
1190
1221
1327
1360
1492
1959
1965
2121
2374
2506
2632
2790
3012
3282
3486
3521
3764
4046
4362
4487
5117
6074
6404
6713
6963
7268
7878
8126
8442
8989
9263
9430
9789
10288
10503
10893
10968
12566
13298
13676
14436
14621
14741
15959
16292
16451
16848
16891
16922
17999
18060
19014
19319
19760
20962
21077
21671
21822
21942
22038
22732
22802
23406
23529
24002
24149
24542
25428
26443
26955
26998
27198
27236
27410
27454
28382
29026
29323
29506
29829
29835
30001
30339
31184
31577
31618
31787
32048
32126
32529
32619
32941
33178
34014
34098
34378
34531
35450
36026
36304
37355
38584
38731
38992
39017
39405
39855
41623
41867
42971
43170
43556
43809
44228
44489
44519
44585
45295
45996
46386
46440
Number of cuts: 123

Mahdia
208
1471
1582
1648
2050
2102
2152
2818
3702
3821
4111
5481
5511
5802
5877
6520
6832
7291
7608
8255
8625
8880
9127
9813
10365
10470
10595
10854
12631
13692
13797
13938
13984
14392
14631
15164
15249
15375
15409
15414
15891
16486
16874
17191
17231
17574
17897
18339
18660
18664
18926
19751
20124
20275
20455
20607
21574
21670
21743
21887
22386
22481
22709
22830
23329
23471
23484
23673
23901
24056
24285
24380
24437
24670
25296
25544
25658
25705
25929
26840
27522
27527
27902
28148
29430
29794
29826
30162
30195
30737
30942
31731
31893
32275
32900
33297
33342
33630
34060
35064
35361
35778
35990
36131
36169
36560
36877
37168
37383
37742
38072
38102
38217
38361
38418
38766
38794
39204
39974
40078
40279
40959
41121
41257
41682
41740
41941
41985
Number of cuts: 128

Naiad
115
733
1190
1221
1327
1360
1492
1959
1965
2121
2374
2790
3012
3282
3486
3521
3764
3976
4046
4362
4487
5117
6074
6713
6963
7268
7878
8126
8442
8989
9263
9430
9789
10288
10503
10893
10968
12566
13298
13676
14436
14621
14741
15959
16292
16451
16848
16891
16922
17999
18060
18854
19014
19319
19760
20962
21077
21671
21822
21942
22038
22815
23419
23542
24015
24162
24555
25321
25441
26456
26968
27011
27063
27211
27249
27423
27467
28395
29039
29336
29519
29842
29848
30014
30352
31197
31590
31631
31800
32061
32139
32542
32632
32954
33191
34027
34111
34391
34544
35463
37377
38606
38753
39014
39039
39427
39877
41645
41889
42993
43192
43578
43831
44090
44250
44511
44541
44607
45317
46018
46408
46463
Number of cuts: 122

Nancinator
115
733
1190
1221
1327
1360
1492
1959
1965
2121
2374
2790
3012
3282
3486
3521
3764
3976
4046
4362
4487
5117
6074
6713
6963
7268
7878
8126
8442
8989
9263
9430
9789
10288
10503
10893
10968
12566
13298
13676
14436
14621
14741
15959
16292
16451
16848
16891
16922
17999
18060
18645
19014
19319
19760
20962
21077
21713
21942
22038
22732
22802
23406
23529
24002
24150
24543
25309
25429
26444
26956
26999
27411
27455
28383
29027
29322
29482
29505
30272
30575
30602
31117
31510
31551
31720
31981
32059
32462
32552
32874
33111
33947
34031
34314
34473
35392
38392
38659
38673
38713
38934
39344
40962
41206
42310
42509
42895
43148
43407
43567
43828
43858
43924
44634
45335
45725
45780
Number of cuts: 118

Natosaleda
115
733
1190
1221
1327
1360
1492
1959
1965
2121
2374
2506
2632
2790
3012
3282
3486
3521
3764
3976
4046
4362
4487
5117
6074
6713
6963
7268
7878
8126
8442
9263
9430
9789
10288
10503
10893
10968
12566
13298
13676
14436
14621
14741
15959
16292
16451
16848
16891
16922
17999
18060
18645
19014
19319
19760
20962
21077
21713
21942
22038
22732
22802
23406
23529
24002
24149
24542
25308
25428
26443
26955
26998
27410
27454
28382
29026
29321
29481
29504
30271
30574
30601
31116
31509
31550
31719
31980
32058
32461
32551
32873
33110
33946
34030
34313
34472
35391
38391
38658
38672
38712
38933
39343
39793
39946
40277
40356
41563
41807
42911
43110
43496
43749
44008
44168
44429
44459
44525
45235
45928
46317
46371
Number of cuts: 123

Partridge
115
728
1183
1214
1320
1353
1485
2018
2024
2168
2433
2565
2849
3341
3545
3580
3711
3823
4035
4105
4421
4546
5176
6757
7065
7312
7922
8483
9290
9457
10160
10315
10530
10562
11001
13331
13344
13593
13709
14414
15992
16484
16924
16955
18032
18887
19047
19352
19419
19793
20222
20233
20316
20855
20976
20995
21110
21308
21744
21975
22071
23575
24196
24589
25355
25475
25653
26212
26526
27038
27081
27281
27537
27767
28055
28164
29188
29483
29643
29666
29989
30161
30473
30499
30802
31025
31344
31737
31778
31947
32208
32286
32730
33098
33217
33335
34303
34387
34670
34829
35748
38883
38982
39030
39291
39704
40127
40309
42168
43239
43445
43704
44041
44291
44380
44710
44971
45001
45067
45688
46364
46663
46807
Number of cuts: 123

Pepy6
186
445
876
982
1044
1459
1717
1728
2095
2525
2681
2915
3093
3231
3561
4710
4737
5614
5731
6002
6455
6541
7392
8132
10288
11016
13297
14826
17293
18983
19062
19755
19961
20200
21176
25793
26176
26199
26386
26433
26708
26848
26895
27110
28070
28275
28879
29581
29924
30665
30757
32242
32637
33106
37725
38060
38392
39897
41684
42061
43187
43650
43894
44906
48804
50593
50909
51484
51884
52044
53344
53546
54024
54089
55255
56006
57167
57606
57910
58258
58521
58991
60369
60568
61581
62528
62678
62709
63018
63026
63530
64094
65108
65257
65768
65913
66279
66295
66765
68779
69265
69997
70645
70797
71360
71531
71541
72822
72979
73299
74007
74644
75597
76476
Number of cuts: 114

Peregrin
1312
1626
2082
3219
3729
4465
6148
7387
8062
9139
9601
9661
9739
10599
11876
11947
12460
12554
13683
14427
14851
14983
15067
15096
15709
16639
16976
16993
17587
17879
17957
18056
18275
18300
18929
19009
19172
20281
20321
22177
22464
22565
22707
23280
23530
24494
25577
26054
27237
28767
28857
29430
30751
31129
32030
32086
32492
32626
32774
33301
33580
35039
35187
35255
35446
36541
36689
36897
36909
37173
37557
39203
39411
39755
39818
40122
41199
41409
44109
44390
44742
45248
45758
45774
45882
45986
46176
47096
47628
48929
49280
49601
50968
51191
52499
52640
53128
53977
54022
54622
54902
55007
55248
56598
58066
60359
62014
62092
62899
63089
63968
64539
64906
65083
65283
65313
65421
67341
68297
68588
68794
69470
70255
70741
71320
72815
72896
73095
73134
73701
73752
75010
75013
76168
77022
78732
78762
79043
79891
80452
81139
81169
81586
82131
82597
82980
83437
83998
85387
86295
87875
88862
91302
91698
92649
93273
93739
93979
95182
95939
96519
96941
98390
99043
99069
99516
101287
102664
103686
103928
105076
105833
105899
106503
106779
107422
107770
107872
107988
110169
110404
112371
112961
113037
113353
114574
114769
115515
116243
116465
116851
118710
119050
119174
119200
120386
120682
121967
122219
122507
122687
122845
122855
123016
126076
131381
131695
132151
Number of cuts: 208

Phrankenstein
115
733
1190
1221
1327
1360
1492
1959
1965
2121
2374
2790
3012
3282
3486
3521
3764
4046
4362
4487
5117
6074
6713
6963
7268
7878
8126
8442
8989
9263
9430
10288
10503
10893
10968
12566
13298
13676
14436
14621
14741
15959
16292
16451
16848
16891
16922
17999
18060
18645
19014
19319
19760
20962
21077
21659
21888
21984
22678
22748
23352
23475
23948
24095
24488
25374
26389
26901
26944
27356
27400
28328
28972
29269
29452
29775
29781
29947
30285
30588
30615
31130
31523
31733
31994
32072
32475
32565
32887
33124
33960
34044
34324
34477
35396
35972
37301
38530
38677
38938
38963
39351
39801
41569
41813
42917
43011
43116
43502
43755
44174
44435
44465
44531
45241
45942
46331
46385
Number of cuts: 118

Pine5
1172
1385
1493
2528
2728
2953
4309
4771
4801
4932
5777
6694
7457
7930
8639
8997
9285
9935
10168
10513
10538
12141
12170
12654
13538
14339
14734
14946
15110
15549
15891
16145
16741
17066
17136
17688
17912
19073
19666
20158
21450
21473
22223
22498
22924
23559
23646
23766
23872
24114
24551
25428
26594
26945
27271
27347
27677
28155
28225
28291
28425
29194
30414
30468
30543
30583
31458
32488
32819
33021
33258
33271
33420
34962
35223
35586
35845
35893
37010
37463
37795
38761
39070
39644
40171
40264
40493
40717
41342
42067
42501
42785
43079
44326
44942
45513
45547
45666
46125
47120
47474
48015
48707
48790
48997
49552
50130
50617
51639
52628
52925
53179
53826
54168
54285
55438
55553
56401
56474
56905
57321
57370
57384
57981
58294
Number of cuts: 125

Poco6
445
982
1044
1714
1903
2001
2849
3069
3508
3662
3867
3975
4772
4935
5162
5340
6400
6957
7376
7644
9290
9923
10029
10862
11771
14446
16351
16388
16748
17940
18531
18541
20622
21270
21934
23287
27806
28189
28212
28399
28446
29427
29493
30294
30898
30978
31600
31943
32699
34267
34630
34915
35145
37311
38570
40414
41542
41730
41965
42254
45476
47239
47562
47691
48154
48217
48425
49918
52108
53187
53393
53553
53715
54728
54852
55200
55331
55532
57514
57619
58257
58959
59202
60167
60554
60850
61769
62977
63448
63608
63863
64072
64382
65276
66004
66666
67432
67695
67827
68517
68726
69065
70078
71238
71983
72060
72623
72794
72804
74241
74289
75906
76802
76865
77095
77744
Number of cuts: 116

Rasputin
115
733
1190
1221
1327
1360
1492
1959
1965
2121
2374
2790
3012
3282
3486
3521
3764
4046
4362
4487
4839
5117
6389
7006
7253
7863
8425
8756
9232
9399
9507
10257
10472
10862
10916
10937
13267
13280
13546
13645
14590
15394
15786
15928
16420
16817
16860
16891
17451
17968
18029
18823
18983
19288
19355
19729
20931
21046
21797
21842
21911
22007
22772
23499
24120
24513
25279
25399
25541
26414
26926
26969
27381
27425
28997
29018
29294
29477
29800
29806
29972
30310
30613
30640
31155
31548
31589
31758
32019
32097
32500
32590
32912
33149
33985
34069
34349
34502
35421
35997
36275
37326
38555
38702
38963
38988
39376
39826
41594
41838
42942
43141
43527
43780
44039
44199
44460
44490
44556
45266
45967
46358
46413
Number of cuts: 123

RER2
115
733
1190
1221
1327
1360
1492
1959
1965
2121
2374
2506
2632
2790
3012
3282
3486
3521
3764
4046
4362
4487
5117
6074
6404
6713
6963
7268
7878
8126
8442
8989
9263
9430
9789
10288
10503
10893
10968
12566
13298
13676
14436
14621
14741
15959
16292
16451
16848
16891
16922
17999
18060
18645
19014
19319
19760
20962
21077
21713
21942
22038
22732
23406
23529
24002
24149
24542
25308
25428
26129
26443
26955
26998
27198
27410
27454
28220
28382
29026
29323
29506
29829
29835
30001
30339
31184
31577
31618
31787
32048
32126
32529
32619
32941
33178
34014
34098
34378
34531
35450
37355
38584
38731
38992
39017
39405
39855
41623
41867
42971
43170
43556
43809
44068
44228
44489
44519
44585
45295
45452
45996
46440
Number of cuts: 123

RexFury
115
764
1221
1252
1358
1391
1523
1990
1996
2152
2405
2821
3043
3313
3517
3552
3795
4077
4393
4518
5148
6105
6744
6994
7299
7909
8157
8473
9020
9294
9461
10319
10534
10924
10999
13329
13342
13707
14467
14652
14772
15990
16323
16482
16879
16922
16953
18030
18091
18676
19045
19350
19791
20993
21108
21744
21973
22069
22763
22833
23437
23560
24033
24180
24573
25339
25459
25601
26474
26986
27029
27441
27485
28413
29057
29078
29354
29537
29860
29866
30032
30370
30673
30700
31215
31608
31818
32079
32157
32560
32650
32972
33209
34045
34129
34409
34562
35481
38481
38748
38762
38802
39023
39433
39883
40036
40367
40446
41653
41897
43001
43200
43586
43839
44258
44519
44549
44615
45325
46026
46416
46471
Number of cuts: 122

RGL3
1064
1202
1934
1964
2108
2376
2792
3014
3284
3488
3509
4489
5066
5119
5987
6397
6953
7011
7259
7868
8432
9396
10257
10868
10943
11490
11804
12093
12193
12796
13472
13930
13975
16615
17053
17055
18160
18221
19338
19524
19907
19941
19956
20342
20539
20590
20614
21770
21976
22524
22552
22862
23542
23577
23891
24010
24282
24639
25668
25799
25919
26053
26797
27095
27647
27973
28891
28914
28925
28964
29845
30230
31009
31111
31312
31854
31873
32247
32457
32793
32986
33587
33594
35033
35621
36406
36512
39375
39522
39616
40661
40713
40749
41197
41596
42018
42294
43088
43200
44801
45160
45287
46789
47026
47277
47770
47978
Number of cuts: 107

Rhodalysa
115
733
1190
1221
1327
1360
1492
1959
1965
2121
2374
2506
2632
2790
3012
3282
3486
3521
3764
4046
4362
4487
5117
6074
6404
6713
6963
7268
7878
8126
8442
8989
9263
9430
9789
10288
10503
10893
10968
12566
13298
13676
14436
14621
14741
15959
16292
16451
16848
16891
16922
17999
18060
19014
19319
19760
20962
21077
21671
21822
21942
22038
22732
22802
23406
23529
24002
24149
24542
25428
26443
26955
26998
27198
27236
27410
27454
28382
29026
29323
29506
29829
29835
30001
30339
31184
31577
31618
31787
32048
32126
32529
32619
32941
33178
34014
34098
34378
34531
35450
36026
36304
37355
38584
38731
38992
39017
39405
39855
41623
41867
42971
43170
43556
43809
44228
44489
44519
44585
45295
45996
46386
46440
Number of cuts: 123

StCroix
115
733
1190
1221
1327
1360
1492
1959
1965
2121
2374
2790
3012
3282
3486
3521
3764
3976
4046
4362
4487
5117
6074
6713
6963
7268
7878
8126
8442
8989
9263
9430
9789
10288
10503
10893
10968
12566
13298
13676
14436
14621
14741
15959
16292
16451
16848
16891
16922
17999
18060
18854
19014
19319
19760
20962
21077
21671
21822
21942
22038
22815
23419
23542
24015
24162
24555
25321
25441
26456
26968
27011
27063
27211
27249
27423
27467
28395
29039
29336
29519
29842
29848
30014
30352
31197
31590
31631
31800
32061
32139
32542
32632
32954
33191
34027
34111
34391
34544
35463
37377
38606
38753
39014
39039
39427
39877
41645
41889
42993
43192
43578
43831
44090
44250
44511
44541
44607
45317
46018
46408
46463
Number of cuts: 122

Swann
115
733
1190
1221
1327
1360
1492
1959
1965
2121
2374
2790
3012
3282
3486
3521
3764
4046
4362
4487
5117
6074
6404
6713
6963
7268
7878
8126
8442
8989
9263
9430
9789
10288
10503
10893
10968
12566
13298
13676
14436
14621
14741
15959
16292
16451
16848
16891
16922
17999
18060
18645
19014
19319
19760
20962
21077
21713
21942
22038
22732
22802
23406
23529
24002
24149
24542
25308
25428
25570
26443
26955
26998
27410
27454
29026
29321
29481
29504
29827
29833
29999
30337
31182
31575
31616
31785
32046
32124
32527
32617
32939
33176
34012
34096
34376
34529
35448
37353
38582
38729
38990
39015
39403
39853
41621
41865
42969
43168
43554
43807
44066
44226
44487
44517
44583
45293
45994
46385
46440
Number of cuts: 120

Takoda
115
728
1183
1214
1320
1353
1485
1951
1957
2101
2113
2366
2498
2782
3274
3478
3513
3756
3968
4038
4354
4479
5109
6690
6998
7245
7855
8416
8949
9223
9390
10093
10248
10463
10853
10907
10928
12526
13258
13520
13636
13855
14125
14341
15777
15919
16411
16851
16882
17442
17959
18814
18974
19279
19346
19720
20149
20160
20702
20782
20903
20922
21037
21235
21671
21833
21902
22152
23501
24122
24515
25281
25401
26102
26416
26928
26971
27023
27171
27427
27911
28054
28355
28462
28999
29296
29479
30246
30549
30772
31091
31484
31694
31955
32033
32373
32477
32845
33082
34188
34272
34555
34714
35633
38767
38914
39175
39588
40011
40193
40263
42050
42929
43135
43373
43548
43885
44135
44224
44554
44815
44845
44911
45534
46209
46508
46652
Number of cuts: 127

Trina
750
1593
2049
3201
4765
4883
5318
5392
5920
7742
8090
8291
8491
9163
9538
10254
10286
10436
11247
11306
11309
11734
12422
12478
12722
13050
13902
14117
14159
14315
14327
14333
14379
14411
14544
14621
14627
14810
14815
14944
16104
16615
17271
17307
17357
17630
17677
18179
18325
18387
18620
20082
20335
20509
21451
21970
23499
23554
24074
24656
25267
25285
25328
25482
25519
25733
26454
26746
27249
27570
27795
28007
28366
28586
28595
29713
30165
30369
30443
31085
31103
31735
31771
31979
32382
32552
32682
33082
35274
36177
36191
36277
36558
37179
38005
38082
38337
38434
38695
39964
40162
40788
40875
41036
41638
41782
42060
42163
42371
43269
43578
44634
44728
46689
47175
47980
49455
50292
50379
50736
50753
50967
51123
51248
51316
51404
51437
51773
51833
52070
52154
52196
52297
52334
52343
52577
52751
53084
53989
54146
54356
55689
56488
56510
56675
56992
57244
57489
57658
57870
58905
59088
59554
59648
59974
60343
60821
60964
61005
61191
61436
61638
61931
62182
62380
62477
62760
63042
64213
65413
66647
67342
68024
68271
69183
69734
69888
70219
70289
70523
72299
72420
73020
74233
74668
75159
75276
75666
76339
76476
78370
78447
78657
79120
79521
79591
79669
80449
80757
81074
81667
82144
82156
82270
82312
82611
82668
83231
83338
83745
84292
84505
84882
85589
85647
85713
85953
87179
88556
89319
90769
90845
91626
92048
92087
92251
92260
92327
92336
93181
93320
94850
95010
95328
95546
95836
96083
97189
98169
99118
99924
100500
101324
101940
102551
102784
102795
102954
103265
103518
103696
104203
104224
104553
104813
104835
105253
105282
105310
105558
107596
107780
108372
108436
109647
109759
110038
111201
111404
111440
111652
111874
112026
113163
113372
114966
114989
115274
115357
115458
115607
116196
117461
117520
118367
119048
119111
120140
120643
121027
121541
122713
124589
125029
125567
126769
127391
128181
128325
129400
129894
130270
131090
131739
132671
132746
134361
134524
135185
135740
136071
137152
137995
138451
Number of cuts: 314

TWAMP
115
733
1190
1221
1327
1360
1492
1959
1965
2121
2374
2506
2632
2790
3012
3282
3486
3521
3764
4046
4362
4487
5117
6074
6404
6713
6963
7268
7878
8126
8442
8989
9263
9430
9789
10288
10503
10893
10968
12566
13298
13676
14436
14621
14741
15959
16292
16451
16848
16891
16922
17999
18060
19014
19319
19760
20962
21077
21671
21822
21942
22038
22732
22802
23406
23529
24002
24149
24542
25428
26443
26955
26998
27198
27236
27410
27454
28382
29026
29323
29506
29829
29835
30001
30339
31184
31577
31618
31787
32048
32126
32529
32619
32941
33178
34014
34098
34378
34531
35450
36026
36304
37355
38584
38731
38992
39017
39405
39855
41623
41867
42971
43170
43556
43809
44228
44489
44519
44585
45295
45996
46386
46440
Number of cuts: 123

UhSalsa
115
733
1190
1221
1327
1360
1492
1959
1965
2121
2374
2790
3012
3282
3486
3521
3764
3976
4046
4362
4487
5117
6074
6713
6963
7268
7878
8126
8442
8989
9263
9430
9789
10288
10503
10893
10968
12566
13298
13676
14436
14621
14741
15959
16292
16451
16848
16891
16922
17999
18060
18645
19014
19319
19760
20962
21077
21713
21942
22038
22732
22802
23406
23529
24002
24150
24543
25309
25429
26444
26956
26999
27411
27455
28383
29027
29322
29482
29505
30272
30575
30602
31117
31510
31551
31720
31981
32059
32462
32552
32874
33111
33947
34031
34314
34473
35392
38392
38659
38673
38713
38934
39344
39794
39947
40278
40357
41564
41808
42912
43111
43497
43750
44009
44169
44430
44460
44526
45236
45937
46327
46383
Number of cuts: 122

Weasels2
1305
2026
2045
2467
3572
5445
6751
6825
7806
8326
9063
9547
9891
10134
11397
11612
11734
12113
12947
13003
13509
14685
15364
15590
15794
15926
16010
16039
17662
17679
18443
18521
18710
18839
18976
19735
19745
20120
20330
20822
21570
22519
22776
23455
23687
25758
26057
27236
27610
28856
30664
32857
32913
33319
33601
33813
34407
34701
35020
35070
35761
35938
36162
36168
36530
40255
40599
40663
40749
42267
43366
45711
46383
46603
47038
47166
47559
47684
47950
48372
49263
50046
50367
50814
51710
51975
52832
53210
53240
53283
54171
54780
55218
56078
56483
57577
60621
61504
64193
64879
64960
66000
67828
68129
68183
69121
69303
69819
71246
71684
71761
72343
73689
73969
74172
74660
75055
75661
76559
76805
77447
77786
80977
82595
82776
83717
83942
85063
85717
86212
86388
86404
86703
86791
87263
87657
88634
88878
90278
90894
92313
93046
93966
94435
94604
95336
95642
99038
99752
100413
101050
101077
102636
102819
102982
103380
104627
104843
105834
106180
106526
107250
107456
108101
108738
108854
108991
109686
110940
111618
115374
115599
116612
117213
117450
118604
118845
119015
119066
119173
119969
121013
121447
122032
122848
123264
123355
124462
124588
125068
125167
125629
126858
127175
128743
129026
129983
130991
133010
133731
133750
134172
Number of cuts: 202

Yogi
115
733
1190
1221
1327
1360
1492
1959
1965
2121
2374
2790
3282
3486
3521
4046
4362
4487
4839
5117
6389
7006
7253
7863
8424
8755
9231
9398
10256
10471
10867
10921
10942
13272
13285
13534
13650
14595
15399
15791
15933
16425
16822
16865
16896
17456
17973
18034
18828
18988
19293
19360
19734
20936
21051
21249
21802
21916
22012
22776
23380
23503
24123
24516
25282
25402
26103
26417
26929
26972
27024
27172
27384
27428
28194
28356
29000
29297
29480
29803
29809
29975
30313
30643
31158
31551
31761
32022
32100
32593
32915
33152
33988
34072
34502
35421
35997
36594
38801
38935
39082
39122
39343
39756
39780
40177
40206
41974
42218
43322
43521
43907
44160
44579
44840
44870
44936
45646
46332
46720
46774
46834
Number of cuts: 122

Yoncess
115
733
1190
1221
1327
1360
1492
1959
1965
2121
2374
2790
3282
3486
3521
4362
4487
4839
5117
6389
7006
7253
7863
8424
8755
9231
9398
10101
10256
10471
10867
10921
10942
13272
13285
13551
13650
14139
14595
15399
15791
15933
16425
16822
16865
16896
17973
18034
18828
18988
19293
19360
19734
20936
21051
21916
22012
22707
23381
23504
23977
24124
24517
25283
25403
26104
26418
26930
26973
27173
27385
27429
28195
28357
29001
29298
29481
30093
30423
30938
31331
31541
31802
31880
32283
32695
32932
33768
33852
34285
35204
38204
38338
38485
38746
39159
39183
39529
39580
39609
41378
41625
42729
43315
43568
43657
43827
43987
44248
44278
44344
45054
45755
46143
46197
Number of cuts: 115

