Alatin
Number of cuts:  0

Alpacados
Number of cuts:  0

AngryOrchard
Number of cuts:  0

AppleCloud
6191
26711
Number of cuts:  2

Belenaria
Number of cuts:  0

BobbyDazzler
Number of cuts:  0

Bonanza
Number of cuts:  0

Bradshaw
Number of cuts:  0

Bryce
Number of cuts:  0

ChewyVIII
6295
6297
6299
7266
13710
14087
14418
15494
20447
22460
22976
23081
23481
24521
24523
25963
25965
26770
33355
39884
40069
42974
45545
45786
46356
47042
49083
50156
50984
65980
68895
Number of cuts: 31

CosmicSans
Number of cuts:  0

Dinger
Number of cuts:  0

DocB7
2204
4918
7345
11649
12201
12203
16818
18473
20387
21189
22307
25173
25444
47566
56376
58264
58548
63091
63093
64006
64008
65671
70168
71056
73167
Number of cuts: 25

E3
171
410
593
595
2282
2332
3576
3690
3892
3894
4371
4946
4948
5598
5719
7522
7524
7722
7941
9635
9933
9935
10872
12596
12900
13867
13869
13900
13902
14992
15077
15772
15774
15990
16473
16480
16859
17515
19331
20464
20466
22140
22728
23207
26603
27937
27939
28030
29322
30302
30728
32791
32827
33208
33590
34014
34309
34667
37750
37752
38716
39245
40834
41803
44220
44856
44866
45233
46168
46435
46519
46589
47071
47384
47802
48228
48492
49470
50110
51707
51709
51784
52758
54966
55307
55431
56001
56138
56783
56994
57132
57134
57170
58037
59817
60443
61435
61579
61733
62227
62405
62407
63617
63839
64070
64230
64333
65353
68299
68484
68918
68920
68922
69044
69046
69383
69586
71656
73186
73712
73714
73903
75336
75847
76246
77348
77801
78846
79385
85132
86238
86818
87196
87265
87623
88152
88731
88733
89200
89967
90292
91132
92183
92778
93883
94583
95096
95246
95614
95915
95917
98370
98540
98847
98969
99004
99133
99135
99332
99755
99800
99887
101047
101308
102007
102026
102118
102607
102609
103269
104057
104205
104352
104440
104521
105364
106449
106703
106961
107407
108040
109796
110054
110150
114547
114660
114662
114882
115288
116307
116485
116876
117118
117356
119223
119405
120685
121572
122645
122765
122815
123300
123894
124108
124175
125075
126867
128061
128063
132058
133444
134217
134290
134653
136122
136715
136845
137173
137180
138510
139226
139783
139807
140763
141079
141724
141906
142220
Number of cuts: 228

Erik
Number of cuts:  0

Espica
Number of cuts:  0

Finch
678
1155
3524
3557
13586
14373
19122
26666
30970
32315
38253
38255
43915
44533
45737
47950
49271
49886
49888
50097
54142
68050
69717
73673
76329
82257
83032
83034
84707
86619
100097
101872
102129
103361
103807
108995
110077
114049
114644
118436
120332
125628
126202
127989
131640
133594
135639
Number of cuts: 47

Gollum
Number of cuts:  0

Grayson
4963
27266
48327
124510
Number of cuts:  4

Harlequin
6415
Number of cuts:  1

Hiro
Number of cuts:  0

Jace
733
1014
6726
7810
8205
8688
9090
10097
11133
12110
12869
13464
14828
17179
17881
19670
20822
21468
21577
23693
24987
27794
29240
29728
30491
31491
32908
33120
33724
34719
35651
37049
37347
38531
38676
38757
40283
41943
42891
43726
44658
46928
50016
51818
52007
52400
Number of cuts: 46

Jester
6415
17135
Number of cuts:  2

Krishelle
27053
Number of cuts:  1

Lillie
Number of cuts:  0

Mahdia
2163
4739
7464
8074
8351
8613
9179
9686
10939
11276
12318
14886
16190
17048
17124
17126
17457
18082
18084
18350
18541
18543
18743
18778
18820
19172
19458
19460
20231
20629
21000
21564
24173
25233
25710
26186
27831
28519
28892
28935
30103
32060
32908
34149
35343
36543
36674
36865
38316
40150
40782
42239
42278
Number of cuts: 53

Naiad
Number of cuts:  0

Nancinator
Number of cuts:  0

Natosaleda
Number of cuts:  0

Partridge
Number of cuts:  0

Pepy6
22987
48348
49823
64952
Number of cuts:  4

Peregrin
19578
26780
65408
111024
123292
Number of cuts:  5

Phrankenstein
Number of cuts:  0

Pine5
557
3656
4231
4999
7076
8154
9073
10735
11718
11925
12359
17171
19092
22409
23469
24431
24600
24981
25015
26309
26311
27463
27904
28225
28617
29814
30854
31894
33791
36869
38231
38547
38837
39254
40217
40711
40769
40818
41559
41687
42158
42660
42684
42939
43241
43704
45423
46745
46955
47016
47018
47038
47040
47918
51160
51659
52570
57087
57411
57883
58954
Number of cuts: 61

Poco6
3317
25003
26500
47244
51335
56909
59722
62368
65696
Number of cuts:  9

Rasputin
Number of cuts:  0

RER2
Number of cuts:  0

RexFury
Number of cuts:  0

RGL3
8816
22317
41847
Number of cuts:  3

Rhodalysa
Number of cuts:  0

StCroix
Number of cuts:  0

Swann
Number of cuts:  0

Takoda
Number of cuts:  0

Trina
8416
34145
65851
66249
87471
87670
100967
121131
121919
123040
130970
Number of cuts: 11

TWAMP
Number of cuts:  0

UhSalsa
Number of cuts:  0

Weasels2
3957
26779
67810
110854
126945
127619
130259
Number of cuts:  7

Yogi
Number of cuts:  0

Yoncess
Number of cuts:  0

