Alatin
5273
9724
13417
13902
15337
18165
21065
24526
25126
33739
36852
37916
46387
Number of cuts: 13

Alpacados
2183
9786
12945
13353
15273
24395
24995
36745
37809
Number of cuts:  9

AngryOrchard
9769
12928
13336
22120
24391
24991
28471
32562
33616
36626
37969
40083
46314
Number of cuts: 13

AppleCloud
15302
24401
25001
25218
28561
30601
31541
36291
36570
37634
46103
Number of cuts: 11

Belenaria
5273
9724
13417
13902
15337
18165
24460
25060
29859
33605
36439
36718
37782
46252
Number of cuts: 14

BobbyDazzler
9895
13054
13462
15382
24505
36822
37886
Number of cuts:  7

Bonanza
9824
13391
15311
24433
25033
36625
37127
38191
Number of cuts:  8

Bradshaw
5273
9724
13417
13902
15337
18165
24459
25059
33672
36785
37849
Number of cuts: 11

Bryce
9824
12983
13391
15311
24434
36530
37594
Number of cuts:  7

ChewyVIII
998
18183
19983
29870
41743
44270
47039
50897
56001
57653
58105
64972
66771
Number of cuts: 13

CosmicSans
5273
9724
13417
13902
15337
18165
21065
24459
33672
36776
37840
46311
Number of cuts: 12

Dinger
9820
13387
24443
25043
25260
28603
32566
32650
33623
36639
37982
40096
42895
46333
Number of cuts: 14

DocB7
1049
3993
6073
6151
6181
6438
7835
9625
11730
15709
15823
18153
18186
20595
20712
20748
21000
21132
21378
23337
24498
26793
26988
28025
30558
31715
32452
32524
32533
33174
33503
34710
35436
36053
39518
43992
46638
47311
48320
49542
49756
51082
52472
54213
54482
57123
60834
66744
67287
72952
73343
Number of cuts: 51

E3
674
5829
6561
7455
8490
10778
10906
11036
13679
15345
15482
15980
16164
16173
16427
16528
16609
16746
17012
17382
17735
18339
19867
20684
22542
23301
27502
28841
29341
31472
33576
34842
35545
37296
43346
44579
47001
48824
55042
55138
63209
63395
66353
67802
68112
69665
69847
72235
75792
78102
78908
80170
84443
91450
91889
92140
92366
93147
95381
96057
96171
96174
96882
97034
97580
103037
103100
103758
112646
113783
117179
117613
122283
125237
126336
127175
127360
129320
131472
137598
138660
139823
140612
140820
Number of cuts: 84

Erik
5273
9723
13416
13901
15336
18164
24457
25057
29858
33604
36708
37772
46142
Number of cuts: 13

Espica
5273
9724
13417
13902
15337
18165
24460
25060
29859
33605
36439
36718
37782
46251
Number of cuts: 14

Finch
3496
5559
11328
15947
16193
17911
18926
21192
25888
28911
32075
32614
46424
48028
48868
55233
57418
61732
66265
71801
76625
78433
79589
82003
84578
89244
93926
94704
95036
98687
99903
102935
105127
106319
107251
109282
114333
116432
117227
117304
117332
117385
119614
120890
124846
128582
Number of cuts: 46

Gollum
5273
9724
13417
13902
15337
18165
24459
25059
33670
36774
37838
Number of cuts: 11

Grayson
8691
13565
22439
23625
27057
27276
29679
37001
40496
40889
42865
45125
56657
57974
59778
64803
68863
76611
80279
88674
89405
98865
102516
109655
110672
118882
120105
120913
125551
Number of cuts: 29

Harlequin
9800
12959
13367
15287
24464
36560
37624
39738
Number of cuts:  8

Hiro
15593
24719
25319
37036
38100
Number of cuts:  5

Jace
1492
4432
6892
11143
17989
20225
21810
22436
26149
26444
28173
30124
30169
31306
31501
31647
33136
39213
39677
40280
41169
43549
43723
45825
46818
47375
47707
48065
48364
48472
49295
49310
49896
50936
51670
51937
52446
Number of cuts: 37

Jester
12338
13361
15281
24395
36491
37555
39669
Number of cuts:  7

Krishelle
5273
15608
24743
25343
25560
28903
34032
37145
38209
Number of cuts:  9

Lillie
5273
9724
13417
13902
15337
18165
21065
24459
33672
36776
37840
46311
Number of cuts: 12

Mahdia
Number of cuts:  0

Naiad
5273
9724
13417
13902
15337
18165
21065
24472
25072
33685
36798
37862
46333
Number of cuts: 13

Nancinator
5273
9724
13417
13902
15337
18165
24460
25060
29859
33605
36439
36718
37782
45650
Number of cuts: 14

Natosaleda
5273
9724
13417
13902
15337
18165
24459
25059
29858
33604
36438
36717
37781
Number of cuts: 13

Partridge
9883
13450
24506
25106
28702
32941
33911
36795
38139
40253
42716
42746
43241
46678
Number of cuts: 14

Pepy6
750
3839
9144
9743
13633
19789
22314
34688
40972
42032
46239
49339
68873
Number of cuts: 13

Peregrin
4174
8005
21605
22791
26634
26790
29193
34904
35381
39276
39669
40384
41645
43881
43905
45276
58145
64702
67288
80810
95130
96275
97311
102193
113603
115497
118217
120396
121535
126238
128750
129282
Number of cuts: 32

Phrankenstein
5273
9724
13417
13902
15337
18165
24405
33618
36722
37786
46256
Number of cuts: 11

Pine5
8378
12875
19075
31852
34804
57302
Number of cuts:  6

Poco6
175
2017
2812
2893
8543
12575
13088
13174
17084
23518
24339
35119
41720
48441
55147
75597
77094
Number of cuts: 17

Rasputin
9825
13386
15306
24430
25030
33643
36747
37811
46283
Number of cuts:  9

RER2
5273
9724
13417
13902
15337
18165
24459
25059
33672
36776
37840
46309
Number of cuts: 12

RexFury
5304
9755
13448
13933
15368
18196
21096
24490
25090
33703
36528
36807
37871
46341
Number of cuts: 14

RGL3
759
1466
6876
7892
9418
13197
13992
23361
25550
27818
33427
34355
47748
Number of cuts: 13

Rhodalysa
5273
9724
13417
13902
15337
18165
21065
24459
33672
36776
37840
46311
Number of cuts: 12

StCroix
5273
9724
13417
13902
15337
18165
21065
24472
25072
33685
36798
37862
46333
Number of cuts: 13

Swann
5273
9724
13417
13902
15337
18165
21065
24459
25059
33670
36774
37838
46310
Number of cuts: 13

Takoda
9816
12969
13377
22161
24432
25032
29833
32604
33658
36680
38023
40137
46523
Number of cuts: 13

Trina
9887
18793
23065
25179
26792
30248
32976
37128
43621
45463
45472
45493
64248
70655
74744
79907
80137
80375
85319
87271
88897
89721
101591
104517
105094
106672
108531
113743
115817
115963
116821
117456
123985
126053
129606
130639
131564
133671
134414
Number of cuts: 39

TWAMP
5273
9724
13417
13902
15337
18165
21065
24459
33672
36776
37840
46311
Number of cuts: 12

UhSalsa
5273
9724
13417
13902
15337
18165
24460
25060
29859
33605
36439
36718
37782
46252
Number of cuts: 14

Weasels2
365
1067
1437
23198
23489
26641
26789
27015
30950
40120
40204
45997
48448
50170
51567
53943
55227
59259
65521
68268
69124
70287
72470
74221
77830
78329
78474
84656
90221
99435
110270
117566
123062
123745
124226
124634
124680
127549
129216
130595
132070
132772
133142
Number of cuts: 43

Yogi
9824
13391
15311
24433
25033
36625
37127
38191
Number of cuts:  8

Yoncess
9824
12983
13391
15311
24434
36530
37594
Number of cuts:  7

