Alatin
2059
5642
7448
10770
10825
11074
13642
14217
17698
17768
18243
19274
21455
21509
22435
27250
28766
34536
38933
39503
40398
45136
45369
46402
46587
Number of cuts: 25

Alpacados
2012
5604
7395
7833
10658
10761
11010
13578
17704
18179
19210
21199
21749
22742
25475
28671
29476
34075
34438
39396
40221
44959
45192
46223
46407
Number of cuts: 25

AngryOrchard
2004
5587
6306
7378
10641
10744
10993
13561
17617
17687
18162
21182
22299
27114
28630
29435
33943
34235
34598
35912
43277
43791
45324
46329
46511
Number of cuts: 25

AppleCloud
1768
2046
5351
7142
7580
10417
10478
10727
13607
17663
17733
18208
21456
23264
28720
29327
29522
33602
33894
39218
44853
45086
46118
46303
Number of cuts: 24

Belenaria
2059
5642
7448
10770
10825
11074
13642
14217
17698
17768
18243
19274
21455
21813
28700
29503
34411
35725
39366
45001
45234
46267
46452
Number of cuts: 23

BobbyDazzler
2124
5713
7504
7942
10767
10870
11119
13687
17813
18288
19319
21308
21500
21858
22852
28745
34149
34515
35640
39473
40368
45107
45340
46371
46555
Number of cuts: 25

Bonanza
5642
7433
7871
10696
10799
11048
13616
17742
18217
19248
21237
21787
28673
29478
34077
34440
39208
39778
40673
45411
45644
46662
Number of cuts: 22

Bradshaw
2059
5642
6376
7448
10770
10825
11074
13642
14217
17698
17768
18243
19274
21455
27183
28699
34469
38866
39436
40331
45069
45302
46520
Number of cuts: 23

Bryce
2059
5642
6361
7433
7871
10696
10799
11048
13616
17742
18217
19248
21237
21429
21787
22781
28674
33857
34223
35348
39181
40076
44815
45048
46077
46261
Number of cuts: 26

ChewyVIII
314
1708
4281
7811
17149
17212
17740
17803
18740
20241
20914
21723
21821
29309
29918
31206
31361
36269
37267
37290
38303
39613
41005
41650
43478
48105
48208
52098
55591
57785
59414
59680
62237
62506
62669
63962
68873
Number of cuts: 37

CosmicSans
2059
5642
6376
7448
10770
10825
11074
13642
14217
17698
17768
18243
19274
21455
27183
28699
34469
38857
39427
40322
45060
45293
46326
46510
Number of cuts: 24

Dinger
782
2055
5638
6357
7429
7867
10740
10795
11044
17668
17738
18213
21233
21783
22351
28762
29370
29565
33944
34236
34611
35736
39569
43809
45341
46348
46531
Number of cuts: 27

DocB7
3585
5140
5231
5643
5973
9829
10862
13567
15397
16152
19535
19887
24419
30744
31072
32559
34904
36623
37389
38185
40287
41554
49592
52343
53886
57344
57765
58586
59222
60076
62889
63782
68208
68925
70407
70815
Number of cuts: 36

E3
1654
4005
8888
21300
23641
23939
27033
27872
28216
31638
33234
41431
44618
47343
48481
49955
50264
50342
50744
51275
51311
55163
55328
55884
57858
60114
60508
60929
63309
65303
66641
70120
71221
72142
79298
80050
80497
81040
81737
84011
85045
87952
88164
88341
91232
91823
95021
95506
97066
97724
102421
106913
108177
111332
112282
113018
114827
116193
118235
118527
122425
123140
123529
126896
127214
127735
129261
130099
130472
133406
133415
133802
133922
134207
138412
140000
141057
142443
Number of cuts: 78

Erik
2059
5642
7448
10769
10824
11073
13641
14216
17697
17767
18242
19273
21454
21812
28697
29502
34401
38789
39359
44891
45124
46158
46343
Number of cuts: 23

Espica
2059
5642
7448
10770
10825
11074
13642
14217
17698
17768
18243
19274
21455
21813
28700
29503
34411
39366
45001
45234
46266
46451
Number of cuts: 22

Finch
1384
2445
3455
3712
4784
4830
6422
9109
9640
12340
13766
13773
15303
21113
23650
24064
25008
26053
28716
29267
30732
32117
33308
34338
34784
38769
39393
39493
39522
43543
43685
44789
45128
46222
47748
48053
48227
48610
51654
52168
52251
58370
59221
59931
63247
65125
66277
67231
67867
68101
70638
73893
74074
74715
75187
75875
76375
81461
87696
88747
90328
93733
99676
99802
100322
102015
102740
102777
103654
104923
104984
106011
108531
111026
111060
114943
116205
118144
118810
118957
120018
120789
121155
121612
121877
124607
124942
125434
126645
129994
130981
133135
134136
136714
137371
Number of cuts: 95

Gollum
2059
5642
7448
10770
10825
11074
13642
14217
17698
17768
18243
19274
21455
21813
28699
29502
34101
34467
35781
39422
40264
45002
45235
46265
46449
Number of cuts: 25

Grayson
1968
2217
19361
25232
28663
39856
42650
48179
51827
67520
74451
74835
80515
82279
91055
96890
112113
114945
124008
125749
128109
130869
131118
Number of cuts: 23

Harlequin
2059
5642
6361
7433
7871
10672
10775
11024
13592
17718
18193
19224
21213
21405
21459
21817
22811
28704
33887
34253
35378
38641
39211
44850
45083
46113
46297
Number of cuts: 27

Hiro
5642
7433
7871
10708
10769
11018
13898
17954
18024
18499
21747
23555
28959
29764
34363
34729
35854
39117
39687
40582
45321
45554
46585
46768
Number of cuts: 24

Jace
1115
6847
7094
8430
8778
16139
18736
21892
24097
25798
28054
40655
41957
44458
45301
45426
50585
53146
53340
Number of cuts: 19

Jester
2059
5642
6361
7433
7871
10708
10769
11018
13586
17642
17712
18187
19218
21207
21399
21757
22742
28635
33818
34184
35309
38572
39142
44781
45014
46044
46228
Number of cuts: 27

Krishelle
2059
5642
7448
7886
10723
10784
11033
13913
17969
18039
18514
21798
23606
29062
29669
34829
39226
39796
40691
45429
45662
46895
46910
Number of cuts: 23

Lillie
2059
5642
6376
7448
10770
10825
11074
13642
14217
17698
17768
18243
19274
21455
27183
28699
34469
38857
39427
40322
45060
45293
46326
46510
Number of cuts: 24

Mahdia
412
1026
2517
2619
3355
4454
4816
5568
5697
6280
7581
7657
8198
8761
9069
10377
10593
13979
14622
15141
15534
15958
16225
18582
18985
19165
20714
21544
21799
21832
21994
22120
22378
25076
26109
26825
27361
27376
28581
28797
31513
32469
32538
33228
33483
33522
33686
34065
34569
34956
34964
35836
36534
37158
37421
37594
38338
38877
38961
39006
40630
41409
42345
42378
Number of cuts: 64

Naiad
2059
5642
7448
10770
10825
11074
13642
14217
17698
17768
18243
19274
21455
22381
27196
28712
34482
38879
39449
40344
45082
45315
46348
46533
Number of cuts: 24

Nancinator
2059
5642
7448
10770
10825
11074
13642
14217
17698
17768
18243
19274
21455
21813
28700
29503
34411
39366
39661
44399
44632
45665
45850
Number of cuts: 23

Natosaleda
2059
5642
7448
10770
10825
11074
13642
14217
17698
17768
18243
19274
21455
21813
28699
29502
34410
39365
45000
45233
46257
46441
Number of cuts: 22

Partridge
2118
5701
6420
7492
7930
10858
11107
13675
17731
17801
18276
21296
21846
22414
28861
29469
29664
34100
34392
34767
35892
39726
42852
43641
44155
45686
46693
46876
Number of cuts: 28

Pepy6
510
10326
13931
25691
27471
31637
32204
33808
44426
48928
52608
58751
59235
64867
70719
Number of cuts: 15

Peregrin
2246
13276
20270
24806
28177
38637
41430
46959
59485
61709
62012
65945
74428
74812
87360
90486
97449
115549
124314
125854
129255
129327
132315
Number of cuts: 23

Phrankenstein
2059
5642
7448
10770
10825
11074
13642
14217
17698
17768
18243
19274
21759
28645
29450
34415
38803
39373
40268
45006
45239
46271
46454
Number of cuts: 23

Pine5
320
642
1422
1499
1605
2173
7984
8968
9904
10498
12390
14372
14471
14689
15441
16449
18373
20706
25311
27286
27994
28117
28542
29566
30058
32047
38488
39688
41371
42012
42929
46869
47714
53596
55448
55526
56011
56964
57281
57790
Number of cuts: 40

Poco6
510
5480
10037
12970
13756
17382
20955
26041
27448
31524
35833
44722
50443
54116
60414
65829
70796
Number of cuts: 17

Rasputin
2059
5642
7433
7871
10739
10794
11043
13611
17737
18212
21232
21424
21782
28670
29475
34440
38828
39398
40293
45031
45264
46298
46483
Number of cuts: 23

RER2
2059
5642
6376
7448
10770
10825
11074
13642
14217
17698
17768
18243
19274
21455
21813
22806
28699
29504
34469
35783
38857
39427
40322
45060
45293
46324
46510
Number of cuts: 27

RexFury
2090
5673
7479
10801
10856
11105
13673
14248
17729
17799
18274
19305
21486
21844
28730
29535
34500
39455
45090
45323
46356
46541
Number of cuts: 22

RGL3
2058
2339
6620
7397
7439
10697
10751
11270
13767
16330
17859
17929
18404
20387
20719
21724
23404
23776
26671
27286
31439
33805
33818
34120
36605
36985
41256
41649
44738
45273
47259
47996
Number of cuts: 32

Rhodalysa
2059
5642
6376
7448
10770
10825
11074
13642
14217
17698
17768
18243
19274
21455
27183
28699
34469
38857
39427
40322
45060
45293
46326
46510
Number of cuts: 24

StCroix
2059
5642
7448
10770
10825
11074
13642
14217
17698
17768
18243
19274
21455
22381
27196
28712
34482
38879
39449
40344
45082
45315
46348
46533
Number of cuts: 24

Swann
2059
5642
6376
7448
10770
10825
11074
13642
14217
17698
17768
18243
19274
21455
21813
28699
29502
34467
35781
38855
39425
40320
45058
45291
46325
46510
Number of cuts: 26

Takoda
2051
5634
6353
7425
10688
10785
11034
13602
17658
17728
18203
22340
27156
28672
29477
33985
34277
34652
35966
43485
43999
45532
46538
46721
Number of cuts: 24

Trina
2843
6452
19553
23371
25104
27654
33146
33989
45076
49873
52109
56631
56713
58654
70547
72415
73015
81186
113580
120472
127879
128134
129320
130694
139245
Number of cuts: 25

TWAMP
2059
5642
6376
7448
10770
10825
11074
13642
14217
17698
17768
18243
19274
21455
27183
28699
34469
38857
39427
40322
45060
45293
46326
46510
Number of cuts: 24

UhSalsa
2059
5642
7448
10770
10825
11074
13642
14217
17698
17768
18243
19274
21455
21813
28700
29503
34411
39366
45001
45234
46267
46453
Number of cuts: 22

Weasels2
19486
24812
28176
35089
36472
40369
42288
43378
47463
51391
52056
76166
78893
82009
88674
94523
94802
113128
114332
117883
122708
Number of cuts: 21

Yogi
5642
7433
7871
10696
10799
11048
13616
17742
18217
19248
21237
21787
28673
29478
34077
34440
39208
39778
40673
45411
45644
46660
Number of cuts: 22

Yoncess
2059
5642
6361
7433
7871
10696
10799
11048
13616
17742
18217
19248
21237
21429
21787
22781
28674
33857
34223
35348
39181
40076
44819
45052
46083
46267
Number of cuts: 26

