Alatin
10
51
399
653
833
936
965
984
1005
1386
1921
2207
2278
2386
2408
2581
3304
3551
3576
3880
3912
4308
4566
4614
5438
5462
5564
5618
5630
5640
6020
6062
6567
6697
6931
6940
7183
7202
8304
8403
9072
9090
9180
9280
10017
10036
10465
10477
10711
10878
11192
11259
11296
11367
11912
12044
12424
12705
12770
13333
13633
13667
13831
13861
14038
14092
14458
14637
14746
14758
15148
15208
15634
15722
16042
16070
16322
16334
16709
17024
17114
17415
17453
17900
18333
18566
18590
18913
18967
18979
19104
19712
19741
20033
20185
20246
20738
20756
20839
20939
21269
21395
21444
21462
21498
21516
21552
21856
21909
21976
22075
22138
22618
22849
23107
23342
23456
23482
23501
23514
23715
24013
24245
24397
24492
24517
24751
24794
24902
24979
25236
25297
25593
25659
25695
25767
25791
25797
26424
27179
27195
27275
27319
27428
27677
27752
27797
27806
27875
27978
28309
28438
28615
29115
29138
29500
29596
29608
29632
29656
29910
30004
30048
30204
30261
30306
30348
30360
30546
30638
30738
30816
30996
31011
31108
31115
31155
31461
31525
32044
32267
32277
32501
32749
32759
32786
32910
33440
33447
33470
33730
33996
34552
34653
34733
34903
35057
35144
35170
35309
35699
35861
36678
36696
36803
36843
36890
37148
37278
37300
37648
37846
38139
38429
38533
38708
38852
39354
39821
39830
40006
40069
40738
40908
40920
41234
41282
41326
41605
41620
41714
41813
42204
42286
42546
43038
43155
43499
43672
43690
44025
44064
44091
44122
44286
44794
44841
45012
45134
45286
45336
46205
46312
46341
46481
46499
46615
46630
Number of cuts: 258

Alpacados
10
51
399
653
833
936
965
984
1005
1386
1874
2160
2240
2348
2370
2543
3174
3266
3322
3538
3577
3685
3842
3847
3874
4270
4528
4576
5400
5424
5526
5580
5592
5982
6514
6644
6706
6878
6887
7130
7149
8167
8266
8344
8452
8915
8981
9002
9020
9110
9161
9210
9546
9947
10395
10407
10599
10641
10677
10814
11195
11232
11303
11561
11848
11980
12360
12641
12706
12891
13269
13569
13603
13767
13974
14097
14394
14463
14573
14682
14694
15084
15144
15570
15658
15978
16006
16258
16645
16702
16716
16840
16960
17050
17351
17389
17896
18269
18502
18526
18849
18903
18915
19040
19113
19234
19408
19648
19969
20110
20692
20775
20875
21160
21179
21205
21295
21331
21380
21398
21434
21484
21665
21738
21777
21791
21858
21909
21957
22026
22105
22157
22487
22976
23211
23264
23325
23351
23370
23383
23584
23882
24114
24266
24361
24386
24418
24663
24771
24848
25105
25166
25473
25564
25600
25672
26329
27084
27100
27333
27582
27657
27702
27780
27883
28214
28343
28520
28615
28624
28666
28921
29020
29501
29513
29537
29561
29815
29909
29953
30109
30166
30253
30265
30451
30543
30643
30721
30901
30916
31013
31020
31060
31300
31366
31430
31949
32172
32182
32406
32654
32664
32691
32815
33345
33352
33375
33635
33901
34454
34555
34635
34805
34959
35046
35072
35211
35601
35763
36571
36589
36696
36736
36783
36834
36867
37041
37171
37193
37541
37739
38032
38322
38332
38601
38783
38955
39202
39220
39247
39714
39723
39899
39962
40561
40717
41057
41105
41149
41428
41443
41537
41636
42369
42861
42978
43322
43495
43513
43887
43914
44010
44109
44617
44664
44835
44957
45109
45159
46028
46050
46135
46164
46302
46319
46435
46450
Number of cuts: 277

AngryOrchard
10
51
102
180
399
447
648
828
931
960
999
1379
1866
2223
2331
2353
2526
3157
3249
3496
3521
3825
3857
4121
4253
4511
4559
5077
5383
5509
5563
5575
5842
5965
6497
6627
6861
6870
6952
7113
7132
8150
8249
8327
8435
8985
9003
9093
9144
9193
9930
9949
10378
10390
10624
10660
10797
11178
11215
11286
11544
11831
11963
12343
12624
12689
12874
13252
13552
13586
13750
13957
14107
14344
14446
14556
14602
14665
14677
15067
15127
15553
15641
15961
15989
16241
16628
16685
16823
16943
17033
17334
17372
17819
18252
18485
18509
18569
18832
18886
18898
19023
19391
19631
19952
20082
20093
20148
20198
20261
20525
20675
20758
20943
21188
21278
21381
21399
21648
21721
21774
21841
21892
22009
22482
22713
22971
23206
23259
23320
23365
23378
23579
23878
24110
24262
24342
24382
24616
24659
24767
24844
25101
25162
25458
25524
25560
25632
25662
25853
26827
27043
27059
27139
27183
27292
27451
27541
27661
27670
27739
27842
28173
28302
28479
28583
28625
28880
28979
29364
29460
29472
29496
29520
30059
30077
30104
30146
30158
30436
30536
30809
30906
30913
30953
31259
31323
31842
32075
32148
32203
32373
32584
32705
33235
33265
33488
33689
33795
34061
34614
34715
34965
35206
35232
35371
35761
35923
36072
36231
36749
36856
36943
37027
37144
37201
37331
37353
37701
37899
38192
38482
38761
39115
39127
39362
39380
39407
39554
39839
39876
39885
39907
40061
40962
40974
41288
41336
41380
41658
41673
41767
41866
42464
42864
43200
43544
43717
43735
43797
44067
44106
44133
44229
44328
44836
44883
45062
45291
46133
46240
46269
46424
46539
46554
Number of cuts: 265

AppleCloud
51
181
448
628
731
760
779
799
1179
1240
1282
1630
1893
1987
2095
2290
2921
3013
3024
3260
3285
3324
3885
4275
4323
4841
5147
5171
5273
5327
5349
5369
5729
6261
6391
6877
6896
7914
8013
8091
8199
8695
8704
8725
8743
8833
8884
8933
9670
9689
10118
10130
10364
10531
10912
10949
11020
11140
11278
11565
11697
12248
12893
13052
13298
13598
13632
14003
14174
14462
14602
14648
14682
14702
15113
15173
15599
15687
16007
16035
16287
16731
16869
16989
17380
17865
18298
18531
18555
18878
18932
18944
19069
19142
19437
19677
20128
20139
20307
20721
20804
21360
21409
21427
21463
21647
21694
21767
21806
21820
21887
21938
21986
22500
22745
23241
23617
24120
24272
24352
24392
24626
24669
24854
25111
25172
25468
25534
25570
25642
25672
27054
27070
27150
27194
27303
27462
27750
27853
28184
28313
28569
28673
28970
29069
29451
29547
29559
29583
29607
29934
29991
30078
30090
30276
30368
30468
30546
30726
30838
30845
30885
31125
31255
31494
31774
32007
32080
32153
32231
32468
32516
32640
33170
33177
33200
33460
33720
34448
34460
34630
34784
34871
34897
35036
35426
35588
36396
36414
36521
36561
36608
36659
36692
36866
36996
37018
37366
37564
37857
38147
38426
38570
38608
38792
39072
39536
39545
39721
40625
40637
40951
40999
41043
41322
41337
41431
41530
41921
42003
42263
42755
42872
43216
43389
43407
43742
43781
43808
43839
44003
44511
44558
44729
44851
45003
45053
45922
46029
46058
46197
46215
46331
46346
Number of cuts: 244

Belenaria
10
51
399
653
833
936
965
984
1005
1386
1921
2207
2278
2386
2408
2581
3304
3551
3576
3880
3912
4308
4566
4614
5438
5462
5564
5618
5630
5640
6020
6062
6567
6697
6931
6940
7183
7202
8304
8403
9072
9090
9180
9280
10017
10036
10465
10477
10711
10878
11192
11259
11296
11367
11625
11912
12044
12424
12705
12770
13333
13633
13667
13831
13861
14038
14092
14458
14637
14746
14758
15148
15208
15634
15722
16042
16070
16322
16334
16709
17024
17114
17415
17453
17900
18262
18333
18566
18590
18913
18967
18979
19104
19712
19741
20033
20185
20246
20756
20839
20939
21269
21395
21444
21462
21498
21729
21802
21855
21922
22021
22090
22169
22221
22551
22782
23040
23275
23389
23415
23434
23447
23648
23946
24179
24331
24426
24451
24685
24728
24836
24913
25170
25231
25527
25593
25629
25701
25731
27113
27129
27209
27253
27362
27611
27686
27731
27740
27809
27912
28243
28372
28549
28653
28695
28950
29049
29432
29528
29540
29564
29588
30127
30145
30172
30214
30226
30412
30504
30604
30682
30862
30877
30974
30981
31021
31261
31327
31391
31910
32133
32143
32367
32615
32625
32652
32776
33306
33313
33336
33596
33862
34427
34528
34608
34778
34932
35019
35045
35184
35574
35736
35885
36544
36562
36669
36709
36756
36807
36840
37014
37144
37166
37514
37712
38005
38295
38574
38718
38756
38940
39220
39684
39693
39869
40773
40785
41099
41147
41191
41470
41485
41579
41678
42069
42151
42411
42903
43020
43364
43537
43555
43890
43929
43956
43987
44151
44659
44706
44877
44999
45151
45201
46070
46177
46206
46346
46364
46480
46495
Number of cuts: 260

BobbyDazzler
10
51
399
653
833
936
965
984
1005
1386
1447
1986
2249
2272
2349
2457
2479
2652
3283
3375
3431
3647
3686
3794
3951
3956
3983
4175
4379
4637
4685
5509
5533
5635
5689
6091
6623
6753
6815
6987
6996
7239
7258
8276
8375
8453
8561
9024
9111
9129
9219
9270
9319
9655
10056
10504
10516
10708
10750
10786
10923
11304
11341
11412
11670
11957
12089
12469
12750
12815
13000
13378
13678
13712
13876
14083
14206
14503
14572
14682
14791
14803
15193
15253
15679
15767
16087
16115
16367
16754
16811
16825
16949
17069
17159
17460
17498
18005
18378
18611
18635
18958
19012
19024
19149
19222
19343
19517
19757
20219
20801
20884
20984
21269
21288
21314
21404
21489
21507
21543
21847
21886
21900
21967
22018
22066
22135
22215
22267
22597
23086
23245
23321
23374
23435
23461
23480
23493
23694
23992
24224
24376
24471
24496
24730
24773
24881
24958
25215
25276
25572
25638
25674
25746
25770
26403
27174
27407
27656
27731
27776
27785
27854
27957
28288
28417
28594
28689
28698
28740
28995
29094
29479
29575
29587
29611
29635
29889
29983
30027
30183
30240
30285
30327
30339
30525
30617
30717
30795
30975
30990
31087
31094
31134
31374
31440
31504
32023
32246
32256
32480
32728
32738
32765
32889
33419
33426
33449
33709
33975
34531
34632
34712
34882
35036
35123
35149
35288
35678
35840
36648
36666
36773
36813
36860
36911
36944
37118
37248
37270
37618
37816
38109
38399
38409
38678
39032
39279
39297
39324
39791
39800
39976
40039
40708
40864
41204
41252
41296
41576
41591
41685
41784
42175
42257
42517
43009
43126
43470
43643
43661
43996
44035
44062
44093
44257
44765
44812
44983
45105
45257
45307
45610
46176
46198
46283
46311
46450
46467
46583
46598
Number of cuts: 281

Bonanza
10
51
399
653
833
936
965
984
1005
1386
1921
2207
2278
2386
2408
2581
3212
3304
3360
3576
3615
3723
3880
3885
3912
4104
4308
4566
4614
5438
5462
5564
5618
5630
6020
6552
6682
6744
6916
6925
7168
7187
8205
8304
8382
8490
8953
9019
9040
9058
9148
9199
9248
9584
9985
10433
10445
10637
10679
10715
10852
11233
11270
11341
11599
11886
12018
12398
12679
12744
12929
13307
13607
13641
13805
14012
14135
14432
14501
14611
14720
14732
15122
15182
15608
15696
16016
16044
16296
16683
16740
16754
16878
16998
17088
17389
17427
17934
18307
18540
18564
18887
18941
18953
19078
19151
19272
19446
19686
20148
20730
20813
20913
21198
21333
21436
21454
21472
21522
21703
21776
21815
21829
21896
21947
21995
22064
22143
22195
22525
22897
23014
23173
23249
23363
23389
23408
23421
23622
23920
24152
24304
24384
24399
24424
24701
24809
24886
25143
25204
25500
25566
25602
25674
25698
26331
27086
27102
27335
27584
27659
27704
27713
27782
27885
28216
28345
28522
28617
28626
28668
28923
29022
29503
29515
29539
29563
29817
29911
29955
30111
30168
30255
30267
30453
30545
30645
30723
30903
30918
31015
31022
31062
31302
31368
31432
31951
32174
32184
32408
32656
32666
32693
32817
33347
33354
33377
33637
33903
34456
34557
34637
34807
34961
35048
35074
35213
35603
35765
36406
36464
36971
37078
37118
37165
37216
37249
37423
37553
37575
37923
38121
38414
38704
38714
38983
39165
39337
39584
39602
39629
40096
40105
40127
40281
41013
41169
41509
41557
41601
41880
41895
41989
42088
42821
43313
43430
43774
43947
43965
44339
44366
44462
44561
45069
45116
45287
45409
45561
45611
46465
46487
46512
46572
46600
46741
46758
46874
46889
Number of cuts: 279

Bradshaw
10
51
399
653
833
936
965
984
1005
1386
1921
2207
2278
2386
2408
2581
3304
3551
3576
3880
3912
4566
4614
5438
5462
5564
5618
5630
5640
6020
6062
6567
6697
6931
6940
7183
7202
8304
8403
9072
9090
9180
9280
10017
10036
10465
10477
10711
10878
11192
11259
11296
11367
11912
12424
12705
12770
13333
13633
13667
13831
13861
14038
14092
14458
14637
14746
14758
15148
15208
15634
15722
16042
16070
16322
16334
16709
17024
17114
17415
17453
17900
18262
18333
18566
18590
18913
18967
18979
19104
19712
19741
20033
20185
20246
20756
20839
20939
21269
21395
21444
21462
21498
21802
21855
21922
22021
22090
22169
22221
22551
22782
23040
23275
23389
23415
23434
23447
23648
23946
24178
24330
24425
24450
24684
24727
24835
24912
25169
25230
25526
25592
25628
25700
25724
25730
26357
27112
27128
27208
27252
27361
27610
27685
27730
27739
27808
27911
28242
28371
28548
29048
29071
29433
29529
29541
29565
29589
29843
29937
29981
30137
30194
30239
30281
30293
30479
30571
30671
30749
30929
30944
31041
31048
31088
31394
31458
31977
32200
32210
32434
32682
32692
32719
32843
33373
33380
33403
33663
33929
34485
34586
34666
34836
34990
35077
35103
35242
35632
35794
36611
36629
36736
36776
36823
37081
37211
37233
37581
37779
38072
38362
38466
38641
38785
39242
39287
39754
39763
39939
40002
40671
40841
40853
41167
41215
41259
41538
41553
41647
41746
42137
42219
42479
42971
43088
43432
43605
43623
43958
43997
44024
44055
44219
44727
44774
44945
45067
45219
45269
46138
46245
46274
46413
46432
46548
46563
Number of cuts: 257

Bryce
10
51
399
653
833
936
965
984
1005
1386
1921
2207
2278
2386
2408
2581
3212
3304
3360
3576
3615
3723
3880
3885
3912
4104
4308
4566
4614
5462
5564
5618
5630
6020
6552
6682
6744
6916
6925
7168
7187
8205
8304
8382
8490
8953
9040
9058
9148
9199
9248
9584
9985
10433
10445
10679
10715
10852
11233
11270
11341
11599
11886
12018
12398
12679
12744
12929
13307
13607
13641
13805
14012
14432
14501
14611
14720
14732
15122
15182
15608
16016
16044
16296
16683
16740
16754
16878
16998
17088
17389
17427
17934
18307
18540
18564
18887
18941
18953
19078
19151
19272
19446
19686
20148
20730
20813
20913
21198
21333
21418
21436
21472
21776
21815
21829
21896
21947
21995
22064
22144
22196
22526
23015
23174
23250
23303
23364
23390
23409
23422
23623
23921
24153
24305
24400
24425
24457
24659
24702
24810
24887
25144
25205
25501
25567
25603
25675
25699
26332
27103
27183
27336
27585
27705
27714
27783
27886
28217
28346
28523
28618
28627
28669
28924
29023
29408
29504
29516
29540
29564
29891
29948
30035
30047
30233
30325
30425
30503
30683
30698
30795
30802
30842
31082
31148
31212
31731
31954
31964
32188
32436
32446
32473
32597
33127
33134
33157
33417
33683
34239
34340
34590
34744
34831
34857
34996
35386
35548
36356
36374
36481
36521
36568
36619
36652
36826
36956
36978
37326
37524
37817
38107
38117
38386
38568
38740
38752
38987
39005
39032
39499
39508
39530
39684
40416
40572
40912
40960
41004
41284
41299
41393
41492
41883
41965
42225
42717
42834
43178
43351
43369
43704
43722
43743
43770
43801
43965
44473
44520
44691
44813
44965
45015
45884
45906
45991
46018
46156
46173
46289
46304
Number of cuts: 272

ChewyVIII
564
850
1164
1393
1478
1622
1792
1974
2811
2947
3847
3986
4290
4621
5080
5319
5715
5820
5892
5898
5904
5970
6027
6083
6449
6467
6689
7788
7909
8014
9263
9275
9402
9528
9616
9920
9947
10060
10239
10293
10313
10334
10872
10886
10962
11210
11408
12050
12337
12397
12760
12835
12850
13233
13514
13869
13968
13990
14072
14118
14252
14432
14694
14769
14799
15125
15161
16141
16739
17004
17027
17053
17218
17228
17335
17353
17371
17380
17425
17464
17526
17566
17602
17611
17629
17638
17746
17755
17782
17791
17809
17818
17853
18016
18166
18250
18351
18411
18639
18915
19068
19143
20284
20323
20419
20562
21465
21837
21855
21876
22470
22641
23403
23759
24000
24497
24624
24633
24698
24990
25189
25517
25675
25807
25882
25981
26002
26203
26435
26737
27207
27693
27943
27951
28214
28237
28342
28461
28638
28857
29205
29469
30159
30300
30309
30483
30675
30690
30780
30980
31758
31807
31921
31946
31982
32024
32459
32539
32858
32879
33197
33365
33437
33698
33736
33761
33794
33950
34035
34190
34309
34448
34692
34788
34834
35094
35233
35364
35889
36092
36338
36476
36494
36602
36731
36740
37007
37019
37253
37408
37486
37686
37848
38059
38149
38599
38819
38878
38912
39118
39990
40118
40457
40695
40750
40800
40891
41042
41141
41206
41656
41846
41972
42216
42269
42838
42920
43315
43393
43491
43505
43576
43635
43860
44045
44142
44249
44580
44685
44763
44958
45009
45171
45313
45370
45487
45508
45534
45552
45891
46038
46141
46330
46518
46818
47001
47233
47308
47932
48295
48947
49019
49647
49854
49890
49912
50253
50304
50549
50623
51045
51306
51426
51456
52104
52218
52469
52648
52826
52975
53517
53713
53804
53947
54322
54837
55649
56192
56345
56708
57312
57458
57562
57568
57840
58119
58723
58934
59005
59167
59815
59984
60340
61140
61216
61436
61636
61763
61788
61948
61996
62159
62186
62339
62372
62588
62753
63146
63561
64069
64115
65173
65728
66134
67425
68384
68870
69043
Number of cuts: 318

CosmicSans
10
51
399
653
833
936
965
984
1005
1386
1921
2207
2278
2386
2408
2581
3304
3551
3576
3880
3912
4566
4614
5438
5462
5564
5618
5630
5640
6020
6062
6567
6697
6931
6940
7183
7202
8304
8403
9072
9090
9180
9280
10017
10036
10465
10477
10711
10878
11192
11259
11296
11367
11912
12424
12705
12770
13333
13633
13667
13831
13861
14038
14092
14458
14637
14746
14758
15148
15208
15634
15722
16042
16070
16322
16334
16709
17024
17114
17415
17453
17900
18333
18566
18590
18913
18967
18979
19104
19712
19741
20033
20185
20246
20756
20839
20939
21269
21395
21444
21462
21498
21802
21855
22021
22090
22169
22221
22551
22782
23040
23275
23328
23389
23415
23434
23447
23648
23946
24178
24330
24425
24450
24684
24727
24835
24912
25169
25230
25526
25592
25628
25700
25730
27112
27128
27208
27252
27361
27610
27685
27730
27739
27808
27911
28242
28371
28548
28652
28694
29048
29071
29433
29529
29541
29565
29589
29843
29937
29981
30137
30194
30239
30281
30293
30479
30571
30671
30749
30929
30944
31041
31048
31088
31394
31458
31977
32200
32210
32434
32682
32692
32719
32843
33373
33380
33403
33663
33929
34485
34586
34666
34836
34990
35077
35103
35242
35632
35794
36602
36620
36727
36767
36814
37072
37202
37224
37572
37770
38063
38353
38457
38632
38776
39233
39278
39745
39754
39930
39993
40662
40818
41158
41206
41250
41529
41544
41638
41737
42128
42210
42470
42962
43079
43423
43596
43614
43949
43988
44015
44046
44210
44718
44765
44936
45058
45210
45260
46129
46236
46265
46405
46422
46538
46553
Number of cuts: 255

Dinger
10
51
102
180
399
650
830
933
962
1001
1381
1917
2203
2382
2404
2577
2988
3208
3300
3547
3572
3611
3876
4304
4562
4610
5434
5560
5626
6016
6548
6678
6912
6921
7164
7183
8201
8300
8378
8486
9036
9054
9144
9244
9981
10000
10429
10441
10675
10848
11229
11266
11337
11595
12014
12394
12675
12740
12925
13303
13603
13637
14008
14131
14395
14497
14607
14653
14707
15118
15178
15604
15692
15783
15957
16012
16040
16292
16679
16736
16874
16994
17084
17385
17870
18303
18536
18560
18883
18937
18949
19074
19442
19538
19682
20133
20144
20312
20726
20809
20994
21151
21194
21239
21432
21450
21811
21825
21892
21960
21991
22534
22765
23023
23258
23311
23417
23430
23631
23930
24162
24314
24394
24434
24668
24711
24896
25153
25214
25510
25576
25612
25684
25714
27096
27112
27192
27236
27345
27504
27714
27792
27895
28226
28355
28611
28715
29012
29111
29494
29590
29602
29626
29650
30063
30108
30162
30348
30440
30540
30618
30798
30813
30910
30917
30957
31263
31327
31846
32079
32152
32225
32377
32399
32588
32712
33242
33249
33272
33495
33666
33802
34062
34627
34728
34808
34978
35219
35245
35384
35774
35936
36085
36744
36762
36869
36956
37007
37040
37214
37344
37366
37714
37912
38205
38495
38774
39128
39375
39393
39420
39898
39920
40074
40558
40908
40976
40988
41302
41350
41673
41688
41881
42482
42882
43218
43562
43735
43753
43815
44085
44124
44151
44247
44346
44854
44901
45308
46152
46259
46288
46414
46559
46574
Number of cuts: 244

DocB7
387
469
1106
2041
2121
3095
3796
3831
4571
4580
4787
5941
6403
6727
6867
6962
7547
8054
8933
8967
9043
9251
9345
9453
9519
9724
10413
10493
10914
11226
11313
11403
11769
11945
12503
12704
12890
13393
13706
14529
14746
14857
15289
15359
15805
16609
17189
17652
17674
18480
18497
18537
18645
18681
18720
18800
18846
18873
19074
19119
19230
20055
20313
20328
20417
21186
21369
22761
22809
22887
23065
23239
23749
23871
24003
24016
24308
24522
24818
24996
25144
27064
27833
27936
28305
28541
28942
29694
29953
30376
30509
31367
31401
31409
32065
32710
32725
32737
33109
33282
33629
33746
34687
35179
35374
35553
35887
36075
36294
36954
37064
37651
37712
37772
38092
38116
38246
38277
38661
38844
38855
38903
39459
39650
39711
40376
40849
40857
42095
42170
42301
42324
42439
42474
42723
42873
43563
43940
44433
44889
45069
45309
45426
45445
45545
45930
46690
47727
47780
48069
48157
48224
48447
48538
48745
49151
49235
49283
49524
49848
49994
50249
50740
50758
51436
51611
51876
51944
52142
52148
52412
52797
53578
53944
54115
54940
55220
55288
55537
57008
57596
57675
57771
58110
59096
59626
59770
60094
60532
60592
60914
61372
61504
61579
61594
61618
61645
61727
61738
61954
62189
62265
62358
62502
62866
63871
64308
64857
64874
65286
65535
65727
66203
66364
66624
66751
66799
67039
67142
67471
67889
68005
68317
68349
68762
68805
69180
69221
69760
70083
71454
71745
71757
71894
72227
73377
73405
73686
73948
74261
74351
74530
74612
74900
75214
75363
Number of cuts: 246

E3
112
450
462
740
989
1182
1380
2696
2774
2914
3407
3551
3599
3806
4012
4406
4729
4746
4764
4959
5311
5414
6051
6251
6412
6450
6493
6735
7086
7193
7241
7364
7388
7747
8139
8233
8425
8470
8605
8683
8755
9223
9271
9624
9765
10139
10574
10592
10617
10932
10986
11111
11454
11652
11812
11983
12053
12088
12142
12340
12448
13338
14760
14832
15304
15465
17279
17396
17814
17836
18039
18048
18476
18800
19029
19548
19811
19832
20135
20246
20294
20775
20832
21017
21312
21806
22182
22384
22471
22507
23067
23127
23282
23911
23993
24074
24716
24762
24916
25063
25309
25488
25658
25742
25940
26042
26495
26536
26579
26588
26615
26876
27293
27338
27470
27593
27731
27969
28235
28286
29972
30165
30246
30321
30341
30540
31035
31849
32107
32660
32770
33145
33475
33517
33549
33664
33705
34039
34201
34306
34339
34375
34441
34483
34549
35113
36361
36587
37112
37244
37346
37691
37718
38461
38782
38992
39154
39508
39523
39676
39970
40561
40615
40647
41246
41390
41527
41752
41944
42847
43320
43486
43628
43718
43885
44096
44318
44455
44640
44664
44883
44940
45264
45414
45528
45630
45981
46564
47032
47465
47762
48028
48061
48116
48476
49149
49188
50327
50385
50493
50742
50899
50934
51129
51239
51374
51453
51612
52099
52163
52199
52210
52646
52730
53144
53163
53379
53823
53844
53856
53913
54101
54448
54849
54993
55095
55200
55209
55882
56076
56170
56180
56412
56425
56581
56602
56896
57240
57834
58434
59410
59470
59773
60265
60497
60524
60624
60927
61077
61152
61322
61454
61906
62175
62310
62883
63018
63122
63299
64049
64409
64418
64611
65301
65441
65603
65716
65760
65802
66597
67271
67355
67433
67472
67652
68439
68784
68909
69123
69478
69521
69776
69818
69902
70106
70154
70304
70355
70973
71111
71237
71643
72269
72287
72425
72746
72761
72815
72977
73172
73196
73403
73589
73703
73742
74036
74093
74195
74522
74913
74948
75056
75379
75547
75619
75712
75841
75862
76002
76280
76352
76711
76756
76978
77223
77409
78049
78100
78192
78522
78813
79029
79173
79194
79667
79674
79704
79994
80080
80231
80441
80647
81011
81038
81170
81206
81256
81404
81851
82463
82499
83114
83273
83363
83483
83789
83853
84009
84174
84182
84318
84352
84388
84619
84650
84899
84998
85237
85504
86740
86833
87037
87054
87306
87368
87518
87588
87597
87669
87785
87865
88036
88248
88324
88883
89375
89684
89790
89819
90146
90419
90443
90512
90644
91223
91742
91979
92027
92105
92403
92421
92451
92547
93301
93400
93681
93723
94282
94459
94471
94534
94677
94785
95082
95196
95265
95424
95869
96103
96190
96505
96856
97185
97231
97462
98584
98877
99375
99423
99872
100844
101146
101455
101512
102299
102372
102589
102691
103042
103048
103291
104103
104291
104507
104574
104589
104733
105467
105509
105714
105783
106068
106077
106086
106098
106110
106464
106512
106820
107869
108262
108345
109186
109231
109264
109375
109655
109665
109914
110013
110039
110414
110707
110863
111312
111583
111949
111973
112078
112087
112207
112255
112407
112416
112539
112551
112674
112953
113157
113265
113732
113999
114137
114194
114239
114332
114482
114969
115029
115179
115500
115523
115862
116062
116143
116239
116344
116359
116389
116564
116630
116636
116828
116837
116976
118188
118305
118640
118975
119192
119531
119957
120026
120262
120284
120664
120836
121228
121393
121660
122013
122140
122158
122434
122617
122990
123011
123083
124034
124161
124376
124403
124885
124894
125089
125251
125393
125806
126137
126314
126376
126837
126855
126894
127553
127846
128145
128224
128418
128625
128872
129229
129551
129708
129723
129768
130178
130280
130766
130939
130948
131209
131833
131974
132070
132160
132211
132292
132381
132447
132664
132836
133257
133506
133617
133638
134016
134163
134262
134394
134703
134742
135207
135300
135363
135753
136522
136639
136711
137911
138070
138388
138604
139338
139439
139449
139488
139500
139535
139593
139653
139761
139962
140076
140653
140785
141076
141721
142234
142441
Number of cuts: 620

Erik
10
51
399
653
833
936
965
984
1005
1386
1921
2207
2278
2386
2408
2581
3304
3551
3576
3880
3912
4308
4566
4614
5438
5462
5564
5618
5630
5640
6020
6062
6567
6697
6931
6940
7183
7202
8304
8403
9071
9089
9179
9279
10016
10035
10464
10476
10710
10877
11191
11258
11295
11366
11911
12423
12704
12769
13332
13632
13666
13830
13860
14037
14091
14457
14636
14745
14757
15147
15207
15633
15721
16041
16069
16321
16333
16708
17023
17113
17414
17452
17899
18261
18332
18565
18589
18912
18966
18978
19103
19711
19740
20032
20184
20245
20755
20838
20938
21268
21394
21443
21461
21497
21728
21801
21854
21921
22020
22089
22168
22220
22550
22781
23039
23274
23327
23388
23414
23433
23446
23646
23944
24176
24328
24423
24448
24682
24725
24833
24910
25167
25228
25524
25590
25626
25698
25728
27110
27126
27206
27250
27359
27608
27683
27728
27737
27806
27909
28240
28369
28546
28650
28692
29046
29069
29431
29527
29539
29563
29587
30126
30144
30171
30213
30225
30411
30503
30603
30861
30876
30973
30980
31020
31326
31390
31909
32132
32142
32366
32614
32624
32651
32775
33305
33312
33335
33595
33861
34417
34518
34598
34768
34922
35009
35035
35174
35564
35726
36534
36552
36659
36699
36746
37004
37134
37156
37504
37702
37995
38285
38389
38564
38708
39165
39210
39677
39686
39862
39925
40493
40649
40989
41037
41081
41360
41375
41469
41568
41959
42041
42301
42793
42910
43254
43427
43445
43780
43819
43846
43877
44041
44549
44596
44767
44889
45041
45091
45960
46067
46096
46237
46255
46371
46386
Number of cuts: 255

Espica
10
51
399
653
833
936
965
984
1005
1386
1921
2207
2278
2386
2408
2581
3304
3551
3576
3880
3912
4308
4566
4614
5438
5462
5564
5618
5630
5640
6020
6062
6567
6697
6931
6940
7183
7202
8304
8403
9072
9090
9180
9280
10017
10036
10465
10477
10711
10878
11192
11259
11296
11367
11625
11912
12044
12424
12705
12770
13333
13633
13667
13831
13861
14038
14092
14458
14637
14746
14758
15148
15208
15634
15722
16042
16070
16322
16334
16709
17024
17114
17415
17453
17900
18262
18333
18566
18590
18913
18967
18979
19104
19712
19741
20033
20185
20246
20756
20839
20939
21269
21395
21444
21462
21498
21729
21802
21855
21922
22021
22090
22169
22221
22551
22782
23040
23275
23389
23415
23434
23447
23648
23946
24179
24331
24426
24451
24685
24728
24836
24913
25170
25231
25527
25593
25629
25701
25731
27113
27129
27209
27253
27362
27611
27686
27731
27740
27809
27912
28243
28372
28549
28653
28695
28950
29049
29432
29528
29540
29564
29588
30127
30145
30172
30214
30226
30412
30504
30604
30682
30862
30877
30974
30981
31021
31261
31327
31391
31910
32133
32143
32367
32615
32625
32652
32776
33306
33313
33336
33596
33862
34427
34528
34608
34778
34932
35019
35045
35184
35574
35736
36544
36562
36669
36709
36756
36807
36840
37014
37144
37166
37514
37712
38005
38295
38574
38718
38756
38940
39220
39684
39693
39869
40773
40785
41099
41147
41191
41470
41485
41579
41678
42069
42151
42411
42903
43020
43364
43537
43555
43890
43929
43956
43987
44151
44659
44706
44877
44999
45151
45201
46070
46176
46205
46345
46363
46479
46494
Number of cuts: 259

Finch
184
388
499
1132
1231
1390
1501
1660
1879
2671
2701
2902
3018
3072
3219
3579
3610
3842
4145
4154
4510
5142
5579
5921
6162
6234
6402
6645
6935
7014
7620
7641
7908
8406
8615
8762
8819
8945
9103
9164
9380
9446
9535
10236
10365
10750
10915
11068
11203
11251
11377
11416
11457
11953
12097
12308
12338
12368
12380
12562
13467
13476
13611
13944
14105
14413
14850
15171
15481
15736
16519
16588
16919
17033
17317
17341
17437
17677
18572
19245
19512
20288
20354
20399
20477
20892
21309
21318
21387
21703
22119
22194
22617
23093
23303
23315
23456
23560
23681
23744
23768
23870
23965
24035
24225
24255
24761
25083
25366
25411
25588
25872
26008
26191
26269
26569
26815
27288
27516
27642
27672
27771
27878
27898
28172
28597
28655
28909
29227
30030
30180
30445
30720
31091
31269
31654
31707
31884
32055
32247
32426
32544
32634
32966
33032
33130
33314
33910
34242
34249
34518
34602
34716
34848
35250
35406
35487
35499
35514
35582
35794
35872
35916
36245
36313
36397
36596
37060
37072
37222
37407
37479
37557
37924
37951
37987
38665
38740
38839
39178
39238
39331
39369
39499
39528
39769
39790
40001
40331
40684
41351
41567
41573
42041
42050
42095
42740
42820
42956
43349
43706
43889
44007
44118
44125
44146
44316
44781
45263
45608
45783
45860
45956
46106
46232
46409
46451
47159
47165
47195
47213
47294
47626
48296
48326
48418
48497
48719
48809
48920
49060
49076
49226
49235
49318
49357
49945
50089
50104
50224
50239
50803
50854
50878
50964
51160
51370
51596
51751
52046
52072
52183
52249
52447
52733
52854
52926
52995
53301
53550
53718
53883
54000
54069
54117
54537
54561
54663
54929
55055
55067
55305
55416
55488
55737
55902
56119
56329
56632
56641
56905
57103
57184
57582
57717
57768
58969
59219
59300
59498
60094
60166
60404
60857
60881
61028
61148
61181
61409
61541
61579
62043
62125
62154
62269
62627
62825
62906
63143
63431
63606
63639
64122
64251
64646
64862
64879
64919
65093
65534
65597
65660
65779
65992
66059
66101
66127
66155
66217
66287
66305
66398
66452
66494
66916
67169
67196
67271
67416
67541
67865
67928
68084
68107
68264
68399
68642
68956
68989
69031
69307
69727
70193
70439
70546
70786
71064
71122
71539
72017
72185
72650
72727
72841
72942
73043
73242
73404
73581
73632
73891
74080
74197
74620
75110
75200
75260
75704
75806
76073
76145
76161
76321
76373
76600
76659
76818
76854
76884
77036
77444
77532
77544
78107
78116
78251
78565
78577
78665
78884
79177
79451
79500
79728
80025
80087
80156
80210
80220
80527
80540
80705
80753
81291
82042
82091
82248
82533
82777
82945
83044
83057
83373
83409
83454
83528
83906
84120
84437
84787
84948
85030
85101
85549
85588
85664
85742
85988
86522
86687
86866
86878
87085
87324
87783
87887
87979
87984
88182
88262
88402
88658
88810
88995
89216
89431
90208
90323
90575
90601
90906
90950
91178
91439
91532
91951
91986
91995
92118
92163
92184
92220
92453
92510
92533
92752
92793
92887
93211
93289
93361
93508
93631
94109
94154
94383
94512
94582
94678
95063
95268
95618
95834
95976
96332
96483
96531
96672
96720
97147
97192
97442
97645
97732
98035
98083
98140
98406
98442
98460
98706
99380
99387
99491
99561
99625
99713
99853
99949
100208
100305
100320
100332
100740
100809
100827
100872
101304
101352
102012
102204
102219
102288
102387
102802
102826
102904
103117
103171
103205
103282
103319
103522
103536
103874
103911
103920
104227
104615
104715
104910
105006
105045
105140
105204
105290
105497
105565
105729
105952
106038
106431
106552
106853
107011
107020
107235
108026
108062
108104
108400
108412
108667
108846
109040
109366
109592
109658
109980
110019
110352
110415
110527
110554
110568
110931
111033
111114
111182
111425
111448
111518
112122
112194
112266
112302
112701
112855
113098
113158
113179
113260
113438
113910
114600
114666
114753
114783
115166
115294
115369
115504
115655
115766
116568
116593
116605
116630
116854
117118
117130
117148
117357
117422
117702
117779
118007
118224
118346
119630
119714
120441
120474
120611
120928
121018
121025
121333
121483
121618
121666
121672
121797
121821
121998
122005
122115
122151
122631
122682
122781
122909
123062
123209
123611
123698
123869
123954
124433
124769
124787
124820
124928
124940
125026
125118
125179
125239
125302
125430
125602
126055
126208
126345
126439
126542
126945
127100
127191
127638
127737
127797
127833
128039
128073
128453
128608
128662
128824
129226
129323
129533
129944
130007
130026
130031
130136
130145
130301
130337
130556
130688
130729
130739
130768
130913
131270
131360
131407
131552
131696
131855
131990
132011
132074
132176
132224
132278
132503
132551
132719
132818
133049
133115
133381
133482
133798
134200
134221
134375
134527
134778
135345
135438
135538
136025
136291
136330
136413
136485
136860
137335
137494
137553
138333
138441
Number of cuts: 746

Gollum
10
51
399
653
833
936
965
984
1005
1386
1921
2207
2278
2386
2408
2581
3304
3551
3576
3880
3912
4308
4566
4614
5438
5462
5564
5618
5630
5640
6020
6062
6567
6697
6931
6940
7183
7202
8304
8403
9072
9090
9180
9280
10017
10036
10465
10477
10711
10878
11192
11259
11296
11367
11912
12044
12424
12705
12770
13333
13633
13667
13831
13861
14038
14092
14458
14637
14746
14758
15148
15208
15634
15722
15987
16042
16070
16322
16709
17024
17114
17415
17453
17900
18262
18333
18566
18590
18913
18967
18979
19104
19472
19712
19741
20033
20185
20246
20756
20839
20939
21269
21395
21444
21462
21498
21729
21802
21855
21922
22021
22090
22169
22221
22551
22782
23040
23275
23328
23389
23415
23434
23447
23648
23946
24178
24330
24425
24450
24684
24727
24835
24912
25127
25169
25230
25526
25592
25628
25730
27112
27128
27208
27252
27361
27610
27685
27730
27739
27808
27911
28242
28371
28548
28652
28694
28949
29048
29431
29527
29539
29563
29587
29841
29935
29979
30135
30192
30237
30279
30291
30477
30569
30669
30747
30927
30942
31039
31046
31086
31326
31392
31456
31975
32198
32208
32432
32680
32690
32717
32841
33371
33378
33401
33661
33927
34483
34584
34664
34834
34988
35075
35101
35240
35630
35792
36600
36618
36725
36765
36812
36863
36896
37070
37200
37222
37570
37768
38061
38351
38630
38774
38812
38996
39276
39740
39749
39872
39935
40604
40760
41100
41148
41192
41471
41486
41580
41679
42070
42152
42412
42904
43021
43365
43538
43556
43891
43930
43957
43988
44152
44660
44707
44878
45000
45152
45202
45304
45505
46071
46178
46206
46344
46361
46477
46492
Number of cuts: 266

Grayson
685
1297
1543
1776
1789
1986
2579
2603
4472
4877
5629
8929
10370
10717
10860
13803
14321
15312
15865
16560
17026
17362
18422
18764
19061
19884
20420
23986
24009
25230
26260
27466
27808
28352
28732
28747
28759
29131
30489
30717
31002
31149
31332
34581
34692
35567
37938
40389
41231
43067
44198
46866
46956
49370
49593
50084
50352
51156
52033
52166
52384
52469
53156
53324
53333
54133
54319
54548
54754
55851
56101
59164
59221
60168
61473
62177
62634
63948
64142
64161
65376
67372
69084
71352
71799
72815
73867
74929
75272
75829
76108
76271
78000
78727
78926
79865
81078
81614
82404
83466
84217
84846
85065
86357
86549
86865
89050
89678
89947
89981
93592
94197
95387
96237
97680
97977
98389
98985
99009
101914
102064
102252
102906
105221
106878
107709
107923
108015
111755
111827
112119
113065
115805
115901
118636
119071
120556
121074
121360
123119
124804
124942
125859
126601
127134
128107
129586
130198
130444
130677
130690
130887
131480
131504
Number of cuts: 154

Harlequin
10
51
399
653
833
936
965
984
1005
1386
1921
2207
2278
2386
2408
2581
3212
3304
3360
3551
3576
3615
4176
4308
4566
4614
5132
5438
5462
5564
5618
5630
6020
6552
6682
6916
6925
7007
7168
7187
8205
8304
8382
8490
8986
8995
9016
9034
9124
9175
9224
9560
9961
10409
10421
10655
10691
10828
11209
11246
11317
11575
11862
11994
12374
12655
12720
12905
13283
13583
13617
13781
13988
14408
14477
14587
14696
14708
15098
15158
15584
15992
16020
16272
16659
16716
16730
16854
16974
17064
17365
17403
17910
18283
18516
18540
18863
18917
18929
19054
19127
19248
19422
19662
20124
20706
20789
20889
21174
21309
21394
21412
21448
21466
21502
21806
21845
21859
21926
21977
22025
22094
22174
22226
22556
23045
23204
23280
23333
23394
23420
23439
23452
23653
23951
24183
24335
24430
24455
24487
24689
24732
24840
24917
25174
25235
25531
25597
25633
25705
25729
26362
27133
27213
27366
27615
27735
27744
27813
27916
28247
28376
28553
28648
28657
28699
28954
29053
29438
29534
29546
29570
29594
29921
29978
30065
30077
30263
30355
30455
30533
30713
30728
30825
30832
30872
31112
31178
31242
31761
31984
31994
32218
32466
32476
32503
32627
33157
33164
33187
33447
33713
34269
34370
34620
34774
34861
34887
35026
35416
35578
36386
36404
36511
36551
36598
36649
36682
36856
36986
37008
37356
37554
37847
38137
38416
38560
38598
38770
39017
39062
39531
39540
39562
39716
40947
40995
41039
41319
41334
41428
41527
41918
42000
42260
42752
42869
43213
43386
43404
43739
43757
43778
43805
43836
44000
44508
44555
44726
44848
45000
45050
45919
45941
46026
46054
46192
46209
46325
46340
Number of cuts: 270

Hiro
10
51
399
653
833
936
965
984
1005
1386
1921
2207
2278
2386
2408
2581
3212
3304
3360
3576
3615
3723
3880
3885
3912
4104
4308
4566
4614
5438
5462
5564
5618
6020
6552
6682
6744
6916
6925
7168
7187
8205
8304
8382
8490
8986
8995
9016
9034
9124
9175
9224
9961
9980
10409
10421
10655
10822
11203
11240
11311
11431
11569
11856
11988
12539
13184
13343
13589
13889
13923
14294
14465
14753
14893
14939
14973
14993
15404
15464
15890
15978
16298
16326
16578
17022
17160
17280
17671
18156
18589
18822
18846
19169
19223
19235
19360
19728
19968
20289
20419
20430
20598
21012
21095
21651
21700
21718
21754
21938
21985
22058
22097
22111
22178
22229
22277
22791
23532
23908
24206
24438
24590
24685
24710
24944
24987
25095
25172
25429
25490
25786
25852
25888
25960
25984
26617
27388
27621
27870
27945
27990
27999
28068
28171
28502
28631
28808
28903
28912
28954
29209
29308
29789
29801
29825
29849
30103
30197
30241
30397
30454
30499
30541
30553
30739
30831
30931
31189
31204
31301
31308
31348
31588
31654
31718
32237
32460
32470
32694
32942
32952
32979
33103
33633
33640
33663
33923
34189
34745
34846
34926
35096
35250
35337
35363
35502
35892
36054
36862
36880
36987
37027
37074
37125
37158
37332
37462
37484
37832
38030
38323
38613
38623
38892
39074
39246
39493
39511
39538
40005
40014
40036
40190
40922
41078
41418
41466
41510
41790
41805
41899
41998
42389
42731
43223
43340
43684
43857
43875
44210
44228
44249
44276
44307
44471
44979
45026
45197
45319
45471
45521
45824
46390
46412
46497
46525
46664
46680
46796
46811
Number of cuts: 261

Jace
257
842
1326
1548
2078
2649
3799
3830
4082
4259
4523
4706
4839
4866
5511
5886
5931
6273
6357
7456
7480
8342
8677
9136
9624
9753
9794
9904
10411
10729
11260
11533
12301
12307
13360
14156
14326
14802
15663
17094
17327
17689
17818
19918
20033
20062
20641
22251
22390
23169
23979
24103
24728
25147
25203
26321
26721
27974
28052
28136
28465
29370
29878
30107
30137
30333
30381
30387
30750
31101
31543
31957
32199
33543
33943
34059
34410
34452
34853
35364
35453
35953
36136
36400
36638
36749
36778
37472
37696
38113
38227
38311
39092
39387
39715
39753
39973
41422
41658
41783
41939
42023
42335
43653
43829
44265
44725
45236
45416
45543
45724
45773
46231
46567
46684
47349
47385
47695
48044
48431
48964
49424
49487
49605
50090
50409
50954
51350
51417
51595
51870
53668
53680
Number of cuts: 133

Jester
10
51
399
653
833
936
965
984
1005
1386
1921
2207
2278
2386
2408
2581
3212
3304
3360
3551
3576
3615
4176
4308
4566
4614
5132
5438
5462
5564
5618
5630
6020
6552
6682
6916
6925
7007
7168
7187
8205
8304
8382
8490
8986
8995
9016
9034
9124
9175
9224
9961
9980
10409
10421
10655
10822
11203
11240
11311
11431
11569
11856
11988
12368
12649
12899
13277
13577
13611
13982
14153
14402
14441
14471
14581
14672
14690
15092
15152
15578
15666
15986
16014
16266
16710
16848
16968
17359
17844
18277
18510
18534
18857
18911
18923
19048
19121
19242
19416
19656
20118
20700
20783
20883
21168
21303
21388
21406
21442
21746
21785
21799
21866
21917
21965
22025
22105
22157
22487
22976
23135
23211
23264
23325
23351
23370
23383
23584
23882
24114
24266
24361
24386
24418
24620
24663
24771
24848
25105
25166
25462
25528
25564
25636
25660
26293
27064
27144
27297
27546
27666
27675
27744
27847
28178
28307
28484
28579
28588
28630
28885
28984
29369
29465
29477
29501
29525
29852
29909
29996
30008
30194
30286
30386
30464
30644
30659
30756
30763
30803
31043
31109
31173
31692
31915
31925
32149
32397
32407
32434
32558
33088
33095
33118
33378
33644
34200
34301
34551
34705
34792
34818
34957
35347
35509
36317
36335
36442
36482
36529
36580
36613
36787
36917
36939
37287
37485
37778
38068
38347
38491
38529
38701
38948
38993
39462
39471
39493
39647
40878
40926
40970
41250
41265
41359
41458
41849
41931
42191
42683
42800
43144
43317
43335
43670
43688
43709
43736
43767
43931
44439
44486
44657
44779
44931
44981
45850
45872
45957
45985
46123
46140
46256
46271
Number of cuts: 265

Krishelle
10
51
399
653
833
936
965
984
1005
1386
1921
2207
2278
2386
2408
2581
3304
3551
3576
3880
3912
4308
4566
4614
5438
5462
5564
5618
5630
5640
6020
6062
6567
6697
6931
6940
7183
7202
8220
8319
8397
8505
9001
9010
9031
9049
9139
9190
9239
9976
9995
10424
10436
10670
10837
11218
11255
11326
11446
11584
11871
12003
12554
13199
13358
13604
13904
13938
14309
14480
14768
14908
14954
14988
15008
15419
15479
15905
15993
16313
16341
16593
17037
17175
17295
17686
18171
18604
18837
18861
19184
19238
19250
19375
19448
19743
19983
20434
20445
20613
21027
21110
21666
21715
21733
21751
21769
21805
21989
22036
22109
22148
22162
22229
22280
22328
22842
23087
23583
23959
24462
24614
24694
24734
24968
25011
25196
25453
25514
25810
25876
25912
25984
26014
27396
27412
27492
27536
27645
27804
28092
28195
28526
28655
28911
29015
29312
29411
29793
29889
29901
29925
29949
30203
30297
30341
30497
30554
30599
30641
30653
30839
30931
31031
31109
31289
31304
31401
31408
31448
31754
31818
32337
32560
32570
32794
33042
33052
33079
33203
33733
33740
33763
34023
34289
34845
34946
35026
35196
35350
35437
35463
35602
35992
36154
36971
36989
37096
37136
37183
37441
37571
37593
37941
38139
38432
38722
38826
39001
39145
39647
40114
40123
40299
40362
41031
41201
41213
41527
41575
41619
41898
41913
42007
42106
42497
42579
42839
43331
43448
43792
43965
43983
44318
44357
44384
44415
44579
45087
45134
45305
45427
45629
46470
46488
46518
46617
46644
46927
46942
Number of cuts: 250

Lillie
10
51
399
653
833
936
965
984
1005
1386
1921
2207
2278
2386
2408
2581
3304
3551
3576
3880
3912
4566
4614
5438
5462
5564
5618
5630
5640
6020
6062
6567
6697
6931
6940
7183
7202
8304
8403
9072
9090
9180
9280
10017
10036
10465
10477
10711
10878
11192
11259
11296
11367
11912
12424
12705
12770
13333
13633
13667
13831
13861
14038
14092
14458
14637
14746
14758
15148
15208
15634
15722
16042
16070
16322
16334
16709
17024
17114
17415
17453
17900
18333
18566
18590
18913
18967
18979
19104
19712
19741
20033
20185
20246
20756
20839
20939
21269
21395
21444
21462
21498
21802
21855
22021
22090
22169
22221
22551
22782
23040
23275
23328
23389
23415
23434
23447
23648
23946
24178
24330
24425
24450
24684
24727
24835
24912
25169
25230
25526
25592
25628
25700
25730
27112
27128
27208
27252
27361
27610
27685
27730
27739
27808
27911
28242
28371
28548
28652
28694
29048
29071
29433
29529
29541
29565
29589
29843
29937
29981
30137
30194
30239
30281
30293
30479
30571
30671
30749
30929
30944
31041
31048
31088
31394
31458
31977
32200
32210
32434
32682
32692
32719
32843
33373
33380
33403
33663
33929
34485
34586
34666
34836
34990
35077
35103
35242
35632
35794
36602
36620
36727
36767
36814
37072
37202
37224
37572
37770
38063
38353
38457
38632
38776
39233
39278
39745
39754
39930
39993
40662
40818
41158
41206
41250
41529
41544
41638
41737
42128
42210
42470
42962
43079
43423
43596
43614
43949
43988
44015
44046
44210
44718
44765
44936
45058
45210
45260
46129
46236
46265
46405
46422
46538
46553
Number of cuts: 255

Mahdia
27
164
197
230
242
278
410
506
568
649
705
906
931
1021
1078
1303
1342
1357
1372
1539
1572
1663
1759
1987
2341
2431
2440
2548
2716
2862
2905
2989
3106
3232
3451
3487
3508
3690
3780
3816
3963
4026
4059
4567
4588
4648
4663
4756
4813
4923
4972
5299
5305
5326
5332
5377
5521
5587
5767
5818
6012
6083
6379
6437
6544
6569
6673
6686
6772
6823
6859
6906
7022
7109
7154
7507
7515
7579
7639
7792
7804
8222
8235
8558
8589
8636
8660
8783
8807
8872
8998
9133
9214
9369
9530
9552
9769
9955
9994
10222
10357
10495
10609
10705
10744
10867
10909
10918
11179
11431
11494
11502
11670
11773
11815
11959
12088
12406
12554
12562
12673
12695
12700
12763
12797
12805
12880
13195
13282
13534
13633
13894
14284
14489
14569
14613
14668
14683
14731
15045
15052
15508
15532
15561
15676
15934
15965
15970
15994
16012
16087
16123
16222
16249
16293
16317
16514
16634
16818
16845
17073
17085
17199
17363
17481
17490
17506
17715
17769
17822
17973
18471
18480
18630
18651
18812
18909
18983
19022
19160
19202
19340
19408
19452
19507
19737
19797
19842
19944
19962
20049
20135
20244
20277
20550
20682
20694
20815
20898
21009
21273
21303
21455
21473
21536
21644
21665
21745
21985
22001
22088
22574
22586
22679
22685
22739
22790
22895
22931
22952
22970
23003
23425
23746
23785
23839
23854
23989
24022
24104
24181
24229
24304
24693
24723
24905
24950
24963
25118
25130
25298
25310
25424
25451
25584
25662
25791
25836
25947
25974
26010
26034
26115
26148
26286
26304
26340
26643
26736
26763
26811
26976
27115
27224
27349
27570
27618
27924
28011
28046
28053
28105
28142
28216
28279
28413
28488
28614
28677
28839
28875
29037
29058
29094
29187
29206
29325
29448
29592
29637
29667
29835
30018
30042
30156
30253
30318
30387
30426
30454
30681
30726
30816
30906
30989
31221
31253
31310
31316
31435
31549
31576
31741
31783
31858
31876
32032
32071
32199
32212
32217
32328
32409
32430
32692
32708
32883
32937
32958
33123
33183
33201
33288
33303
33418
33465
33501
33672
33705
33792
33930
33942
34113
34128
34191
34251
34287
34351
34440
34506
34593
34840
35242
35293
35434
35476
35644
35725
35800
36060
36225
36332
36499
36532
36565
36776
36802
36856
37131
37155
37289
37350
37364
37475
37568
37634
37655
37703
37869
37964
37976
38000
38257
38269
38404
38453
38479
38532
38598
38638
38656
38712
38868
38931
38967
38976
39025
39308
39397
39619
39670
40008
40038
40251
40622
40662
40696
40702
40771
40828
40900
40917
41047
41098
41134
41216
41228
41240
41306
41550
41576
41595
41607
41628
41723
41748
41846
42185
42190
42301
42364
42418
Number of cuts: 432

Naiad
10
51
399
653
833
936
965
984
1005
1386
1921
2207
2278
2386
2408
2581
3304
3551
3576
3880
3912
4308
4566
4614
5438
5462
5564
5618
5630
5640
6020
6062
6567
6697
6931
6940
7183
7202
8304
8403
9072
9090
9180
9280
10017
10036
10465
10477
10711
10878
11192
11259
11296
11367
11912
12044
12424
12705
12770
13333
13633
13667
13831
13861
14038
14092
14458
14637
14746
14758
15148
15208
15634
15722
16042
16070
16322
16334
16709
17024
17114
17415
17453
17900
18333
18566
18590
18913
18967
18979
19104
19712
19741
20033
20185
20246
20738
20756
20839
20939
21269
21395
21444
21462
21498
21802
21855
21922
22021
22084
22564
22795
23053
23288
23402
23428
23447
23460
23661
23959
24191
24343
24438
24463
24697
24740
24848
24925
25182
25243
25539
25605
25641
25713
25737
25743
26370
27125
27141
27221
27265
27374
27623
27698
27743
27752
27821
27924
28255
28384
28561
29061
29084
29446
29542
29554
29578
29602
29856
29950
29994
30150
30207
30252
30294
30306
30492
30584
30684
30762
30942
30957
31054
31061
31101
31407
31471
31990
32213
32223
32447
32695
32705
32732
32856
33386
33393
33416
33676
33942
34498
34599
34679
34849
35003
35090
35116
35255
35645
35807
36624
36642
36749
36789
36836
37094
37224
37246
37594
37792
38085
38375
38479
38654
38798
39300
39767
39776
39952
40015
40684
40854
40866
41180
41228
41272
41551
41566
41660
41759
42150
42232
42492
42984
43101
43445
43618
43636
43971
44010
44037
44068
44232
44740
44787
44958
45080
45232
45282
46151
46258
46287
46427
46445
46561
46576
Number of cuts: 256

Nancinator
10
51
399
653
833
936
965
984
1005
1386
1921
2207
2278
2386
2408
2581
3304
3551
3576
3880
3912
4308
4566
4614
5438
5462
5564
5618
5630
5640
6020
6062
6567
6697
6931
6940
7183
7202
8304
8403
9072
9090
9180
9280
10017
10036
10465
10477
10711
10878
11192
11259
11296
11367
11625
11912
12044
12424
12705
12770
13333
13633
13667
13831
13861
14038
14092
14458
14637
14746
14758
15148
15208
15634
15722
16042
16070
16322
16334
16709
17024
17114
17415
17453
17900
18262
18333
18566
18590
18913
18967
18979
19104
19712
19741
20033
20185
20246
20756
20839
20939
21269
21395
21444
21462
21498
21729
21802
21855
21922
22021
22090
22169
22221
22551
22782
23040
23275
23389
23415
23434
23447
23648
23946
24179
24331
24426
24451
24685
24728
24836
24913
25170
25231
25527
25593
25629
25701
25731
27113
27129
27209
27253
27362
27611
27686
27731
27740
27809
27912
28243
28372
28549
28653
28695
28950
29049
29432
29528
29540
29564
29588
30127
30145
30172
30214
30226
30412
30504
30604
30682
30862
30877
30974
30981
31021
31261
31327
31391
31910
32133
32143
32367
32615
32625
32652
32776
33306
33313
33336
33596
33862
34427
34528
34608
34778
34932
35019
35045
35184
35574
35736
36544
36562
36669
36709
36756
36807
36840
37014
37144
37166
37514
37712
38005
38295
38574
38718
38756
38940
39220
40001
40157
40497
40545
40589
40868
40883
40977
41076
41467
41549
41809
42301
42418
42762
42935
42953
43288
43327
43354
43385
43549
44057
44104
44275
44397
44549
44599
45468
45575
45604
45744
45762
45878
45893
Number of cuts: 256

Natosaleda
10
51
399
653
833
936
965
984
1005
1386
1921
2207
2278
2386
2408
2581
3304
3551
3576
3880
3912
4308
4566
4614
5438
5462
5564
5618
5630
5640
6020
6062
6567
6697
6931
6940
7183
7202
8304
8403
8985
9072
9090
9180
9280
10017
10036
10465
10477
10711
10878
11192
11259
11296
11367
11625
11912
12044
12424
12705
12770
13333
13633
13667
13831
13861
14038
14092
14458
14637
14746
14758
15148
15208
15634
15722
16042
16070
16322
16334
16709
17024
17114
17415
17453
17900
18262
18333
18566
18590
18913
18967
18979
19104
19712
19741
20033
20185
20246
20756
20839
20939
21269
21395
21444
21462
21498
21729
21802
21855
21922
22021
22090
22169
22221
22551
22782
23040
23275
23389
23415
23434
23447
23648
23946
24178
24330
24425
24450
24684
24727
24835
24912
25169
25230
25526
25592
25628
25700
25730
27112
27128
27208
27252
27361
27610
27685
27730
27739
27808
27911
28242
28371
28548
28652
28694
28949
29048
29431
29527
29539
29563
29587
30126
30144
30171
30213
30225
30411
30503
30603
30681
30861
30876
30973
30980
31020
31260
31326
31390
31909
32132
32142
32366
32614
32624
32651
32775
33305
33312
33335
33595
33861
34426
34527
34607
34777
34931
35018
35044
35183
35573
35735
36543
36561
36668
36708
36755
36806
36839
37013
37143
37165
37513
37711
38004
38294
38573
38717
38755
38939
39219
39683
39692
39868
40772
40784
41098
41146
41190
41469
41484
41578
41677
42068
42150
42410
42902
43019
43363
43536
43554
43889
43928
43955
43986
44150
44658
44705
44876
44998
45150
45200
46061
46108
46168
46197
46336
46469
46484
Number of cuts: 260

Partridge
10
51
102
180
399
648
828
931
960
999
1379
1980
2266
2337
2445
2467
2640
3051
3271
3363
3610
3635
3674
3939
4367
4625
4673
5497
5623
5677
5689
6079
6611
6741
6975
6984
7227
7246
8264
8363
8441
8549
9012
9099
9117
9207
9258
9307
10044
10063
10492
10504
10738
10774
10911
11292
11329
11400
11658
12077
12457
12738
12803
12988
13366
13666
13700
14071
14194
14458
14560
14670
14716
14770
15181
15241
15667
15755
15846
16020
16075
16103
16355
16742
16799
16937
17057
17147
17448
17933
18366
18599
18623
18946
19000
19012
19137
19505
19601
19745
20196
20207
20375
20639
20789
20872
21057
21214
21257
21302
21495
21513
21874
21888
21955
22023
22054
22233
22597
22828
22969
23086
23321
23374
23480
23493
23694
23993
24225
24377
24497
24731
24774
24959
25216
25277
25675
25711
25783
25813
27195
27211
27291
27335
27444
27603
27813
27891
27994
28325
28454
28710
28814
29111
29210
29593
29689
29701
29725
29749
30003
30097
30141
30354
30399
30453
30639
30731
30831
30909
31089
31104
31201
31208
31248
31554
31618
32137
32370
32443
32516
32668
32690
32831
32879
33000
33530
33537
33560
33783
33954
34218
34783
34884
34964
35134
35375
35401
35540
35930
35965
36092
36559
36900
36918
37025
37112
37196
37370
37501
37523
37871
38069
38362
38652
38931
39285
39532
39550
39577
40055
40077
40231
40715
41065
41133
41145
41459
41507
41830
41845
42038
42636
43228
43564
43908
44081
44099
44161
44431
44470
44497
44593
44692
45200
45247
45653
46497
46604
46633
46759
46789
46904
46919
Number of cuts: 254

Pepy6
1616
2177
2336
3022
3056
3830
4234
4292
4686
5803
6482
6648
7109
8345
8528
8604
9072
9262
10157
11222
11844
12010
12034
12211
12443
13578
15877
16051
16396
16633
17420
17639
17783
19472
19648
20429
21303
21451
21577
21698
22646
22697
22856
23414
23443
24049
24209
24629
25033
25112
25310
25325
25668
26683
27095
27707
27949
29287
29359
30082
30848
30947
30973
31018
31393
31899
32210
32756
33860
34118
34252
34616
34640
34790
35006
35723
36582
36651
37095
39529
39551
40285
40363
41386
41499
42639
43838
43928
46247
47817
48141
48265
48312
49310
49385
49748
49896
49909
50131
50626
51783
51867
52070
52658
52914
53364
54003
54444
54633
54945
54987
55083
55224
55794
55941
57825
58281
59120
59288
60688
61716
62757
63146
65080
65115
65307
66206
67265
67378
67519
67618
68152
69887
70248
71476
71923
72705
72879
73351
73883
73912
74300
74411
74594
75421
75443
76042
76081
76375
Number of cuts: 149

Peregrin
710
1320
1429
1566
1799
2595
3828
4330
5258
5461
6940
8243
9240
9684
10174
11165
13117
13420
13653
14670
14721
15223
16740
16961
17974
18316
18613
19436
23152
23175
24804
25959
27322
27866
28246
28261
28273
28645
29478
29805
30689
30882
31107
31791
32498
33363
33474
37695
39169
40011
41847
42978
45646
45736
48150
48373
48867
49135
49551
49692
49939
50816
50949
51252
51857
51939
52107
52353
52699
53331
53537
54634
54879
54884
57531
57588
58535
59283
61001
61877
62315
62509
62528
63794
64109
64143
67641
68310
68330
69762
70209
71225
73732
73844
74906
75830
76037
77837
78210
78935
81609
82430
82442
84104
84733
84952
85400
86276
86468
89112
89415
92590
93023
95270
95559
96080
96835
97431
97455
99337
100534
102466
102654
103308
104568
105855
107154
108196
111156
111222
111346
111522
112284
112910
113686
115030
116003
116372
119472
119591
119899
120334
120977
121989
122810
123289
126277
128171
129325
130779
131389
131498
131635
131868
132664
Number of cuts: 155

Phrankenstein
10
51
399
653
833
936
965
984
1005
1386
1921
2207
2278
2386
2408
2581
3304
3551
3576
3880
3912
4566
4614
5438
5462
5564
5618
5630
5640
6020
6062
6567
6697
6931
6940
7183
7202
8304
8403
9072
9090
9180
9280
10017
10036
10465
10477
10711
10878
11192
11259
11296
11367
11912
12044
12424
12705
12770
13333
13633
13667
13831
13861
14038
14092
14458
14637
14746
14758
15148
15208
15634
15722
16042
16070
16322
16334
16709
17024
17114
17415
17453
17900
18262
18333
18566
18590
18913
18967
18979
19104
19712
19741
20033
20185
20246
20756
20839
20939
21269
21395
21444
21675
21748
21801
21868
21967
22036
22115
22167
22497
22728
22986
23221
23274
23335
23361
23380
23393
23594
23892
24124
24276
24371
24396
24630
24673
24781
24858
25115
25176
25472
25538
25574
25646
25676
27058
27074
27154
27198
27307
27556
27631
27676
27685
27754
27857
28188
28317
28494
28598
28640
28895
28994
29379
29475
29487
29511
29535
29789
29883
29927
30083
30140
30185
30227
30239
30425
30517
30617
30695
30875
30890
30987
30994
31034
31274
31340
31404
31923
32146
32156
32380
32628
32638
32665
32789
33319
33326
33349
33609
33875
34431
34532
34612
34782
34936
35023
35049
35188
35578
35740
36548
36566
36673
36713
36760
36811
36844
37018
37148
37170
37518
37716
38009
38299
38403
38578
38722
39179
39224
39691
39700
39876
39939
40608
40764
41104
41152
41196
41475
41490
41584
41683
42074
42156
42416
42908
43025
43369
43542
43560
43895
43934
43961
43992
44156
44664
44711
44882
45004
45156
45206
46075
46182
46211
46350
46367
46482
46497
Number of cuts: 260

Pine5
153
318
336
435
774
819
1061
1505
1566
1750
1858
1990
2143
2272
2305
2812
2926
3025
3154
3256
3280
3465
3577
3705
3793
3904
4013
4028
4064
4250
4339
4399
4656
4683
4938
5051
5103
5727
5835
5852
5877
6008
6146
6154
6347
6444
6502
6752
6773
7037
7214
7265
7403
7433
7508
7724
7750
7859
8048
8333
8357
8510
8678
8761
9061
9161
9350
9638
9707
9854
10013
10313
10574
10947
10974
10995
11043
11227
11362
11395
11455
11902
11980
12295
12301
12598
12759
13031
13076
13367
13697
13742
13778
14133
14408
14436
14493
14505
14717
14807
14858
14894
15007
15122
15264
15533
16374
16446
17237
17345
17777
17993
18236
18350
18506
18777
18782
19358
19373
19442
19504
19517
19718
19754
19769
20466
20493
20532
20704
21112
21160
21403
21493
21499
21646
21733
21796
21865
22156
22419
22488
22569
22575
22624
22798
22819
22977
23029
23055
23112
23329
23614
23632
23706
23914
24295
24316
24568
24682
24862
25036
25194
25209
25807
25956
25969
26133
26178
26241
26526
27081
27334
27551
27611
27653
27695
27809
28115
28509
29063
29347
29672
30316
30523
30903
30949
31185
31281
31323
31503
31524
31595
32126
32428
32440
33465
33481
33613
33640
33751
34032
34257
34368
34404
34437
34470
34512
34524
34776
34934
35090
35411
35988
36018
36144
36526
36622
36988
37093
37297
37306
37454
37702
37962
39031
39262
39479
39628
39832
39910
40285
40519
40660
40750
40837
41019
41105
41302
41329
41344
41384
41672
41701
41815
41892
42018
42025
42138
42401
42524
42731
42806
42821
43223
43298
43694
43760
43797
44131
44558
44791
44900
45334
45840
45847
45907
45933
46080
46174
46583
46811
46949
46984
47013
47046
47156
47243
47288
47357
47625
47825
48059
48321
48467
48725
48845
49141
49266
49275
49290
49314
49387
49543
49567
49899
50140
50455
50649
50667
50724
50879
51001
51022
51591
51654
51774
51909
51924
52145
52278
52403
52559
52597
52773
53288
53353
53423
53450
53486
53540
53561
53609
53887
54063
54363
54384
54678
54759
55190
55577
55635
55669
55744
56065
56104
56143
56314
56382
56484
56511
56532
56700
56853
57083
57243
57287
57404
57509
57603
57696
57760
57778
57796
57861
57936
58380
58638
58877
59051
Number of cuts: 359

Poco6
56
74
1286
1982
2486
3981
4424
4583
6077
6481
6539
6892
7184
7471
7762
8407
11161
12035
12503
12693
13386
13687
15074
15894
17029
17253
18439
18637
19068
20046
21670
23325
23473
23979
24722
25427
26222
26642
27046
27125
27338
27482
28142
28696
29108
29726
30120
30278
30370
30533
30632
30886
31503
31530
32660
32998
33043
34781
36083
36305
36638
36662
36812
37028
37154
37281
38604
40180
41607
41767
43188
44433
44972
45168
45637
45662
46139
46793
47091
47221
48084
48449
50048
50315
51140
51408
51421
51700
51826
52324
53376
53579
54166
54422
54872
55952
56141
56453
56630
57449
59604
60269
60296
60467
61166
61351
62501
63335
64544
65851
65862
67332
67556
68020
69232
69376
71208
71368
71514
72218
73185
73623
73967
75673
75856
76689
76711
77191
77643
Number of cuts: 129

Rasputin
10
51
399
653
833
936
965
984
1005
1386
1921
2207
2278
2386
2408
2581
3304
3551
3576
3880
3912
4308
4566
4614
5438
5462
5564
5618
6020
6552
6682
6744
6916
6925
7168
7187
8206
8305
8383
8491
8954
9041
9059
9149
9200
9249
9986
10005
10434
10446
10680
10847
11161
11228
11265
11336
11456
11594
11881
12013
12393
12674
12739
12924
13302
13602
13636
13800
14007
14130
14427
14496
14606
14715
14727
15117
15177
15603
16011
16039
16291
16678
16735
16749
16873
16993
17083
17384
17422
17929
18302
18535
18559
18882
18936
18948
19073
19146
19441
19681
20132
20143
20725
20808
20908
21193
21212
21238
21413
21431
21698
21771
21810
21824
21891
21942
21990
22139
22191
22521
22893
23010
23245
23298
23404
23417
23618
23917
24149
24301
24381
24421
24655
24698
24883
25140
25201
25497
25563
25599
25701
27083
27099
27179
27223
27332
27656
27701
27710
27779
27882
28213
28342
28519
28623
28665
28920
29404
29500
29512
29536
29560
29814
29908
29952
30108
30165
30210
30252
30264
30450
30542
30642
30720
30915
31012
31019
31059
31429
31948
32171
32181
32405
32653
32663
32690
32814
33344
33351
33374
33634
33900
34456
34557
34637
34807
34961
35048
35074
35213
35603
35765
36573
36591
36698
36738
36785
37043
37173
37195
37543
37741
38034
38324
38428
38603
38747
39204
39249
39716
39725
39964
40633
40789
41129
41177
41221
41500
41515
41609
41708
42099
42181
42441
42933
43050
43394
43567
43585
43920
43959
43986
44017
44181
44689
44736
44907
45029
45181
45231
46100
46207
46236
46377
46395
46511
46526
Number of cuts: 257

RER2
10
51
399
653
833
936
965
984
1005
1386
1921
2207
2278
2386
2408
2581
3304
3551
3576
3880
3912
4566
4614
5438
5462
5564
5618
5630
5640
6020
6062
6567
6697
6931
6940
7183
7202
8304
8403
9072
9090
9280
10017
10036
10465
10477
10711
10878
11192
11259
11296
11367
11912
12424
12705
12770
13333
13633
13667
13831
13861
14038
14092
14458
14637
14746
14758
15148
15208
15634
15722
16042
16070
16322
16709
17024
17114
17415
17453
17900
18262
18333
18566
18590
18913
18967
18979
19104
19712
19741
20033
20185
20246
20756
20839
20939
21269
21395
21444
21462
21498
21729
21802
21855
21922
22021
22090
22149
22169
22221
22551
23040
23275
23328
23389
23415
23434
23447
23648
23946
24178
24330
24425
24450
24482
24727
24835
24912
25169
25230
25526
25592
25628
25700
25724
26357
27112
27128
27361
27610
27685
27730
27739
27808
27911
28242
28371
28548
28643
28652
28694
28949
29048
29529
29541
29565
29589
29843
29937
29981
30137
30194
30281
30293
30479
30571
30671
30749
30929
30944
31041
31048
31088
31394
31458
31977
32200
32210
32434
32682
32692
32719
32843
33204
33373
33380
33403
33663
33929
34485
34586
34666
34836
34990
35077
35103
35242
35632
35794
35943
36602
36620
36727
36767
36814
37072
37202
37224
37572
37770
38063
38353
38457
38632
38776
39233
39278
39745
39754
39930
39993
40662
40818
41158
41206
41250
41529
41544
41638
41737
42128
42210
42470
42962
43079
43423
43596
43614
43949
43988
44015
44046
44210
44718
44765
44936
45058
45210
45260
46129
46236
46265
46404
46422
46538
46553
Number of cuts: 256

RexFury
10
51
399
684
864
967
996
1015
1036
1417
1952
2238
2309
2417
2439
2612
3335
3582
3607
3911
3943
4339
4597
4645
5469
5493
5595
5649
5661
5671
6051
6093
6598
6728
6962
6971
7214
7233
8335
8434
9103
9121
9211
9311
10048
10067
10496
10508
10742
10909
11223
11290
11327
11398
11943
12075
12455
12736
12801
13364
13664
13698
13862
13892
14069
14123
14489
14668
14777
14789
15179
15239
15665
15753
16073
16101
16353
16740
17055
17145
17446
17484
17931
18293
18364
18597
18621
18944
18998
19010
19135
19503
19743
19772
20064
20216
20277
20787
20870
20970
21300
21426
21475
21493
21529
21760
21833
21886
21953
22052
22121
22200
22252
22582
22813
23071
23306
23420
23446
23465
23478
23679
23977
24209
24361
24456
24481
24715
24758
24866
24943
25200
25261
25557
25623
25659
25761
27143
27159
27239
27283
27392
27641
27716
27761
27770
27839
27942
28273
28402
28579
28683
28725
28980
29464
29560
29572
29596
29620
29874
29968
30012
30168
30225
30270
30312
30324
30510
30602
30702
30780
30975
31072
31079
31119
31489
32008
32231
32241
32465
32713
32723
32750
32874
33404
33411
33434
33694
33960
34516
34617
34697
34867
35021
35108
35134
35273
35663
35825
36633
36651
36758
36798
36845
36896
36929
37103
37233
37255
37603
37801
38094
38384
38663
38807
38845
39029
39309
39773
39782
39958
40862
40874
41188
41236
41280
41559
41574
41668
41767
42158
42240
42500
42992
43109
43453
43626
43644
43979
44018
44045
44076
44240
44748
44795
44966
45088
45240
46159
46266
46295
46435
46453
46569
46584
Number of cuts: 255

RGL3
10
177
234
553
590
640
922
951
987
1052
1210
1337
1920
2235
2280
2583
2756
2910
2994
3214
3306
3317
3344
3553
3578
3617
3650
3914
4232
4568
4616
4912
5005
5134
5148
5440
5464
5491
5566
5584
5620
5632
5899
6022
6560
6690
6921
6930
7174
7193
8195
8294
8393
8675
8951
9038
9056
9146
9347
9639
9690
9804
9939
10614
10680
10853
11230
11267
11339
11552
11890
12462
12479
13146
13158
13458
13524
13716
13758
13905
13983
14049
14055
14325
14370
14430
14634
14766
14817
14895
14904
15285
15306
15366
15680
15692
15728
15798
15886
15944
16151
16206
16234
16301
16930
17082
17116
17188
17464
17472
17576
17729
17740
17803
18494
18728
18922
19063
19117
19129
19254
19327
19418
19607
19622
19628
19873
20003
20228
20258
20393
20783
20957
21027
21107
21209
21362
21380
22177
22434
22538
22702
22732
22954
23012
23044
23257
23344
23677
23867
24129
24449
24457
24719
24913
24970
25212
25353
25660
25712
26182
26447
26539
26560
26668
26698
26722
26764
26856
26863
26904
26917
27078
27332
27575
27637
27682
27871
27907
28087
28103
28195
28264
28279
28348
28507
28706
28717
28795
28825
28898
29230
29281
29302
29508
29603
29612
29684
29888
30050
30114
30439
30463
30487
30864
30882
30909
30951
30963
31059
31149
31241
31419
31437
31521
31536
31711
31773
31803
31893
32128
32337
32367
32562
32610
32647
32867
32877
32932
33012
33074
33080
33113
33154
33338
33365
33533
33884
34288
34344
34563
34698
34851
34872
35159
35247
35610
35751
35905
35918
36059
36554
36650
36887
36893
36935
36983
37049
37079
37103
37722
37860
37893
38055
38103
38236
38581
38740
38779
39072
39147
39567
39636
39690
39702
39810
40259
40341
40560
40588
40600
40736
41040
41218
41761
41776
41788
41883
41910
41955
42138
42473
42608
42632
43011
43052
43156
43708
43810
44051
44255
44270
44498
44540
45024
45096
45199
45217
45387
45441
45631
45795
45975
46305
46352
46396
46566
46702
46755
47001
47035
47110
47257
47447
47523
47543
47723
47784
47815
47868
47958
48029
Number of cuts: 332

Rhodalysa
10
51
399
653
833
936
965
984
1005
1386
1921
2207
2278
2386
2408
2581
3304
3551
3576
3880
3912
4566
4614
5438
5462
5564
5618
5630
5640
6020
6062
6567
6697
6931
6940
7183
7202
8304
8403
9072
9090
9180
9280
10017
10036
10465
10477
10711
10878
11192
11259
11296
11367
11912
12424
12705
12770
13333
13633
13667
13831
13861
14038
14092
14458
14637
14746
14758
15148
15208
15634
15722
16042
16070
16322
16334
16709
17024
17114
17415
17453
17900
18333
18566
18590
18913
18967
18979
19104
19712
19741
20033
20185
20246
20756
20839
20939
21269
21395
21444
21462
21498
21802
21855
22021
22090
22169
22221
22551
22782
23040
23275
23328
23389
23415
23434
23447
23648
23946
24178
24330
24425
24450
24684
24727
24835
24912
25169
25230
25526
25592
25628
25700
25730
27112
27128
27208
27252
27361
27610
27685
27730
27739
27808
27911
28242
28371
28548
28652
28694
29048
29071
29433
29529
29541
29565
29589
29843
29937
29981
30137
30194
30239
30281
30293
30479
30571
30671
30749
30929
30944
31041
31048
31088
31394
31458
31977
32200
32210
32434
32682
32692
32719
32843
33373
33380
33403
33663
33929
34485
34586
34666
34836
34990
35077
35103
35242
35632
35794
36602
36620
36727
36767
36814
37072
37202
37224
37572
37770
38063
38353
38457
38632
38776
39233
39278
39745
39754
39930
39993
40662
40818
41158
41206
41250
41529
41544
41638
41737
42128
42210
42470
42962
43079
43423
43596
43614
43949
43988
44015
44046
44210
44718
44765
44936
45058
45210
45260
46129
46236
46265
46405
46422
46538
46553
Number of cuts: 255

StCroix
10
51
399
653
833
936
965
984
1005
1386
1921
2207
2278
2386
2408
2581
3304
3551
3576
3880
3912
4308
4566
4614
5438
5462
5564
5618
5630
5640
6020
6062
6567
6697
6931
6940
7183
7202
8304
8403
9072
9090
9180
9280
10017
10036
10465
10477
10711
10878
11192
11259
11296
11367
11912
12044
12424
12705
12770
13333
13633
13667
13831
13861
14038
14092
14458
14637
14746
14758
15148
15208
15634
15722
16042
16070
16322
16334
16709
17024
17114
17415
17453
17900
18333
18566
18590
18913
18967
18979
19104
19712
19741
20033
20185
20246
20738
20756
20839
20939
21269
21395
21444
21462
21498
21802
21855
21922
22021
22084
22564
22795
23053
23288
23402
23428
23447
23460
23661
23959
24191
24343
24438
24463
24697
24740
24848
24925
25182
25243
25539
25605
25641
25713
25737
25743
26370
27125
27141
27221
27265
27374
27623
27698
27743
27752
27821
27924
28255
28384
28561
29061
29084
29446
29542
29554
29578
29602
29856
29950
29994
30150
30207
30252
30294
30306
30492
30584
30684
30762
30942
30957
31054
31061
31101
31407
31471
31990
32213
32223
32447
32695
32705
32732
32856
33386
33393
33416
33676
33942
34498
34599
34679
34849
35003
35090
35116
35255
35645
35807
36624
36642
36749
36789
36836
37094
37224
37246
37594
37792
38085
38375
38479
38654
38798
39300
39767
39776
39952
40015
40684
40854
40866
41180
41228
41272
41551
41566
41660
41759
42150
42232
42492
42984
43101
43445
43618
43636
43971
44010
44037
44068
44232
44740
44787
44958
45080
45232
45282
46151
46258
46287
46427
46445
46561
46576
Number of cuts: 256

Swann
10
51
399
653
833
936
965
984
1005
1386
1921
2207
2278
2386
2408
2581
3304
3551
3576
3880
3912
4566
4614
5438
5462
5564
5618
5630
5640
6020
6062
6567
6697
6931
6940
7183
7202
8304
8403
9072
9090
9180
9280
10017
10036
10465
10477
10711
10878
11192
11259
11296
11367
11912
12424
12705
12770
13333
13633
13667
13831
13861
14038
14092
14458
14637
14746
14758
15148
15208
15634
15722
16042
16070
16322
16334
16709
17024
17114
17415
17453
17900
18262
18333
18566
18590
18913
18967
18979
19104
19712
19741
20033
20185
20246
20738
20756
20839
20939
21269
21395
21444
21462
21498
21729
21802
21855
21922
22021
22090
22169
22221
22551
22782
23040
23275
23328
23389
23415
23434
23447
23648
23946
24178
24330
24425
24450
24684
24727
24835
24912
25169
25230
25526
25592
25628
25730
27112
27128
27208
27252
27361
27610
27685
27730
27739
27808
27911
28242
28371
28548
28652
28694
28949
29048
29431
29527
29539
29563
29587
29841
29935
29979
30135
30192
30237
30279
30291
30477
30569
30669
30747
30927
30942
31039
31046
31086
31392
31456
31975
32198
32208
32432
32680
32690
32717
32841
33371
33378
33401
33661
33927
34483
34584
34664
34834
34988
35075
35101
35240
35630
35792
35941
36600
36618
36725
36765
36812
37070
37200
37222
37570
37768
38061
38351
38455
38630
38774
39231
39276
39743
39752
39928
39991
40660
40816
41156
41204
41248
41527
41542
41636
41735
42126
42208
42468
42960
43077
43421
43594
43612
43947
43986
44013
44044
44208
44716
44763
44934
45056
45208
45258
46128
46235
46264
46404
46422
46538
46553
Number of cuts: 259

Takoda
10
51
102
180
399
648
828
931
960
999
1379
1913
2270
2400
2573
3204
3296
3543
3568
3607
3872
3904
4168
4300
4558
4606
5124
5430
5556
5610
5622
5889
6012
6544
6674
6908
6917
6999
7160
7179
8197
8296
8374
8482
9032
9050
9140
9191
9240
9977
9996
10425
10437
10671
10838
11219
11256
11327
11585
11872
12004
12384
12665
12730
12915
13293
13593
13627
13791
13998
14148
14385
14487
14597
14643
14706
14718
15108
15168
15594
15682
16002
16030
16282
16669
16726
16864
16984
17040
17074
17375
17413
17860
18293
18526
18550
18610
18873
18927
18939
19064
19432
19672
20123
20134
20189
20239
20302
20566
20716
20799
20984
21229
21422
21440
21689
21762
21815
21933
21981
22050
22523
22754
23012
23171
23247
23300
23361
23406
23419
23620
23919
24151
24303
24383
24423
24657
24700
24808
24885
25142
25203
25499
25565
25601
25673
25697
25703
25894
26330
26869
27085
27101
27181
27199
27225
27334
27493
27583
27703
27712
27884
28215
28344
28521
28625
28667
28922
29021
29406
29502
29514
29538
29562
30044
30101
30119
30146
30188
30200
30478
30578
30851
30948
30955
30995
31301
31365
31884
32117
32190
32245
32415
32626
32747
33277
33307
33530
33731
33837
34103
34668
34769
35019
35173
35260
35286
35425
35815
35977
36126
36803
36910
36997
37081
37198
37385
37407
37755
37953
38246
38536
38815
39169
39181
39416
39434
39461
39608
39893
39930
39939
39961
40115
41016
41028
41342
41390
41434
41712
41727
41821
41920
42518
42918
43408
43752
43925
43943
44005
44275
44341
44437
44536
45044
45091
45270
45499
46342
46449
46478
46634
46749
46764
Number of cuts: 264

Trina
1395
3022
3125
4218
5010
8866
9015
9803
10479
14397
14699
15768
15890
16096
17107
17215
19551
19772
21159
22336
23426
23873
24769
25138
26550
27079
27750
28307
28423
28611
29043
29247
30152
31070
31347
32007
33152
33543
33763
36013
36047
38485
38584
38860
39133
40957
41657
43238
44173
44710
46525
46598
47397
49325
49645
49880
50069
50093
50462
51004
51103
51456
51520
52005
53712
54780
55665
55676
56372
57107
57554
57722
58321
58589
59603
60535
61316
62534
62711
63697
63737
64907
64964
65635
65656
66434
66794
67241
67248
68231
68957
69740
69803
69866
70016
70346
70430
70544
73078
73174
75781
76397
78958
79101
80729
81420
81431
83552
84352
85106
86027
86135
86678
87656
87987
88000
88251
88650
89843
90014
90754
90857
91129
91446
91706
92471
93093
95874
96914
97754
98388
98830
99242
99734
100145
100586
102926
103048
104387
104501
105827
106009
106473
106618
107161
107620
109005
109392
109840
110859
111078
111218
111237
111619
111845
112056
112415
113131
113599
113641
113794
113857
113906
114696
115306
115674
116296
116388
116699
120455
121153
123779
125668
127313
127516
128568
128719
128993
130476
133798
134136
134195
137797
Number of cuts: 183

TWAMP
10
51
399
653
833
936
965
984
1005
1386
1921
2207
2278
2386
2408
2581
3304
3551
3576
3880
3912
4566
4614
5438
5462
5564
5618
5630
5640
6020
6062
6567
6697
6931
6940
7183
7202
8304
8403
9072
9090
9180
9280
10017
10036
10465
10477
10711
10878
11192
11259
11296
11367
11912
12424
12705
12770
13333
13633
13667
13831
13861
14038
14092
14458
14637
14746
14758
15148
15208
15634
15722
16042
16070
16322
16334
16709
17024
17114
17415
17453
17900
18333
18566
18590
18913
18967
18979
19104
19712
19741
20033
20185
20246
20756
20839
20939
21269
21395
21444
21462
21498
21802
21855
22021
22090
22169
22221
22551
22782
23040
23275
23328
23389
23415
23434
23447
23648
23946
24178
24330
24425
24450
24684
24727
24835
24912
25169
25230
25526
25592
25628
25700
25730
27112
27128
27208
27252
27361
27610
27685
27730
27739
27808
27911
28242
28371
28548
28652
28694
29048
29071
29433
29529
29541
29565
29589
29843
29937
29981
30137
30194
30239
30281
30293
30479
30571
30671
30749
30929
30944
31041
31048
31088
31394
31458
31977
32200
32210
32434
32682
32692
32719
32843
33373
33380
33403
33663
33929
34485
34586
34666
34836
34990
35077
35103
35242
35632
35794
36602
36620
36727
36767
36814
37072
37202
37224
37572
37770
38063
38353
38457
38632
38776
39233
39278
39745
39754
39930
39993
40662
40818
41158
41206
41250
41529
41544
41638
41737
42128
42210
42470
42962
43079
43423
43596
43614
43949
43988
44015
44046
44210
44718
44765
44936
45058
45210
45260
46129
46236
46265
46405
46422
46538
46553
Number of cuts: 255

UhSalsa
10
51
399
653
833
936
965
984
1005
1386
1921
2207
2278
2386
2408
2581
3304
3551
3576
3880
3912
4308
4566
4614
5438
5462
5564
5618
5630
5640
6020
6062
6567
6697
6931
6940
7183
7202
8304
8403
9072
9090
9180
9280
10017
10036
10465
10477
10711
10878
11192
11259
11296
11367
11625
11912
12044
12424
12705
12770
13333
13633
13667
13831
13861
14038
14092
14458
14637
14746
14758
15148
15208
15634
15722
16042
16070
16322
16334
16709
17024
17114
17415
17453
17900
18262
18333
18566
18590
18913
18967
18979
19104
19712
19741
20033
20185
20246
20756
20839
20939
21269
21395
21444
21462
21498
21729
21802
21855
21922
22021
22090
22169
22221
22551
22782
23040
23275
23389
23415
23434
23447
23648
23946
24179
24331
24426
24451
24685
24728
24836
24913
25170
25231
25527
25593
25629
25701
25731
27113
27129
27209
27253
27362
27611
27686
27731
27740
27809
27912
28243
28372
28549
28653
28695
28950
29049
29432
29528
29540
29564
29588
30127
30145
30172
30214
30226
30412
30504
30604
30682
30862
30877
30974
30981
31021
31261
31327
31391
31910
32133
32143
32367
32615
32625
32652
32776
33306
33313
33336
33596
33862
34427
34528
34608
34778
34932
35019
35045
35184
35574
35736
36544
36562
36669
36709
36756
36807
36840
37014
37144
37166
37514
37712
38005
38295
38574
38718
38756
38940
39220
39684
39693
39869
40773
40785
41099
41147
41191
41470
41485
41579
41678
42069
42151
42411
42903
43020
43364
43537
43555
43890
43929
43956
43987
44151
44659
44706
44877
44999
45151
45201
46070
46177
46206
46346
46365
46481
46496
Number of cuts: 259

Weasels2
872
1039
1363
2456
4540
5130
5464
5739
6658
7584
8157
8285
9139
9244
11156
12192
14123
14768
15613
16166
16851
18538
18880
19464
20513
23501
23559
23633
23906
24810
25840
25937
26434
26447
28133
28245
28260
28272
28644
29480
30005
30296
30923
31812
31899
34190
34301
36786
37457
38899
40013
40504
41316
42704
43825
44104
46367
46457
47987
48041
48155
48194
49145
49901
50317
51600
51627
51733
52036
52428
52723
52816
54115
54723
55392
55775
55781
55818
60230
60554
63464
64846
65110
66892
69193
70877
71220
71833
72074
72248
76260
76611
80284
81739
83235
83624
84234
84381
85197
85280
85761
88647
89523
89715
92532
92835
97711
97861
99044
100486
101191
101215
101672
102351
102731
105373
108926
109384
110239
110803
111032
111151
111361
112024
113961
114338
115471
115564
116057
116099
117380
118108
118790
118886
120262
121573
121692
122706
123498
123724
129301
129858
130067
131331
131459
132577
132744
133068
134161
Number of cuts: 149

Yogi
10
51
399
653
833
936
965
984
1005
1386
1921
2207
2278
2386
2408
2581
3212
3304
3360
3576
3615
3723
3880
3885
3912
4104
4308
4566
4614
5438
5462
5564
5618
5630
6020
6552
6682
6744
6916
6925
7168
7187
8205
8304
8382
8490
8953
9019
9040
9058
9148
9199
9248
9584
9985
10433
10445
10637
10679
10715
10852
11233
11270
11341
11599
11886
12018
12398
12679
12744
12929
13307
13607
13641
13805
14012
14135
14432
14501
14611
14720
14732
15122
15182
15608
15696
16016
16044
16296
16683
16740
16754
16878
16998
17088
17389
17427
17934
18307
18540
18564
18887
18941
18953
19078
19151
19272
19446
19686
20148
20730
20813
20913
21198
21333
21436
21454
21472
21522
21703
21776
21815
21829
21896
21947
21995
22064
22143
22195
22525
22897
23014
23173
23249
23363
23389
23408
23421
23622
23920
24152
24304
24384
24399
24424
24701
24809
24886
25143
25204
25500
25566
25602
25674
25698
26331
27086
27102
27335
27584
27659
27704
27713
27782
27885
28216
28345
28522
28617
28626
28668
28923
29022
29503
29515
29539
29563
29817
29911
29955
30111
30168
30255
30267
30453
30545
30645
30723
30903
30918
31015
31022
31062
31302
31368
31432
31951
32174
32184
32408
32656
32666
32693
32817
33347
33354
33377
33637
33903
34456
34557
34637
34807
34961
35048
35074
35213
35603
35765
36406
36971
37078
37118
37165
37216
37249
37423
37553
37575
37923
38121
38414
38704
38714
38983
39165
39337
39584
39602
39629
40096
40105
40127
40281
41013
41169
41509
41557
41601
41880
41895
41989
42088
42821
43313
43430
43774
43947
43965
44339
44366
44462
44561
45069
45116
45287
45409
45561
45611
46465
46487
46512
46572
46600
46739
46756
46872
46887
Number of cuts: 278

Yoncess
10
51
399
653
833
936
965
984
1005
1386
1921
2207
2278
2386
2408
2581
3212
3304
3360
3576
3615
3723
3880
3885
3912
4104
4176
4308
4566
4614
5438
5462
5564
5618
6020
6552
6682
6744
6916
6925
7168
7187
8205
8304
8382
8490
8953
9040
9058
9148
9199
9248
9584
9985
10433
10445
10637
10679
10715
10852
11233
11270
11341
11599
11886
12018
12398
12679
12744
12929
13307
13607
13641
13805
14012
14432
14501
14611
14720
14732
15122
15182
15608
16016
16044
16296
16683
16740
16754
16878
16998
17088
17389
17427
17934
18307
18540
18564
18887
18941
18953
19078
19151
19272
19446
19686
20148
20316
20730
20813
20913
21198
21217
21243
21333
21418
21436
21472
21776
21815
21829
21896
21947
21995
22064
22144
22196
22526
23015
23174
23250
23303
23364
23390
23409
23422
23623
23921
24153
24305
24400
24425
24659
24702
24810
24887
25144
25205
25501
25567
25603
25675
25699
26332
27103
27183
27336
27660
27705
27714
27783
27886
28217
28346
28523
28618
28627
28669
28924
29023
29408
29504
29516
29540
29564
29891
29948
30035
30047
30233
30325
30425
30503
30683
30698
30795
30802
30842
31082
31148
31212
31731
31954
31964
32188
32436
32446
32473
32597
33127
33134
33157
33417
33683
34239
34340
34420
34590
34744
34831
34857
34996
35386
35548
36356
36374
36481
36521
36568
36619
36652
36826
36956
36978
37326
37524
37817
38107
38117
38386
38740
38987
39005
39032
39499
39508
39684
39747
40416
40572
40912
40960
41004
41284
41299
41393
41492
41886
41968
42228
42720
42838
43182
43355
43373
43708
43726
43747
43774
43805
43969
44477
44524
44695
44817
44969
45019
45888
45910
45995
46024
46162
46179
46295
46310
Number of cuts: 275

