Alatin
207
461
1057
1348
1462
1474
1636
1820
2150
2302
2360
2378
2713
2936
2975
3002
3375
3720
3834
4561
4581
4608
4746
4776
5296
5301
5654
5762
6053
6432
6479
6584
6673
6797
6860
7043
7389
8052
8064
8360
8376
8383
8925
9029
9186
9193
9309
9793
10413
11101
11120
11419
11569
11852
11861
11940
12027
12074
12100
12155
12413
12694
12968
12997
13120
13711
13882
14143
14197
14836
14848
15438
15449
15765
16776
16984
17210
17498
17720
17745
18126
18369
18560
18880
19346
19352
20057
20402
20463
20675
21634
22276
22304
22637
23011
23312
23413
23677
23943
23969
24355
24854
25318
25481
25489
25970
26039
26406
26764
28676
29160
29184
29555
30121
30499
31366
31614
31693
32178
32821
32994
33345
33797
33803
34543
35116
35404
35603
35764
36777
36797
36863
37946
38072
40085
42823
43329
46278
46290
46292
Number of cuts: 140

Alpacados
207
461
1057
1348
1462
1474
1622
1633
2019
2264
2322
2340
2675
2898
2937
2964
3337
3796
4159
4355
4523
4543
4570
4708
4738
5258
5263
5616
6015
6379
6426
6744
6807
6990
7336
7621
7999
8029
8236
8322
8793
8855
8959
9116
9123
9239
9655
9723
9932
10343
10557
11037
11056
11355
11505
11788
11797
11963
12010
12036
12091
12603
12904
12933
14079
14187
14544
14895
15374
15385
15701
16252
16456
16920
17434
17656
17681
18305
19282
19288
19597
19993
20338
20399
20611
20824
21516
21723
22011
22222
22936
23181
23282
23546
23812
23838
24224
24708
24723
25187
25350
25358
25908
26854
27052
28739
29089
29460
30026
30404
30670
30944
31519
32083
32726
32899
33702
33708
34445
35018
35306
35505
35666
35759
36670
36690
36756
36921
37839
37965
38896
39978
40684
42646
43152
46101
46113
46115
Number of cuts: 138

AngryOrchard
207
331
1050
1341
1455
1467
1590
1615
1626
2095
2247
2305
2323
2881
2920
2947
3320
3665
3849
4391
4506
4526
4553
4691
4721
4825
5241
5246
5599
5998
6205
6362
6409
6603
6727
6790
6973
7023
7319
7604
8012
8219
8305
8838
8942
9099
9106
9222
9638
9706
10326
11020
11039
11338
11488
11705
11771
11780
11946
11993
12019
12074
12586
12887
12916
14062
14170
14527
14767
15254
15357
15368
16235
16695
16903
16935
17417
17639
17664
18288
18479
18799
19094
19265
19271
19976
20212
20321
20594
20807
20954
21499
21706
21994
22140
22215
22501
22899
22929
23277
23478
23541
23808
23834
24220
24328
24704
25183
25346
25354
25904
26628
26906
27961
29048
29419
29818
31164
31412
31976
32458
32619
32789
33862
33868
33879
35178
35466
35665
35826
35919
36830
36850
36916
37061
37999
38125
39056
40140
41879
42414
42447
43374
45092
46206
46218
46220
Number of cuts: 147

AppleCloud
159
161
225
244
1141
1255
1267
1529
2011
2069
2087
2175
2645
2711
3084
3543
4270
4290
4317
4455
4476
4487
4589
5005
5010
5363
5762
5969
6077
6126
6173
6193
6491
6554
6737
7083
7368
7746
7983
8069
8578
8682
8839
8846
8962
10066
10773
11072
11222
11439
11505
11514
11680
11727
11753
11808
12270
12303
12434
12680
13847
14108
14216
14378
14573
14801
15074
15095
15164
15403
15414
16741
16949
17463
17685
18334
18525
19311
19317
20022
20110
20258
20367
20428
20442
20640
20853
21063
21199
21545
21752
22040
22181
22220
22967
23211
23846
23872
24230
24714
24729
25193
25356
25364
25914
26225
26484
26639
26713
27972
28630
29138
29401
29506
30229
31096
31533
31908
32551
32724
33527
33960
34843
35131
35330
35354
35491
36495
36515
36581
37664
37790
38187
39800
42540
43046
45995
46007
46009
Number of cuts: 139

Belenaria
207
461
1057
1348
1462
1474
1636
1820
2150
2302
2360
2378
2713
2936
2975
3002
3375
3720
3834
4561
4581
4608
4746
4776
5296
5301
5654
5762
6053
6432
6479
6584
6673
6797
6860
7043
7389
8052
8064
8360
8376
8383
8925
9029
9186
9193
9309
9793
10413
11101
11120
11419
11569
11852
11861
12027
12074
12100
12155
12413
12694
12968
12997
13120
13711
13882
14143
14197
14836
14848
15438
15449
15765
16776
16984
17210
17498
17720
17745
18126
18369
18560
18859
18880
19250
19346
19352
20057
20402
20463
20675
21580
22286
22944
23245
23346
23610
23876
23902
24289
24788
25252
25415
25423
25651
25973
26340
28610
29094
29118
29382
29487
29886
30365
30905
31480
31559
32044
32687
32860
33211
33663
33669
34418
34991
35279
35478
35639
35732
36643
36663
36729
37812
37938
38335
39948
42688
43194
46143
46155
46157
Number of cuts: 141

BobbyDazzler
207
461
1057
1348
1462
1474
1622
1633
1700
2131
2215
2373
2431
2449
2784
3007
3046
3073
3446
3905
4268
4464
4632
4652
4817
4847
5367
5372
5725
5983
6124
6488
6535
6853
6916
7099
7445
7730
8108
8138
8345
8431
8902
8964
9068
9225
9232
9348
9764
9832
10041
10452
10666
11146
11165
11464
11614
11831
11897
11906
12072
12119
12145
12200
12712
13013
13042
14167
14188
14296
14653
15004
15483
15494
15810
16361
16565
17543
17765
17790
18414
19391
19397
19706
20102
20447
20508
20720
20933
21171
21625
21832
22120
22332
23046
23291
23656
23922
23948
24334
24818
24833
25297
25460
25468
25949
27126
28655
29139
29163
30100
30478
31593
32157
32800
32973
33776
33782
34522
35095
35383
35743
36747
36767
36833
36998
37916
38042
38973
40055
40831
41572
42794
43300
46249
46261
46263
Number of cuts: 137

Bonanza
207
461
1057
1348
1462
1474
1636
1820
2150
2302
2360
2378
2713
2936
2975
3002
3375
3834
4197
4393
4561
4581
4608
4746
4776
5296
5301
5654
6053
6417
6464
6782
6845
7028
7374
7659
8037
8067
8274
8360
8831
8893
8997
9154
9161
9277
9693
9737
9761
9970
10381
10595
11075
11094
11393
11543
11826
11835
12001
12048
12074
12129
12641
12942
12971
14117
14225
14582
14933
15412
15423
15739
16290
16494
16958
17472
17694
17719
18343
19320
19326
19635
20031
20376
20437
20649
20862
21072
21554
21761
22049
22260
22918
22942
23320
23584
23850
23876
24262
24746
24761
25225
25388
25396
25910
26856
27054
28741
29091
29462
30028
30406
30946
31521
32085
32728
32901
33704
33710
34447
35020
35308
35507
35668
35761
36604
37052
37072
37138
38221
38347
39278
40360
41136
43098
43604
46538
46550
46552
Number of cuts: 139

Bradshaw
207
461
1057
1348
1462
1474
1636
1820
2150
2302
2360
2378
3002
3375
3834
4561
4581
4608
4746
4776
5296
5301
5654
5762
6053
6432
6479
6584
6797
6860
7043
7389
8052
8064
8360
8376
8383
8925
9029
9186
9193
9309
9793
10413
11101
11120
11419
11569
11852
11861
12027
12074
12100
12155
12413
12694
12968
12997
13120
13711
13882
14143
14197
14836
14848
15438
15449
15765
15882
16776
16984
17210
17498
17720
17745
18126
18369
18560
18859
18880
19250
19346
19352
20057
20402
20463
20675
21580
22286
22944
23245
23346
23610
23876
23902
24288
24787
25251
25414
25422
25903
25972
26339
28609
29093
29117
29488
30054
30432
31299
31547
31626
32111
32754
32927
33278
33730
33736
34476
35049
35337
35536
35697
36710
36730
36796
37879
38005
42756
43262
46211
46213
46223
46225
Number of cuts: 134

Bryce
207
461
1057
1348
1462
1474
1636
2150
2302
2360
2378
2713
2936
2975
3002
3375
3834
4197
4393
4561
4581
4608
4746
4776
5296
5301
5654
5912
6053
6417
6464
6782
6845
7028
7374
7659
8037
8067
8274
8360
8831
8893
8997
9154
9161
9277
9693
9761
9970
10381
10595
11075
11094
11393
11543
11760
11826
11835
12001
12048
12074
12129
12641
12942
12971
14117
14225
15412
15423
15739
16290
16494
16958
17472
17694
17719
18343
19320
19326
19635
20031
20376
20437
20649
20862
21072
21554
21761
22049
22261
22919
22975
23220
23585
23851
23877
24263
24747
24762
25226
25389
25397
25878
27055
28584
29068
29092
29463
30186
30452
31053
31301
31865
32508
32681
33484
33490
34230
34803
35091
35451
36455
36475
36541
36706
37624
37750
38681
39763
40539
41280
42502
43008
45957
45969
45971
Number of cuts: 136

ChewyVIII
312
538
571
632
682
707
709
829
1043
1257
1328
1376
1830
2181
2341
2368
2464
2486
2573
2609
2678
2937
3046
3119
3159
3316
3490
4020
4194
4265
4267
4275
4387
4395
4479
4583
4769
4883
4922
4963
5015
5017
5027
5057
5099
5254
5277
5628
5726
5787
5800
5860
6295
6297
6299
6301
6462
6486
6986
6993
7101
7268
7270
7302
7356
7447
7507
7592
7599
7694
7713
7809
7842
7844
8152
8173
8189
8275
8356
8383
9198
9287
9429
9445
9454
9582
9911
9997
10012
10485
10665
10683
10748
10750
10770
10920
10937
10939
10950
11067
11240
11313
11606
11723
11729
12059
12122
12154
12166
12533
12743
12827
12843
12916
12991
13215
13260
13308
13374
13409
13442
13655
13712
13726
13795
14016
14089
14190
14276
14315
14359
14420
14462
14593
14676
14685
14888
14968
15066
15068
15170
15204
15206
15389
15410
15491
15496
15603
15614
15623
15953
15995
16019
16175
16195
16426
16428
16466
16669
16815
16929
17095
17192
17325
17431
17707
17913
17929
17971
17999
18001
18172
18214
18240
18329
18358
18360
18368
18543
18831
19152
19270
19298
19368
19559
19604
19738
20029
20046
20104
20161
20206
20269
20449
20451
20512
20611
20627
20744
20800
20816
20824
20878
20894
20905
20944
20978
21098
21271
21292
21355
21374
21451
21592
21800
21813
21870
21990
22044
22111
22135
22192
22265
22267
22462
22464
22603
22636
22655
22723
22908
22945
22978
22983
23001
23083
23085
23245
23287
23410
23481
23483
23485
23575
23749
23968
24020
24073
24160
24512
24521
24523
24525
24538
24687
24789
24924
25063
25158
25196
25526
25555
25619
25656
25669
25747
25855
25933
25963
25965
25967
26218
26284
26354
26772
26774
26948
26980
27049
27153
27162
27514
27530
27710
27768
27833
27957
28129
28157
28255
28383
28407
28527
28824
28899
29083
29125
29302
29376
29730
29758
29847
30213
30328
30375
30411
30630
30822
30829
30870
30924
31038
31059
31064
31402
31691
31693
31723
32046
32240
32271
32441
32547
32595
32624
32649
32664
32722
32751
32774
32795
32806
32906
33041
33128
33164
33291
33340
33357
33374
33386
33414
33500
33510
33602
33608
33665
33755
34043
34076
34376
34397
34442
34463
34632
34734
34842
35430
35432
35540
35711
35792
35904
35915
36074
36174
36281
36359
36407
36552
36578
36653
36758
36833
36968
36998
37197
37199
37209
37263
37288
37361
37429
37643
37661
37871
37882
37884
37979
37981
38405
38555
38615
38785
38806
38892
39179
39281
39353
39443
39674
39831
39871
39886
39888
39943
40071
40137
40218
40282
40291
40332
40407
40500
40615
40666
40740
40764
40788
40847
40991
41135
41153
41389
41546
41584
41775
41963
42026
42140
42155
42427
42469
42500
42550
42656
42713
42765
42900
42976
42998
43012
43014
43031
43158
43166
43221
43232
43243
43259
43306
43331
43696
43802
43991
44036
44038
44079
44131
44178
44262
44324
44331
44347
44349
44430
44445
44478
44499
44508
44527
44758
44982
44991
45054
45145
45155
45272
45375
45547
45628
45691
45730
45748
45756
45786
45788
45790
45865
45930
46158
46261
46347
46358
46416
46548
46663
46762
47044
47185
47224
47319
47417
47424
47462
47532
47586
47602
47758
47767
47980
48161
48277
48317
48382
48402
48682
48833
48923
48988
49035
49085
49220
49232
49239
49241
49258
49370
49493
49666
49768
49878
49939
50065
50158
50211
50236
50290
50347
50375
50479
50683
50704
50749
50806
50845
50911
50947
50986
51133
51184
51270
51619
51664
51702
51796
51846
52003
52035
52179
52536
52538
52693
52984
53275
53576
53718
53846
53864
53939
53964
54314
54411
54421
54444
54512
54514
54522
54586
54626
54665
54716
55203
55220
55700
55820
55822
55920
55922
55970
56153
56171
56268
56503
56547
56880
56983
57171
57194
57228
57487
57612
58150
58204
58234
58571
58580
58641
58897
58957
58991
59234
59274
59404
59533
59746
59833
59906
59924
59961
60004
60067
60104
60386
60506
60508
60715
60737
60832
60889
61075
61083
61161
61223
61756
61844
61850
62130
62412
62496
62571
62721
63120
63174
63457
63502
63987
64074
64159
64472
64625
64651
65040
65289
65466
65514
65611
65641
65677
65797
65908
65982
66189
66381
66383
66402
66617
66834
67282
67397
67399
67606
67910
67921
68009
68169
68897
Number of cuts: 677

CosmicSans
207
461
1057
1348
1462
1474
1636
1820
2150
2302
2360
2378
3002
3375
3834
4561
4581
4608
4746
4776
5296
5301
5654
5762
6053
6432
6479
6584
6797
6860
7043
7389
8052
8064
8360
8376
8383
8925
9029
9186
9193
9309
9793
10413
11101
11120
11419
11569
11852
11861
12027
12074
12100
12155
12413
12694
12968
12997
13120
13711
13882
14143
14197
14836
14848
15438
15449
15765
15882
16776
16984
17210
17498
17720
17745
18126
18369
18560
18859
18880
19250
19346
19352
20057
20402
20463
20675
21580
22286
22944
23245
23346
23610
23876
23902
24288
24787
25251
25414
25422
25650
25972
26339
28609
29093
29117
29488
30054
30432
31299
31547
31626
32111
32754
32927
33278
33730
33736
34476
35049
35337
35536
35697
36701
36721
36787
37870
37996
40009
40785
42747
43253
46202
46214
46216
Number of cuts: 135

Dinger
207
271
331
1052
1343
1457
1469
1632
2146
2298
2356
2374
2462
2615
2932
2998
3371
3716
4418
4557
4577
4604
4742
4772
4876
5292
5297
5650
6049
6256
6413
6460
6654
6778
6841
7024
7074
7370
7655
8033
8356
8889
8993
9150
9157
9273
9757
10377
10591
11071
11090
11389
11539
11756
11822
11831
11841
11997
12044
12070
12125
12637
12938
13852
14113
14221
14578
15305
15408
15419
16286
16746
16986
17690
17715
18339
18530
18850
19145
19316
19322
20027
20219
20263
20372
20447
20645
20858
21029
21204
21550
21757
22192
22220
22553
22927
23329
23593
23860
23886
24272
24732
24756
24771
25235
25398
25406
25956
26526
26681
28014
28672
29180
29444
29549
31168
31416
31980
32462
32623
32796
33483
33869
34618
35191
35479
35839
35932
36843
36863
36929
38012
38138
39069
40153
42432
42465
43392
45110
46225
46237
46239
Number of cuts: 142

DocB7
28
145
255
374
611
725
786
845
875
1236
1404
1637
2025
2096
2206
2384
2460
2805
3224
3354
3985
4108
4257
4391
4591
4840
4856
4873
4901
4920
5252
5363
5510
5552
5876
5885
6083
6259
6313
6475
6607
6888
7347
7752
7784
8139
8379
8418
8781
8831
8990
9879
10148
10657
11256
11326
11651
11863
11873
12147
12203
12205
12210
12284
12402
12525
12585
12747
13009
13056
13337
13744
13756
14271
14308
14341
14563
14583
14649
14664
14895
15201
15578
15723
16004
16120
16352
16556
16820
17205
17214
17436
17555
17579
17739
17938
17959
18231
18243
18270
18329
18475
18489
18624
19044
19149
19530
19546
19620
19701
19941
20097
20201
20214
20389
20455
20487
20526
20699
20934
20948
21054
21066
21191
21246
21431
21480
21613
21740
21939
22003
22036
22119
22230
22239
22260
22290
22309
22817
22846
22981
24068
24138
24201
24480
24592
24870
24901
24943
25175
25446
25485
25662
25756
25798
25822
26032
26193
27072
27402
27407
27490
27822
27841
27996
28889
28954
29214
29410
29634
30042
30457
30543
30577
30628
30755
30847
30923
31086
31110
31599
31817
31885
32107
32515
32721
32926
33424
33450
33484
33885
33968
34336
34479
34626
34643
35265
35715
36129
36379
36794
37159
37367
37411
37730
38174
38611
39330
39495
39526
39620
39664
39694
39762
39820
39957
40636
40838
40932
40956
41070
41243
41388
41522
41561
41595
42318
42759
43051
43243
43808
43947
44096
44763
44941
45273
45327
45694
45742
46100
46127
46209
46753
47017
47113
47568
47590
48766
48802
50230
50337
50623
50839
51780
51814
52220
52227
52376
52641
53306
53804
54489
54592
54896
55622
55840
55929
56093
56378
56485
56871
57368
58266
58550
58707
58778
59340
60421
60488
60502
60853
61136
61154
61334
61407
61424
61436
61474
61604
61624
61689
61772
62284
62577
63093
63095
63642
64008
64010
64332
64409
64611
64721
64771
64869
65066
65161
65296
65401
65410
65673
65900
66126
66297
66484
66633
67048
67480
67744
67883
68077
68118
68142
68247
68294
68337
68668
68869
69234
69300
69684
69900
69943
70040
70150
70168
70170
70225
70241
70318
70875
70899
71058
71317
71571
72147
72435
72801
72867
73162
73169
73244
73812
74071
74636
74710
74776
74854
75590
Number of cuts: 359

E3
89
91
139
173
221
331
349
412
595
597
687
844
853
906
960
1429
1505
1613
1903
1905
1911
1947
1962
2013
2060
2072
2138
2184
2282
2284
2316
2324
2334
2437
2568
2852
2885
2919
2953
2960
3212
3234
3264
3344
3578
3639
3675
3692
3894
3896
4047
4054
4056
4226
4274
4344
4373
4428
4483
4556
4605
4657
4912
4946
4948
4950
5129
5248
5270
5303
5327
5437
5502
5544
5600
5666
5721
5758
5926
6074
6127
6177
6260
6293
6422
6476
6481
6696
6705
6717
6810
6840
6897
6907
6954
6978
6980
6995
7202
7524
7526
7561
7722
7724
7726
7742
7864
7885
7892
7943
7945
7964
7984
7994
8209
8495
8512
8597
9201
9215
9544
9637
9659
9682
9748
9784
9935
9937
10155
10262
10349
10351
10656
10776
10822
10874
10876
11207
11310
11345
11359
11449
11488
11540
11572
11612
11658
11762
11869
11876
11897
11935
11957
12122
12136
12160
12202
12371
12458
12598
12670
12729
12853
12855
12868
12900
12902
12907
12954
12979
13248
13600
13605
13669
13723
13869
13871
13873
13902
13904
13922
13963
13965
13996
13998
14221
14325
14335
14444
14501
14546
14558
14632
14752
14770
14784
14855
14890
14966
14994
15011
15079
15081
15123
15129
15377
15577
15666
15702
15718
15774
15776
15789
15896
15954
15992
15994
16094
16284
16473
16475
16477
16482
16855
16861
16863
16869
16987
17011
17034
17112
17180
17259
17381
17429
17515
17517
17580
17582
17620
17977
18329
18522
18639
18644
18835
18892
18928
18959
19009
19021
19045
19131
19333
19434
19447
19474
19714
19947
20006
20195
20222
20307
20334
20385
20466
20468
20545
20624
20871
20990
21092
21175
21271
21405
21428
21480
21677
21799
21854
22038
22046
22120
22142
22233
22304
22374
22398
22409
22416
22428
22490
22534
22547
22593
22730
22792
22794
22999
23001
23146
23209
23330
23348
23408
23459
23737
23845
24011
24035
24069
24424
24438
24487
24525
24676
24712
24744
24757
24805
25016
25220
25243
25250
25384
25431
25583
25683
25685
25787
25819
25904
25970
26015
26052
26069
26133
26163
26165
26204
26232
26420
26603
26605
26607
26678
26720
26826
26841
26843
26956
26973
27050
27255
27257
27273
27427
27509
27563
27775
27848
27853
27939
27941
28014
28032
28034
28151
28276
28328
28363
28418
28547
28660
28662
28876
29126
29191
29261
29322
29324
29331
29382
29468
29473
29497
29527
29532
29716
29806
29829
29872
29906
29934
30063
30082
30138
30180
30215
30261
30304
30306
30363
30423
30453
30470
30523
30583
30669
30730
30732
30748
30774
30785
30787
30827
30837
30855
30876
30924
30956
31123
31197
31269
31365
31398
31524
31695
31749
31867
32037
32039
32057
32200
32314
32421
32444
32446
32451
32460
32598
32723
32725
32745
32793
32795
32803
32824
32829
32831
32848
32884
32915
32938
33202
33210
33212
33247
33310
33344
33383
33488
33525
33560
33590
33592
33619
33757
33763
33824
33837
33860
33934
34016
34030
34061
34091
34106
34190
34311
34313
34382
34420
34669
34702
34848
34860
34990
35266
35346
35400
35430
35466
35579
35620
35838
35883
35910
35985
36022
36033
36076
36287
36317
36482
36609
36636
36660
36713
36900
37013
37043
37136
37167
37169
37176
37250
37266
37496
37505
37680
37733
37752
37754
37800
37833
37839
37977
37999
38207
38405
38489
38562
38591
38716
38718
38720
38739
38966
39077
39245
39247
39268
39389
39404
39498
39536
39607
39613
39713
39739
39813
39831
39833
39854
39934
39988
40015
40027
40049
40051
40058
40066
40211
40234
40418
40438
40579
40584
40604
40753
40836
40978
40996
41046
41125
41204
41255
41396
41486
41550
41800
41805
41836
41977
42031
42089
42178
42322
42396
42425
42543
42693
42695
42928
42938
42947
42996
43046
43234
43263
43300
43356
43414
43416
43461
43605
43662
43892
43913
43938
43978
43980
44068
44108
44213
44222
44397
44412
44526
44577
44616
44652
44683
44751
44789
44858
44868
44967
45006
45054
45186
45221
45235
45249
45351
45484
45510
45792
45807
45849
46046
46134
46170
46248
46437
46442
46463
46478
46519
46521
46532
46573
46589
46591
46593
46610
46649
46676
46709
46753
46775
46787
46910
46963
47071
47073
47089
47194
47196
47219
47235
47386
47388
47471
47496
47502
47592
47676
47705
47711
47717
47768
47804
47945
47999
48038
48136
48138
48164
48188
48230
48283
48397
48494
48496
48533
48618
48850
48879
49015
49035
49078
49195
49212
49234
49308
49447
49470
49472
49474
49479
49552
49630
49632
49641
49911
49913
49977
50010
50103
50110
50112
50160
50211
50370
50478
50505
50517
50526
50542
50676
50709
50825
50871
51057
51357
51513
51534
51650
51707
51709
51711
51786
51873
52040
52151
52237
52239
52257
52560
52674
52760
53276
53304
53406
53421
53469
53516
53628
53653
53996
54086
54395
54406
54443
54858
54886
54968
54970
55240
55309
55433
55548
55778
55827
55949
55951
56003
56005
56055
56140
56142
56288
56349
56366
56381
56431
56480
56482
56699
56785
56787
56996
56998
57068
57086
57134
57136
57172
57210
57375
57444
57492
57615
57758
57764
57841
57870
58032
58039
58041
58188
58335
58422
58479
58506
58772
58777
58846
59036
59093
59200
59242
59282
59305
59383
59523
59525
59543
59629
59636
59706
59764
59819
59894
59912
59921
59966
60445
60447
60536
60604
60699
60709
60780
60888
60951
61159
61176
61364
61419
61437
61503
61581
61583
61595
61735
61751
61769
61979
62016
62078
62229
62405
62407
62409
62577
62775
62788
62967
63064
63084
63106
63146
63387
63429
63438
63606
63619
63621
63841
63929
63935
63973
64072
64074
64149
64203
64230
64232
64312
64317
64335
64348
64405
64540
64571
64602
64604
64630
64643
64733
64826
65034
65044
65086
65161
65184
65262
65353
65355
65460
65874
65901
65946
66022
66101
66189
66223
66231
66237
66288
66372
66412
66414
66496
66501
66615
66632
66663
66736
66741
66791
66841
67017
67239
67246
67547
67715
67741
67774
68077
68122
68198
68221
68266
68299
68301
68360
68386
68476
68486
68556
68826
68861
68869
68918
68920
68922
68924
68942
69014
69016
69044
69046
69048
69146
69179
69236
69299
69320
69344
69363
69383
69385
69387
69401
69460
69487
69551
69586
69588
69722
69737
69768
69917
70044
70100
70141
70184
70313
70385
70671
70742
70793
71067
71435
71558
71587
71617
71658
71660
71943
71963
72042
72447
72779
72822
72931
73100
73188
73190
73415
73451
73460
73714
73716
73905
73907
73943
74079
74252
74465
74486
74609
74714
74834
75008
75108
75246
75248
75271
75338
75366
75481
75563
75613
75634
75757
75849
76098
76149
76248
76250
76263
76792
76801
76831
76844
76960
77062
77086
77179
77350
77356
77418
77470
77551
77575
77588
77608
77738
77756
77768
77803
77968
78061
78130
78280
78354
78495
78631
78642
78652
78678
78729
78766
78832
78848
78933
79002
79155
79252
79314
79385
79387
79482
79488
79548
79626
79641
79790
79850
79876
79963
80031
80136
80145
80224
80226
80315
80330
80400
80634
80660
80687
80759
81047
81083
81503
81629
81703
81705
81770
81872
81981
81983
82076
82086
82163
82281
82325
82358
82367
82397
82844
82931
83132
83195
83258
83285
83339
83690
83940
83974
84060
84085
84205
84234
84555
84569
84581
84638
84792
84917
85052
85134
85312
85321
85453
85640
85699
85732
85850
85895
85991
86074
86126
86240
86327
86462
86476
86509
86525
86572
86685
86765
86807
86818
86820
86852
86866
86888
86946
86948
86989
86994
87014
87032
87078
87198
87204
87267
87402
87625
87627
87849
87858
87891
87896
88102
88154
88289
88712
88733
88735
88792
88856
88907
89044
89091
89188
89200
89202
89260
89268
89270
89385
89445
89456
89496
89573
89575
89634
89727
89874
89916
89967
89969
90012
90056
90116
90164
90248
90275
90294
90296
90309
90449
90624
90663
90693
90716
90732
90790
90866
90868
91134
91456
91689
91759
91831
91846
91848
91954
92036
92042
92123
92132
92185
92187
92193
92258
92271
92323
92472
92514
92528
92622
92664
92740
92780
92902
92908
92929
92931
92977
93033
93235
93391
93501
93552
93595
93777
93837
93873
93885
93937
93945
94125
94135
94183
94203
94228
94294
94336
94528
94585
94587
94746
94748
94995
95096
95098
95140
95248
95283
95314
95323
95416
95445
95604
95610
95616
95618
95689
95691
95702
95729
95765
95795
95903
95917
95919
96085
96205
96211
96250
96364
96484
96592
96611
96652
96734
96872
97152
97345
97422
98140
98181
98183
98296
98372
98405
98459
98542
98838
98849
98952
98971
98973
99006
99059
99135
99137
99139
99204
99297
99334
99417
99435
99498
99505
99589
99643
99696
99735
99757
99802
99804
99844
99889
99950
100211
100351
100353
100409
100491
100540
100569
100671
100677
100746
100772
100885
100972
101049
101310
101312
101424
101439
101441
101605
101611
101708
101880
101913
101921
101932
102009
102026
102028
102120
102134
102391
102409
102507
102607
102609
102611
102617
102665
102844
102869
102894
102910
102926
102974
102989
103109
103210
103219
103271
103666
103917
103934
104059
104082
104088
104136
104143
104207
104209
104354
104356
104440
104442
104523
104640
104667
104728
104832
104968
104980
104996
105256
105345
105352
105364
105366
105390
105439
105541
105654
105975
106224
106259
106261
106266
106329
106335
106341
106401
106451
106453
106459
106569
106650
106683
106703
106705
106961
106963
107089
107107
107216
107251
107260
107317
107407
107409
107519
107575
107639
107689
107768
107906
108040
108042
108223
108235
108595
108682
108808
108856
108889
108905
109000
109088
109097
109111
109170
109213
109356
109392
109798
109800
109809
109905
110022
110056
110058
110112
110150
110152
110228
110237
110246
110291
110301
110342
110429
110504
110574
110664
110739
110940
110998
111058
111172
111276
111397
111556
111566
111636
111644
111668
111691
111709
111793
111808
111820
111839
111857
111895
111997
112054
112560
112702
112720
112780
112920
113056
113097
113177
113179
113229
113304
113346
113585
113587
113893
114389
114473
114547
114549
114602
114620
114662
114664
114685
114737
114793
114855
114882
114884
114886
114987
115062
115290
115386
115398
115604
115789
115791
115799
115830
115871
116126
116309
116320
116446
116487
116582
116670
116694
116700
116802
116876
116878
116880
116894
116906
116956
117120
117304
117358
117373
117420
117612
117660
117924
117984
118069
118230
118272
118414
118422
118435
118745
118907
119000
119042
119225
119227
119237
119376
119397
119407
119540
119649
119893
119996
120017
120051
120098
120226
120236
120274
120527
120574
120620
120687
120757
120891
120935
121271
121282
121292
121375
121412
121438
121540
121574
121744
121797
122020
122464
122577
122647
122676
122767
122817
122882
122967
123124
123302
123304
123590
123674
123680
123740
123756
123896
123920
124063
124104
124110
124175
124177
124358
124497
124652
124672
124949
125077
125106
125269
125405
125407
125530
125532
125598
125658
125694
125850
126272
126293
126386
126458
126551
126646
126711
126777
126813
126869
126879
126928
126968
127012
127225
127240
127245
127342
127369
127415
127599
127733
127826
128021
128063
128065
128071
128151
128169
128191
128278
128457
128520
128644
128769
128996
129026
129028
129037
129300
129378
129419
129472
129646
129745
129804
130092
130356
130417
130428
130653
130721
130740
130954
131005
131042
131063
131071
131108
131138
131174
131197
131237
131252
131388
131398
131488
131503
131533
131593
131611
131638
131686
131722
131935
132042
132055
132060
132062
132088
132109
132115
132190
132288
132404
132466
132575
132883
133053
133237
133275
133308
133344
133446
133486
133488
133668
133716
133830
133842
133890
133938
134088
134118
134172
134202
134217
134219
134241
134292
134298
134307
134433
134517
134580
134655
134694
134784
134913
134925
134973
135024
135082
135105
135141
135249
135348
135373
135409
135477
135516
135558
135693
135769
135831
135906
136011
136122
136124
136269
136432
136469
136498
136515
136563
136582
136624
136690
136717
136825
136847
137018
137069
137071
137098
137146
137175
137177
137182
137188
137254
137352
137389
137497
137603
137609
137650
137698
137723
137740
137925
138000
138095
138205
138289
138398
138474
138512
138514
138595
138618
138631
138706
138786
138800
138805
138977
138993
139110
139228
139240
139248
139505
139705
139783
139785
139809
139821
139958
139980
140014
140022
140228
140472
140581
140682
140765
141007
141081
141173
141181
141556
141726
141850
141852
141908
142150
142222
142339
Number of cuts: 1906

Erik
207
461
1057
1348
1462
1474
1636
1820
2150
2302
2360
2378
2713
2936
2975
3002
3375
3720
3834
4561
4581
4608
4746
4776
5296
5301
5654
5762
6053
6432
6479
6584
6673
6797
6860
7043
7389
8052
8064
8360
8376
8383
8924
9028
9185
9192
9308
9792
10412
11100
11119
11418
11568
11851
11860
12026
12073
12099
12154
12412
12693
12967
12996
13119
13710
13881
14142
14196
14835
14847
15437
15448
15764
15881
16775
16983
17209
17497
17719
17744
18125
18368
18559
18858
18879
19249
19345
19351
20056
20401
20462
20674
21579
22285
22943
23244
23345
23608
23874
23900
24286
24785
25249
25412
25420
25648
25970
26337
28607
29091
29115
29381
29486
29885
30364
30904
31231
31479
31558
32043
32686
32859
33662
33668
34408
34981
35269
35468
35629
36633
36653
36719
37802
37928
39941
40616
42578
43084
46033
46045
46047
Number of cuts: 141

Espica
207
461
1057
1348
1462
1474
1636
1820
2150
2302
2360
2378
2713
2936
2975
3002
3375
3720
3834
4561
4581
4608
4746
4776
5296
5301
5654
5762
6053
6432
6479
6584
6673
6797
6860
7043
7389
8052
8064
8360
8376
8383
8925
9029
9186
9193
9309
9793
10413
11101
11120
11419
11569
11852
11861
12027
12074
12100
12155
12413
12694
12968
12997
13120
13711
13882
14143
14197
14836
14848
15438
15449
15765
16776
16984
17210
17498
17720
17745
18126
18369
18560
18859
18880
19250
19346
19352
20057
20402
20463
20675
21580
22286
22944
23245
23346
23610
23876
23902
24289
24788
25252
25415
25423
25651
25973
26340
28610
29094
29118
29382
29487
29886
30365
30905
31480
31559
32044
32687
32860
33663
33669
34418
34991
35279
35478
35502
35639
36643
36663
36729
37812
37938
38335
39948
42688
43194
46143
Number of cuts: 138

Finch
236
314
680
991
1157
1277
1594
1601
2024
2086
2099
2257
2971
3203
3453
3526
3528
3559
3908
3910
3968
4048
5032
5115
5158
6192
6250
6270
6723
6865
7101
7803
8196
8508
8520
8547
9293
9503
9613
10041
10205
10249
10472
10531
10558
10694
10949
11081
11120
11277
11312
11492
11518
11576
11705
11942
12352
12696
13162
13219
13588
13603
13605
13761
14375
14384
14521
14682
14728
14817
15053
15210
15659
15794
15862
15974
16345
16433
16535
16843
17018
17029
17149
17156
17249
17546
17714
17771
17929
17931
17996
18356
18513
18524
19063
19068
19124
19278
19390
19620
19694
19723
20348
20370
20439
21076
21150
21521
21626
22108
22257
22611
22696
22946
22948
23021
23066
23382
23394
23607
23717
23865
24282
24415
24447
24906
24908
24954
25144
25228
25493
25546
25548
25562
25615
25762
26392
26398
26563
26666
26668
26670
26761
26776
27022
27321
27327
27711
27908
28358
28360
28771
29808
30069
30295
30726
30728
30856
30879
30972
31183
31356
31389
31804
31836
32304
32315
32317
32352
32451
32558
32657
32920
33471
34100
34202
34429
34470
34552
34576
34813
34861
34984
35203
35293
35348
35350
35506
35720
35882
36325
36335
36391
36416
36520
37031
37141
37237
37635
37877
37904
38042
38166
38255
38257
38276
38356
38627
38638
38731
39131
39158
39232
39338
39520
39541
39734
40305
40371
40982
40984
42341
42456
43154
43178
43317
43915
43917
44500
44535
44844
45201
45405
45638
45737
45739
45741
46001
46562
46797
47151
47759
47774
47877
47938
47952
47985
48133
48752
48996
49271
49273
49392
49556
49674
49724
49888
49890
50099
50458
50621
50797
50896
51745
51773
51823
51948
52084
52140
52142
52211
52618
52687
52864
53181
53307
53524
53604
53928
54133
54142
54144
54645
55040
55474
55498
55861
56018
56203
56462
57238
57952
58555
58833
59015
59487
59545
60016
60101
60540
60693
60864
61129
61142
61230
61434
61626
61825
61969
62260
62262
62287
62492
62574
62850
63218
63453
63761
63998
64055
64081
64114
64208
64485
64547
64593
64815
64857
65007
65103
65313
65468
65849
66378
66843
66845
67118
67334
67470
67608
68052
68058
68325
68446
68716
68944
69107
69250
69252
69719
69721
69805
70065
70095
70126
70128
70706
70743
70955
71028
71086
71889
72045
72204
72803
73374
73386
73506
73675
73677
74431
74455
74480
74592
75339
75506
75737
75759
76140
76331
76353
76432
76447
76593
76683
76710
77343
77412
77512
77679
77681
77927
78806
78819
78963
78978
79164
79182
79381
80035
80071
80127
80167
80475
80920
81301
81420
81595
81719
82185
82259
82261
82437
82449
82575
82719
83034
83036
83121
83156
83571
83573
83831
84379
84381
84528
84709
84711
84762
84792
84817
84916
85060
85159
85472
85559
85722
85724
85731
85761
85797
85799
85956
85967
86045
86308
86345
86556
86621
86830
87011
87062
87429
87466
87511
87521
87669
87853
87931
87933
88015
88123
88145
88200
88330
88368
88520
88718
88720
88765
89536
89841
89847
89956
89996
89998
90088
90202
90245
90299
90776
90877
90922
90984
90986
91137
91415
91643
91868
91918
92088
92679
92690
92834
93154
93458
93858
93974
94390
94751
94839
94869
94931
95154
95323
95438
95453
95455
95589
95610
96451
96602
97726
97958
98599
98610
99331
99511
99556
99663
99800
100097
100099
100216
100300
100359
100361
100494
100635
100677
100912
100965
101188
101627
101672
101695
101872
101874
101876
102131
102394
102720
102833
102927
103361
103363
103365
103483
103718
103743
103802
103804
103809
103902
103932
104035
104266
104323
104570
104966
105362
105408
106021
106045
106112
106474
106476
107069
107132
107152
107572
107664
107758
107800
107922
108773
108997
108999
109635
109827
109922
110003
110060
110077
110079
110081
110119
110168
110325
110340
111189
111470
111749
112103
112283
112285
112561
112848
113059
113185
113215
113427
113508
113654
113697
114051
114053
114068
114209
114362
114646
114739
114959
115011
115092
115121
115273
115315
115791
115875
116040
116135
116156
116289
116315
116364
116366
116950
116987
117068
117226
117254
117452
117849
117931
118077
118135
118299
118371
118436
118438
118440
118618
118620
118998
119180
119459
119565
119586
119756
119769
119856
119885
119957
120056
120077
120326
120334
120336
120506
120624
120674
120818
121627
121640
122037
122554
122556
122850
123366
123435
123593
123726
123860
124234
124278
124287
124749
125503
125561
125630
125632
126164
126202
126204
126245
126324
126335
126698
126790
126886
127144
127210
127479
127942
127959
127991
127993
128044
128323
128357
128418
128463
128468
128759
128797
128873
129098
129110
129274
129390
129600
129660
129671
130206
130311
130344
130923
131207
131289
131291
131325
131621
131642
131828
132249
132251
132288
132596
132702
132774
132902
133067
133125
133514
133596
133598
133963
134035
134074
134229
134231
134489
134783
135586
135639
135641
135643
135709
135740
135923
136118
136427
136527
136529
136570
136652
136762
136972
137134
137142
137240
137626
137669
137693
137702
137966
138349
138624
138778
Number of cuts: 770

Gollum
207
461
1057
1348
1462
1474
1636
1820
2150
2302
2360
2378
2713
2936
2975
3002
3375
3720
3834
4561
4581
4608
4746
4776
5296
5301
5654
5762
6053
6432
6479
6584
6673
6797
6860
7043
7389
8052
8064
8360
8376
8383
8925
9029
9186
9193
9309
9793
10413
11101
11120
11419
11569
11852
11861
11940
12027
12074
12100
12155
12413
12694
12968
12997
13120
13711
13882
14143
14197
14836
15438
15449
15765
16776
16984
17210
17498
17720
17745
18126
18369
18560
18859
19250
19346
19352
20057
20402
20463
20675
21580
22286
22944
23346
23610
23876
23902
24288
25251
25414
25422
25903
25972
26339
28609
29093
29117
29381
29486
30052
30430
31545
31624
32109
32752
32925
33728
33734
34474
35047
35335
35534
35558
35695
36699
36719
36785
37868
37994
38391
39951
40727
42689
43195
46144
46156
46158
Number of cuts: 137

Grayson
222
877
1136
2272
2511
4153
4213
4479
4965
5155
5193
6236
11531
12858
13492
14266
14695
15880
18054
18857
19228
20379
21768
24572
24642
26787
26929
27268
28086
28797
30576
31284
32543
33764
39905
40518
41073
41469
44227
44553
44782
44841
45432
45921
48329
50345
53053
55491
61030
64026
64076
64632
68816
72657
72961
74285
75217
75552
77928
79439
79504
79813
80176
81188
82277
82743
83644
86320
88480
89847
91181
91662
93998
95512
96367
96764
97276
98853
98978
100720
100746
101250
102033
102624
102877
103791
104623
105217
107429
107843
107869
113412
113799
120001
122707
123097
123998
124512
127074
127079
127368
127702
128902
129123
129778
130037
131173
131412
Number of cuts: 108

Harlequin
207
461
1057
1348
1462
1474
1636
2150
2302
2360
2378
2713
2936
2975
3002
3375
3720
3834
4422
4561
4581
4608
4746
4767
4778
4880
5296
5301
5654
6053
6260
6417
6464
6658
6782
6845
7028
7078
7374
7659
8037
8067
8274
8360
8869
8973
9130
9137
9253
9669
9737
9946
10357
10571
11051
11070
11369
11519
11736
11802
11811
11977
12024
12050
12105
12617
12918
12947
14093
14201
15388
15399
15715
16266
16470
16934
17448
17670
17695
18319
19296
19302
19611
20007
20352
20413
20625
20838
21048
21584
21791
22079
22291
22949
23005
23250
23615
23881
23907
24293
24777
24792
25256
25419
25427
25908
27085
28614
29098
29122
29493
30216
30482
31083
31331
31895
32538
32711
33514
33520
34260
34833
35121
35481
36485
36505
36571
36736
37654
37780
37938
38711
39795
39815
41315
42537
43043
45992
46004
46006
Number of cuts: 140

Hiro
207
461
1057
1348
1462
1474
1636
1820
2150
2302
2360
2378
2713
2936
2975
3002
3375
3834
4197
4393
4561
4581
4746
4776
5296
5301
5654
5912
6053
6417
6464
6782
6845
7028
7374
7659
8037
8274
8360
8869
8973
9130
9137
9253
10357
11064
11363
11513
11730
11796
11805
11971
12018
12044
12099
12561
12594
12725
12971
14138
14399
14507
14669
14864
15092
15365
15386
15455
15694
15705
17032
17240
17754
17976
18001
18625
18816
19136
19602
19608
20313
20401
20549
20658
20719
20733
21144
21354
21490
21836
22043
22331
22472
22511
23258
23502
24136
24162
24548
25032
25047
25511
25674
25682
26163
27340
28869
29353
29377
29748
30314
30692
31559
31807
32371
33014
33187
33990
33996
34736
35309
35597
35957
36961
36981
37047
37212
38130
38256
39187
40269
41045
41786
43008
43514
46463
46475
46477
Number of cuts: 138

Jace
326
376
431
463
524
584
641
667
694
735
784
796
823
874
969
1016
1050
1212
1228
1419
1572
1597
1686
1873
1929
2073
2219
2224
2253
2308
2484
2752
2781
2848
2902
2924
2995
3067
3085
3106
3171
3205
3236
3258
3291
3409
3414
3650
3668
3733
3784
3821
3836
3891
3900
3977
3989
4032
4040
4070
4119
4241
4481
4554
4563
4620
4626
4647
4681
4695
4701
4724
4755
5085
5123
5239
5272
5299
5319
5602
5901
5908
5926
5986
6009
6080
6133
6255
6283
6342
6384
6717
6728
6750
6794
6809
6821
6941
6967
6991
7031
7063
7125
7167
7245
7306
7335
7493
7559
7582
7651
7812
7821
7860
7897
7939
7957
7964
7989
8018
8057
8062
8108
8207
8258
8270
8280
8286
8357
8422
8447
8599
8608
8656
8690
8716
8725
8764
8852
8934
8944
8993
9002
9092
9103
9166
9211
9263
9468
9632
9706
9720
9784
9853
9943
9989
10051
10099
10138
10150
10189
10198
10315
10357
10561
10610
10756
10942
10975
10987
11008
11098
11135
11185
11218
11284
11329
11371
11402
11507
11512
11527
11542
11725
11749
11800
11909
11935
11956
11977
12043
12091
12106
12112
12191
12202
12226
12249
12268
12277
12368
12460
12655
12752
12812
12871
12896
12989
13075
13122
13162
13201
13466
13553
13579
13616
13648
13686
13759
13784
14102
14171
14377
14576
14591
14596
14606
14830
14977
15013
15078
15162
15609
15710
15720
15879
15952
15987
16123
16228
16236
16354
16371
16398
16419
16437
16542
16557
16615
16669
16702
16779
16842
16977
17148
17181
17257
17378
17388
17411
17448
17483
17576
17581
17662
17834
17883
17952
18086
18135
18146
18164
18438
18452
18521
18671
18989
19050
19130
19271
19306
19566
19672
19719
19740
19775
19923
20019
20153
20234
20292
20321
20363
20392
20409
20418
20469
20809
20824
20860
20929
21046
21121
21163
21412
21436
21470
21517
21539
21579
21614
21620
21626
21749
21866
21961
22140
22424
22546
22554
22568
22591
22661
22757
22823
22896
22961
23140
23150
23195
23212
23221
23243
23338
23348
23437
23482
23554
23695
23953
24196
24384
24394
24413
24445
24558
24584
24807
24989
25049
25287
25349
25425
25556
25622
25721
25727
25872
25881
26043
26090
26183
26220
26312
26362
26394
26434
26451
26536
26550
26655
26689
26953
26970
27007
27096
27108
27115
27129
27210
27239
27312
27467
27472
27524
27538
27587
27596
27645
27665
27780
27796
27826
27892
28152
28213
28307
28341
28418
28562
28855
28870
28876
29018
29122
29130
29170
29242
29269
29308
29358
29445
29576
29730
29742
29754
29918
30065
30262
30274
30304
30414
30460
30475
30493
30502
30516
30605
30616
30650
30917
30934
30959
30970
31046
31144
31153
31181
31493
31524
31551
31566
31586
31596
31626
31691
31759
32055
32188
32265
32286
32332
32352
32457
32478
32492
32499
32634
32687
32814
32864
32869
32891
32910
32922
32955
33067
33078
33117
33122
33147
33300
33310
33399
33454
33502
33604
33666
33679
33705
33714
33726
33814
33841
33924
33949
34130
34174
34197
34289
34428
34596
34721
34768
34818
34912
34923
35037
35049
35058
35225
35292
35401
35407
35470
35614
35653
35683
35692
35799
35827
35906
35968
36007
36106
36186
36237
36264
36269
36329
36358
36372
36389
36429
36459
36472
36575
36612
36633
36660
36704
36900
36958
37051
37096
37110
37311
37322
37349
37428
37654
37822
37853
37864
37910
37930
37958
38096
38249
38261
38303
38323
38341
38484
38533
38538
38591
38649
38678
38688
38759
38793
38838
38891
38949
39057
39134
39211
39288
39334
39424
39549
39722
39896
40031
40078
40285
40340
40352
40376
40448
40462
40507
40695
40755
40891
40918
41060
41081
41233
41242
41279
41306
41360
41437
41483
41528
41556
41613
41643
41852
41862
41921
41945
42029
42149
42161
42173
42281
42313
42434
42445
42542
42601
42631
42660
42683
42706
42821
42832
42893
42928
42967
42982
42993
43049
43063
43072
43132
43166
43181
43329
43475
43480
43494
43507
43522
43615
43685
43728
43737
43772
43985
44098
44110
44152
44236
44245
44251
44295
44311
44329
44378
44489
44526
44596
44649
44660
44932
44961
45068
45152
45231
45351
45372
45457
45565
45598
45851
45862
45869
45874
45886
45944
45966
45971
46068
46175
46333
46340
46378
46460
46575
46624
46751
46873
46930
47232
47635
47808
47849
47921
47967
47982
47990
48185
48317
48371
48518
48566
48608
48811
48871
48971
49102
49302
49323
49360
49473
49481
49548
49599
49648
49702
49751
50018
50054
50074
50095
50175
50214
50345
50401
50430
50457
50502
50525
50592
50618
50720
50756
50781
50837
50910
50994
51080
51676
51691
51743
51820
51850
51892
51925
52000
52009
52033
52074
52402
52422
52480
52485
52490
52553
52604
52688
52712
52727
52754
52784
52826
52898
52940
52973
52993
53112
53127
53197
53228
53237
53266
53334
53491
53617
53868
Number of cuts: 774

Jester
207
461
1057
1348
1462
1474
1636
2150
2302
2360
2378
2713
2936
2975
3002
3375
3720
3834
4422
4561
4581
4608
4746
4767
4778
4880
5296
5301
5654
6053
6260
6417
6464
6658
6782
6845
7028
7078
7374
7659
8037
8067
8274
8360
8869
8973
9130
9137
9253
9669
10357
10571
11045
11064
11363
11513
11796
11805
11971
12018
12044
12099
12912
13826
14087
14195
14261
14552
14780
15053
15074
15143
15382
15393
16720
16928
17137
17139
17442
17664
17689
18313
18504
19290
19296
19605
20001
20346
20407
20619
20832
21042
21524
21731
22010
22222
22880
22936
23181
23546
23812
23838
24224
24708
24723
25187
25350
25358
25839
27016
28545
29029
29053
29424
30147
30413
31014
31262
31826
32469
32642
33445
33451
34191
34764
35052
35412
36416
36436
36502
36667
37585
37711
37869
38642
39726
39746
41246
42468
42974
45923
45935
45937
Number of cuts: 143

Krishelle
207
461
1057
1348
1462
1474
1636
1820
2150
2302
2360
2378
2713
2936
2975
3002
3375
3720
3834
4561
4581
4608
4746
4776
5296
5301
5654
5762
6053
6432
6479
6584
6673
6797
6860
7043
7389
7674
8052
8289
8375
8884
8988
9145
9152
9268
10372
11079
11378
11528
11745
11811
11820
11986
12033
12059
12114
12576
12609
12740
12986
14153
14414
14522
14684
14879
15107
15380
15401
15470
15709
15720
17047
17255
17769
17991
18640
18831
19617
19623
20328
20416
20564
20673
20734
20748
20946
21159
21369
21505
21887
22094
22382
22523
22562
23309
23553
24188
24214
24572
25056
25071
25535
25698
25706
26256
26567
26826
26981
27055
28314
28972
29480
29743
29848
30414
30792
31659
31907
31986
32471
33114
33287
33638
34090
34096
34836
35409
35697
35896
36057
37070
37090
37156
38239
38365
40378
43116
43622
46567
46569
Number of cuts: 141

Lillie
207
461
1057
1348
1462
1474
1636
1820
2150
2302
2360
2378
3002
3375
3834
4561
4581
4608
4746
4776
5296
5301
5654
5762
6053
6432
6479
6584
6797
6860
7043
7389
8052
8064
8360
8376
8383
8925
9029
9186
9193
9309
9793
10413
11101
11120
11419
11569
11852
11861
12027
12074
12100
12155
12413
12694
12968
12997
13120
13711
13882
14143
14197
14836
14848
15438
15449
15765
15882
16776
16984
17210
17498
17720
17745
18126
18369
18560
18859
18880
19250
19346
19352
20057
20402
20463
20675
21580
22286
22944
23245
23346
23610
23876
23902
24288
24787
25251
25414
25422
25650
25972
26339
28609
29093
29117
29488
30054
30432
31299
31547
31626
32111
32754
32927
33278
33730
33736
34476
35049
35337
35536
35697
36701
36721
36787
37870
37996
40009
40785
42747
43253
46202
46214
46216
Number of cuts: 135

Mahdia
46
59
180
182
215
464
488
497
730
809
874
913
954
963
965
1045
1120
1168
1285
1318
1399
1607
1840
1874
1978
2014
2165
2167
2386
2455
2470
2678
2806
2829
2930
2944
2946
2998
3247
3284
3802
3918
3920
3948
4041
4125
4155
4296
4314
4438
4440
4615
4741
4868
5131
5143
5338
5362
5416
5578
5608
5615
5623
5674
5708
5710
5952
6033
6149
6261
6291
6479
6557
6596
6611
6731
6791
6878
6927
7005
7028
7062
7067
7300
7388
7435
7441
7466
7563
7571
7690
7714
7768
7783
7924
7939
8032
8076
8078
8086
8188
8205
8251
8302
8312
8353
8533
8613
8615
8768
8847
8903
8961
8985
9179
9181
9195
9449
9495
9678
9680
9688
9690
9745
9898
9961
10040
10098
10168
10246
10255
10270
10282
10333
10384
10397
10402
10513
10603
10630
10643
10753
10774
10795
10817
10900
10939
10941
10943
10984
11200
11251
11278
11323
11662
11785
11797
11845
12031
12287
12320
12340
12523
12661
12824
12826
13156
13201
13309
13318
13390
13468
13582
13624
13669
13685
13687
13822
14144
14176
14234
14257
14774
14888
14957
15166
15173
15322
15324
15340
15397
15784
15907
15928
15949
16154
16192
16202
16553
16839
16906
16921
17050
17052
17124
17126
17128
17130
17140
17220
17347
17379
17409
17459
17893
17946
17979
18084
18086
18088
18352
18354
18510
18543
18545
18672
18745
18747
18759
18780
18795
18822
18846
18903
18962
19172
19174
19235
19295
19346
19429
19460
19462
19496
19549
19551
19579
19671
19917
19987
20028
20233
20316
20456
20631
20769
20848
20913
21000
21002
21004
21039
21111
21503
21566
21605
21654
21659
21923
21977
22172
22225
22262
22289
22362
22536
22554
22718
22725
22908
22959
23061
23073
23095
23193
23322
23480
23645
23662
23738
24152
24173
24175
24293
24328
24340
24409
24411
24615
24647
24772
24839
24853
24926
25029
25063
25097
25212
25235
25256
25414
25416
25712
25714
25762
25914
25994
25996
26023
26073
26188
26190
26225
26391
26457
26467
26700
26772
26875
26911
26988
27130
27165
27167
27219
27358
27552
27576
27640
27726
27831
27833
27892
27894
27979
28071
28172
28315
28395
28405
28480
28494
28516
28521
28660
28780
28894
28917
28935
28937
28939
29217
29227
29262
29335
29416
29500
29779
29986
29988
30105
30357
30469
30793
30801
30823
30967
30969
31258
31371
31416
31460
31556
31607
31736
31778
32062
32120
32141
32162
32167
32359
32392
32415
32610
32634
32908
32910
33034
33090
33092
33160
33477
33556
33603
33626
33724
33736
33801
33862
34151
34153
34234
34263
34302
34357
34387
34457
34527
34798
34878
34915
34930
35044
35120
35220
35345
35347
35450
35668
35693
36359
36377
36396
36449
36460
36514
36516
36545
36547
36676
36757
36865
36867
36869
36916
36943
37310
37325
37507
37547
37592
37959
38085
38181
38186
38318
38320
38465
38497
38499
38553
38727
38751
38802
38804
38857
38926
38946
38998
39098
39177
39326
39376
39427
39448
39836
39879
39891
39910
39934
39952
39984
39990
40016
40150
40152
40307
40505
40573
40628
40739
40741
40756
40784
41010
41059
41296
41416
41474
41497
41683
42150
42239
42241
42243
42278
42280
Number of cuts: 508

Naiad
207
461
1057
1348
1462
1474
1636
1820
2150
2302
2360
2378
2713
2936
2975
3002
3375
3720
3834
4561
4581
4608
4746
4776
5296
5301
5654
5762
6053
6432
6479
6584
6673
6797
6860
7043
7389
8052
8064
8360
8376
8383
8925
9029
9186
9193
9309
9793
10413
11101
11120
11419
11569
11852
11861
11940
12027
12074
12100
12155
12413
12694
12968
12997
13120
13711
13882
14143
14197
14836
14848
15438
15449
15765
16776
16984
17210
17498
17720
17745
18126
18369
18560
18880
19346
19352
20057
20402
20463
20675
21580
22222
22250
22583
22957
23258
23359
23623
23889
23915
24301
24800
25264
25427
25435
25916
25985
26352
26710
28622
29106
29130
29501
30067
30445
31312
31560
31639
32124
32767
32940
33291
33743
33749
34489
35062
35350
35549
35710
36723
36743
36809
37892
38018
40031
42769
43275
46224
46236
46238
Number of cuts: 140

Nancinator
207
461
1057
1348
1462
1474
1636
1820
2150
2302
2360
2378
2713
2936
2975
3002
3375
3720
3834
4561
4581
4608
4746
4776
5296
5301
5654
5762
6053
6432
6479
6584
6673
6797
6860
7043
7389
8052
8064
8360
8376
8383
8925
9029
9186
9193
9309
9793
10413
11101
11120
11419
11569
11852
11861
12027
12074
12100
12155
12413
12694
12968
12997
13120
13711
13882
14143
14197
14836
14848
15438
15449
15765
16776
16984
17210
17498
17720
17745
18126
18369
18560
18859
18880
19250
19346
19352
20057
20402
20463
20675
21580
22286
22944
23245
23346
23610
23876
23902
24289
24788
25252
25415
25423
25651
25973
26340
28610
29094
29118
29382
29487
29886
30365
30905
31480
31559
32044
32687
32860
33663
33669
34418
34991
35279
35478
35502
35639
36643
36663
36729
37812
37938
38335
40124
42086
42592
45541
45553
45555
Number of cuts: 140

Natosaleda
207
461
1057
1348
1462
1474
1636
1820
2150
2302
2360
2378
2936
2975
3002
3375
3720
3834
4561
4581
4608
4746
4776
5296
5301
5654
5762
6053
6432
6479
6584
6673
6797
6860
7043
7389
8052
8064
8360
8376
8383
8925
9029
9186
9193
9309
9793
10413
11101
11120
11419
11569
11852
11861
12027
12074
12100
12155
12413
12694
12968
12997
13120
13711
13882
14143
14197
14836
14848
15438
15449
15765
16776
16984
17210
17498
17720
17745
18126
18369
18560
18859
18880
19250
19346
19352
20057
20402
20463
20675
21580
22286
22944
23245
23346
23610
23876
23902
24288
24787
25251
25414
25422
25650
25972
26339
28609
29093
29117
29381
29486
29885
30364
30904
31479
31558
32043
32686
32859
33662
33668
34417
34990
35278
35477
35501
35638
36642
36662
36728
37811
37937
38334
39947
42687
43193
45741
46134
46146
46148
Number of cuts: 140

Partridge
207
271
331
481
1050
1341
1455
1467
1590
1615
1626
2209
2361
2419
2437
2525
2995
3061
3434
3779
4620
4640
4667
4805
4835
4939
5355
5360
5713
6112
6319
6476
6523
6717
6841
6904
7087
7137
7433
7718
8096
8419
8952
9056
9213
9220
9336
9820
10440
10654
11134
11153
11452
11602
11819
11885
11894
11904
12060
12107
12133
12188
12700
13001
13093
13915
14176
14284
14641
15368
15471
15482
16349
16809
17049
17753
17778
18402
18593
18913
19208
19379
19385
20090
20282
20326
20435
20510
20708
20921
21092
21131
21267
21613
21820
22255
22283
22616
22990
23392
23656
23923
23949
24335
24819
24834
25298
25461
25469
26055
26366
26394
26625
26780
28113
28771
29279
29543
29648
30020
31459
31707
32271
32914
33084
33771
34774
35347
35635
35995
36088
36999
37019
37085
38169
38295
39226
40310
40698
42586
42619
42859
42870
43738
45455
46570
46572
46582
46584
Number of cuts: 149

Pepy6
761
1171
1379
2602
2980
3465
4185
4611
5594
5787
5872
6534
6692
7055
8242
8336
10236
10251
11303
11636
12163
12806
13064
14255
15072
15347
15533
15731
15803
15923
16312
16327
16449
16816
17115
17982
18840
19496
19513
19666
19730
20123
20473
22388
22989
23105
23236
23298
23490
23492
23756
23774
23787
23977
24573
24740
25094
25348
25619
25637
25805
28529
28762
29101
29941
29979
30572
30876
30953
31775
31872
32496
32864
32957
33197
33707
33821
34243
34470
34756
35168
36533
36779
37211
37552
37717
37825
38231
38607
39034
39125
39512
39518
39595
40072
40114
40604
40739
41026
41078
41188
41357
42660
42837
43019
43101
43264
43680
43710
43862
43955
44153
44253
44274
44790
45038
45725
46020
46348
46502
46914
47418
47595
47629
47842
48129
48348
48350
48935
48956
49184
49352
49511
49789
49825
50139
50383
50423
51202
51521
51687
51960
51993
52094
52334
52486
52569
52616
53183
53514
53578
53617
54012
54280
55347
55401
55403
55410
55435
55573
55668
55820
56293
56699
57525
57662
57917
58398
58472
58858
59826
60555
60710
61637
61729
61956
62125
62475
62869
63351
64296
64753
64954
66026
66087
68213
68482
69116
69634
70109
70963
71216
71598
72997
73339
73753
74665
74939
Number of cuts: 198

Peregrin
902
930
952
1161
1830
2301
2667
2835
3165
4008
5021
6074
7569
10845
10885
12172
13598
15238
17647
18409
19580
20935
22897
24146
24216
24688
26364
26506
26782
27600
28311
32546
36018
36234
38686
39298
39853
43333
43562
43621
44212
46408
49128
51210
54048
54274
62393
65410
66862
70096
70476
71067
74262
74933
75044
75341
75419
75553
76251
77182
79101
80707
81718
82634
83537
84004
84017
86239
87913
89281
90082
90612
91093
92039
93430
94132
94779
95400
95797
95843
96306
97009
97299
97424
98085
98258
98493
98933
99062
99310
99951
101113
101139
101577
101637
103026
103279
105027
105851
106306
106321
107587
107702
108142
109066
111026
112527
113795
113842
117956
122485
123294
124279
124764
125264
125844
126885
127468
127506
127549
127570
127792
128111
128116
128404
128446
130070
130971
130999
131021
131230
131899
132370
132736
132904
Number of cuts: 135

Phrankenstein
207
461
1057
1348
1462
1474
1636
1820
2150
2302
2360
2378
2713
2936
2975
3002
3375
3720
3834
4561
4581
4608
4746
4776
5296
5301
5654
5762
6053
6432
6479
6584
6673
6797
6860
7043
7389
8052
8064
8360
8376
8383
8925
9029
9186
9193
9309
9793
10413
11101
11120
11419
11569
11852
11861
12027
12074
12100
12155
12413
12694
12968
12997
13120
13711
13882
14143
14197
14836
14848
15438
15449
15765
15882
16776
16984
17210
17498
17720
17745
18126
18369
18560
18859
18880
19250
19346
19352
20057
20402
20463
20675
21526
22232
22890
23191
23292
23556
23822
23848
24234
24733
25197
25360
25368
25596
25918
26285
28555
29039
29063
29329
29434
30000
30378
30918
31493
32057
32700
32873
33224
33676
33682
34422
34995
35283
35482
35643
36647
36667
36733
37816
37942
39955
40731
42693
43199
46148
46160
46162
Number of cuts: 140

Pine5
181
183
193
264
276
305
366
379
417
452
478
480
559
561
606
640
706
753
844
906
930
946
1008
1057
1119
1167
1251
1263
1407
1453
1459
1542
1590
2115
2117
2155
2206
2327
2338
2381
2501
2516
2539
2545
2852
2913
3125
3221
3292
3329
3376
3388
3490
3502
3616
3628
3637
3658
3700
3717
3805
4109
4161
4231
4233
4364
4373
4529
4541
4645
4756
4902
4956
4977
4999
5001
5022
5070
5076
5130
5427
5436
5438
5477
5502
5670
5689
5743
5766
5907
5980
6108
6237
6239
6315
6498
6569
6596
6687
6779
6803
6861
6896
6951
7022
7076
7078
7244
7271
7358
7379
7460
7488
7535
7553
7604
7635
7662
7802
7911
7937
8015
8030
8093
8120
8129
8154
8156
8190
8204
8250
8498
8552
8796
8976
9029
9073
9075
9122
9134
9240
9399
9483
9518
9753
9995
10007
10022
10060
10062
10070
10094
10191
10261
10545
10607
10616
10652
10666
10677
10679
10700
10737
10750
10781
10824
10897
10914
11020
11199
11275
11302
11330
11332
11374
11640
11665
11720
11755
11768
11826
11876
11917
11927
11929
12086
12202
12245
12262
12359
12361
12369
12406
12463
12517
12563
12565
12680
12856
12862
12933
12962
12964
13211
13349
13355
13454
13472
13512
13529
13595
13676
13838
13865
13960
14046
14119
14154
14205
14223
14241
14302
14511
14638
14705
14748
14771
14828
15020
15168
15279
15402
15414
15624
15631
15638
15640
15711
15769
15855
15913
15948
16098
16215
16290
16302
16353
16365
16456
16661
16790
16803
16818
16820
16886
16919
17027
17102
17171
17173
17175
17243
17307
17330
17351
17387
17414
17486
17509
17642
17690
17814
17823
17954
17963
17978
18260
18314
18320
18345
18387
18434
18486
18548
18608
18620
18702
18819
19044
19052
19092
19094
19096
19209
19217
19242
19262
19497
19499
19557
19574
19681
19691
19712
19823
19934
19966
19985
20116
20190
20217
20229
20503
20505
20523
20556
20866
20923
20953
20977
21127
21139
21202
21256
21331
21340
21367
21388
21541
21568
21598
21619
21667
21962
22024
22072
22099
22180
22228
22279
22291
22312
22390
22411
22474
22561
22639
22831
22843
23044
23242
23311
23368
23387
23471
23473
23497
23504
23519
23596
23665
23833
23891
24010
24250
24433
24463
24602
24628
24640
24670
24796
24892
24931
24946
24983
24985
24997
25017
25027
25069
25090
25162
25244
25277
25309
25360
25372
25399
25459
25468
25480
25492
25516
25537
25564
25600
25847
25906
25924
26055
26061
26148
26219
26311
26313
26397
26477
26503
26559
26745
26799
26832
26965
27024
27200
27236
27261
27314
27435
27452
27463
27465
27476
27478
27578
27728
27885
27906
27913
27944
27971
28061
28227
28277
28619
29099
29168
29219
29412
29520
29561
29579
29679
29681
29756
29762
29816
29818
29833
29846
29951
30010
30134
30217
30457
30746
30818
30835
30856
30925
30973
30991
31018
31053
31071
31096
31155
31266
31268
31305
31329
31619
31641
31739
31844
31894
31896
31898
31985
31987
32196
32215
32253
32435
32504
32572
32663
32681
32698
32700
32803
32975
32986
33050
33089
33200
33225
33236
33295
33445
33512
33553
33793
33823
34110
34324
34357
34384
34621
34655
34668
34755
34761
34851
34941
35007
35022
35255
35295
35304
35373
35385
35588
35662
35664
35694
35747
35809
36076
36215
36250
36374
36407
36566
36675
36767
36871
36915
37262
37285
37381
37394
37501
37503
37591
37634
37643
37848
38003
38018
38046
38048
38058
38132
38225
38233
38235
38264
38285
38420
38450
38495
38537
38549
38560
38666
38780
38839
38945
39044
39161
39224
39254
39256
39286
39305
39581
39734
39824
40079
40219
40221
40228
40244
40469
40478
40526
40604
40682
40711
40713
40771
40820
40858
40922
41042
41127
41234
41255
41405
41407
41414
41513
41543
41561
41563
41635
41637
41656
41689
41847
41887
41914
41937
42100
42160
42298
42429
42504
42563
42660
42662
42684
42686
42759
42780
42832
42834
42906
42941
42943
43002
43008
43038
43075
43175
43241
43243
43245
43265
43325
43365
43410
43634
43706
43731
43857
44007
44195
44248
44357
44448
44465
44484
44486
44515
44541
44613
44676
44766
45099
45101
45179
45251
45265
45350
45371
45425
45453
45503
45505
45592
45627
45676
45726
45808
46051
46110
46212
46246
46267
46323
46578
46620
46741
46747
46749
46957
46959
47018
47020
47038
47040
47042
47103
47129
47223
47253
47376
47404
47817
47892
47920
47922
47933
48018
48116
48214
48313
48461
48527
48539
48731
48762
49248
49356
49418
49662
50017
50044
50086
50166
50231
50245
50350
50368
50395
50443
50479
50552
50554
50713
50730
50749
50783
50948
50957
50978
51055
51162
51179
51349
51462
51557
51598
51661
51663
51744
51770
51879
51888
51946
51948
51961
51980
51982
52042
52044
52091
52303
52318
52324
52487
52523
52572
52574
52732
52989
53208
53226
53513
53515
53743
53749
53857
53914
54004
54216
54312
54333
54354
54406
54417
54639
54655
54774
54804
54819
54933
55012
55044
55103
55209
55251
55307
55414
55429
55620
55654
55774
55879
56210
56222
56273
56275
56321
56445
56566
56694
56746
56997
56999
57089
57264
57276
57278
57300
57309
57411
57413
57633
57714
57834
57846
57885
58142
58144
58251
58370
58488
58531
58541
58956
Number of cuts: 834

Poco6
568
769
793
1183
1312
2539
3005
3319
3356
4170
4849
5553
5712
6113
7227
7326
7401
7562
9645
10035
10740
11493
11673
11767
12251
12964
14718
15051
15413
16483
17732
17747
18107
18293
18563
18683
19364
19919
20830
21194
21199
21302
21368
22495
22854
23070
23426
23812
24176
24477
25005
25249
25267
25454
25503
25505
25769
25778
25990
26171
26502
26753
27107
27361
27650
27818
29555
30009
30550
30781
31998
33320
33897
34817
35673
35732
36704
36778
37190
37571
38553
39152
39154
39233
39694
40629
40770
41629
41987
42115
42117
42430
42501
42543
43159
43989
44672
44807
45337
45352
45506
45562
45686
45779
46747
47119
47246
47318
48020
48332
48709
48733
49411
50088
50450
50471
50696
50816
51298
51337
51651
51715
51817
51886
51938
52159
52807
53030
53469
53603
53843
53994
54077
54124
54691
55125
55175
55788
56276
56537
56855
56909
56911
56918
57081
57328
57554
58419
59121
59724
59966
60066
60278
60540
60586
60713
60916
61911
62186
62206
62370
62861
63045
63482
65069
65355
65698
65700
67235
67539
68297
69071
69073
69158
69686
69736
72174
72629
72861
74259
74539
74601
Number of cuts: 182

Rasputin
207
461
1057
1348
1462
1474
1636
1820
2150
2302
2360
2378
2713
2936
2975
3002
3375
3720
3834
4393
4453
4561
4581
4746
4776
5296
5301
5654
5912
6053
6417
6464
6782
6845
7028
7374
7659
8037
8067
8275
8361
8832
8894
8998
9155
9162
9278
9694
9762
9795
10382
11388
11538
11821
11830
11996
12043
12069
12124
12636
12937
12966
13851
14112
14220
14577
14928
15407
15418
15734
16285
16489
16953
17467
17689
17714
18338
19315
19321
19630
20026
20371
20432
20644
20857
21095
21549
21756
21852
22044
22256
22914
23316
23580
23847
23873
24259
24743
25222
25385
25393
25874
25943
26310
28580
29088
29459
30025
30403
31270
31518
31597
32082
32725
32898
33249
33701
33707
34447
35020
35308
35507
35668
36672
36692
36758
37841
37967
39980
40756
42718
43224
46173
46185
46187
Number of cuts: 135

RER2
207
461
1057
1348
1462
1474
1636
1820
2150
2302
2360
2378
3002
3375
3834
4561
4581
4608
4746
4776
5296
5301
5654
5762
6053
6432
6479
6584
6797
6860
7043
7389
8052
8064
8360
8376
8383
8925
9029
9186
9193
9309
9793
10413
11101
11120
11419
11569
11852
11861
12027
12074
12100
12155
12413
12694
12968
12997
13120
13711
13882
14143
14197
14836
14848
15438
15449
15765
16776
16984
17016
17498
17720
17745
18126
18369
18560
18859
18880
19250
19346
19352
20057
20463
20675
20888
21126
21580
22286
23000
23245
23346
23610
23876
23902
24288
24772
24787
25251
25414
25422
25936
26882
27080
28767
29117
29488
30054
30432
31299
31547
31626
32111
32754
32927
33278
33730
33736
34476
35049
35337
35536
35697
35790
36701
36721
36787
37870
37996
40009
40785
42747
43253
46202
46214
46216
Number of cuts: 136

RexFury
207
461
1088
1379
1493
1505
1667
1851
2181
2333
2391
2409
2744
2967
3006
3033
3406
3751
3865
4592
4612
4639
4777
4807
5327
5332
5685
5793
6084
6463
6510
6615
6704
6828
6891
7074
7420
8083
8095
8391
8407
8414
8956
9060
9217
9224
9340
9824
10444
11132
11151
11450
11600
11883
11892
12058
12105
12131
12186
12444
12698
12725
12999
13028
13742
13913
14174
14228
14867
14879
15469
15480
15796
16807
17015
17241
17529
17751
17776
18157
18400
18591
18890
18911
19281
19377
19383
20088
20433
20494
20706
21611
22975
23276
23377
23641
23907
23933
24319
25282
25445
25453
25934
26003
26370
28640
29148
29519
30085
30463
31330
31578
32142
32785
32958
33309
33761
33767
34507
35080
35368
35567
35591
35728
36732
36752
36818
37901
38027
38424
42777
43283
46232
46244
46246
Number of cuts: 135

RGL3
164
186
340
745
1160
1446
1458
1514
1525
1624
1637
2149
2362
2380
2468
2715
2742
2751
2808
2817
2904
2977
3004
3377
3836
3899
4121
4187
4424
4563
4583
4610
4760
4966
5303
5312
5321
5356
5999
6291
6375
6449
6472
6480
6565
6577
7033
7138
7380
7464
7545
8042
8060
8072
8171
8350
8357
8754
8805
8818
8825
8891
8962
8995
9026
9071
9152
9255
9911
9918
9971
9994
10587
10596
11071
11448
11471
11510
11544
11755
11827
11836
11896
11913
12002
12017
12052
12075
12130
12169
12336
12575
12606
12703
12955
13042
13053
13452
13483
14301
14550
14604
14994
15006
15264
15399
15493
15613
15659
16049
16466
16940
17180
17214
17599
17623
17707
17936
18466
18943
19030
19460
19493
19535
19646
19736
20147
20267
20282
20414
20789
20846
21160
21185
21679
22021
22066
22319
22330
23244
23309
24028
24360
24386
24546
24839
25010
25307
25742
25764
26055
26280
26596
27009
27532
27563
27851
27890
27898
28865
28879
29288
29423
29569
29579
29628
29655
29990
30290
30419
30877
30940
31102
31368
31642
31969
32108
32115
32217
32678
33400
33573
34324
34713
34950
35854
35893
36000
36272
36293
36413
36492
36537
36686
36950
37017
37071
37335
37616
37696
37716
37782
38505
38639
38840
38879
38906
39119
39163
39423
39462
39849
39952
40764
40833
41289
41414
41723
41849
41868
42950
42985
43394
43742
43912
44226
44505
44861
45810
45860
47336
47661
47672
47674
Number of cuts: 234

Rhodalysa
207
461
1057
1348
1462
1474
1636
1820
2150
2302
2360
2378
3002
3375
3834
4561
4581
4608
4746
4776
5296
5301
5654
5762
6053
6432
6479
6584
6797
6860
7043
7389
8052
8064
8360
8376
8383
8925
9029
9186
9193
9309
9793
10413
11101
11120
11419
11569
11852
11861
12027
12074
12100
12155
12413
12694
12968
12997
13120
13711
13882
14143
14197
14836
14848
15438
15449
15765
15882
16776
16984
17210
17498
17720
17745
18126
18369
18560
18859
18880
19250
19346
19352
20057
20402
20463
20675
20781
21580
22286
22944
23245
23346
23610
23876
23902
24288
24787
25251
25414
25422
25650
25972
26339
28609
29093
29117
29488
30054
30432
31299
31547
31626
32111
32754
32927
33278
33730
33736
34476
35049
35337
35536
35697
36701
36721
36787
37870
37996
40009
40785
42747
43253
46202
46214
46216
Number of cuts: 136

StCroix
207
461
1057
1348
1462
1474
1636
1820
2150
2302
2360
2378
2713
2936
2975
3002
3375
3720
3834
4561
4581
4608
4746
4776
5296
5301
5654
5762
6053
6432
6479
6584
6673
6797
6860
7043
7389
8052
8064
8360
8376
8383
8925
9029
9186
9193
9309
9793
10413
11101
11120
11419
11569
11852
11861
11940
12027
12074
12100
12155
12413
12694
12968
12997
13120
13711
13882
14143
14197
14836
14848
15438
15449
15765
16776
16984
17210
17498
17720
17745
18126
18369
18560
18880
19346
19352
20057
20402
20463
20675
21580
22222
22250
22583
22957
23258
23359
23623
23889
23915
24301
24800
25264
25427
25435
25916
25985
26352
26710
28622
29106
29130
29501
30067
30445
31312
31560
31639
32124
32767
32940
33291
33743
33749
34489
35062
35350
35549
35710
36723
36743
36809
37892
38018
40031
42769
43275
46224
46236
46238
Number of cuts: 140

Swann
207
461
1057
1348
1462
1474
1636
1820
2150
2302
2360
2378
2713
2936
2975
3002
3375
3834
4561
4581
4608
4746
4776
5296
5301
5654
5762
6053
6432
6479
6584
6797
6860
7043
7389
8052
8064
8360
8376
8383
8925
9029
9186
9193
9309
9793
10413
11101
11120
11419
11569
11852
11861
12027
12074
12100
12155
12413
12694
12968
12997
13120
13711
13882
14143
14197
14836
14848
15438
15449
15765
15882
16776
16984
17210
17498
17720
17745
18126
18369
18560
18859
18880
19346
19352
20057
20402
20463
20675
21580
22286
22944
23245
23346
23610
23876
23902
24288
24787
25251
25414
25422
25903
25972
26339
28609
29093
29117
29381
29486
30052
30430
31297
31545
31624
32109
32752
32925
33276
33728
33734
34474
35047
35335
35534
35695
35788
36699
36719
36785
37868
37994
40007
40783
42745
43251
46201
46213
46215
Number of cuts: 139

Takoda
207
331
1050
1341
1455
1467
1629
1673
2142
2294
2352
2370
2928
2967
2994
3367
3712
3896
4553
4573
4600
4738
4768
4872
5288
5293
5646
6045
6252
6409
6456
6650
6774
6837
7020
7070
7366
7651
8059
8266
8352
8823
8885
8989
9146
9153
9269
9685
9753
10373
10587
11061
11080
11379
11529
11600
11746
11812
11821
11987
12034
12060
12115
12627
12928
12957
14103
14211
14568
14808
15398
15409
16276
16736
16944
16976
17458
17680
17705
18329
18520
18840
19135
19306
19312
20017
20253
20362
20635
20848
20995
21540
21747
22035
22181
22256
22542
22916
22940
22970
22995
23318
23519
23582
23849
23875
24261
25224
25387
25395
25623
25945
26256
26948
28003
29090
29356
29461
29860
31206
31454
32018
32500
32661
32831
33904
33910
33921
34659
35232
35520
35719
35880
35973
36884
36904
36970
37115
38053
38179
39110
40194
42468
42501
43582
45300
46415
46427
46429
Number of cuts: 149

Trina
584
798
975
1442
1640
1950
2180
2266
2633
3465
4072
4156
4264
4279
5808
6246
6721
8418
8691
9100
9590
9599
9734
9762
10078
10086
10156
10414
10862
11059
11288
11294
12044
12443
12684
12895
13431
13616
14871
14879
15631
16199
16375
18407
18791
18846
18943
18965
19115
19397
19831
23075
23380
24256
24402
25303
25367
26971
27352
27384
29375
30105
30236
31046
31649
32231
32655
33068
34147
35063
35312
35870
36660
36922
37369
37633
37826
38192
38817
39108
39620
40436
41151
41182
41437
43849
44038
45867
46358
47033
47071
47552
48051
48356
48542
50471
51297
51448
51696
53430
54812
54859
54888
55425
55587
56328
56524
56560
56709
57019
57595
57790
59426
60483
61177
62464
63028
64359
64821
65459
65614
65853
66251
66422
67003
67623
67866
68313
68334
69080
69085
69234
69240
69342
69422
69572
70076
70566
70986
71025
71167
71199
71580
72149
72222
72706
73433
74413
75103
75169
75457
75473
75814
76021
76571
77240
77458
77554
77571
78719
78764
78776
78925
79202
80607
81013
83399
83782
85044
85209
85814
86006
86098
86294
86528
87473
87672
88289
88616
89332
89675
90528
90731
90824
92133
93620
94144
94191
94426
94549
95662
96142
96365
96387
97936
97943
98301
99407
100450
100945
100969
101565
102389
102609
103249
103896
104208
105561
105886
107102
107319
108328
109925
110012
110216
110652
112505
112643
113231
113386
113405
113655
113677
114618
115321
116776
117013
118241
118290
118994
119188
119451
121133
121166
121306
121921
122429
122943
123042
123430
123818
123964
124031
124099
125540
127934
127987
128617
128861
129187
129592
129826
129875
130115
130189
130349
130360
130461
130895
130972
131034
131475
132163
132557
133002
133618
134032
134042
134618
134872
134990
135053
135731
136986
137200
137377
137844
138042
138352
138582
138668
139035
Number of cuts: 282

TWAMP
207
461
1057
1348
1462
1474
1636
1820
2150
2302
2360
2378
3002
3375
3834
4561
4581
4608
4746
4776
5296
5301
5654
5762
6053
6432
6479
6584
6797
6860
7043
7389
8052
8064
8360
8376
8383
8925
9029
9186
9193
9309
9793
10413
11101
11120
11419
11569
11852
11861
12027
12074
12100
12155
12413
12694
12968
12997
13120
13711
13882
14143
14197
14836
14848
15438
15449
15765
15882
16776
16984
17210
17498
17720
17745
18126
18369
18560
18859
18880
19250
19346
19352
20057
20402
20463
20675
21580
22286
22944
23245
23346
23610
23876
23902
24288
24787
25251
25414
25422
25650
25972
26339
28609
29093
29117
29488
30054
30432
31299
31547
31626
32111
32754
32927
33278
33730
33736
34476
35049
35337
35536
35697
36701
36721
36787
37870
37996
40009
40785
42747
43253
46202
46214
46216
Number of cuts: 135

UhSalsa
207
461
1057
1348
1462
1474
1636
1820
2150
2302
2360
2378
2713
2936
2975
3002
3375
3720
3834
4561
4581
4608
4746
4776
5296
5301
5654
5762
6053
6432
6479
6584
6673
6797
6860
7043
7389
8052
8064
8360
8376
8383
8925
9029
9186
9193
9309
9793
10413
11101
11120
11419
11569
11852
11861
12027
12074
12100
12155
12413
12694
12968
12997
13120
13711
13882
14143
14197
14836
14848
15438
15449
15765
16776
16984
17210
17498
17720
17745
18126
18369
18560
18859
18880
19250
19346
19352
20057
20402
20463
20675
21580
22286
22944
23245
23346
23610
23876
23902
24289
24788
25252
25415
25423
25651
25973
26340
28610
29094
29118
29382
29487
29886
30365
30905
31480
31559
32044
32687
32860
33663
33669
34418
34991
35279
35478
35502
35639
36643
36663
36729
37812
37938
38335
39948
42688
43194
46143
46155
46157
Number of cuts: 140

Weasels2
1012
2418
3255
3345
3735
3959
4165
6947
7747
8576
9100
9853
10764
11358
12616
14659
16181
18372
21443
21682
24152
24694
26781
27599
28310
33302
37625
38019
38378
40913
41894
41907
42828
42930
43200
43793
44549
45266
49894
50761
56994
60008
61430
61664
63228
63542
65855
67812
68693
72090
73413
76571
77879
80080
82204
84124
85374
86992
91223
92701
92973
94649
95130
97880
100081
100250
101733
102842
103764
107452
107985
109789
110191
110856
113829
114274
114566
116025
117197
118079
118631
120835
123744
126094
126947
127621
129290
129764
130261
132717
134123
134960
Number of cuts: 92

Yogi
207
461
1057
1348
1462
1474
1636
1820
2150
2302
2360
2378
2713
2936
2975
3002
3375
3834
4197
4393
4561
4581
4608
4746
4776
5296
5301
5654
6053
6417
6464
6782
6845
7028
7374
7659
8037
8067
8274
8360
8831
8893
8997
9154
9161
9277
9693
9737
9761
9970
10381
10595
11075
11094
11393
11543
11826
11835
12001
12048
12074
12129
12641
12942
12971
14117
14225
14582
14933
15412
15423
15739
16290
16494
16958
17472
17694
17719
18343
19320
19326
19635
20031
20376
20437
20649
20862
21072
21554
21761
22049
22260
22918
22942
23320
23584
23850
23876
24262
24746
24761
25225
25388
25396
25910
26856
27054
28741
29091
29462
30028
30406
30946
31521
32085
32728
32901
33704
33710
34447
35020
35308
35507
35668
35761
36604
37052
37072
37138
38221
38347
39278
40360
41136
43098
43604
46538
46550
46552
Number of cuts: 139

Yoncess
207
461
1057
1348
1462
1474
1636
2150
2302
2360
2378
2713
2936
2975
3002
3375
3834
4197
4393
4561
4581
4608
4746
4776
5296
5301
5654
5912
6053
6417
6464
6782
6845
7028
7374
7659
8037
8067
8274
8360
8831
8893
8997
9154
9161
9277
9693
9761
9970
10381
10595
11075
11094
11393
11543
11760
11826
11835
12001
12048
12074
12129
12641
12942
12971
14117
14225
14582
15412
15423
15739
16290
16494
16958
17472
17694
17719
18343
19320
19326
19635
20031
20376
20437
20649
20862
21441
21554
21761
22049
22261
22919
22975
23220
23585
23851
23877
24263
24747
24762
25226
25389
25397
25878
27055
28584
29068
29092
29463
30186
31053
31301
31865
32347
32508
32681
33484
33490
33923
33925
34230
34803
35091
35451
36455
36475
36541
36706
37624
37750
38681
39763
40539
41280
42505
43012
45961
45973
45975
Number of cuts: 139

