Alatin
409
692
779
1695
2583
2652
2967
3650
4100
4201
4358
4904
5025
5598
5958
7280
7540
8960
10233
10596
11432
11767
12198
12362
15258
15556
15976
15989
16410
17956
18097
20219
20404
20878
21119
21796
23683
24135
24152
26928
27808
28565
29140
29610
30266
30749
31931
33625
33865
35483
38710
39480
39763
40994
41304
41497
42095
42246
42683
43470
44210
44743
Number of cuts: 62

Alpacados
692
2545
2614
2929
3965
4062
4163
4320
4866
4987
5560
5920
7227
7338
7487
9156
10163
10409
11368
11703
11726
12134
12298
12708
12886
15148
15194
15492
15627
15912
16346
16697
18033
20155
20340
20814
21055
21246
21603
21645
23552
24004
24021
24957
25291
26833
27713
28470
28626
29045
30171
30206
30654
31836
33530
33582
33770
34323
35385
38572
38603
39373
39594
39656
40817
41320
41918
42506
43293
44033
44566
46363
Number of cuts: 72

AngryOrchard
687
2528
2597
2912
3498
3595
4045
4146
4303
4849
4970
5462
5543
5903
7210
7321
7470
9139
10146
10392
10509
11351
11686
12117
12281
12691
12869
13855
14339
15177
15475
16329
16680
17129
17875
18016
20323
20797
20897
21038
21229
21586
22695
23547
24000
24017
26792
27458
27672
28297
28585
29004
29474
30064
30547
31729
33420
33930
35545
38763
39533
39818
41048
41358
41551
42148
42201
42346
42407
42834
42844
43534
44252
44785
45491
Number of cuts: 75

AppleCloud
176
487
574
1402
2292
2361
3809
3910
4067
4613
4734
5307
5667
6974
7085
7234
8879
9886
11085
11420
11443
11851
12126
12589
15223
15521
15656
16375
16726
17921
18062
20369
20843
21084
21275
21632
21674
23055
23086
23430
24156
24963
26803
27683
28308
28519
29094
29561
30479
31661
33589
35210
38428
39195
39416
39478
40223
40711
41214
41812
41963
42400
43187
43927
44460
Number of cuts: 65

Belenaria
409
692
779
1695
2583
2652
2967
3650
4100
4201
4358
4904
5025
5598
5958
7280
7540
8960
10233
10596
11432
11767
12198
12362
15258
15556
15976
15989
16410
17956
18097
20219
20404
20878
21119
23616
24068
24085
25022
26862
27742
28499
29074
29542
30132
30615
31797
33491
33731
35358
38576
39343
39564
39626
40371
40859
41362
41960
42111
42548
43335
44075
44608
Number of cuts: 63

BobbyDazzler
409
692
779
1759
2654
2723
3038
4074
4272
4429
4975
5096
5669
6029
7336
7447
7596
8999
9265
10272
10518
11477
11812
12243
12407
12817
12995
15257
15303
15601
15736
16021
16455
16806
17255
18142
20264
20449
20923
21164
21355
21712
21754
23662
24114
24131
25067
25401
26907
27787
28412
28544
28700
29119
29589
30245
30728
31910
32215
33604
33656
33844
34180
35462
38680
39450
39671
39733
40964
41467
42066
42217
42654
43219
43441
44181
44714
46511
Number of cuts: 78

Bonanza
409
692
779
1695
2583
2652
2967
4003
4201
4358
4904
5025
5598
5958
7265
7376
7525
9194
10201
10447
11406
11741
11764
12172
12336
12924
15186
15232
15530
15665
15950
16384
16735
18071
20193
20378
20852
21093
21284
21641
21683
23590
24042
24059
24995
25329
26835
27715
28472
28628
29047
30173
30208
30656
31838
33532
33584
33772
34325
35387
38954
38985
39755
39976
40038
41269
41772
42370
42958
43745
44485
45018
46802
Number of cuts: 73

Bradshaw
409
692
779
1695
2583
2652
2967
3650
4100
4201
4358
4904
5025
5598
5958
7280
7540
8960
10233
10596
11432
11767
12198
12362
15258
15556
15976
15989
16410
17956
18097
20219
20404
20878
21119
21742
23616
24068
24085
26861
27741
28498
29073
29543
30199
30682
31864
33558
33798
35416
38643
39413
39696
40927
41237
41430
42028
42179
42616
43403
44143
Number of cuts: 61

Bryce
409
692
779
1695
2583
2652
2967
4003
4201
4358
4904
5025
5598
5958
7265
7376
7525
8928
9194
10201
10447
11406
11741
12172
12336
12746
12924
15186
15232
15530
15665
15950
16384
16735
18071
20193
20378
20852
21093
21284
21641
21683
23591
24043
24060
24996
25330
26836
27716
28341
28473
28629
29048
29518
29953
29988
30436
31618
31923
33312
33364
33552
33888
35170
38388
39158
39379
39441
40672
41175
41774
41925
42362
42927
43149
43889
44422
46217
Number of cuts: 78

ChewyVIII
787
893
1898
2216
2231
3801
3882
5004
5600
6108
6955
7579
7765
8099
8634
9957
10082
11618
11624
12930
13906
14042
14053
16007
16521
18146
19748
20015
20165
20556
23463
23751
24189
24249
25476
25871
26121
26151
27461
29275
30053
30895
31213
33930
34818
35250
36039
36087
36145
36454
36720
36733
38589
38787
39474
40258
40293
41637
41827
41919
41997
43215
43816
45244
45935
47126
49569
49668
50201
51251
51296
51436
52456
52601
53222
53587
54765
54797
55240
56085
56179
57196
57591
58725
58847
61779
61799
63240
Number of cuts: 88

CosmicSans
409
692
779
1695
2583
2652
2967
3650
4100
4201
4358
4904
5025
5598
5958
7280
7540
8960
10233
10596
11432
11767
12198
12362
15258
15556
15976
15989
16410
17956
18097
20219
20404
20878
21119
21742
23616
24068
24085
25021
26861
27741
28498
29073
29543
30199
30682
31864
33558
33798
35416
35772
38634
39404
39687
40918
41421
42019
42170
42607
43394
44134
44667
Number of cuts: 63

Dinger
689
1691
2579
3531
3549
4096
4197
4354
4900
5021
5594
5954
7261
7372
7521
9190
10197
10443
10560
11402
11737
11760
12168
12332
12920
13906
14390
15228
15526
16380
16731
17926
18067
20848
21089
21280
21637
23599
24052
24069
25005
26845
27725
28350
28561
29136
29604
30068
30551
31733
33427
33931
35558
38500
38776
39546
39831
41062
41372
41565
42166
42219
42364
42425
42852
43552
44270
44803
45508
Number of cuts: 69

DocB7
738
5444
8220
8731
12559
29014
30053
42335
47987
54744
59053
68679
68715
69094
71115
75647
Number of cuts: 16

E3
122
342
1684
1740
4199
4575
4817
4998
5419
5749
6130
6488
6557
6862
6959
7333
7432
9475
9793
10265
10382
10738
11480
11606
11787
11834
12401
13189
13594
14522
15518
19395
19662
20241
20877
21568
21946
22765
24135
25392
26157
26754
29392
29461
29629
30344
31405
32006
32109
32300
33023
33132
33140
33221
33287
35108
35717
35729
35923
35944
35965
36420
37045
37744
38374
38703
39420
39492
40776
41173
41493
42059
42141
43237
43713
44241
44644
45576
45608
45985
46365
46398
46769
48105
48181
48201
48252
48369
49915
50449
51863
52074
52660
52747
52785
53198
54473
54631
55288
56474
56891
57946
58149
58739
59768
60146
60306
60944
62287
62329
63056
64248
64463
64820
66748
67730
68964
69464
70211
70962
71052
71444
72384
72883
72972
73242
73407
73778
74055
74172
74331
74880
76129
76254
76335
77909
78625
78658
79069
79613
80130
80443
82641
82825
83920
84284
85509
85873
86424
86927
87008
87396
88262
89737
90049
91260
91563
92216
92241
94015
94033
94117
94708
95300
95308
96098
96325
96827
97315
97493
97771
98363
98771
100056
100689
100812
100887
101361
101535
101723
102000
103176
104791
104860
104878
105752
106093
106759
106951
107357
107468
107900
108340
108632
108710
109337
110217
110894
111842
112996
113110
113461
113620
113851
114554
115779
116688
117023
117955
118324
119124
120521
121415
122066
122872
123570
123787
123954
125225
125243
125928
127231
127318
127674
128893
130419
130665
130883
131114
131526
131556
132605
133393
134137
134264
134311
134663
134731
134788
135289
135596
137807
138477
139195
139939
140714
142034
Number of cuts: 247

Erik
409
692
779
1695
2583
2652
2967
3650
4100
4201
4358
4904
5025
5598
5958
7280
7540
8959
10232
10595
11431
11766
12197
12361
15257
15555
15975
15988
16409
17955
18096
20218
20403
20877
21118
23614
24066
24083
25019
26859
27739
28496
29071
29541
30131
30614
31796
33490
33730
35348
38566
39336
39619
40749
41252
41850
42001
42438
43225
43965
44498
Number of cuts: 61

Espica
409
692
779
1695
2583
2652
2967
3650
4100
4201
4358
4904
5025
5598
5958
7280
7540
8960
10233
10596
11432
11767
12198
12362
15258
15556
15976
15989
16410
17956
18097
20219
20404
20878
21119
23616
24068
24085
25022
26862
27742
28499
29074
29542
30132
30615
31797
33491
33731
35358
38576
39343
39564
39626
40371
40859
41362
41960
42111
42548
43335
44075
44608
Number of cuts: 63

Finch
15526
27116
37621
38831
39669
45819
72255
72907
77298
82225
87077
96124
120825
122141
129366
129966
Number of cuts: 16

Gollum
409
692
779
1695
2583
2652
2967
3650
4100
4201
4358
4904
5025
5598
5958
7280
7540
8960
10233
10596
11432
11767
12198
12362
15258
15556
15976
16410
17956
18097
20219
20404
20878
21119
23616
24085
25021
26861
27200
27741
28498
29073
29541
30197
30680
31862
33556
33796
35414
38632
39399
39620
39682
40860
41363
41961
42112
42549
43336
44076
Number of cuts: 60

Grayson
3491
4671
5800
5890
5989
6049
6927
7419
9033
9965
10185
12180
13098
14706
16284
16652
17194
17224
17607
19489
20218
20857
22819
24089
24755
24980
25345
25707
25794
26891
27600
28216
28240
28251
28530
28829
29051
29490
30373
30587
30741
31180
31338
32111
32216
32468
36566
36650
37291
37817
38291
40672
41308
41860
43807
44083
44847
44931
45420
47047
47422
47482
48259
48430
49295
49679
49918
51296
51509
52379
53541
54156
54201
54343
54878
55427
55913
56071
58895
59018
59417
60124
60279
60528
61283
61691
61979
62476
63287
63689
65009
65154
66219
67416
68415
68633
70648
70711
70720
71323
72289
72338
73859
74032
74297
74801
75483
76652
76936
77366
77755
77886
78778
78883
79201
80329
80773
82823
84383
84563
84879
85229
85407
85728
85740
87884
88085
88253
89751
91225
91270
91317
91474
91732
94138
96674
100608
101433
101832
102524
104023
104535
105047
105580
107320
108935
109706
113128
114122
116806
117374
117751
119948
121424
124908
Number of cuts: 155

Harlequin
409
692
779
1695
2583
2652
2967
4100
4201
4358
4904
5025
5598
7265
7376
7525
9170
10177
10423
11382
11717
12148
12312
12722
12900
15162
15208
15506
15641
15926
16360
16711
18047
20169
20354
20828
21069
21260
21671
21713
23621
24073
24090
25026
25360
26866
27746
28371
28503
28659
29078
29548
29983
30018
30466
31648
31953
33342
33394
33582
33918
35200
38418
39188
39473
40219
41210
41809
41960
42397
42962
43184
43924
44457
46253
Number of cuts: 75

Hiro
409
692
779
1695
2583
2652
2967
4003
4201
4358
4904
5025
5598
5958
7265
7376
7525
9170
10177
11376
11711
11734
12142
12417
12880
15514
15812
15947
16666
17017
18212
18353
20660
21134
21375
21566
21923
21965
23346
23377
23721
24328
24345
25281
25615
27121
28001
28758
28914
29333
30459
30942
32124
32429
33818
33870
34058
34394
35676
38863
38894
39664
39885
39947
41178
41681
42280
42431
42868
43433
43655
44395
44928
46724
Number of cuts: 74

Jace
1075
2452
3658
3744
5849
6136
7933
8495
9389
11570
12282
12402
14462
15415
16609
19908
20035
24164
25005
25755
26037
26467
28780
31375
32224
33634
34271
35001
37275
40404
41519
46517
47372
50268
50279
50404
50878
51325
Number of cuts: 38

Jester
409
692
779
1695
2583
2652
2967
4100
4201
4358
4904
5025
5598
7265
7376
7525
9170
10177
10540
11376
11711
11734
12142
12412
12894
15202
15500
15635
16354
16705
17900
18041
20163
20348
20822
21063
21254
21611
21653
23552
24004
24021
24957
25291
26797
27677
28302
28434
28590
29009
29479
29914
29949
30397
31579
31884
33273
33325
33513
33849
35131
38349
39119
39404
40150
41141
41740
41891
42328
42893
43115
43855
44388
46184
Number of cuts: 74

Krishelle
409
692
779
1695
2583
2652
2967
3650
4100
4201
4358
4904
5025
5598
5958
7280
7540
9185
10192
11391
11726
11749
12157
12432
12895
15529
15827
15962
16681
17032
18227
18368
20675
21149
21390
21581
21974
22016
23397
23428
23772
24498
25305
27145
28025
28650
28861
29436
29903
30559
31042
32224
33918
34158
35776
39003
39773
40056
41287
41597
41790
42388
42539
42976
43763
44503
45036
Number of cuts: 67

Lillie
409
692
779
1695
2583
2652
2967
3650
4100
4201
4358
4904
5025
5598
5958
7280
7540
8960
10233
10596
11432
11767
12198
12362
15258
15556
15976
15989
16410
17956
18097
20219
20404
20878
21119
21742
23616
24068
24085
25021
26861
27741
28498
29073
29543
30199
30682
31864
33558
33798
35416
35772
38634
39404
39687
40918
41421
42019
42170
42607
43394
44134
44667
Number of cuts: 63

Mahdia
395
596
770
1255
2250
2726
3029
4135
4405
4462
5108
6078
6298
7484
7676
8112
8414
8553
9059
9161
9371
9557
9643
9791
9950
10113
10286
10676
11016
11033
11235
11684
11696
13014
13913
14069
14093
14195
14501
14523
14834
15245
15347
16244
16507
16518
16948
17150
17158
17338
17998
19286
19812
19844
19889
19937
20012
20461
20797
21285
21468
21480
21531
22477
22807
23164
23203
24000
24500
24625
24715
25519
25721
25969
26143
26384
26558
27196
27368
27859
27875
27927
28021
28877
29380
29677
30267
30433
30837
31111
31295
31755
31820
32342
32644
33149
33932
34273
35011
35255
35613
36227
36320
36666
36783
37068
37944
38115
38188
40874
41184
41276
41513
41530
41824
42233
Number of cuts: 116

Naiad
409
692
779
1695
2583
2652
2967
3650
4100
4201
4358
4904
5025
5598
5958
7280
7540
8960
10233
10596
11432
11767
12198
12362
15258
15556
15976
15989
16410
17956
18097
20219
20404
20878
21119
21742
23629
24081
24098
26874
27754
28511
29086
29556
30212
30695
31877
33571
33811
35429
38656
39426
39709
40940
41250
41443
42041
42192
42629
43416
44156
44689
Number of cuts: 62

Nancinator
409
692
779
1695
2583
2652
2967
3650
4100
4201
4358
4904
5025
5598
5958
7280
7540
8960
10233
10596
11432
11767
12198
12362
15258
15556
15976
15989
16410
17956
18097
20219
20404
20878
21119
23616
24068
24085
25022
26862
27742
28499
29074
29542
30132
30615
31797
33491
33731
35358
38576
39343
40257
40760
41358
41509
41946
42733
43473
44006
Number of cuts: 60

Natosaleda
409
692
779
1695
2583
2652
2967
3650
4100
4201
4358
4904
5025
5598
5958
7280
7540
8960
10233
10596
11432
11767
12198
12362
15258
15556
15976
15989
16410
17956
18097
20219
20404
20878
21119
23616
24068
24085
25021
26861
27741
28498
29073
29541
30131
30614
31796
33490
33730
35357
38575
39342
39563
39625
40370
40858
41361
41959
42110
42547
43334
44074
44607
46397
Number of cuts: 64

Partridge
687
1754
2642
3594
3612
4159
4260
4417
4963
5084
5657
6017
7324
7435
7584
9253
10260
10506
10623
11465
11800
11823
12231
12395
12983
13969
14453
15291
15589
16443
16794
17989
18130
20911
21152
21343
21700
23662
24115
24132
25068
26944
27824
28449
28660
29235
29703
30359
30842
32024
33715
34087
35714
38657
38933
39703
39988
41219
41529
41722
42320
42373
42518
42579
43198
43898
44616
45149
45853
Number of cuts: 69

Pepy6
2943
3171
3395
3674
4236
4261
5287
7472
7688
8717
8993
9252
9364
9452
11876
12190
12502
14310
14682
14928
17030
17282
17541
17785
18288
18294
18749
19183
20368
21005
22446
22800
22955
23535
24052
24596
25302
26005
26030
26212
26788
26879
27573
30843
31506
31587
35065
35229
36699
37157
37706
39476
42333
42380
42513
44377
45012
45784
46452
46931
47431
47576
48196
48260
49319
50564
50741
52472
53227
53290
53803
53897
54352
55250
55388
55958
56000
56058
56240
57533
58587
59438
59796
60122
60668
62326
62391
62494
62890
63434
63512
63546
65125
65721
66936
67328
67655
67869
67899
68121
68402
68466
68475
68893
69199
69317
69882
70243
70462
70944
71261
73394
73793
74316
74906
74978
75539
75695
76076
76451
Number of cuts: 120

Peregrin
3137
3519
4499
5827
6440
6548
6566
9279
9499
9866
11494
11872
12412
12833
14164
15915
16793
16801
17206
18215
19041
19937
21985
23255
24329
24554
24919
25284
25371
26468
27114
27730
27754
27765
28044
28343
28565
29004
29829
30134
30317
30500
30620
30651
32352
33001
35390
36073
36599
37073
37400
39452
40088
42587
42863
43711
44200
45827
46202
46262
46708
48075
49546
50079
50292
51120
52877
52939
52984
53104
53661
54210
54696
54854
57262
57385
57784
58491
58646
58895
59650
60058
60346
60843
61654
62056
63427
63964
64728
65622
65658
65841
66840
67253
69058
69121
69130
70748
72928
73836
74009
74274
74717
74778
75484
76292
77143
77965
78096
79591
80860
81304
82714
84270
84766
85647
85659
88173
88717
89092
90230
90656
90701
90748
90905
91163
91289
95707
99039
99089
99332
99503
99860
100658
100876
101182
102219
102926
104425
104939
105453
106001
106967
107593
108692
111705
112304
113121
113523
114751
115083
115412
117614
118559
121378
122563
123365
123404
126760
127079
Number of cuts: 160

Phrankenstein
409
692
779
1695
2583
2652
2967
3650
4100
4201
4358
4904
5025
5598
5958
7280
7540
8960
10233
10596
11432
11767
12198
12362
15258
15556
15976
15989
16410
17956
18097
20219
20404
20878
21119
23562
24014
24031
24967
26807
27146
27687
28444
29019
29489
30145
30628
31810
33504
33744
35362
38580
39350
39633
40864
41367
41965
42116
42553
43340
44080
44613
Number of cuts: 62

Pine5
185
483
800
814
917
1881
2757
3008
4465
4585
5371
5661
6966
6979
7621
7861
8733
9183
10452
10920
11011
11324
11974
12125
12221
12248
12734
13577
13752
14296
14410
14593
14780
15955
16572
17645
17727
18769
21398
21867
22526
22970
23105
24725
25003
25445
25802
26113
26882
27145
27759
27765
27779
28066
28180
28493
28504
28522
28826
29121
29421
30963
32512
33812
34363
35811
35865
36013
36664
37266
37425
38012
38274
38339
39945
40952
41315
41526
41649
41751
42041
42331
42463
42568
42991
43234
43765
43787
44310
45025
45279
45581
45611
45680
46037
47551
48639
49066
50027
50486
52261
52340
54241
54829
54925
55296
56612
56807
57462
57798
57821
58232
58364
58403
Number of cuts: 114

Poco6
1189
2161
4862
5240
7441
7534
8153
8635
8822
9481
9842
10652
10823
10904
11733
12148
12424
12795
12883
15829
15953
15994
19189
19433
19933
20457
20822
20984
21627
22390
23092
24471
24658
25548
25780
26609
27534
28801
29573
30394
31002
31394
31741
33612
38721
39678
40092
41318
43652
44174
46481
46864
47784
49662
49816
50014
50529
51980
53980
54735
55311
55405
55818
55860
57508
58729
58766
58913
59674
60298
61767
61869
62646
63414
64005
65735
66266
66619
67255
67970
69048
69078
69168
69993
70730
70789
70961
71203
71509
71728
71991
72524
73285
73796
74287
74656
74874
76174
76246
76807
76963
77344
77719
77942
Number of cuts: 104

Rasputin
409
692
779
1695
2583
2652
2967
3650
4100
4201
4358
4904
5025
5598
5958
7265
7376
7525
8929
9195
10202
10565
11401
11736
11759
12167
12331
12741
12919
15181
15227
15525
15660
15945
16379
16730
18066
20188
20373
20847
21088
21279
21636
21678
23586
24039
24056
24992
25326
26832
27712
28469
29044
29514
30170
31835
33529
33769
35387
38605
39375
39658
40889
41392
41990
42141
42578
43365
44105
44638
Number of cuts: 70

RER2
409
692
779
1695
2583
2652
2967
3650
4100
4201
4358
4904
5025
5598
5958
7280
7540
8960
10233
10596
11432
11767
12198
12362
15258
15556
15976
15989
16410
17956
18097
20219
20404
20878
21119
23616
24068
24085
25021
25355
26861
27741
28498
28654
29073
30199
30234
30682
31864
33558
33798
35416
38634
39404
39687
40918
41421
42019
42170
42607
43394
44134
44667
Number of cuts: 63

RexFury
409
723
810
1726
2614
2683
2998
3681
4131
4232
4389
4935
5056
5629
5989
7311
7571
8991
10264
10510
10627
11463
11798
12229
12393
15289
15587
16007
16020
16441
17987
18128
20250
20435
20909
21150
23647
24099
24116
25052
25386
26892
27231
27772
28397
28529
29104
29574
30230
31895
33589
33829
35447
38665
39432
39653
39715
40460
40948
41451
42049
42200
42637
43424
44164
44697
Number of cuts: 66

RGL3
765
1695
2585
2654
2969
3652
4005
4102
4203
4929
5027
5217
5519
5600
6509
9192
10202
10340
11742
11765
12173
13384
14061
15370
15416
15550
15855
16140
16589
18117
18258
18621
19000
20796
21489
21957
22511
22520
24429
24903
25633
26282
26757
27836
28154
28664
30441
30674
31810
31895
32534
32779
33340
34550
34741
36067
36372
36937
38105
39394
39425
40493
41912
42627
43354
43805
44983
45014
46174
46230
Number of cuts: 70

Rhodalysa
409
692
779
1695
2583
2652
2967
3650
4100
4201
4358
4904
5025
5598
5958
7280
7540
8960
10233
10596
11432
11767
12198
12362
15258
15556
15976
15989
16410
17956
18097
20219
20404
20878
21119
21742
23616
24068
24085
25021
26861
27741
28498
29073
29543
30199
30682
31864
33558
33798
35416
35772
38634
39404
39687
40918
41421
42019
42170
42607
43394
44134
44667
Number of cuts: 63

StCroix
409
692
779
1695
2583
2652
2967
3650
4100
4201
4358
4904
5025
5598
5958
7280
7540
8960
10233
10596
11432
11767
12198
12362
15258
15556
15976
15989
16410
17956
18097
20219
20404
20878
21119
21742
23629
24081
24098
26874
27754
28511
29086
29556
30212
30695
31877
33571
33811
35429
38656
39426
39709
40940
41250
41443
42041
42192
42629
43416
44156
44689
Number of cuts: 62

Swann
409
692
779
1695
2583
2652
2967
3650
4100
4201
4358
4904
5025
5598
5958
7280
7540
8960
10233
10596
11432
11767
12198
12362
15258
15556
15976
15989
16410
17956
18097
20219
20404
20878
21119
23616
24068
24085
25021
25355
26861
27200
27741
28498
29073
29541
30197
30680
31862
33556
33796
35414
38632
39402
39685
40916
41419
42017
42168
42605
43392
44132
44665
Number of cuts: 63

Takoda
687
2575
2644
2959
3545
3642
3995
4092
4193
4350
4896
5017
5509
5590
5950
7257
7368
7517
9186
10193
10439
10556
11392
11727
12158
12322
12732
12910
13896
14380
15218
15516
16370
16721
17170
17916
18057
20364
20838
20938
21079
21270
21627
22736
23588
24041
24058
26834
27500
27714
28339
28627
29046
29516
30106
30589
31771
33462
33972
35599
36391
38817
39587
39810
39872
41102
41412
41605
42202
42255
42400
42461
42888
42898
43742
44460
44993
45699
Number of cuts: 78

Trina
18898
34855
65983
Number of cuts:  3

TWAMP
409
692
779
1695
2583
2652
2967
3650
4100
4201
4358
4904
5025
5598
5958
7280
7540
8960
10233
10596
11432
11767
12198
12362
15258
15556
15976
15989
16410
17956
18097
20219
20404
20878
21119
21742
23616
24068
24085
25021
26861
27741
28498
29073
29543
30199
30682
31864
33558
33798
35416
35772
38634
39404
39687
40918
41421
42019
42170
42607
43394
44134
44667
Number of cuts: 63

UhSalsa
409
692
779
1695
2583
2652
2967
3650
4100
4201
4358
4904
5025
5598
5958
7280
7540
8960
10233
10596
11432
11767
12198
12362
15258
15556
15976
15989
16410
17956
18097
20219
20404
20878
21119
23616
24068
24085
25022
26862
27742
28499
29074
29542
30132
30615
31797
33491
33731
35358
38576
39343
39564
39626
40371
40859
41362
41960
42111
42548
43335
44075
44608
Number of cuts: 63

Weasels2
3989
4695
5909
6701
7020
7143
7641
8094
9307
9348
10458
10485
11187
11393
12521
12711
13076
13213
13352
13787
14847
17482
17865
17878
18779
19614
20152
22897
24335
24560
24925
25287
26564
27113
27227
27729
27753
27764
28043
28564
29003
29486
29889
30103
30961
33179
33652
34830
34975
35545
36175
36259
36768
37093
37176
38246
39756
40296
40932
42000
43446
43710
44639
45923
46539
47118
47379
47697
48051
48157
48528
48567
48847
50312
51073
52362
53391
53723
53768
53888
53952
54968
55381
55612
55700
56090
56316
57268
58283
59175
59799
60333
60801
61350
62226
63205
63738
63766
65624
65920
66265
66727
67876
68069
68446
68560
69704
70070
70133
70744
71547
71623
71768
71893
72456
72706
72739
73965
74958
75006
75420
75426
75624
76954
78370
78664
79368
79769
79914
81323
82257
82547
83193
83401
83755
84028
84697
87250
88894
90499
92414
92512
92897
94693
94738
94785
94942
95200
98569
99564
99754
100683
100888
101658
102704
104309
104522
104680
105382
106583
107216
107406
107790
107852
109200
110466
111422
112270
113100
113227
113380
113389
114762
114975
115083
116062
116162
116369
116551
116871
117415
118686
119571
119733
119746
120149
120813
121135
122365
122420
122462
123675
123693
124729
125612
125689
126113
126821
127733
128986
130051
130655
131488
131512
Number of cuts: 204

Yogi
409
692
779
1695
2583
2652
2967
4003
4201
4358
4904
5025
5598
5958
7265
7376
7525
9194
10201
10447
11406
11741
11764
12172
12336
12924
15186
15232
15530
15665
15950
16384
16735
18071
20193
20378
20852
21093
21284
21641
21683
23590
24042
24059
24995
25329
26835
27715
28472
28628
29047
30173
30208
30656
31838
33532
33584
33772
34325
35387
38954
38985
39755
39976
40038
41269
41772
42370
42958
43745
44485
45018
46800
Number of cuts: 73

Yoncess
409
692
779
1695
2583
2652
2967
4003
4201
4358
4904
5025
5598
5958
7265
7376
7525
8928
9194
10201
10447
11406
11741
12172
12336
12746
12924
15186
15232
15530
15665
15950
16384
16735
18071
20193
20378
20852
21093
21284
21641
21683
23591
24043
24060
24996
25330
26836
27716
28341
28473
28629
29048
29518
29953
29988
30436
31618
31923
33312
33364
33552
33888
35170
38388
39158
39379
39441
40672
41175
41777
41928
42365
42931
43153
43893
44426
46223
Number of cuts: 78

