Alatin
33
459
5470
5499
8090
10436
14416
15895
17309
20313
22655
22800
23828
25216
25266
25831
27333
29453
30022
30671
30805
31026
31516
34558
34912
35461
36071
37392
40946
43431
43554
43734
44206
46250
Number of cuts: 34

Alpacados
33
108
459
2135
5432
5461
8037
10366
10933
14352
14473
14482
14635
16404
17245
18252
20249
21745
22669
23697
25085
25135
25736
27238
29358
29927
30576
30710
30931
31421
33011
34460
35363
37285
43254
43377
43557
43951
44029
46073
Number of cuts: 40

AngryOrchard
33
2161
5415
8020
10349
14335
14618
15814
16387
17228
18235
20232
20417
22664
23693
25081
25131
25696
27909
29317
30469
30603
30824
31314
32877
34620
34974
35523
36133
37336
37445
41000
43016
44170
44248
46178
Number of cuts: 36

AppleCloud
1292
1925
2486
5179
5208
7784
10089
12006
14381
14502
15860
16433
17274
18281
20278
20463
23402
23731
24776
25091
25141
25706
27208
27920
29404
30401
30535
30756
32836
33391
35188
37110
40663
43148
43271
43451
43923
45967
Number of cuts: 38

Belenaria
33
459
5470
5499
8090
10436
14416
15895
17309
21809
23761
25150
25200
25765
27267
29385
30537
30671
30892
31382
34433
35336
37258
40811
43296
43419
43599
44071
46115
Number of cuts: 29

BobbyDazzler
33
459
2287
5541
5570
8146
10475
11042
13898
14461
14582
14591
14744
16513
17354
18361
20358
21854
23807
25195
25245
25810
27312
29432
30001
30650
30784
31005
31495
33085
34537
35440
37362
43402
43525
43705
44177
46221
Number of cuts: 38

Bonanza
33
459
2216
5470
5499
8075
10404
10971
14390
14511
14520
14673
16442
17283
18290
20287
21783
22707
23735
25123
25173
25738
27240
29360
29929
30578
30712
30933
31423
33013
34462
35365
37667
43706
43829
44009
44403
44481
Number of cuts: 38

Bradshaw
33
459
2216
5470
5499
8090
10436
14416
15895
17309
20313
23761
25149
25199
25764
27266
29386
29955
30604
30738
30959
31449
34491
34845
35394
36004
37325
40879
43364
43487
43667
44139
46183
Number of cuts: 33

Bryce
33
459
2216
5470
5499
8075
10404
10971
13827
14390
14511
14520
14673
16442
17283
18290
20287
21783
23736
25124
25174
25739
27410
29361
30358
30492
30713
32793
34245
35148
37070
43110
43233
43413
43885
45929
Number of cuts: 36

ChewyVIII
310
380
630
1374
2621
3314
4767
5097
5275
5785
5798
7261
7300
7505
7773
9090
9707
10768
10808
11065
12741
14283
14357
15612
15932
15951
16173
16245
17323
17592
18622
18946
19309
19366
20159
21372
21868
22029
22601
22981
23243
23408
23747
24685
24796
25468
25931
27512
28155
29092
29508
30211
30272
30827
31153
31721
31958
32346
32388
33498
34732
35043
36140
36966
37146
37467
38403
39932
40280
40664
41582
41773
41862
41992
42467
42711
42898
43029
43047
43156
43219
43241
43821
43989
44552
44657
45953
46361
46981
47345
47415
47440
47584
48380
50063
50209
50681
51268
52280
52452
53574
54419
54584
54624
54863
56310
58955
59232
59272
60830
63523
64142
65191
65609
65705
66405
67023
67986
Number of cuts: 118

CosmicSans
33
459
2216
5470
5499
8090
10436
14416
15895
17309
20313
23761
25149
25199
27266
29386
29955
30604
30738
30959
31449
34491
34845
35394
37316
43355
43478
43658
44130
46174
Number of cuts: 30

Dinger
33
2212
2613
5466
5495
8071
10400
14386
14669
15865
16438
17279
18286
20283
20468
20598
22716
23745
24818
25133
25183
25748
27250
27419
27962
29447
30473
30607
30828
31318
32884
32908
34987
35536
36146
37458
40870
40922
41014
43034
44188
44266
46197
Number of cuts: 43

DocB7
46
253
2774
3051
4833
5250
5295
8444
10735
10850
12131
12627
12860
12976
13405
13539
14099
16385
16415
16628
17447
20401
20989
21073
21382
22312
23767
23948
24151
24160
24193
25306
25363
26084
26598
26875
27047
28003
28381
28716
29851
30080
31354
32265
32421
34006
35477
36429
36733
39171
39962
40206
40709
42770
44160
46610
46800
48348
48594
50257
50908
52513
52534
52836
52945
52980
53381
53475
53916
56711
58150
58276
59604
60986
63243
63950
64288
65828
67070
67207
67564
67975
68674
68857
69089
69268
69278
69489
70051
71315
71674
71707
71857
74925
Number of cuts: 94

E3
697
1707
1745
2337
2601
3006
5066
8097
8667
9161
9174
11504
11627
13114
13168
14249
15204
15889
16224
16577
17750
18121
18197
18234
18530
18920
19499
19505
20471
20501
20696
21111
23305
23391
25765
26295
27489
30569
31091
31949
32706
34932
35387
36386
37354
37578
39326
40128
40335
45583
46144
48066
48243
49201
49327
49753
49951
50065
50914
52267
54568
55765
56047
56566
56674
56727
57730
58375
58459
58528
58570
60084
60504
60940
63910
66755
66766
66823
67144
68431
68632
69291
69508
69591
71340
71590
71651
73661
73681
74676
75450
76392
77663
77982
79743
81797
82442
83999
85773
87551
87635
87948
88071
89407
89718
90233
90976
91935
92202
92830
92893
94096
96156
97047
97072
98163
100412
101981
101988
102596
104786
105107
105770
106845
106918
107235
107817
108989
109573
111932
112241
113062
114636
115542
116574
117113
117586
118469
118866
119640
119943
120470
120846
120993
123329
123595
124967
126018
126149
127137
127999
128537
128889
129659
129997
130240
132731
132997
136258
136490
137687
138099
138246
139597
139671
139868
141021
Number of cuts: 167

Erik
33
459
5470
5499
8090
10435
14415
15894
17308
21808
23759
25147
25197
25762
27264
29384
30536
30670
30891
31381
32971
34423
34777
35326
37248
43186
43309
43489
43961
46005
Number of cuts: 30

Espica
33
459
5470
5499
8090
10436
14416
15895
17309
21809
23761
25150
25200
25765
27267
29385
30537
30671
30892
31382
32972
34433
35336
37258
40811
43296
43419
43599
44071
46115
Number of cuts: 30

Finch
683
1270
4323
6497
7594
9828
11299
11384
11516
13211
13778
13860
14342
15786
16133
20780
21244
22030
22224
22521
22872
23124
24060
25277
25729
25760
25849
26231
26493
26546
27271
27547
27562
28319
28530
28774
29365
30961
32495
32732
33003
33997
34330
34453
34795
34804
35272
35312
35650
35852
37521
38052
38186
38981
39318
40182
42505
42756
42864
44426
44627
45121
45582
46149
48180
48750
48975
49880
50072
50268
50739
50756
51266
51499
52126
53870
54125
55318
55988
56160
57173
57340
57836
58327
58424
59193
59368
59684
59877
60014
60463
61870
62036
62893
65271
65575
66175
66199
66369
66439
66956
69917
73252
73616
73648
73979
74478
74961
75631
75768
76099
76555
78087
79281
79876
80351
81088
81358
82405
83198
84045
84327
84771
87194
88785
90592
90712
90727
90840
90875
91201
93888
94131
97763
99582
100792
101374
101688
101699
101708
101909
102675
103499
104478
104657
105399
105427
106556
108188
108255
108272
109731
109857
110117
110360
110534
110992
111022
111377
112249
112808
114112
115529
116499
116819
117309
117341
117975
118983
120727
121739
121906
123018
123331
124174
124774
124803
124893
125456
125501
125969
125999
126033
126194
126614
127496
128177
128388
128914
129648
130452
130926
131133
131298
131898
132573
133092
134353
134806
135364
136970
Number of cuts: 201

Gollum
33
459
5470
5499
8090
10436
14416
15895
17309
20313
21809
23761
25149
25199
27266
29384
29953
30602
30736
30957
31447
33037
34489
34843
35392
37314
43297
43420
43600
44072
46116
Number of cuts: 31

Grayson
567
2528
4482
12176
28122
30949
31174
31411
51995
63380
74840
91012
93376
94705
96317
105471
124070
124584
124636
125309
126730
127773
129468
131429
Number of cuts: 24

Harlequin
33
459
2216
5470
5499
8075
10380
10947
13803
14366
14487
14496
14649
16418
17259
18266
20263
21813
23766
25154
25204
25769
27440
29391
30388
30522
30743
32823
34275
35178
37100
40659
43145
43268
43448
43920
45964
Number of cuts: 37

Hiro
33
459
2216
5470
5499
8075
10380
12297
14672
14793
16151
16724
17565
18572
20569
20754
23693
24021
25409
25459
26024
27526
29646
30215
30864
30998
31219
33299
34751
35654
37576
43616
43739
43919
44391
46435
Number of cuts: 36

Jace
130
787
3715
5494
5644
5731
5866
6455
6505
7038
7443
8531
10445
11036
13305
14466
16569
17722
19454
22048
23390
23871
24172
25081
25818
25996
26858
26884
27000
31358
32210
32255
32530
35116
36049
36055
37377
37740
38356
39326
40006
40126
40660
42884
43908
44515
46014
46093
46316
46731
47726
49232
49274
49662
49918
50137
50557
51991
52289
52406
Number of cuts: 60

Jester
33
459
2216
5470
5499
8075
10380
13797
14478
14490
15839
16412
17253
18260
20257
21753
23697
25085
25135
25700
27371
29322
30319
30453
30674
32754
34206
35109
37031
40590
43076
43199
43379
43851
45895
Number of cuts: 35

Krishelle
33
459
5470
5499
8090
10395
12312
14687
14808
16166
16739
17580
18587
20584
20769
23744
24073
25118
25433
25483
26048
27550
28262
29746
30315
30964
31098
31319
31809
34851
35205
35754
36364
37685
41239
43724
43847
44027
44499
46534
Number of cuts: 40

Lillie
33
459
2216
5470
5499
8090
10436
14416
15895
17309
20313
20690
23761
25149
25199
27266
29386
29955
30604
30738
30959
31449
34491
34845
35394
37316
43355
43478
43658
44130
46174
Number of cuts: 31

Mahdia
578
885
911
952
1325
1610
1817
1917
1955
2158
2552
2652
2996
3020
3245
3526
4039
4045
4357
5081
5129
5396
5414
5564
5576
6031
6153
6216
6393
6406
6465
6477
6587
6609
6677
6876
7026
7060
7337
7349
7712
7754
7766
8030
8526
8581
8766
9193
9782
9896
9959
10280
10337
10382
10395
10415
10628
10815
10898
11075
11198
11249
12323
12615
13154
13175
13610
13826
14043
14204
14645
14955
15164
15268
15617
15653
15686
15854
15866
15905
16152
16195
16725
16837
17218
17296
17977
18371
18757
18844
19140
19177
19427
19825
19985
20182
20710
20767
20911
21175
21652
21774
21837
21852
22026
22534
22957
23320
23380
23478
24090
24150
24199
24291
24338
24557
24595
25027
25095
25111
25210
25361
25471
25495
25736
25748
25912
26375
26486
26591
26705
26770
26909
26986
27032
27128
27356
27403
27730
27823
28492
28514
28778
28802
28921
29000
29112
29289
29300
29333
29498
29603
29701
29744
29767
29777
30030
30355
30482
30527
31185
31192
31286
31364
31458
31554
31605
31686
31970
32118
32160
32228
32240
32258
32413
32834
33032
33049
33167
33554
33624
33734
33799
33971
34061
34160
34355
34397
34421
34445
34565
34673
34866
35118
35199
35585
35751
36657
36762
36941
37308
37590
37934
38125
38179
38397
38924
38944
38996
39017
39096
39216
39425
40539
40626
40731
41495
Number of cuts: 217

Naiad
33
459
5470
5499
8090
10436
14416
15895
17309
20313
22601
22746
23774
25162
25212
25777
27279
29399
29968
30617
30751
30972
31462
34504
34858
35407
36017
37338
40892
43377
43500
43680
44152
46196
Number of cuts: 34

Nancinator
33
459
5470
5499
8090
10436
14416
15895
17309
21809
23761
25150
25200
25765
27267
29385
30537
30671
30892
31382
32972
34433
35336
37258
42694
42817
42997
43469
45513
Number of cuts: 29

Natosaleda
33
459
2216
5470
5499
8090
10436
14416
15895
17309
21809
23761
25149
25199
25764
27266
29384
30536
30670
30891
31381
32971
34432
35335
37257
40810
43295
43418
43598
44070
45739
Number of cuts: 31

Partridge
33
2275
5529
5558
8134
10463
14449
14732
15928
16501
17342
18349
20346
20531
20661
22779
23808
24881
25196
25246
25847
27518
28061
29546
30115
30764
30898
31119
31609
33172
33196
35143
35692
36452
37615
41027
41079
41171
43380
44534
44612
46542
Number of cuts: 42

Pepy6
506
2619
2673
3463
3858
5575
6862
7174
7705
8134
8240
11634
12384
12867
22252
22318
22372
22516
23103
23665
24132
24326
24571
26471
26511
29527
29638
29906
30090
30183
31773
32610
32901
33255
33270
34166
34236
34374
36748
41024
41088
42835
43333
44151
45558
45788
46948
47029
47746
48933
49350
50421
51449
52484
54960
56902
57415
57660
62785
62894
64507
67438
68385
70408
70573
70765
70975
76627
Number of cuts: 68

Peregrin
3310
4340
11490
27636
50778
70542
74817
80997
90443
92807
94520
95350
125916
127671
127767
Number of cuts: 15

Phrankenstein
33
459
5470
5499
8090
10436
14416
15895
17309
21755
23707
25095
25145
27212
29332
29901
30550
30684
30905
31395
34437
34791
35340
37262
43301
43424
43604
44076
46120
Number of cuts: 29

Pine5
493
638
944
1540
2995
3608
4159
4975
5341
5557
5784
6567
7180
7660
8013
8202
9264
10259
10614
10822
11300
11766
12084
12200
12678
12915
12931
13764
13958
14018
14746
14776
16154
16161
16177
16801
17025
17412
17484
17640
17688
17794
17976
18119
18385
19207
19240
20744
20864
21746
22205
23385
23517
23594
23779
23831
23889
24794
24890
25275
25490
25845
25922
26064
26963
27726
28059
28477
29410
29595
29760
29838
30215
31069
31168
31629
32143
32630
32973
33087
33378
34382
35302
35643
36331
37589
38418
38558
38778
38820
38831
39303
39423
39498
39684
39887
40182
41219
41511
41885
43323
43449
43770
43893
44246
44271
44463
44611
44750
45263
45764
45806
46072
47101
47295
50015
50477
50585
50728
51114
51224
52372
53224
53337
54179
54404
54731
54772
55399
55412
56639
57262
57786
57832
58486
58646
Number of cuts: 136

Poco6
348
1002
2293
3112
4847
5089
5710
6111
7000
8577
10354
12962
15049
16318
16450
17951
21197
25678
25815
26145
26339
28524
28909
29553
31546
31925
37569
38770
41566
41985
47788
48707
48806
50448
51064
51936
52958
53601
53992
56468
59011
60064
67537
68080
68342
69849
70525
71674
72028
75280
Number of cuts: 50

Rasputin
33
459
5470
5499
8075
10597
11482
14385
14506
14515
14668
16437
17278
18285
20282
21778
22703
23732
24805
25120
25170
25735
27237
29357
29926
30575
30709
30930
31420
34462
34816
35365
37287
43326
43449
43629
44101
46145
Number of cuts: 38

RER2
33
459
2216
5470
5499
8090
10436
14416
15895
17309
21809
23761
25149
25199
25764
27266
29386
29955
30604
30738
30959
31449
34491
34845
35394
36004
37316
43355
43478
43658
44130
46174
Number of cuts: 32

RexFury
33
459
5501
5530
8121
10467
14447
15926
17340
20344
21840
23792
25180
25230
25795
27297
29417
29986
30635
30769
30990
31480
34522
34876
35425
37347
40900
43385
43508
43688
44160
46204
Number of cuts: 32

RGL3
1587
2500
4410
5264
5501
6785
6848
7597
8080
9157
9776
10103
10702
11514
13606
13837
14574
14704
15388
15715
15954
16164
16484
16632
16737
17242
17555
18477
18627
20034
20710
21600
22229
22445
23844
25640
25690
26042
28635
29127
30024
30511
31274
31629
31670
33298
33810
33867
34252
34644
35059
35116
35804
35861
36350
38003
38328
41918
41996
42480
43308
44343
45556
45961
Number of cuts: 64

Rhodalysa
33
459
2216
5470
5499
8090
10436
14416
15895
17309
20313
23761
25149
25199
27266
29386
29955
30604
30738
30959
31449
34491
34845
35394
37316
43355
43478
43658
44130
46174
Number of cuts: 30

StCroix
33
459
5470
5499
8090
10436
14416
15895
17309
20313
22601
22746
23774
25162
25212
25777
27279
29399
29968
30617
30751
30972
31462
34504
34858
35407
36017
37338
40892
43377
43500
43680
44152
46196
Number of cuts: 34

Swann
33
459
5470
5499
8090
10436
14416
15895
17309
20313
21809
23761
25149
25199
25764
27266
29384
29953
30602
30736
30957
31447
34489
34843
35392
36002
37314
43353
43476
43656
44128
46173
Number of cuts: 32

Takoda
33
2208
5462
8067
10396
10957
14376
14659
15855
16428
17269
18276
20273
20458
22560
22705
23734
25122
25172
25737
27951
29359
30511
30645
30866
31356
32919
34674
35577
36187
37390
37499
40910
41054
43070
44378
44456
46387
Number of cuts: 38

Trina
3687
9136
13499
16278
17618
21858
23407
26975
29068
32193
36521
50259
69712
78378
85384
98924
107568
108247
113558
123947
129525
129741
129846
130690
131392
133625
134073
Number of cuts: 27

TWAMP
33
459
2216
5470
5499
8090
10436
14416
15895
17309
20313
23761
25149
25199
27266
29386
29955
30604
30738
30959
31449
34491
34845
35394
37316
43355
43478
43658
44130
46174
Number of cuts: 30

UhSalsa
33
459
5470
5499
8090
10436
14416
15895
17309
21809
23761
25150
25200
25765
27267
29385
30537
30671
30892
31382
32972
34433
35336
37258
40811
43296
43419
43599
44071
46115
Number of cuts: 30

Weasels2
8505
17176
22764
42603
44129
48746
61345
76171
81041
94480
95755
97395
104530
112225
113044
123318
124599
Number of cuts: 17

Yogi
33
459
2216
5470
5499
8075
10404
10971
14390
14511
14520
14673
16442
17283
18290
20287
21783
22707
23735
25123
25173
25738
27240
29360
29929
30578
30712
30933
31423
33013
34462
35365
37667
43706
43829
44009
44403
44481
Number of cuts: 38

Yoncess
33
459
2216
5470
5499
8075
10404
10971
13827
14390
14511
14520
14673
16442
17283
18290
20287
21783
23736
25124
25174
25739
27241
29361
30358
30492
30713
32793
34245
35148
37070
43114
43237
43417
43889
45933
Number of cuts: 36

