Alatin
2821
3017
3033
3794
6231
6612
11647
14178
14373
16534
17191
20252
21028
22576
22828
23327
24432
24830
24842
31371
33719
35909
36407
36509
36778
41114
42829
43100
43507
44922
45155
Number of cuts: 31

Alpacados
2783
2979
2995
3756
6193
6559
11583
14309
14525
16470
20188
20964
21049
22445
23196
24301
24699
24711
24723
31276
35811
36300
36402
36671
38772
40937
41697
42652
42923
43330
44745
44978
Number of cuts: 32

AngryOrchard
2766
2962
3739
6542
10545
11566
14346
14508
14748
16453
21032
21222
22440
22692
24297
24707
24719
29295
31169
33382
35971
36460
36831
41168
43552
44964
Number of cuts: 26

AppleCloud
646
2530
2726
6306
11300
13870
14143
14392
14554
14794
16499
20993
21078
23226
24307
24717
24729
29382
31101
34101
35636
36125
36227
36496
38597
40831
41591
42546
42817
43224
44639
44872
Number of cuts: 32

Belenaria
2821
3017
3033
3794
6231
6612
11647
14178
14373
16534
17191
20252
21028
22019
22509
22761
23260
24366
24764
24776
29363
31237
33585
35784
36273
36375
36644
38745
40979
41739
42694
42965
43372
44787
45020
Number of cuts: 35

BobbyDazzler
2892
3088
3104
3865
6302
6668
7596
11692
14418
14634
16579
20297
21158
22555
23306
24411
24821
24833
31350
35888
36377
36479
36748
38849
41084
42800
43071
43478
44893
45126
Number of cuts: 30

Bonanza
2821
3017
3033
3794
6231
6597
7525
9752
11621
14347
14563
16508
20226
21002
21087
22483
24339
24737
24749
24761
31278
35813
36302
37053
39154
41389
43104
43375
43782
45197
45430
Number of cuts: 31

Bradshaw
2821
3017
3033
3794
6231
6612
11647
14178
14373
16534
17191
20252
21028
22509
22761
23260
24365
24763
24775
31304
33652
35842
36340
36442
36711
41047
42762
43033
43440
44855
45088
Number of cuts: 31

Bryce
2821
3017
3033
3794
6231
6597
11621
14347
16508
20226
21002
21087
22484
23235
24340
24750
24762
31058
35596
36085
36187
36456
40792
42508
42779
43186
44601
44834
Number of cuts: 28

ChewyVIII
4246
4442
4906
5643
5841
7226
7337
10027
10445
11587
11677
12268
12967
13390
13997
14507
14565
16407
17057
17309
17986
18375
19103
20119
20781
21966
22166
22696
23726
23931
24054
24665
25836
25944
25956
26265
27921
28364
28853
32255
32789
33068
33143
33968
35447
35555
36065
36634
39295
39903
40755
42092
42121
45564
47200
47617
48142
49077
49385
49460
49474
50217
50305
50460
50756
50812
50892
51148
51692
52561
52695
53256
54295
54749
54797
54923
56412
58595
59780
60119
60718
61896
Number of cuts: 82

CosmicSans
2821
3017
3033
3794
6231
6612
11647
14178
14373
16534
17191
20252
21028
22019
22509
22761
23260
24365
24763
24775
31304
33652
35842
36331
36433
36702
41038
41798
42753
43024
43431
44846
45079
Number of cuts: 33

Dinger
2817
3013
6593
10596
11105
11617
13875
14397
14559
16504
17161
20998
21083
22492
22744
23255
23369
24349
24759
24771
29425
31173
32330
35984
36575
36844
41182
43570
44982
Number of cuts: 29

DocB7
442
1432
2025
2578
2656
2873
4949
5933
6603
7507
7533
8657
10038
10441
11854
12162
14079
14588
15549
16101
17451
18831
20796
21060
21236
24495
24920
25640
27163
28870
30182
31291
33226
34947
37472
38511
39161
40501
46709
47128
47281
47571
47673
48161
48300
49765
50021
51212
52344
53287
53321
56552
61805
62787
64034
70131
71037
73323
73554
73751
75123
Number of cuts: 61

E3
668
788
1656
2171
2263
5229
5265
5575
7935
8999
9536
11649
12217
12644
13038
14554
15026
15929
16287
17999
18797
19455
20741
20807
20971
21215
21658
21728
22285
23276
23440
24468
26557
28351
28808
29121
29435
30195
30905
31228
31825
32383
32436
32531
32899
33291
35376
35415
35744
37057
38248
39628
40126
40749
40823
41076
42096
43244
43391
43409
43424
45230
45432
46625
46768
47584
47646
48815
49853
50459
50532
52132
52541
53450
53643
54195
54881
55424
56388
58350
58679
59220
59286
59565
60966
61345
62667
63368
63910
63950
64438
65052
65243
65297
66572
66615
67696
69301
69335
69932
70400
71175
73441
73922
74267
75483
75723
77196
78111
78659
79607
80863
81062
81725
82048
83113
83510
83861
84613
84646
84653
87074
87233
87907
88098
89167
90290
91471
92138
92239
92379
92471
92939
93406
93608
94076
94509
94824
95717
96265
96719
96879
97133
99278
100390
102265
104424
104847
105260
105341
105728
105908
106100
106356
107388
109015
109496
110251
110252
111039
111978
112448
114722
114767
115176
115586
115708
115713
116605
117395
117410
117500
117566
117905
118657
118873
119653
119760
120044
121297
121440
121759
122079
122442
122512
123224
123655
124965
125330
125474
125613
126439
126857
127168
127600
127687
127866
128172
130555
133496
134402
134414
134675
135530
135573
137631
137836
138270
138340
138721
139217
139361
139418
140922
141196
141555
142131
Number of cuts: 217

Erik
2821
3017
3033
3794
6231
6612
11646
14177
14372
16533
17190
20251
21027
22018
22508
22760
23259
24363
24761
24773
29362
31236
33584
35774
36263
36365
36634
40869
41629
42584
42855
43262
44677
44910
Number of cuts: 34

Espica
2821
3017
3033
3794
6231
6612
11647
14178
14373
16534
17191
20252
21028
22019
22509
22761
23260
24366
24764
24776
29363
31237
33585
35784
36273
36375
36644
38745
40979
41739
42694
42965
43372
44787
45020
Number of cuts: 35

Finch
552
2455
2529
3543
4961
5096
6021
6251
6284
8106
8891
9988
10056
11763
12452
12989
13255
13776
14668
15122
15822
17171
18675
19397
19601
21167
21529
22302
24263
24440
24661
25257
26031
26084
26778
26904
27302
27581
28576
29678
31070
31337
32495
32682
33805
34567
35713
37025
37156
38057
38581
38996
39650
40807
40999
41035
41115
42288
42743
43474
43896
44825
45509
47167
47243
49252
50039
52024
52413
53099
54899
54956
55517
56926
57459
57934
58508
60453
61471
61829
66860
67711
68282
69122
69926
70871
73165
73250
73389
74289
74470
75718
75784
76608
77567
77634
78821
80599
80678
82452
83014
83715
83812
84487
84726
84832
85831
86482
87854
88233
88474
88740
90169
91393
91791
92371
93023
93487
94287
94335
94497
95196
95522
97707
97767
98762
99519
99712
100764
100946
101225
101231
104682
105343
105766
105821
107790
108308
109763
109903
111420
113010
114226
115455
116931
118417
119512
119662
121109
122345
123448
123841
124112
124373
125380
126260
128433
130279
132280
133140
133381
133474
134210
136611
137729
138130
138330
138461
Number of cuts: 168

Gollum
2821
3017
3033
3794
6231
6612
11647
14178
14373
16534
17191
20252
21028
22019
22509
22761
23272
24365
24763
24775
29362
31302
33650
35840
36329
36431
36700
38801
40980
41740
42695
42966
43373
44788
45021
Number of cuts: 35

Grayson
2253
2265
5232
7508
9932
12853
14279
29848
35550
45884
46869
46992
55280
71370
74259
75232
81449
85314
95816
98764
111620
112328
112333
118582
126614
131154
131166
Number of cuts: 27

Harlequin
2821
3017
3033
3794
6597
7525
11597
14323
16484
20202
20978
21063
22514
23265
24370
24780
24792
31088
35626
36115
36217
36486
40827
42543
42814
43221
44636
44869
Number of cuts: 28

Hiro
2821
3017
3033
3794
6231
6597
11591
14161
14434
14683
14845
15085
16790
21284
21369
23517
24625
25023
25035
25047
31564
36102
36591
36693
36962
39063
41298
43014
43285
43692
45107
45340
Number of cuts: 32

Jace
675
1439
1481
2840
3186
3197
3836
3868
5990
7304
7401
8779
9812
9812
10666
10990
11101
15143
15701
16217
16462
16946
17369
17491
17498
18002
18970
19231
20522
21847
22848
23224
23884
24365
25026
25633
27077
27274
27471
28553
30139
30221
30597
32493
32906
33219
33288
34181
34531
35177
35523
36604
37537
37830
39246
41385
41902
41936
42188
44133
45373
45498
45691
46314
47971
48421
48533
48792
49454
50089
50762
51012
52703
53108
Number of cuts: 74

Jester
2821
3017
3033
3794
6597
7525
11591
14317
14533
14773
16478
20196
20972
21057
22445
23196
24301
24711
24723
31019
35557
36046
36148
36417
40758
42474
42745
43152
44567
44800
Number of cuts: 30

Krishelle
2821
3017
3033
3794
6231
6612
11606
14176
14449
14698
14860
15100
16805
21299
21384
23568
24649
25059
25071
29724
31664
34012
36202
36700
36802
37071
41407
43122
43393
43800
45215
45448
Number of cuts: 32

Lillie
2821
3017
3033
3794
6231
6612
11647
14178
14373
16534
17191
20252
21028
22019
22509
22761
23260
24365
24763
24775
31304
33652
35842
36331
36433
36702
41038
41798
42753
43024
43431
44846
45079
Number of cuts: 33

Mahdia
2436
4980
9858
10974
11439
11643
12174
18812
23753
27061
27219
29263
29320
29797
34195
Number of cuts: 15

Naiad
2821
3017
3033
3794
6231
6612
11647
14178
14373
16534
17191
20252
21028
22522
22774
23273
24378
24776
24788
31317
33665
35855
36353
36455
36724
41060
42775
43046
43453
44868
45101
Number of cuts: 31

Nancinator
2821
3017
3033
3794
6231
6612
11647
14178
14373
16534
17191
20252
21028
22019
22509
22761
23260
24366
24764
24776
29363
31237
33585
35784
36273
36375
36644
38745
40377
41137
42092
42363
42770
44185
44418
44486
Number of cuts: 36

Natosaleda
2821
3017
3033
3794
6231
6612
11647
14178
14373
16534
17191
20252
21028
22019
22509
22761
23260
24365
24763
24775
29362
31236
33584
35783
36272
36374
36643
38744
40978
41738
42693
42964
43371
44786
45019
Number of cuts: 35

Partridge
2880
3076
6656
10659
11168
11680
13938
14460
14622
16567
17224
20404
21061
21146
22555
22807
23318
23432
24412
24822
24834
29524
31464
36140
36629
37000
41339
43916
45328
Number of cuts: 29

Pepy6
1555
1991
2789
3040
3467
5887
8632
9086
10217
10266
12305
12397
13491
13987
15053
15328
15724
19511
20285
20488
21646
21884
21936
22536
25595
27100
29305
30286
32972
33212
37192
38212
39851
43308
43879
43948
44575
44706
46471
46513
47754
48739
48971
54462
54489
55328
57028
60831
63988
66943
68089
69433
71036
73734
74154
75825
76771
Number of cuts: 57

Peregrin
2282
2294
4890
6821
7688
10866
12167
13611
29987
34332
45649
45772
45829
46162
54063
55239
65329
69780
74236
85267
94855
97210
106037
111021
111061
111900
112272
120382
132351
132363
Number of cuts: 30

Phrankenstein
2821
3017
3033
3794
6231
6612
11647
14178
14373
16534
17191
20252
21028
21965
22455
22707
23206
24311
24709
24721
29310
31250
33598
35788
36277
36379
36648
40984
41744
42699
42970
43377
44792
45025
Number of cuts: 34

Pine5
945
1038
1535
2035
3280
3523
3666
4083
4388
5148
5171
5888
6038
6425
7409
7480
7993
8108
9125
10003
12630
13508
14619
15294
15327
15374
15726
15870
16676
16771
16835
16901
18028
20740
20818
21045
21217
21399
21556
22039
22671
22821
22894
22922
23164
23271
23811
24229
24948
25000
25414
25615
26036
26415
26630
27545
29081
30973
31006
31579
33169
34844
35313
36230
36379
36964
38518
38960
39749
39850
40937
41108
41929
42530
43019
43425
43532
44465
46248
46338
47045
47391
48033
49286
49292
49571
49670
49877
50136
50181
50980
52339
52733
54315
54671
55301
55355
55707
56276
57315
Number of cuts: 100

Poco6
357
362
1552
2030
2321
3173
3371
4238
5445
9217
10953
15581
15756
15848
17438
18088
18484
22307
22953
23042
23668
23906
23958
24561
24783
29113
32305
33159
34327
41157
41935
42516
45772
46007
46384
47333
47726
47857
48517
48672
48678
48714
49097
50486
52298
56836
56899
57096
58400
60157
60614
60694
60930
61113
61495
61739
62032
62533
65058
67350
69313
71340
71923
72299
74886
74945
76523
77093
78038
Number of cuts: 69

Rasputin
2821
3017
3033
3794
6231
6597
7525
9753
11616
14342
14558
16503
20221
21082
22479
22731
23242
23356
24336
24746
24758
31275
33623
35813
36302
36404
36673
41009
41769
42724
42995
43402
44817
45050
Number of cuts: 34

RER2
2821
3017
3033
3794
6231
6612
11647
14178
14373
16534
17191
20252
21113
22019
22509
23260
24365
24763
24775
24787
31304
33652
35842
36331
36433
36702
41038
41798
42753
43024
43431
44846
45079
Number of cuts: 33

RexFury
2852
3048
3064
3825
6262
6643
11678
14209
14404
16565
17222
20283
21059
22050
22540
22792
23291
24396
24794
24806
31335
33683
35873
36362
36464
36733
38834
41068
41828
42783
43054
43461
44876
45109
Number of cuts: 34

RGL3
226
772
837
3019
3035
3796
4102
5181
6414
8372
8758
10458
11443
14531
14585
14705
14987
16698
17352
23738
24991
27140
30271
31116
31905
32737
32989
34502
35467
36154
37697
38082
41752
44602
45625
46835
47472
Number of cuts: 37

Rhodalysa
2821
3017
3033
3794
6231
6612
11647
14178
14373
16534
17191
20252
21028
22019
22509
22761
23260
24365
24763
24775
31304
33652
35842
36331
36433
36702
41038
41798
42753
43024
43431
44846
45079
Number of cuts: 33

StCroix
2821
3017
3033
3794
6231
6612
11647
14178
14373
16534
17191
20252
21028
22522
22774
23273
24378
24776
24788
31317
33665
35855
36353
36455
36724
41060
42775
43046
43453
44868
45101
Number of cuts: 31

Swann
2821
3017
3033
3794
6231
6612
11647
14178
14373
16534
17191
20252
21028
22019
22509
22761
23260
24365
24763
24775
29362
31302
33650
35840
36329
36431
36700
41036
41796
42751
43022
43429
44844
45077
Number of cuts: 34

Takoda
2813
3009
3786
6589
11607
13865
14387
14549
16494
21073
21263
22481
22733
24748
29337
31211
36025
36885
41222
43760
45172
Number of cuts: 21

Trina
1556
3263
4053
7816
9906
10799
10877
11197
13982
14538
25940
27367
34948
41459
45767
46466
47567
47771
48853
51049
51978
55029
55194
58652
61622
64802
73466
78940
87758
89543
95460
98149
101580
104250
106327
107735
109391
119009
119097
125695
134457
137958
Number of cuts: 42

TWAMP
2821
3017
3033
3794
6231
6612
11647
14178
14373
16534
17191
20252
21028
22019
22509
22761
23260
24365
24763
24775
31304
33652
35842
36331
36433
36702
41038
41798
42753
43024
43431
44846
45079
Number of cuts: 33

UhSalsa
2821
3017
3033
3794
6231
6612
11647
14178
14373
16534
17191
20252
21028
22019
22509
22761
23260
24366
24764
24776
29363
31237
33585
35784
36273
36375
36644
38745
40979
41739
42694
42965
43372
44787
45020
Number of cuts: 35

Weasels2
184
5930
6067
12462
17594
26641
35159
37045
45201
47409
48122
50554
51949
57318
61760
65770
76894
89842
99458
101714
108586
111201
114547
131889
Number of cuts: 24

Yogi
2821
3017
3033
3794
6231
6597
7525
9752
11621
14347
14563
16508
20226
21002
21087
22483
24339
24737
24749
24761
31278
35813
36302
37053
39154
41389
43104
43375
43782
45197
45430
Number of cuts: 31

Yoncess
2821
3017
3033
3794
6231
6597
7525
11621
14347
14563
16508
20226
21002
21087
22484
23235
24340
24750
24762
31058
35596
36085
36187
36456
38557
40792
42511
42782
43190
44605
44838
Number of cuts: 31

