Alatin
697
1079
1145
3124
3438
3694
4199
4946
5335
5570
5626
6069
6805
7095
7883
8249
8312
8350
9050
9107
9221
11107
11111
11537
11563
12455
12635
13043
13328
14205
14790
15803
16866
16929
17241
17269
17288
18287
19060
19254
20008
20180
20726
20751
20917
22217
22989
22995
23546
24410
24451
24520
25002
25542
25747
25889
26382
26949
27061
27976
28607
29740
29825
30217
30530
30599
30787
30806
31286
31303
31708
32059
32362
32767
33745
34661
34771
35124
35674
36312
36703
37734
37854
38194
38458
38469
38803
39060
39152
39839
40392
42070
43550
43602
43775
44424
44818
45210
45472
45567
46041
Number of cuts: 101

Alpacados
697
737
1079
1145
3086
3229
3400
4978
5102
5297
5532
5588
6031
6752
7042
8274
8312
8980
8997
9037
10274
11043
11047
11499
12391
12571
12979
13264
13600
14772
15739
16580
16786
16802
16952
17177
17205
17224
17738
17906
18818
18996
19184
20662
22843
22858
22864
23415
24279
24320
24389
24871
25411
25794
26287
26966
28079
28512
29645
29730
30435
30504
30692
30711
30884
31191
31208
31613
31964
32267
32672
34563
34673
35026
35576
36596
38087
38351
38362
38696
38953
39045
40215
40702
40792
40969
41893
43373
43425
43598
44247
44641
45033
45295
45390
45864
Number of cuts: 96

AngryOrchard
692
732
1072
1138
2658
3069
3639
4144
4891
4961
5189
5280
5571
5620
5800
6014
6671
6735
7492
8257
8295
8963
9020
10042
10078
10257
11026
11030
11456
11482
12374
12554
12962
13247
13583
13790
14709
15722
16785
17160
17188
17889
18979
20645
20670
21384
21883
22853
22859
23034
23130
23474
24014
24275
24316
24385
24690
24867
25259
25754
26925
28038
29604
29849
30328
30397
30585
30604
30777
31084
31101
31506
31857
32391
32638
34723
34833
35186
36281
36554
36756
37312
37787
38247
38511
38856
38993
39113
39205
40447
40597
41030
42354
42387
42543
43595
43647
43817
44062
44466
44860
45142
45161
45427
45969
Number of cuts: 105

AppleCloud
492
532
872
938
2833
2976
3147
3908
4725
5044
5335
5778
6102
6499
6663
6789
8021
8059
8703
8760
8790
9818
11190
11216
12442
13008
13416
15066
15091
15768
16188
16831
17234
17253
17935
18847
19025
19219
20579
20691
20882
21047
22706
23026
23465
24285
24326
24395
24877
25417
25764
26257
26824
26936
28049
29691
29947
30260
30329
30517
30536
30709
31016
31033
31406
31438
32092
32454
32570
34498
34851
35401
36421
37452
37572
37912
38521
38870
39554
41787
43267
43319
43492
44141
44535
44927
45189
45284
45758
Number of cuts: 89

Belenaria
697
1079
1145
3124
3438
3694
4199
4946
5335
5570
5626
6069
6805
7095
7883
8249
8312
8350
9050
9107
9221
11107
11111
11537
11563
12455
12635
13043
13328
14205
14790
15803
16866
16929
17241
17269
17288
18287
19060
19254
20008
20180
20726
20917
21805
22922
22928
23479
24344
24385
24454
24936
25476
25823
26316
26883
26995
27204
27910
28541
29672
29935
30396
30465
30653
30672
30845
31152
31169
31574
31925
32228
32633
33611
34536
34646
34999
35549
36569
37600
37720
38060
38669
39018
39702
41935
43415
43467
43640
44289
44683
45075
45337
45432
45906
Number of cuts: 95

BobbyDazzler
697
737
1079
1145
3195
3338
3509
5087
5406
5641
5697
6140
6861
7151
8383
8421
9089
9146
10168
10383
11152
11156
11608
12500
12680
13088
13373
14881
15848
16689
16895
16911
17061
17286
17314
17847
18015
18927
19105
19293
20681
20771
22208
22953
22968
22974
24389
24430
24499
24804
24981
25521
25756
25868
26361
27040
28153
28586
29719
29804
30509
30578
30766
30785
30958
31265
31282
31687
32038
32341
32746
34640
34750
35103
35653
36673
37824
38164
38428
38439
38773
39030
39122
39165
40849
40939
41116
42041
43521
43573
43746
44395
44789
45181
45443
45538
46012
Number of cuts: 97

Bonanza
697
737
1079
1145
1630
3124
3267
3438
5016
5140
5335
5570
5626
6069
6790
7080
8312
8350
9018
9035
9075
10312
11081
11085
11537
12307
12429
12609
13017
13302
13638
14810
15777
16618
16824
16840
16990
17215
17243
17262
17776
17944
18856
19034
19222
20700
21439
22896
22902
23453
23924
24317
24358
24427
24909
25449
25796
26289
26968
28081
28514
29647
29732
30437
30506
30694
30713
30886
31193
31210
31615
31966
32269
32674
34565
34675
35028
35578
36381
36743
36978
38129
38469
38733
38744
39078
39335
39395
40667
40967
41154
41244
41421
42345
43825
43877
44050
44699
45093
45485
45747
45842
46301
Number of cuts: 103

Bradshaw
697
737
1079
1145
2612
2713
2783
3124
3694
4199
4946
5335
5570
5626
6069
6408
6805
7095
7883
8249
8312
8350
9050
9107
9221
11107
11111
11537
11563
12455
12635
13043
13328
14205
14790
15803
16866
16929
17241
17269
17288
18287
19060
19254
20008
20134
20180
20726
20917
22922
22928
23479
24343
24384
24453
24935
25475
25680
25822
26315
26882
26994
27909
28540
29673
29758
30150
30463
30532
30720
30739
31219
31236
31641
31992
32295
32700
33678
34594
34704
35057
35607
36245
36636
37667
37787
38127
38391
38402
38736
38993
39085
39772
40325
42003
43483
43535
43708
44357
44751
45143
45500
Number of cuts: 102

Bryce
697
737
1079
1145
1630
3124
3267
3438
5016
5335
5570
5626
6069
6790
7080
8312
8350
9018
9035
9075
10097
10312
11081
11085
11537
12429
12609
13017
13302
13638
14810
15777
16618
16824
16840
16990
17215
17243
17262
17776
17944
18856
19034
19222
20700
22137
22882
22897
22903
24318
24359
24428
24733
24910
25450
25685
25797
26290
26857
26969
28082
28515
29648
29733
30217
30286
30474
30493
30666
30973
30990
31395
31746
32049
32454
34348
34458
34811
35361
36381
37532
37872
38136
38147
38481
38738
38830
40070
40557
40647
40824
41749
43229
43281
43454
44103
44497
44889
45151
45246
45720
Number of cuts: 101

ChewyVIII
116
376
654
1070
1111
1125
1433
1741
2159
2252
2352
3116
3484
3547
3774
3997
4229
4403
4761
4978
6630
6769
6842
7183
7873
8090
8311
8335
8370
8751
9022
9270
9804
9855
10303
10777
10789
11784
12027
12255
12290
12347
12392
12611
12791
13034
13207
13473
13811
14009
14445
14481
15132
15294
15588
15881
16049
16376
16788
16832
17348
17375
17504
17546
17624
18323
18453
18715
18903
19592
19902
20169
20228
21029
21191
21371
21482
22135
22213
22390
22533
22631
22768
22866
23429
23543
23936
24962
26684
26922
27256
27296
27487
27837
27874
28034
28843
29242
29923
30181
30292
30639
30669
32076
32331
32497
32712
32997
33408
34110
34278
34525
34589
34776
35196
35346
35511
36219
36667
37010
37481
37589
37652
37859
38069
38424
38643
38814
39994
40150
40537
40919
41018
41552
41967
42091
42224
42831
43294
43891
44456
44563
45074
46166
46481
47276
47375
47398
47522
48365
48380
49039
49558
49862
50264
50353
50786
50853
51083
51100
51640
52317
52404
52640
53247
54129
54210
55024
55223
55428
55523
55908
56200
56320
56356
56840
56947
57255
58527
58751
58791
58856
58860
58886
58905
58977
59820
59966
60348
60540
60552
60792
61054
61353
61546
61772
61976
62082
63141
63264
65652
66647
67015
Number of cuts: 203

CosmicSans
697
737
1079
1145
2612
2713
2783
3124
3694
4199
4946
5335
5570
5626
6069
6408
6805
7095
7883
8249
8312
8350
9050
9107
9221
11107
11111
11537
11563
12455
12635
13043
13328
14205
14790
15803
16866
16929
17241
17269
17288
18287
19060
19254
20008
20180
20726
20917
22922
22928
23479
24343
24384
24453
24935
25327
25475
25822
26315
26882
26994
27909
28540
29673
29758
30150
30463
30532
30720
30739
31219
31236
31641
31992
32295
32700
33678
34594
34704
35057
35607
36627
37658
37778
38118
38382
38393
38727
38984
39076
39763
40316
40803
40893
41070
41994
43474
43526
43699
44348
44742
45134
45396
45491
45965
Number of cuts: 105

Dinger
694
734
1074
1140
3120
3434
4195
4942
5331
6065
6786
8308
8346
9014
9071
10093
10308
11077
11081
11507
11533
12425
12605
13013
13298
15773
16836
17211
17239
17258
17940
19030
20584
20696
20721
21435
21955
22133
22905
22911
23182
23526
23934
24327
24368
24437
24919
25459
25806
26299
26866
26978
28091
29734
30332
30401
30589
30608
30781
31088
31105
31510
31861
32164
32242
32349
32642
34736
34846
35199
35749
36769
37325
37800
38260
38524
38869
39126
39218
40460
40610
41214
42405
42561
43613
43665
43835
44484
44878
45160
45179
Number of cuts: 91

DocB7
39
504
648
1669
2157
3298
3382
3660
3898
3911
4017
4659
4779
4821
7110
7202
7470
7898
8031
8620
8627
8941
9338
9487
9803
10069
10726
10787
10802
10841
10930
11335
11524
12165
12324
12396
12538
12735
12768
13236
13273
13628
14028
14513
14694
15480
15705
16847
17457
17926
18659
18842
18935
19378
19822
19831
20072
20412
20922
22013
22704
23063
23537
23630
23944
23974
24152
24317
24746
25233
25490
25853
25994
26026
26384
26423
26705
27526
27595
28396
28446
28789
29092
29364
29404
29415
29688
30492
30554
31211
31979
32049
33044
33391
33419
33760
33895
33902
34357
35473
35492
35627
35723
36425
36691
36829
36972
37024
37279
37633
37707
38054
38437
39448
39556
39773
40185
40231
40547
41099
41108
41201
41297
42293
42374
42709
42952
43871
43917
43926
44208
44344
44995
45488
46598
47128
47796
47930
48077
48085
48295
48959
49008
49509
49948
50090
51250
51265
51408
51547
51699
52387
52507
53353
53421
53442
53534
53598
53772
53795
53912
54053
54123
54248
54371
54911
55029
55107
55352
55734
56279
56491
56907
57782
57830
58495
58835
59593
59744
59867
59971
61176
61347
62086
62205
62706
62856
63864
64323
65829
66341
66699
69958
71095
71113
71806
72294
72516
72743
72765
73557
73651
74359
Number of cuts: 203

E3
1168
1598
1923
2250
2508
2691
2901
3258
3675
3801
3912
4103
4172
4694
5632
5794
5920
6031
6121
6192
7270
8433
8459
8888
9156
9760
9964
10059
10197
10756
10840
10911
10969
11951
11975
12228
12383
13417
13909
14342
15176
16573
16630
16915
17070
17529
18025
18907
19282
19320
19917
20091
21179
22200
22208
22323
24793
25992
27075
27608
28230
29206
29789
29911
31309
32033
32234
32499
32591
32621
32984
33470
33659
34231
34271
35021
35242
35416
35503
36369
36543
36736
37017
37377
38155
38763
38777
39978
40199
40677
41220
41626
41670
42035
42536
43315
43844
43962
44091
44768
45130
46202
46310
46725
47494
47688
47729
47826
48295
48580
49069
49211
51027
51100
52317
52481
52962
53154
53388
55751
55970
56396
56420
57463
58868
59276
60851
61126
62143
62287
62329
62416
62590
62665
63307
64197
64686
64718
64799
65233
65587
65613
66556
67157
67950
68228
68566
68756
69225
69486
71849
72282
72294
72420
72918
74088
74451
74661
75118
75152
75302
75446
76499
77292
77318
77927
78258
78590
79971
80043
80187
80529
80982
81153
81464
81654
81808
81819
81906
82386
83662
83715
83735
84121
84963
85209
85379
85401
86597
86735
87241
88052
89225
89277
89365
91337
91767
91797
91894
92007
93297
93532
94048
94129
94144
94666
95191
95260
95419
95895
96554
96587
97014
97901
98329
98511
99076
99613
100227
100761
100857
100981
101532
101900
102686
102704
104782
104923
105373
105517
106034
106072
107110
107119
107192
107267
107333
107846
108607
109010
109122
109259
109370
109382
109771
110070
110822
111156
111307
111451
112897
113026
113050
113140
113722
113994
114153
114662
114758
114841
115129
115135
115870
115899
116153
116207
116435
118528
118818
119087
120500
121403
122408
122474
123040
124323
124901
125169
125281
125643
125793
125823
126132
128135
128425
128833
128868
129224
129388
129397
129718
129971
130112
130756
131807
131828
131999
132488
132551
132925
133711
133761
135418
136030
136118
136135
136379
136655
136850
138335
138656
139093
139321
139777
139847
139900
141356
141896
142493
Number of cuts: 319

Erik
697
737
1079
1145
3124
3438
3694
4199
4946
5335
5570
5626
6069
6805
7095
7883
8249
8312
8350
9049
9106
9220
11106
11110
11536
11562
12454
12634
13042
13327
14204
14789
15802
16865
16928
17240
17268
17287
18286
19059
19253
20007
20179
20725
20916
21804
22921
22927
23478
24341
24382
24451
24933
25473
25820
26313
26880
26992
27201
27907
28538
29671
29756
29934
30395
30464
30652
30671
30844
31151
31168
31573
31924
32227
32632
33610
34526
34636
34989
35539
36559
37590
37710
38050
38314
38325
38659
38916
39008
39695
40634
40724
40901
41825
43305
43357
43530
44179
44573
44965
45227
45322
45796
Number of cuts: 103

Espica
697
1079
1145
3124
3438
3694
4199
4946
5335
5570
5626
6069
6805
7095
7883
8249
8312
8350
9050
9107
9221
11107
11111
11537
11563
12455
12635
13043
13328
14205
14790
15803
16866
16929
17241
17269
17288
18287
19060
19254
20008
20180
20726
20917
21805
22922
22928
23479
24344
24385
24454
24936
25476
25823
26316
26883
26995
27204
27910
28541
29672
29935
30396
30465
30653
30672
30845
31152
31169
31574
31925
32228
32633
33611
34536
34646
34999
35549
36569
37600
37720
38060
38669
39018
39702
41935
43415
43467
43640
44289
44683
45075
45337
45432
45906
Number of cuts: 95

Finch
249
383
494
524
596
854
1334
1904
2362
2657
2741
2834
3289
3780
3887
3941
4194
4222
4341
4572
5441
5660
6143
6653
6960
7144
7177
8569
8577
10667
10724
10787
11411
12023
12428
12606
12638
12839
13207
13393
13462
13801
13983
14063
14113
14853
15062
15845
16908
17447
17590
17895
17979
18271
18377
18978
19074
19165
19189
19249
20002
20061
20789
21512
21861
22212
22690
22827
25041
25361
25591
26481
26556
26717
26880
27966
28314
28560
28605
29024
29325
29630
29957
30289
30850
31846
32665
32737
33017
33370
33420
34008
34378
34723
36140
36467
36971
36998
37192
37402
37694
38297
39093
40198
40655
41511
41532
41888
42184
42279
42390
42735
44069
44731
44953
44988
45558
45990
46131
47208
47672
47848
50112
50219
50861
51494
51510
51869
52011
52058
52325
53501
53576
53585
55136
55213
55294
55855
55870
56244
56255
56346
56645
56954
57832
58201
58249
58253
58261
58312
58697
58964
59107
59650
60236
60540
60813
60828
61284
61446
61545
61727
62308
62529
62914
63090
63352
63733
64263
65510
65679
65792
66090
66489
66822
67105
67191
67527
67989
68043
68304
68600
68853
69392
69587
69642
70686
70814
70841
70931
71069
71165
71398
71684
72204
72306
72675
72711
72798
72953
73804
73826
74219
74605
75417
75645
75891
75918
75933
75984
76358
76480
76849
77002
77461
77563
78272
78406
78418
78484
79306
79495
79964
80029
80676
81064
81130
81368
81550
82483
82740
82784
83212
83551
83601
83862
84100
84429
84583
84879
84940
85369
85905
85935
86106
86237
86371
86873
87147
87256
87319
87486
87555
87755
87821
87960
88712
88906
89295
89440
89770
90076
90863
90914
91041
91255
91955
92035
92264
92666
92759
93222
94162
94370
94501
94520
94761
95152
95192
96067
96309
96469
96595
96727
96828
96884
96949
97220
97268
97295
97337
97376
98437
98573
99138
99486
99721
100088
100453
100589
101823
101887
101919
102283
103138
103200
103247
103442
103869
103906
104467
104474
104541
104636
105121
105435
106324
106439
106539
107285
107302
107621
108632
108841
108890
108937
109287
109644
109937
110630
110792
110893
111037
111140
111144
112358
112470
112676
113154
113333
114520
114589
115189
115869
116102
116246
116765
116939
117209
117309
117390
118419
119094
120046
120319
120361
120453
120726
120779
121518
122135
123313
123429
123636
123927
124614
124782
125174
125318
125889
126029
126092
126239
126395
126590
127204
128384
129449
130282
130737
131127
131241
131684
132120
132303
132333
132679
133029
133491
134297
134402
135656
135753
136058
136442
136604
136727
136797
136931
136988
137005
137066
137246
137544
137764
137770
138059
138361
138436
138848
Number of cuts: 410

Gollum
697
737
1079
1145
3124
3438
3694
4199
4946
5335
5570
5626
6069
6805
7095
7883
8249
8312
8350
9050
9107
9221
11107
11111
11537
11563
12455
12635
13043
13328
14205
14790
15803
16866
16929
17241
17269
18287
19060
19254
20008
20134
20180
20726
20917
21805
22922
22928
23199
23479
24343
24384
24453
24935
25822
26315
26882
26994
27909
28540
29671
29756
30148
30461
30530
30718
30737
31217
31234
31639
31990
32293
32698
33676
34592
34702
35055
35605
36625
37656
37776
38116
38725
39074
39758
40258
40745
40835
41012
41936
43416
43468
43641
44290
44684
45076
45338
45433
45907
Number of cuts: 99

Grayson
367
577
1309
1731
1960
2063
2239
2312
2493
2712
2899
2903
3612
4246
4946
5430
5758
5950
6203
6549
8398
9325
9880
9887
11437
11889
11925
12165
13784
13928
13961
14049
14499
15236
15248
15467
15584
16092
17715
17787
19594
19615
20332
20620
20926
21143
21378
23320
23981
24902
27216
32534
33820
34543
35026
35845
36221
37403
38087
38417
39273
42180
42633
42682
43342
44878
44962
45334
45472
47062
48598
49063
52005
52068
52147
52158
53118
53217
53638
55018
55103
55712
55769
55843
57421
57847
58536
59198
59399
60143
60250
60319
60902
61029
63929
64477
66732
67561
68718
68759
70072
72053
72058
72484
72798
72969
73546
74630
77347
79372
79527
81285
81812
82404
83262
83707
84450
86788
87853
88076
88343
89012
91894
92076
92164
93064
93673
93719
93825
94833
96119
96794
97236
97752
97972
98945
100220
100900
102655
103958
104475
105610
105813
105879
106048
106748
106843
107522
107835
108023
108481
108762
109479
109697
110559
110704
111116
111160
111244
111566
112623
113201
113296
114732
115424
115566
115703
115816
116395
118334
119271
119866
120731
121475
122252
123206
124226
129268
129478
130210
130632
130861
130964
131140
131213
131394
131613
131800
Number of cuts: 188

Harlequin
697
737
1079
1145
1630
3124
3267
3438
4199
4946
5016
5335
5570
5626
6069
6790
8312
8350
8994
9051
9081
10073
10288
11057
11061
11513
12405
12585
12993
13278
13614
14786
15753
16594
16800
16816
16966
17191
17219
17238
17752
17920
18832
19010
19198
20676
22167
22912
22927
22933
24348
24389
24458
24763
24940
25480
25715
25827
26320
26887
26999
28112
28545
29678
29763
30247
30316
30504
30523
30696
31003
31020
31425
31776
32079
32484
34378
34488
34841
35391
36411
37562
37902
38166
38511
38860
39549
40689
40859
41784
43264
43316
43489
44138
44532
44924
45186
45281
45755
Number of cuts: 99

Hiro
697
737
1079
1145
1630
3124
3267
3438
5016
5335
5570
5626
6069
6790
7080
8312
8350
8994
9051
9081
10109
11481
11507
12733
13299
13707
15357
15382
16059
16479
17106
17122
17525
17544
18226
19316
20870
20982
21173
21338
22997
23317
23756
24603
24644
24713
25195
25735
25970
26082
26575
27254
28367
28800
29933
30018
30723
30792
30980
30999
31172
31479
31496
31901
32252
32555
32960
34854
34964
35317
35867
36887
38038
38378
38642
38653
38987
39244
40576
41063
41153
41330
42255
43735
43787
43960
44609
45003
45395
45657
45752
46226
Number of cuts: 92

Jace
135
757
817
1090
1115
2515
2677
2770
2882
3061
4276
4674
5267
6451
6786
7258
7801
8470
9081
9376
11258
12491
12875
13106
13376
13862
13940
14566
14570
14743
15243
15598
15643
15700
17446
18378
18420
18618
18898
19044
19572
19938
20526
21928
22400
22439
22556
22724
22751
22763
23009
24637
25347
25439
25992
26296
27396
27530
28678
29155
29215
29986
30986
31004
31166
31354
31641
32137
32206
33197
33389
34025
34178
35052
35275
36144
37009
38102
38276
38470
39415
39827
40198
40440
40939
42306
44592
44696
45330
45768
46847
47619
48731
49657
50064
50366
50746
50947
51265
52860
53098
53416
53602
Number of cuts: 103

Jester
697
737
1079
1145
1630
3124
3267
3438
4199
4946
5016
5335
5570
5626
6069
6790
8312
8350
8994
9051
9081
11481
11507
12399
12579
12987
15045
15070
15747
16794
16810
17213
17232
17914
18826
19004
19192
20670
22098
22843
22858
22864
24279
24320
24389
24694
24871
25411
25646
25758
26251
26818
26930
28043
28476
29609
29694
30178
30247
30435
30454
30627
30934
30951
31356
31707
32010
32415
34309
34419
34772
35322
36342
37493
37833
38097
38442
38791
39480
40620
40790
41715
43195
43247
43420
44069
44463
44855
45117
45212
45686
Number of cuts: 91

Krishelle
697
1079
1145
3124
3438
3694
4199
4946
5335
5570
5626
6069
6805
7095
8327
8365
9009
9066
9096
10124
11496
11522
12748
13314
13722
15372
15397
16074
16494
17137
17540
17559
18241
19153
19331
19525
20885
20997
21188
21353
23048
23368
23807
24627
24668
24737
25219
25759
26106
26599
27166
27278
28391
30033
30118
30510
30823
30892
31080
31099
31579
31596
32001
32352
32655
33060
34038
34954
35064
35417
35967
36605
36996
38027
38147
38487
38751
38762
39096
39353
39445
40132
40685
42363
43843
43895
44068
44717
45111
45503
45860
Number of cuts: 91

Lillie
697
737
1079
1145
2612
2713
2783
3124
3694
4199
4946
5335
5570
5626
6069
6408
6805
7095
7883
8249
8312
8350
9050
9107
9221
11107
11111
11537
11563
12455
12635
13043
13328
14205
14790
15803
16866
16929
17241
17269
17288
18287
19060
19254
20008
20180
20726
20917
22922
22928
23479
24343
24384
24453
24935
25327
25475
25822
26315
26882
26994
27909
28540
29673
29758
30150
30463
30532
30720
30739
31219
31236
31641
31992
32295
32700
33678
34594
34704
35057
35607
36627
37658
37778
38118
38382
38393
38727
38984
39076
39763
40316
40803
40893
41070
41994
43474
43526
43699
44348
44742
45134
45396
45491
45965
Number of cuts: 105

Mahdia
98
722
863
962
1086
1157
1273
1351
1352
1367
1451
1941
2613
2624
2642
2662
2693
2921
3080
3155
3721
3775
4057
4193
4199
4205
4250
5294
5429
5597
6111
6129
6185
6208
6857
6892
7284
7364
7698
7782
8398
8655
9051
9074
9101
9173
9403
9457
9502
9608
10811
11111
11375
11708
11945
11954
12122
12860
13889
14100
14150
14327
14658
14696
14931
15017
15081
15131
15394
15737
15766
16127
16697
16747
17134
17239
18268
19017
19053
19155
19220
19224
19559
19628
19707
19732
19849
19861
20594
21621
22017
22140
22765
22789
23249
23517
23607
23727
23832
24062
25477
25776
26581
26803
26899
28362
28478
28828
28855
28907
28972
29087
29564
29656
29873
29888
30003
30026
30061
30152
30176
30233
31155
31177
31434
31601
32560
32609
32894
33113
33428
33475
33589
33901
34519
34547
34601
35218
35399
35421
35484
35579
35961
36147
36480
36750
36817
36864
37056
37837
37971
38560
38671
38708
38759
38897
39316
39384
40979
41492
41545
41981
Number of cuts: 162

Naiad
697
1079
1145
3124
3438
3694
4199
4946
5335
5570
5626
6069
6805
7095
7883
8249
8312
8350
9050
9107
9221
11107
11111
11537
11563
12455
12635
13043
13328
14205
14790
15803
16866
16929
17241
17269
17288
18287
19060
19254
20008
20180
20726
20751
20917
22163
22935
22941
23492
24356
24397
24466
24948
25488
25693
25835
26328
26895
27007
27922
28553
29686
29771
30163
30476
30545
30733
30752
31232
31249
31654
32005
32308
32713
33691
34607
34717
35070
35620
36258
36649
37680
37800
38140
38404
38415
38749
39006
39098
39785
40338
42016
43496
43548
43721
44370
44764
45156
45418
45513
45987
Number of cuts: 101

Nancinator
697
1079
1145
3124
3438
3694
4199
4946
5335
5570
5626
6069
6805
7095
7883
8249
8312
8350
9050
9107
9221
11107
11111
11537
11563
12455
12635
13043
13328
14205
14790
15803
16866
16929
17241
17269
17288
18287
19060
19254
20008
20180
20726
20917
21805
22922
22928
23479
24344
24385
24454
24936
25476
25823
26316
26883
26995
27204
27910
28541
29672
29935
30396
30465
30653
30672
30845
31152
31169
31574
31925
32228
32633
33611
34536
34646
34999
35549
36569
37600
37720
38060
38669
39018
39655
40142
40232
40409
41333
42813
42865
43038
43687
44081
44473
44735
44830
45304
Number of cuts: 98

Natosaleda
697
737
1079
1145
2612
2713
3124
3438
3694
4199
4946
5335
5570
5626
6069
6805
7095
7883
8249
8312
8350
9050
9107
9221
11107
11111
11537
11563
12455
12635
13043
13328
14205
14790
15803
16866
16929
17241
17269
17288
18287
19060
19254
20008
20180
20726
20917
21805
22922
22928
23479
24343
24384
24453
24935
25475
25822
26315
26882
26994
27203
27909
28540
29671
29934
30395
30464
30652
30671
30844
31151
31168
31573
31924
32227
32632
33610
34535
34645
34998
35548
36568
37599
37719
38059
38668
39017
39701
41934
43414
43466
43639
44288
44682
45074
45336
45431
45897
Number of cuts: 98

Partridge
692
732
1072
1138
3183
3497
4258
5005
5075
5394
5685
6128
6849
8371
8409
9077
9134
10156
10371
11140
11144
11570
11596
12488
12668
13076
13361
15836
16899
17274
17302
17321
18003
19093
20759
20784
21498
22018
22196
22968
22974
23245
23589
23997
24390
24431
24500
24982
25522
25905
26398
26965
27077
28190
29833
30623
30692
30880
30899
31072
31379
31396
31801
32152
32455
32533
32817
32933
34892
35002
35355
35905
36925
37482
37957
38417
39026
39283
39375
40617
40767
41371
42559
43959
44011
44181
44830
45224
45505
45524
Number of cuts: 90

Pepy6
2036
2201
2327
3334
3410
3640
3844
3910
4750
5219
6011
6818
7911
8084
8236
8418
8875
9017
9138
9356
9509
9721
9933
10119
10200
10498
10800
12008
12557
13026
13158
13309
13686
13999
14641
14696
15785
17018
17268
17339
17370
18799
19154
19154
19404
19704
19916
20204
20603
20632
22122
22188
22222
23550
23703
23839
24256
24624
24993
25209
25521
25560
26203
26419
27736
27958
29071
29122
29457
29704
32926
33177
33610
34635
35349
36744
38020
38867
39559
41756
42198
42422
43658
44501
44784
44836
44910
45957
46071
46131
46233
47960
48510
49771
50351
50621
50859
50861
51320
51458
51845
52023
52517
52895
52963
53273
54175
55319
55328
55490
55706
55844
55862
56352
56463
57640
58426
59324
60702
60783
60965
62265
62539
63606
64622
65502
65842
65927
66036
66544
67259
67300
67573
67744
68147
68393
68532
68582
68628
68960
69388
69503
69620
70030
70171
70222
70728
70913
72110
72237
72333
72750
72799
73302
73953
74000
74055
74193
74204
74265
74291
74529
74823
74873
75006
75051
75119
75614
75663
76211
76275
76582
Number of cuts: 172

Peregrin
1754
2268
2341
2545
2936
2940
4101
6041
7364
9194
9201
10126
10332
10751
11203
11239
11479
12957
13206
13275
13363
13414
14153
14606
14825
14942
15450
15979
17386
18948
19146
19167
19732
19884
20309
20544
21591
22486
23147
23844
24476
24536
25697
29120
30063
30316
31215
32512
33325
34627
35009
35194
35539
36185
36869
37199
37311
37640
38054
40960
41413
41462
42122
43658
43742
44252
47378
48295
50851
50930
50941
51901
52421
52767
53801
53886
54552
55788
56214
56903
57565
57766
58617
58686
59396
60304
62134
65157
65986
67143
67184
67636
68183
68619
70468
71208
71379
71956
72908
73088
74454
75243
76728
78932
79895
80099
81816
83155
83600
84057
84623
86406
87969
88337
88505
91325
91507
91595
92495
92654
93104
93257
94976
95152
95443
95665
95827
96211
97975
98334
98631
99230
99425
102021
102198
103057
104360
104879
105985
106031
106234
106469
107024
107119
107795
108108
108296
108519
109298
109653
110220
110365
110821
110905
111535
111570
111632
111762
112951
113194
113878
114736
115573
117069
118434
119168
119385
120534
121211
121302
122164
123211
123416
124054
124598
126072
127088
127698
131823
132337
132410
132614
133005
Number of cuts: 183

Phrankenstein
697
737
1079
1145
3124
3438
3694
4199
4946
5335
5570
5626
6069
6805
7095
7883
8249
8312
8350
9050
9107
9221
11107
11111
11537
11563
12455
12635
13043
13328
14205
14790
15803
16866
16929
17241
17269
17288
18287
19060
19254
20008
20180
20726
20917
21751
22868
22874
23425
24289
24330
24399
24881
25273
25421
25768
26261
26828
26940
27855
28486
29619
29704
30096
30409
30478
30666
30685
30858
31165
31182
31587
31938
32241
32646
33624
34540
34650
35003
35553
36573
37604
37724
38064
38328
38339
38673
38930
39022
39709
40262
40749
40839
41016
41940
42903
43420
43472
43645
44294
44688
45080
45342
45437
45911
Number of cuts: 105

Pine5
41
129
292
409
769
871
1675
1767
2532
2568
3116
3208
3276
4048
5149
5731
5773
6126
6255
6298
6954
7101
7539
8087
8109
8372
8940
9009
10942
11121
12077
12899
13143
13639
14356
14712
14811
14837
14993
15061
15065
15086
16587
17284
18077
19203
19290
19671
19872
19948
19998
20287
20843
21641
21947
22118
22583
22721
22859
22881
22994
23072
23151
23234
23318
23522
23714
24299
24422
24571
25757
25918
26132
26206
26284
26335
26674
26767
26812
27052
27708
27747
27849
27897
27957
29073
29277
29406
29535
29547
29928
30503
30641
30803
30908
31117
31583
31651
31664
31747
32139
32190
32648
32880
33083
33146
33388
33628
33782
33858
34169
34301
34604
34789
34930
35072
35356
35458
35753
36059
36468
36687
36983
37019
37373
37715
37788
37902
38011
38025
38061
38691
38718
38793
39849
40027
40093
40383
40509
40509
41424
42291
42697
42921
43588
43822
43998
44286
44428
45022
45163
45256
45692
45701
46228
46576
46957
47148
47238
47702
48138
48516
48564
48669
48953
49103
49160
49556
50126
50629
50782
50874
51047
51239
51251
51507
51845
52608
52935
53150
53502
53619
53780
54013
54595
54803
54893
55228
56775
57039
57344
57736
57944
57987
58503
58844
59102
Number of cuts: 197

Poco6
2210
2483
4078
4341
4483
4607
5104
5581
5887
6091
6152
7193
7372
7423
7793
8081
8258
8669
9142
9836
10218
10873
11393
11849
11970
12306
12448
12569
12787
13009
13152
13364
13406
13928
14230
14341
14416
15103
15553
15577
16477
16515
16609
16760
17450
17690
18000
18545
19018
20574
20793
21002
21042
21537
21726
21938
22625
23291
24147
24213
24574
25177
25563
26071
26269
27006
27222
27573
27666
27799
28216
28432
29339
29755
31141
31364
32359
32434
33187
33819
35202
35635
36583
36646
36657
37371
38253
38766
38945
39083
39428
40042
40224
40889
42157
43558
44014
44216
44967
44976
45163
45484
45618
46540
46762
47271
47482
47566
47597
48435
48964
49952
50191
51753
51821
51866
52136
52386
52388
52640
52829
53098
53354
53532
53543
54025
54403
54471
54781
55851
55893
56827
56836
57352
57370
57456
57562
57860
57899
58592
59989
60264
60381
60485
61133
61903
61984
62166
62991
63185
63217
63459
64243
64560
65471
65519
66740
67779
68364
68487
68693
68814
69086
69371
69617
69647
69864
71488
71551
72071
72115
72181
73372
73595
74061
74564
75317
75455
75527
75791
76085
76319
76882
76931
77099
77200
77305
77328
77479
77543
Number of cuts: 190

Rasputin
697
737
1079
1145
3124
3438
3694
4199
5016
5335
5570
5626
6069
6790
7080
7547
8313
8351
9019
9036
9076
11080
11506
11532
12302
12424
12604
13297
14805
15772
16613
16819
16835
16985
17210
17238
17771
17939
18851
19029
19217
20695
22132
22892
22898
23169
23513
23921
24314
24355
24424
24906
25446
25793
26286
26853
26965
27174
28511
29644
29729
30121
30503
30691
30710
30883
31190
31207
31612
31963
32266
32671
33649
34565
34675
35028
35578
36598
37629
37749
38089
38353
38364
38698
38955
39047
39734
40287
40774
40864
41041
41965
43445
43497
43670
44319
44713
45105
45367
45462
45936
Number of cuts: 101

RER2
697
737
1079
1145
2612
2713
2783
3124
3694
4199
4946
5335
5570
5626
6069
6408
6805
7095
7883
8249
8312
8350
9050
9107
9221
11107
11111
11537
11563
12455
12635
13043
13328
14205
14790
15803
16866
16929
17241
17269
17288
18287
19060
19254
20008
20180
20726
21805
22907
22922
22928
24343
24384
24453
24935
25475
25822
26315
26994
28107
28540
29673
29758
30463
30532
30720
30739
31219
31236
31641
31992
32295
32700
33678
34594
34704
35057
35607
36627
37658
37778
38118
38382
38393
38727
38984
39076
39763
40316
40803
40893
41070
41994
43474
43526
43699
44348
44742
45134
45396
45491
45965
Number of cuts: 102

RexFury
728
768
1110
1176
3155
3469
3725
4230
4977
5366
5601
5657
6100
6836
7126
7914
8280
8343
8381
9081
9138
9252
11138
11142
11568
11594
12486
12666
13074
13359
14236
14821
15834
16897
16960
17272
17300
18318
19091
19285
20039
20165
20211
20757
20948
21836
22953
22959
23510
24374
24415
24484
24966
25506
25853
26346
26913
27025
27940
28571
29704
29789
30181
30563
30751
30770
30943
31250
31267
31672
32023
32326
32731
33709
34625
34735
35088
35638
36658
37689
37809
38149
38758
39107
39791
42024
43504
43556
43729
44378
44772
45164
45426
45521
45995
Number of cuts: 95

RGL3
278
723
881
1038
1060
1126
1484
2785
3126
3269
3440
3696
4093
4405
4948
5246
6071
6795
6936
7873
8302
8340
8590
8985
9016
9226
9494
9794
10965
11086
11538
12553
12745
14343
14440
14608
14787
15952
16808
16889
17030
17449
17453
17883
18131
18345
19210
19481
19502
19794
21246
21672
21860
21891
22656
22722
22740
23218
23739
24831
25417
26197
26467
27272
27969
28008
28518
29094
29884
30122
31202
31409
31431
31792
31802
31889
31906
32876
33172
35230
35372
35660
35876
35994
36631
38667
38677
39518
40569
40647
41201
42102
42671
43238
43302
43472
43559
43818
43848
44812
44824
44963
45075
45395
46035
46752
47293
Number of cuts: 107

Rhodalysa
697
737
1079
1145
2612
2713
2783
3124
3694
4199
4946
5335
5570
5626
6069
6408
6805
7095
7883
8249
8312
8350
9050
9107
9221
11107
11111
11537
11563
12455
12635
13043
13328
14205
14790
15803
16866
16929
17241
17269
17288
18287
19060
19254
20008
20180
20726
20917
22922
22928
23479
24343
24384
24453
24935
25327
25475
25822
26315
26882
26994
27909
28540
29673
29758
30150
30463
30532
30720
30739
31219
31236
31641
31992
32295
32700
33678
34594
34704
35057
35607
36627
37658
37778
38118
38382
38393
38727
38984
39076
39763
40316
40803
40893
41070
41994
43474
43526
43699
44348
44742
45134
45396
45491
45965
Number of cuts: 105

StCroix
697
1079
1145
3124
3438
3694
4199
4946
5335
5570
5626
6069
6805
7095
7883
8249
8312
8350
9050
9107
9221
11107
11111
11537
11563
12455
12635
13043
13328
14205
14790
15803
16866
16929
17241
17269
17288
18287
19060
19254
20008
20180
20726
20751
20917
22163
22935
22941
23492
24356
24397
24466
24948
25488
25693
25835
26328
26895
27007
27922
28553
29686
29771
30163
30476
30545
30733
30752
31232
31249
31654
32005
32308
32713
33691
34607
34717
35070
35620
36258
36649
37680
37800
38140
38404
38415
38749
39006
39098
39785
40338
42016
43496
43548
43721
44370
44764
45156
45418
45513
45987
Number of cuts: 101

Swann
697
1079
1145
3124
3694
4199
4946
5335
5570
5626
6069
6408
6805
7095
7883
8249
8312
8350
9050
9107
9221
11107
11111
11537
11563
12455
12635
13043
13328
14205
14790
15803
16866
16929
17241
17269
17288
18287
19060
19254
20008
20180
20726
20751
20917
21805
22922
22928
23479
24343
24384
24453
24935
25475
25822
26315
26882
26994
27909
28540
29671
29756
30148
30461
30530
30718
30737
31217
31234
31639
31990
32293
32698
33676
34592
34702
35055
35605
36625
37656
37776
38116
38380
38391
38725
38982
39074
39761
40314
40801
40891
41068
41992
43472
43524
43697
44346
44740
45132
45394
45489
45963
Number of cuts: 102

Takoda
692
732
1072
1138
2705
3116
3686
4191
4938
5008
5236
5327
5618
5667
6061
6718
6782
7539
8304
8342
9010
9067
10125
10304
11067
11071
11497
11523
12415
12595
13003
13288
13624
13831
14750
15763
16826
17201
17229
17930
19020
20686
20711
21042
21425
21924
22894
22900
24316
24357
24426
24731
25300
25448
25683
25795
26288
26967
27842
28080
28210
29646
29909
30370
30439
30627
30646
30819
31126
31143
31548
31899
32433
32680
34777
34887
35240
36608
36810
37366
37841
38301
38565
38910
39047
39167
39259
39948
40501
40651
41084
42441
42597
43321
43803
43855
44025
44674
45068
45350
45369
46178
Number of cuts: 102

Trina
1120
1500
5912
5960
6493
6721
7270
7574
7906
11161
11373
11765
11913
13920
14112
17673
17846
18005
19058
21327
21916
22842
23290
25638
25853
26727
27569
28113
29569
32262
33659
34645
35996
37131
37265
37358
37824
38619
40362
40404
43264
44448
44718
46959
48051
48216
48797
50526
50922
51761
52510
53032
53413
55217
55254
58705
58742
59022
60138
60450
61260
62490
62548
62681
62864
63151
64852
65142
65745
65917
66007
67147
67816
68799
69027
69964
71071
71401
71938
72270
72714
73566
74672
75351
75564
78177
79596
80645
80657
81287
82884
83883
84596
85165
85519
87265
88873
89106
90036
90304
92242
92872
94400
94793
95777
97346
97480
97600
98747
100600
101050
101756
103469
104530
105784
107191
108776
112891
113060
114063
115864
116712
116986
117180
117290
119371
119413
119886
120355
120487
121738
122770
124349
124394
125775
126773
127889
128288
130272
131931
132442
132537
133676
134637
135545
136092
137522
137902
Number of cuts: 148

TWAMP
697
737
1079
1145
2612
2713
2783
3124
3694
4199
4946
5335
5570
5626
6069
6408
6805
7095
7883
8249
8312
8350
9050
9107
9221
11107
11111
11537
11563
12455
12635
13043
13328
14205
14790
15803
16866
16929
17241
17269
17288
18287
19060
19254
20008
20180
20726
20917
22922
22928
23479
24343
24384
24453
24935
25327
25475
25822
26315
26882
26994
27909
28540
29673
29758
30150
30463
30532
30720
30739
31219
31236
31641
31992
32295
32700
33678
34594
34704
35057
35607
36627
37658
37778
38118
38382
38393
38727
38984
39076
39763
40316
40803
40893
41070
41994
43474
43526
43699
44348
44742
45134
45396
45491
45965
Number of cuts: 105

UhSalsa
697
1079
1145
3124
3438
3694
4199
4946
5335
5570
5626
6069
6805
7095
7883
8249
8312
8350
9050
9107
9221
11107
11111
11537
11563
12455
12635
13043
13328
14205
14790
15803
16866
16929
17241
17269
17288
18287
19060
19254
20008
20180
20726
20917
21805
22922
22928
23479
24344
24385
24454
24936
25476
25823
26316
26883
26995
27204
27910
28541
29672
29935
30396
30465
30653
30672
30845
31152
31169
31574
31925
32228
32633
33611
34536
34646
34999
35549
36569
37600
37720
38060
38669
39018
39702
41935
43415
43467
43640
44289
44683
45075
45337
45432
45906
Number of cuts: 95

Weasels2
581
1371
1645
1677
1775
3948
5186
7062
7396
7874
8122
8280
9882
10189
10378
10626
11786
11868
11894
12230
12506
12999
14212
14416
14695
15426
15768
15885
16393
18398
19081
19694
19740
21541
21640
22893
23008
23554
29651
31253
31381
31628
32463
32739
33165
33375
33429
35571
35830
37610
38043
38045
39579
40669
41130
41591
42271
42908
42980
43872
45459
46567
46632
47186
47646
49067
51572
51635
51714
52685
53205
53444
54559
54899
55310
55401
55464
55734
56136
57013
57547
58628
58645
61323
62106
63070
63949
65323
66255
68187
68347
68892
69396
71914
72114
72135
72737
73002
73998
74049
74952
75122
75808
77429
77561
78202
79542
79559
81208
81460
84184
84229
84832
85129
88156
88626
89874
89914
90106
90184
90975
91183
91233
92869
92885
93469
93684
95272
95934
97083
97534
98249
100378
100574
101280
101328
101445
102150
102271
102760
103714
104068
104728
106728
107467
108106
109240
109328
109586
110106
110204
110787
111146
111273
112636
113030
114181
115130
115442
115614
115770
116784
116805
117108
117224
119186
119704
121249
121466
123004
124002
124330
125384
125405
125649
125716
125884
126649
127847
128473
128927
129112
129776
129962
130485
131085
132286
133076
133350
133382
133480
Number of cuts: 191

Yogi
697
737
1079
1145
1630
3124
3267
3438
5016
5140
5335
5570
5626
6069
6790
7080
8312
8350
9018
9035
9075
10312
11081
11085
11537
12307
12429
12609
13017
13302
13638
14810
15777
16618
16824
16840
16990
17215
17243
17262
17776
17944
18856
19034
19222
20700
21439
22896
22902
23453
23924
24317
24358
24427
24909
25449
25796
26289
26968
28081
28514
29647
29732
30437
30506
30694
30713
30886
31193
31210
31615
31966
32269
32674
34565
34675
35028
35578
36381
36743
36978
38129
38469
38733
38744
39078
39335
39395
40667
41154
41244
41421
42345
43825
43877
44050
44699
45093
45485
45747
45842
46301
Number of cuts: 102

Yoncess
697
737
1079
1145
1630
3124
3267
3438
5016
5335
5570
5626
6069
6790
7080
7547
8312
8350
9018
9075
10097
10312
11081
11085
11537
12429
12609
13017
13302
13638
14810
15777
16618
16824
16840
16990
17215
17243
17776
17944
18856
19034
19222
20700
22137
22882
22897
22903
24318
24359
24428
24733
24910
25450
25685
25797
26290
26969
28082
28515
29648
29733
30217
30286
30474
30493
30666
30973
30990
31395
31746
32049
32454
34348
34458
34811
35361
36381
37532
37872
38136
38147
38481
38738
38830
40070
40557
40647
40824
41752
43233
43285
43458
44006
44107
44501
44893
45155
45250
45724
Number of cuts: 100

