Alatin
108
290
1440
1485
1531
1972
2114
2166
2444
2909
3514
3771
3969
4417
4494
5190
5267
6265
6357
6746
6970
7275
8982
9906
10886
10994
12573
12717
12873
13289
13305
13822
15279
16033
16535
16820
16898
17877
18543
18621
18861
18911
19021
19147
19438
20356
20517
20696
21423
21732
21824
22085
22876
23193
24223
24257
24412
25222
25502
26920
27086
27124
27536
28456
29226
29909
30628
31137
31258
31282
31861
32301
32376
32603
32880
33188
33926
34172
34972
35379
37424
37781
38064
38259
38653
38770
39086
39365
39393
40174
41881
42851
43690
43763
44558
44602
44660
44668
45364
45727
45909
46455
46510
Number of cuts: 103

Alpacados
290
1440
1485
1531
1912
1925
2406
2871
3476
3733
3814
3955
4379
4456
5152
5776
5782
6212
6693
6917
7222
8111
10574
10708
10822
12653
13225
13240
13241
13758
14389
15215
15354
15746
15831
15894
15969
16834
17813
18479
18557
18797
18847
18957
19083
19576
20292
20453
20529
20632
21359
21687
21967
24092
24126
24281
25371
26108
26732
26825
26991
27029
27441
28361
29131
29814
30533
31042
31163
31187
31766
32206
32281
32785
34077
34874
35281
37459
37674
37957
38152
38426
38546
38979
39258
39286
39391
41191
41704
42674
43513
43586
44381
44425
44483
44491
45187
45550
45732
46276
46330
Number of cuts: 101

AngryOrchard
108
297
1433
1447
1478
1524
1917
2059
2389
2854
3716
3914
4362
4439
5135
5765
6676
6900
7205
8895
10053
10691
10805
10913
10969
12492
12636
13208
13224
13741
14284
14293
14401
14415
15198
15729
15952
16817
17796
18462
18540
18780
18830
18940
19066
19350
20538
20654
20748
21728
21890
22175
23057
24088
24122
24277
25367
26988
27400
28320
29090
29789
30426
30935
31056
31080
31659
32099
33232
33763
34237
34902
35441
36976
37477
37834
38117
38312
38823
39139
39418
39446
39702
39853
40216
40229
41934
42882
42915
43735
43975
44023
44600
44644
44702
44710
45319
45671
45838
46435
Number of cuts: 100

AppleCloud
1233
1681
1875
2618
3209
3223
3480
4126
4203
4899
4950
5529
5959
6037
6440
6664
6969
8400
9469
9793
10195
10297
10703
12066
12284
13254
13269
13270
13378
13787
14339
15244
15775
15998
16785
16863
17842
18508
18586
18826
18876
18986
19112
19403
19714
20321
20558
20700
21716
21774
21996
22318
23072
23137
23372
24098
24132
24287
25377
26078
26702
26961
27411
29180
29412
29494
30358
30867
30988
31012
31591
32031
33366
33853
33896
34699
35106
37499
37782
37977
38251
38488
38804
39111
39889
40031
40118
40137
40202
40461
40497
41085
41598
42568
43407
43480
44275
44319
44377
44385
45081
45444
45626
46171
46226
Number of cuts: 105

Belenaria
108
290
1440
1485
1531
1972
2114
2166
2444
2909
3514
3771
3969
4417
4494
5190
5267
6265
6357
6746
6970
7275
8982
9906
10886
10994
12573
12717
12873
13289
13305
13822
15279
16033
16535
16820
16898
17877
18543
18621
18911
19021
19147
19438
20356
20517
20696
21423
21720
21770
22031
22739
22809
24157
24191
24346
25156
25436
26761
26854
27470
28390
29160
29393
29475
29857
31003
31124
31148
31727
32167
32242
32469
32746
33054
34038
34847
35254
37647
37930
38125
38399
38636
38952
39259
40037
40179
40266
40285
40350
40609
40645
41233
41746
42716
43555
43628
44423
44467
44525
44533
45229
45592
45774
46320
46375
Number of cuts: 106

BobbyDazzler
108
290
1440
1531
2024
2037
2515
2980
3585
3842
3923
4064
4565
5261
5833
5885
5891
6321
6802
7026
7331
10179
10683
10817
10931
12762
13334
13349
13867
14498
15324
15463
15855
15940
16003
16078
16865
16943
17922
18588
18666
18906
18956
19066
19192
19485
19685
20401
20562
20638
20655
20741
21468
21796
22016
22076
22756
22785
24202
24236
24391
25481
26182
26806
27065
27515
28435
29205
29888
30607
31116
31237
31261
31840
32280
32355
32582
34151
34951
35358
37536
37751
38034
38229
38503
38623
39056
39335
39363
39468
40144
40316
41338
41852
42822
43661
43952
44020
44529
44573
44631
44639
45335
45698
45880
46424
46478
Number of cuts: 107

Bonanza
108
290
1440
1485
1531
1607
1972
2114
2166
2444
2909
3514
3771
3852
3993
4417
4494
5190
5814
5820
6250
6731
6955
7260
8149
10612
10746
10860
13263
13278
13279
13796
14427
15253
15392
15784
15869
15932
16007
16872
17851
18517
18595
18835
18885
18995
19121
19614
20330
20491
20567
20670
21725
22005
22783
23100
24130
24164
24319
25409
26110
26734
26827
26993
27031
27443
28363
29133
29816
30535
31044
31165
31189
31768
32208
32283
32787
34079
34876
35283
36486
36509
37841
38056
38339
38534
38808
38928
39361
39640
39668
39773
40449
40621
41643
42156
43126
43965
44038
44833
44877
44935
44943
45639
46002
46169
46715
46769
Number of cuts: 108

Bradshaw
108
290
1440
1485
1531
1972
2114
2166
2444
2909
3514
3771
4417
4494
5190
5267
6265
6343
6746
6970
7275
8982
9906
10886
10994
12573
12717
12873
13289
13305
13822
15279
15790
16033
16535
16820
16898
17877
18543
18621
18911
19021
19147
19438
20356
20517
20619
20696
21423
21678
21770
22031
22739
22809
23126
24156
24190
24345
25155
25435
26760
26853
27019
27057
27469
28389
29159
29842
30561
31070
31191
31215
31794
32234
32309
32536
32813
33121
33859
34105
34905
35312
37357
37714
37997
38192
38586
38703
39019
39298
39326
40107
41814
42784
43623
43696
44491
44535
44593
44601
45297
45660
45842
46320
46387
46443
Number of cuts: 106

Bryce
108
290
1440
1485
1531
1607
1972
2114
2166
2444
2909
3514
3771
3852
3993
4494
5190
5762
5814
5820
6250
6731
6955
7260
10108
10612
10634
10746
10860
12691
13263
13278
13279
13796
14427
15253
15392
15784
15869
15932
16007
16794
16872
17851
18517
18595
18835
18885
18995
19121
19414
19614
20330
20491
20567
20584
20670
21397
21725
21945
22005
22685
22714
24131
24165
24320
25410
26828
26994
27444
28364
29134
30315
30824
30945
30969
31548
31988
32063
32088
32290
33859
34659
35066
37244
37459
37742
37937
38211
38331
38448
38764
39043
39071
39176
39852
40024
41046
41560
42530
43369
43660
44237
44281
44339
44347
45043
45406
45588
46130
46184
Number of cuts: 111

ChewyVIII
528
1101
1783
2204
4572
4800
5268
6155
6197
6210
6436
6519
6971
7359
7492
8122
8417
8550
9299
10210
10410
11359
11395
12217
13711
13837
13839
15189
15328
15710
15937
19515
20189
21180
21607
21771
22090
22159
22274
23141
23522
24444
24457
25639
26539
26561
27539
28879
29981
30552
30839
30912
30967
31772
32231
34278
34678
35014
35334
35696
36173
36911
39099
40362
41185
42581
43425
44271
45093
45272
45495
48233
48708
52261
52794
53582
53613
56949
58115
59071
59077
59171
60428
61387
61535
62286
62299
62923
62935
62974
63010
64998
65800
66127
66166
66742
66977
67040
68781
68787
Number of cuts: 100

CosmicSans
108
290
1440
1485
1531
1972
2114
2166
2444
2909
3514
3771
4417
4494
5190
5267
6265
6343
6746
6970
7275
8982
9906
10886
10994
12573
12717
12873
13289
13305
13822
15279
15790
16033
16535
16820
16898
17877
18543
18621
18911
19021
19147
19438
20356
20517
20619
20696
21423
21678
21770
22031
22739
22809
24156
24190
24345
25435
26760
26853
27469
28389
29159
29842
30561
31070
31191
31215
31794
32234
32309
32536
32813
33121
33859
34105
34905
35312
36311
37348
37705
37988
38183
38577
38694
39010
39289
39317
40098
41292
41805
42775
43614
43687
44482
44526
44584
44592
45288
45651
45833
46379
46433
Number of cuts: 103

Dinger
108
1435
1480
1526
1968
2440
2905
3510
3767
3965
4413
4490
5186
5237
5816
6246
6727
6951
7256
10104
10506
12687
13259
13275
13792
14011
14335
14344
14452
14466
15249
16003
16868
17847
18513
18591
18831
18881
18991
19117
19401
19719
20246
20705
20799
22001
23109
24140
24174
24329
25419
26120
26744
27003
27453
29222
29455
29537
30189
30430
30939
31060
31084
31663
32103
32551
32682
33711
33770
34238
35454
37490
37847
38130
38325
38719
38836
39152
39431
39459
39715
40242
40414
41949
42900
42933
43753
43993
44041
44618
44662
44720
44728
45336
45856
46455
Number of cuts: 96

DocB7
531
774
1287
1713
1894
2622
2906
3842
3991
4088
4700
5459
6128
6149
6179
6357
6359
7165
7541
7900
7941
7976
8541
8583
8684
9476
9511
9612
9732
9954
10203
10436
10765
11024
11555
11910
13511
13598
15817
16756
17994
18055
18191
18268
18322
18340
18349
18694
18808
18940
19503
19953
19969
20256
21006
21213
21723
21732
22504
22915
23397
23551
25152
25186
25270
25797
26283
26392
26416
26891
27252
27348
27402
27702
28210
28225
28587
28609
28905
29321
29683
30412
31257
31259
31312
31691
31876
33100
33735
34406
34599
35016
35109
36098
36190
36317
36486
37032
38652
39218
39913
40368
40703
40749
40763
41691
41884
42021
42317
42506
42599
42649
43086
43510
43517
43673
43765
44542
44638
45182
45207
45319
45414
45557
45565
45768
46503
46609
46634
47307
47375
47817
47897
48816
48845
48880
49449
51011
51336
51409
51597
52270
53068
53679
54664
55276
55301
55831
56523
56806
57990
58019
58222
58448
59227
59336
59853
60164
60383
60882
60896
62043
62110
62509
62621
64281
65105
65623
65909
65940
66223
66308
66399
67168
67964
68966
69305
71215
71956
72218
72985
73030
73353
73785
74148
74190
74550
Number of cuts: 187

E3
107
215
259
528
562
669
1167
3206
3846
3979
4382
5164
5368
6449
7453
8701
12330
12607
13095
13391
13634
14129
14275
15037
15232
15549
15822
16151
16360
16700
17706
18264
19868
20023
20488
20745
20929
22617
23585
23976
24224
24897
27245
28403
28936
29375
29801
31579
32593
34417
34493
34698
35188
35204
36172
36254
36862
38330
38579
39324
40103
40177
40784
42815
44142
45276
46072
47345
48493
50083
51218
51303
51400
51736
51914
53019
54453
55071
55449
55777
56985
57174
58085
58113
58403
60054
60715
62131
63148
63400
63926
64864
64933
65196
65229
65986
66439
66919
67898
68665
69397
70937
72011
72967
73354
73774
73864
74376
75328
75974
76894
78429
78621
79367
80338
80702
82172
82721
83315
83822
85127
85659
86292
86395
87533
87547
87666
87816
89038
91455
91575
91687
91722
91772
92302
92352
92564
94366
95843
97278
98029
98784
100222
100474
101679
102668
103910
104005
107168
107299
108393
109405
110633
110835
111221
112376
113973
114589
114956
116410
116588
118610
118918
121615
121870
121971
122826
122885
124452
125992
126659
127046
127176
127484
128861
129007
129987
130293
131781
131938
132085
132141
134453
135052
135085
137271
139142
140209
140554
141606
142376
Number of cuts: 191

Erik
108
290
1440
1485
1531
1972
2114
2166
2444
2909
3514
3771
4417
4494
5190
5267
6265
6357
6746
6970
7275
8981
9905
10885
10993
12572
12716
12872
13288
13304
13821
15278
15789
16032
16534
16819
16897
17876
18542
18620
18910
19020
19146
19437
20355
20516
20695
21422
21719
21769
22030
22738
22808
24154
24188
24343
25153
25433
26758
26851
27467
28387
29252
29392
29474
29856
31002
31123
31147
31726
32166
32241
32468
32745
33791
34037
34837
35244
36243
37280
37637
37920
38115
38509
38626
38942
39221
39249
40030
41123
41636
42606
43445
43518
44313
44357
44415
44423
45119
45482
45664
46211
46266
Number of cuts: 103

Espica
108
290
1440
1485
1531
1972
2114
2166
2444
2909
3514
3771
3969
4417
4494
5190
5267
6265
6357
6746
6970
7275
8982
9906
10886
10994
12573
12717
12873
13289
13305
13822
15279
16033
16535
16820
16898
17877
18543
18621
18911
19021
19147
19438
20356
20517
20696
21423
21720
21770
22031
22739
22809
24157
24191
24346
25156
25436
26761
26854
27470
28390
29160
29393
29475
29857
31003
31124
31148
31727
32167
32242
32469
32746
34038
34847
35254
37647
37930
38125
38399
38636
38952
39259
40037
40179
40266
40285
40350
40609
40645
41233
41746
42716
43555
43628
44423
44467
44525
44533
45229
45592
45774
46319
46374
Number of cuts: 105

Finch
25
673
1573
1687
2317
2386
2398
2730
3743
3758
4183
5293
5523
5780
7027
7251
7690
8247
8977
9247
10235
10414
10641
10678
10770
11653
11695
12862
12962
13341
14218
14491
14941
17089
19663
20241
20341
20540
20725
21639
21676
21738
22384
22816
23215
23539
23880
24214
24344
24722
24814
24961
25211
25861
26248
26316
27433
27852
28038
28190
28520
30559
31302
31671
32425
32802
33757
34273
34359
35323
36790
37643
37902
38067
38113
38419
40429
40801
41249
41419
41840
42132
42148
42926
43069
43649
44095
44489
44596
44642
45453
47081
47812
48395
48629
49341
49653
50987
51859
52616
53271
53781
54433
54764
55284
55769
56089
56098
56920
57196
58608
62968
63468
63703
64292
64613
65349
65636
66315
67180
67706
68854
69526
69827
69955
71329
71496
71669
71688
71868
72261
72473
72479
72852
74252
74682
74715
74727
75026
75322
76805
76911
77367
77828
78178
79468
79569
79781
79953
80259
80623
81009
81231
81376
81918
82749
82826
84059
84474
84518
84996
85066
85540
86583
86633
86714
87440
87756
88878
89170
89297
89469
89735
90048
90289
91685
91966
92270
93265
93506
94074
94399
95828
96783
97024
97180
97318
97624
97849
98023
99019
99440
99901
100193
100567
100992
101448
101624
102485
102669
103033
103478
104375
104977
105232
105400
105725
106182
106234
106249
106712
106916
107554
107596
107946
108430
109062
109276
110041
110149
110253
110771
111140
111248
111736
112099
112731
113126
114818
115840
115927
116479
117143
117181
117305
117491
117578
117859
117950
119108
119195
119438
120594
122227
122814
123639
124065
125169
126949
128740
129723
129747
129902
130400
131121
131314
131883
132212
132263
133247
133537
135279
135636
136147
136540
136719
137654
138079
138503
138760
Number of cuts: 270

Gollum
108
290
1440
1485
1531
1972
2114
2166
2444
2909
3514
3771
4417
4494
5190
5267
6265
6357
6746
6970
7275
8982
9906
10886
10994
12573
12717
12873
13289
13305
13822
15279
16033
16535
16820
16898
17877
18543
18621
18911
19021
19147
19438
20356
20517
20696
21423
21720
21770
22031
22739
22809
24156
24190
24345
25435
26394
26760
26853
27019
27469
28389
29392
29840
30559
31068
31189
31213
31792
32232
32307
32534
32811
34103
34903
35310
37703
37986
38181
38455
38692
39008
39315
40040
41234
41747
42717
43556
43629
44424
44468
44526
44534
45230
45593
45775
46318
46372
Number of cuts: 98

Grayson
690
893
1027
1251
1589
1637
2067
2474
2483
3516
3565
3683
3894
4644
5075
5344
5704
6356
8064
9888
10228
10418
10576
10759
11229
11791
12622
12640
15076
15716
15731
18315
18694
20165
21890
21904
22498
22704
23392
25420
26197
26284
27060
27358
27394
27996
31005
31615
34464
34889
35292
35892
36546
36552
37388
37609
37690
38108
39397
39654
41614
44721
47091
48054
49344
51886
52076
52127
52178
53555
53647
55310
56112
56217
57339
57663
58008
58293
65527
66665
67516
69640
70021
70447
70924
71122
71466
72157
72338
75083
76808
77017
77668
78067
78842
79229
79252
80615
80851
85065
86369
86838
87030
87067
87325
89421
91740
91837
92229
93425
94128
94231
94456
94602
95271
98123
98254
100033
100939
102319
103277
104220
108248
108704
108906
109087
109218
109320
109563
111773
112008
113475
113861
114208
114904
115634
115877
115954
116045
117068
119177
120577
120800
120911
121102
122485
123045
123726
124350
126332
126617
126788
126958
127006
128350
128395
128623
129591
129794
129928
130152
130490
130538
130968
131375
131384
Number of cuts: 166

Harlequin
108
290
1440
1485
1531
1607
1972
2114
2166
2444
2909
3500
3514
3771
4417
4494
5190
5241
5820
6250
6731
6955
7260
8691
10084
10588
10610
10722
10836
12667
13239
13254
13255
13772
14403
15229
15368
15760
15845
15908
15983
16770
16848
17827
18493
18571
18811
18861
18971
19097
19390
19590
20306
20467
20543
20560
20646
21373
21755
21975
22035
22715
22744
24161
24195
24350
25440
26858
27024
27474
28394
29164
30345
30854
30975
30999
31578
32018
32093
32118
32320
33889
34689
35096
37274
37489
37772
37967
38361
38794
39073
39101
39871
39884
40056
40145
41081
41595
42565
43404
43695
44272
44316
44374
44382
45078
45441
45623
46166
46220
Number of cuts: 110

Hiro
108
290
1440
1485
1531
1607
1972
2114
2166
2444
2909
3514
3771
3852
3993
4494
5190
5762
5814
5820
6250
6731
6955
7260
8691
9760
10084
10486
10588
10994
12357
12575
13253
13545
13560
13561
13669
14078
14630
15535
16066
16289
17076
17154
18133
18799
18877
19117
19167
19277
19551
19694
20005
20612
20849
20991
22007
22065
22287
22609
23428
23663
24416
24450
24605
25695
26396
27020
27279
27729
28649
29419
30102
30821
31330
31451
31475
32054
32494
32569
32796
34365
35165
35572
37750
37965
38248
38443
38717
38837
39270
39549
39577
39682
40358
41552
42066
43036
43875
44166
44743
44787
44845
44853
45549
45912
46094
46638
46691
Number of cuts: 109

Jace
63
237
733
1039
1214
1776
2169
2892
3135
3951
7272
7402
8194
8223
9094
9858
9934
11247
11827
12431
12794
13111
14454
14922
15603
15696
16218
17319
18365
19157
19871
20698
20856
21494
21804
21992
22219
22522
22852
22957
23161
23833
24467
24612
24698
24790
25366
25454
26274
26583
26763
27234
27446
28171
28201
28243
28650
29795
29954
30973
31411
31502
32397
32430
32989
33281
33773
33809
33929
34223
34347
34685
34697
34726
38678
38864
38921
39496
39527
39739
40311
41664
42126
43200
43482
43554
43887
45035
45551
45790
46242
46721
46988
47124
47251
47264
47401
48311
49717
49901
50342
51671
52113
52254
52386
53392
53561
53742
53905
Number of cuts: 109

Jester
108
290
1440
1485
1531
1607
1972
2114
2166
2444
2909
3500
3514
3771
4417
4494
5190
5241
5820
6250
6731
6955
7260
8691
10670
10830
10994
12517
12661
13233
13248
13249
13766
13928
14318
14397
15223
15754
15977
16764
16842
17821
18487
18565
18805
18855
18965
19091
19384
19584
20300
20461
20537
20554
20640
21367
21695
21915
21975
22646
22675
24092
24126
24281
25371
26789
26955
27405
28325
29095
30276
30785
30906
30930
31509
31949
32024
32049
32251
33820
34620
35027
37205
37420
37703
37898
38292
38725
39004
39032
39802
39815
39987
40076
41012
41526
42496
43335
43626
44203
44247
44305
44313
45009
45372
45554
46097
46151
Number of cuts: 108

Krishelle
108
290
1440
1485
1531
1972
2114
2166
2444
2909
3514
3771
3969
4417
4494
5190
5267
6265
6357
6746
6970
7275
8706
9775
10099
10501
10603
11009
12372
12590
13560
13575
13576
13684
14093
14645
15550
16081
16304
17091
17169
18148
18814
18892
19132
19182
19292
19418
19709
20020
20627
20864
21006
22058
22116
22338
22660
23414
23479
23714
24440
24474
24629
25719
26420
27044
27303
27753
29522
29754
30202
30921
31430
31551
31575
32154
32594
32669
32896
33173
33481
34219
34465
35265
35672
37717
38074
38357
38552
38946
39063
39379
39658
39686
40467
42174
43144
43983
44056
44851
44895
44953
44961
45657
46192
46843
46850
Number of cuts: 107

Lillie
108
290
1440
1485
1531
1972
2114
2166
2444
2909
3514
3771
4417
4494
5190
5267
6265
6343
6746
6970
7275
8982
9906
10886
10994
12573
12717
12873
13289
13305
13822
15279
15790
16033
16535
16820
16898
17877
18543
18621
18911
19021
19147
19438
20356
20517
20619
21423
21678
21770
22031
22739
22809
24156
24190
24345
25435
26760
26853
27469
28389
29159
29842
30561
31070
31191
31215
31794
32234
32309
32536
32813
33121
33859
34105
34905
35312
36311
37348
37705
37988
38183
38577
38694
39010
39289
39317
40098
41292
41805
42775
43614
43687
44482
44526
44584
44592
45288
45651
45833
46379
46433
Number of cuts: 102

Mahdia
341
1429
3191
5884
13804
13945
13991
15382
15898
17581
17904
18671
22463
22837
23238
25651
27909
29437
31724
32268
36176
39197
39981
40272
40966
41264
41733
41948
41992
Number of cuts: 29

Naiad
108
290
1440
1485
1531
1972
2114
2166
2444
2909
3514
3771
3969
4417
4494
5190
5267
6265
6357
6746
6970
7275
8982
9906
10886
10994
12573
12717
12873
13289
13305
13822
15279
16033
16535
16820
16898
17877
18543
18621
18861
18911
19021
19147
19438
20356
20517
20696
21423
21678
21770
22031
22822
23139
24169
24203
24358
25168
25448
26866
27032
27070
27482
28402
29172
29855
30574
31083
31204
31228
31807
32247
32322
32549
32826
33134
33872
34118
34918
35325
37370
37727
38010
38205
38599
38716
39032
39311
39339
40120
41827
42797
43636
43709
44504
44548
44606
44614
45310
45673
45855
46401
46456
Number of cuts: 103

Nancinator
108
290
1440
1485
1531
1972
2114
2166
2444
2909
3514
3771
3969
4417
4494
5190
5267
6265
6357
6746
6970
7275
8982
9906
10886
10994
12573
12717
12873
13289
13305
13822
15279
16033
16535
16820
16898
17877
18543
18621
18911
19021
19147
19438
20356
20517
20696
21423
21720
21770
22031
22739
22809
24157
24191
24346
25156
25436
26761
26854
27470
28390
29160
29393
29475
29857
31003
31124
31148
31727
32167
32242
32469
32746
34038
34847
35254
37647
37930
38125
38399
38636
38952
39259
40631
41144
42114
42953
43026
43821
43865
43923
43931
44627
44990
45172
45718
45773
Number of cuts: 98

Natosaleda
108
290
1440
1485
1531
1972
2114
2166
2444
2909
3514
3771
3969
4417
4494
5190
5267
6265
6357
6746
6970
7275
9906
10886
10994
12573
12717
12873
13289
13305
13822
15279
16033
16535
16820
16898
17877
18543
18621
18911
19021
19147
19438
20356
20517
20696
21423
21720
21770
22031
22739
22809
24156
24190
24345
25155
25435
26760
26853
27469
28389
29159
29392
29474
29856
31002
31123
31147
31726
32166
32241
32468
32745
34037
34846
35253
37646
37929
38124
38398
38635
38951
39258
40036
40178
40265
40284
40349
40608
40644
41232
41745
42715
43554
43627
44422
44466
44524
44532
45228
45765
46310
46364
Number of cuts: 103

Partridge
108
1433
1478
1524
2031
2503
2968
3573
3830
4028
4476
4553
5249
5300
5879
6309
6790
7014
7319
10167
10569
10805
11083
12750
13322
13338
13855
14074
14407
14515
14529
15312
16066
16931
17910
18576
18654
18894
18944
19054
19180
19464
19782
20309
20626
20862
22064
22485
23172
24203
24237
24392
25482
25561
26219
26843
27102
27552
29321
29554
29636
30480
30721
31230
31351
31375
31954
32394
33999
34394
35203
35610
36357
37647
38004
38287
38482
38993
39309
39588
39616
39872
40399
40571
42106
42744
43246
43279
44099
44339
44387
44964
45008
45066
45074
45681
45950
46201
46800
Number of cuts: 99

Pepy6
157
176
416
474
1497
2518
2688
2733
3345
3508
3546
3554
3659
3969
4730
5738
6253
6548
7152
7299
7337
7380
7399
9788
10265
11624
14062
16114
18976
19069
19790
20237
21260
22055
24526
24941
25187
25714
25941
26183
26393
26701
26841
27521
28187
30223
30750
30751
31308
32235
32630
33099
35544
35623
35638
35837
37259
37283
38053
41693
41752
43309
43643
44611
45395
45992
46605
47189
47486
47523
48520
49707
50120
50902
52256
52697
52735
53357
53539
54082
54840
55045
55129
55262
55498
56650
59849
60237
62671
63019
63523
64087
64369
66505
66563
68795
69692
70474
71012
71043
71534
71908
72972
74267
74546
74990
75261
75971
76016
76029
76058
76142
76324
76333
Number of cuts: 114

Peregrin
715
1274
1612
2024
2089
3212
3544
3711
4172
4472
6705
7394
9542
9732
10543
11105
11898
15074
15089
15702
17867
18246
21056
21070
21664
21870
22558
23586
24994
25570
26637
26872
26908
27510
32037
33671
34074
35181
35194
35214
35754
36170
36472
36890
37204
38144
38178
38435
43501
43690
44765
45241
45979
48124
48817
50399
50669
50859
50910
51420
51735
53121
54093
54895
55000
55706
56030
56375
56591
56660
57337
65941
67723
68431
69069
69532
69876
70748
72853
73285
75003
76332
77015
78275
79050
81146
81382
82124
84952
86757
87146
88855
91268
92482
92788
99076
99551
100116
100758
101332
101616
102721
103679
104073
108461
108977
109166
111403
113004
113471
116250
117876
120440
122010
122212
122838
125566
127369
127630
127825
128043
129140
130784
131343
131681
132093
132158
Number of cuts: 127

Phrankenstein
108
290
1440
1485
1531
1972
2114
2166
2444
2909
3514
3771
4417
4494
5190
5267
6265
6357
6746
6970
7275
8982
9906
10886
10994
12573
12717
12873
13289
13305
13822
15279
15790
16033
16535
16820
16898
17877
18543
18621
18911
19021
19147
19438
20356
20517
20696
21423
21666
21716
21977
22685
22755
24102
24136
24291
25381
26706
26799
27415
28335
29340
29788
31016
31137
31161
31740
32180
32255
32482
32759
33067
33805
34051
34851
35258
37294
37651
37934
38129
38523
38640
38956
39235
39263
40044
41238
41751
42721
43560
43633
44428
44472
44530
44538
45234
45597
45779
46324
46378
Number of cuts: 100

Pine5
1179
1392
2735
4032
4316
4868
5784
7450
10250
12970
14953
16152
17681
18008
19080
20018
20667
21176
22325
23773
26601
27278
27340
28215
28298
28432
32307
32481
32593
33028
33265
33496
35886
37743
39077
39637
44053
44810
45540
45673
47595
48352
48700
48974
49239
50137
52932
53186
53432
54278
56521
57314
57377
57452
58673
Number of cuts: 55

Poco6
157
176
785
1037
1229
1813
2363
2696
2771
4077
5074
5906
7632
8038
10048
10422
10479
10510
10560
13328
14160
15039
16561
17624
17933
18173
20102
20204
20606
20633
21320
22054
24049
26539
26954
27200
28154
28196
28406
29420
29486
30206
32702
33850
34260
34604
37859
38078
38811
40127
40280
41751
42969
43554
45469
46189
46447
46775
46828
46876
47246
48111
49433
49763
50815
51264
53180
53765
54684
54865
55152
55193
56553
57017
57612
58158
58264
58309
59577
61021
61438
62463
62996
63412
64065
64375
65218
65269
65542
66589
66770
67368
67859
68991
69465
71976
72275
72306
72797
73170
74234
74282
75575
77088
77284
77297
77326
77410
77592
77601
77921
Number of cuts: 111

Rasputin
108
290
1440
1485
1531
1972
2114
2166
2444
2909
3514
3771
4494
5190
5762
5814
5820
6250
6731
6955
7260
10855
11019
12686
13258
13273
13274
13791
14422
15248
15387
15779
15864
15927
16002
16789
16867
17846
18512
18590
18830
18880
18990
19116
19409
19609
20325
20486
20562
20665
21720
21790
22000
22680
22779
23096
24127
24161
24316
25406
26731
26824
27440
29025
29130
29813
30532
31041
31162
31186
31765
32205
32280
32507
32784
33092
33830
34076
34876
35283
36282
37319
37676
37959
38154
38548
38665
38981
39260
39288
40069
41263
41776
42746
43585
43658
44453
44497
44555
44563
45259
45622
45804
46351
46406
Number of cuts: 105

RER2
108
290
1440
1485
1531
1972
2114
2166
2444
2909
3514
3771
4417
4494
5190
5267
6265
6343
6746
6970
7275
8982
9906
10886
10994
12573
12717
12873
13289
13305
13822
15279
16033
16535
16820
16898
17877
18543
18621
18911
19021
19147
19438
20356
20517
20619
20696
21423
21720
21770
22031
22739
24156
24190
24345
25435
26136
26760
26853
27469
28389
29159
29842
30561
31070
31191
31215
31794
32234
32309
32536
32813
33121
33859
34105
34905
35312
37348
37705
37988
38183
38577
38694
39010
39289
39317
40098
41292
41805
42775
43614
43687
44482
44526
44584
44592
45288
45651
45833
46433
Number of cuts: 100

RexFury
108
290
1471
1516
1562
2003
2145
2197
2475
2940
3545
3802
4448
4525
5221
5298
6296
6388
6777
7001
7306
9013
9937
10917
11025
12748
12904
13320
13336
13853
15310
16064
16566
16851
16929
17908
18574
18652
18942
19052
19178
19469
20387
20548
20650
20727
21454
21751
21801
22062
22770
22840
24187
24221
24376
25466
26791
26884
27050
27500
28420
29085
29190
29873
30592
31101
31222
31246
31825
32265
32340
32567
32844
33152
33890
34136
34936
35343
37736
38019
38214
38488
38725
39041
39348
40126
40268
40355
40374
40439
40698
40734
41322
41835
42805
43644
43717
44512
44556
44614
44622
45318
45681
45863
46409
46464
Number of cuts: 106

RGL3
719
1116
1421
1971
2851
2871
2963
3495
3502
4017
4496
6960
7266
7336
8857
9625
10558
10861
10969
11483
11816
12376
12623
12789
13465
14187
14509
14586
15437
15445
15923
16197
16699
17062
17537
18038
18173
18696
19061
19259
19331
19690
19948
20583
21434
23549
23584
23884
23914
24275
24646
25249
25408
25926
26790
27250
28780
28884
29838
30600
31378
31740
31861
31885
32464
33023
34454
35040
35628
38360
39801
40080
41614
43330
44640
44655
45153
45217
45879
46459
46470
47350
Number of cuts: 82

Rhodalysa
108
290
1440
1485
1531
1972
2114
2166
2444
2909
3514
3771
4417
4494
5190
5267
6265
6343
6746
6970
7275
8982
9906
10886
10994
12573
12717
12873
13289
13305
13822
15279
15790
16033
16535
16820
16898
17877
18543
18621
18911
19021
19147
19438
20356
20517
20619
20696
21423
21678
21770
22031
22739
22809
24156
24190
24345
25435
26760
26853
27469
28389
29159
29842
30561
31070
31191
31215
31794
32234
32309
32536
32813
33121
33859
34105
34905
35312
36311
37348
37705
37988
38183
38577
38694
39010
39289
39317
40098
41292
41805
42775
43614
43687
44482
44526
44584
44592
45288
45651
45833
46379
46433
Number of cuts: 103

StCroix
108
290
1440
1485
1531
1972
2114
2166
2444
2909
3514
3771
3969
4417
4494
5190
5267
6265
6357
6746
6970
7275
8982
9906
10886
10994
12573
12717
12873
13289
13305
13822
15279
16033
16535
16820
16898
17877
18543
18621
18861
18911
19021
19147
19438
20356
20517
20696
21423
21678
21770
22031
22822
23139
24169
24203
24358
25168
25448
26866
27032
27070
27482
28402
29172
29855
30574
31083
31204
31228
31807
32247
32322
32549
32826
33134
33872
34118
34918
35325
37370
37727
38010
38205
38599
38716
39032
39311
39339
40120
41827
42797
43636
43709
44504
44548
44606
44614
45310
45673
45855
46401
46456
Number of cuts: 103

Swann
108
290
1440
1485
1531
1972
2114
2166
2444
2909
3514
3771
4417
4494
5190
5267
6265
6343
6746
6970
7275
8982
9906
10886
10994
12573
12717
12873
13289
13305
13822
15279
16033
16535
16820
16898
17877
18543
18621
18911
19021
19147
19438
20356
20517
20696
21423
21720
21770
22031
22739
22809
24156
24190
24345
25435
26760
26853
27019
27469
29159
29392
29474
29840
30559
31068
31189
31213
31792
32232
32307
32534
32811
33119
33857
34103
34903
35310
37346
37703
37986
38181
38575
38692
39008
39287
39315
40096
41290
41803
42773
43612
43685
44480
44524
44582
44590
45286
45649
45831
46378
46433
Number of cuts: 102

Takoda
108
297
1433
1478
1524
1600
1964
2106
2436
2901
3036
3506
3763
3961
4409
4486
5182
5812
6723
6947
7252
8942
10100
10604
10732
10846
12533
12677
13249
13265
13782
14334
14442
14456
15239
15770
15993
16858
17837
18503
18581
18821
18871
18981
19107
20579
20695
20789
21769
21931
22216
23098
24129
24163
24318
25408
26109
26733
27030
27442
28362
29132
29831
30468
30977
31098
31122
31701
32141
33805
34279
35495
37030
37531
37888
38171
38366
38760
38877
39193
39472
39500
39756
40270
40283
41988
42969
43241
43943
44183
44231
44808
44852
44910
44918
45527
45879
46046
46645
Number of cuts: 99

Trina
743
1011
1094
1186
1600
1729
2389
2952
3172
5235
6009
6217
6275
6820
9434
10955
11223
11982
12715
12731
12975
13020
13841
14135
14166
14386
14551
14951
14991
15216
15234
16710
18153
18380
18454
18559
20516
20933
21101
21147
22239
22330
22637
22657
23336
25457
25649
25945
26017
27892
28000
28051
28250
28602
30004
30172
30376
31972
32045
33089
33256
33575
33752
34464
36170
36184
37534
38687
39574
40059
40882
41312
42053
42144
43571
45991
47603
47667
49900
50134
51991
52203
52823
53516
53978
55343
55874
55978
56246
56386
56503
56668
58248
58373
58935
59071
59081
59112
59655
60497
60627
60814
60859
61184
61447
62309
62387
63275
63936
63973
64235
65537
66077
67550
67999
68101
69496
69858
69881
72558
73124
73431
73614
74758
74767
75323
75943
76844
77090
77603
77614
77912
78454
78812
79113
79301
79584
79776
82163
82277
83057
83511
84875
85640
85864
85928
85946
86609
86694
87339
87410
87684
89578
90092
90539
90809
92334
92343
92897
93137
93421
96076
96352
97687
97732
98312
98812
99111
99584
100335
100691
101079
101081
101104
101271
102034
102056
102323
102366
102526
102770
103832
105012
105260
106652
106743
108000
108429
109017
109338
109413
109752
110560
111124
111411
111447
112019
112124
112567
112815
113379
113737
113770
113898
114600
114610
115350
115984
117627
119118
120212
120730
121534
121543
122720
122994
123289
125817
126968
127014
127884
128066
128332
129289
129354
130159
130263
130734
132678
132785
132925
132993
133085
133105
133683
134511
135042
137145
137413
137496
137588
138002
138131
138791
Number of cuts: 244

TWAMP
108
290
1440
1485
1531
1972
2114
2166
2444
2909
3514
3771
4417
4494
5190
5267
6265
6343
6746
6970
7275
8982
9906
10886
10994
12573
12717
12873
13289
13305
13822
15279
15790
16033
16535
16820
16898
17877
18543
18621
18911
19021
19147
19438
20356
20517
20619
20696
21423
21678
21770
22031
22739
22809
24156
24190
24345
25435
26760
26853
27469
28389
29159
29842
30561
31070
31191
31215
31794
32234
32309
32536
32813
33121
33859
34105
34905
35312
36311
37348
37705
37988
38183
38577
38694
39010
39289
39317
40098
41292
41805
42775
43614
43687
44482
44526
44584
44592
45288
45651
45833
46379
46433
Number of cuts: 103

UhSalsa
108
290
1440
1485
1531
1972
2114
2166
2444
2909
3514
3771
3969
4417
4494
5190
5267
6265
6357
6746
6970
7275
8982
9906
10886
10994
12573
12717
12873
13289
13305
13822
15279
16033
16535
16820
16898
17877
18543
18621
18911
19021
19147
19438
20356
20517
20696
21423
21720
21770
22031
22739
22809
24157
24191
24346
25156
25436
26761
26854
27470
28390
29160
29393
29475
29857
31003
31124
31148
31727
32167
32242
32469
32746
34038
34847
35254
37647
37930
38125
38399
38636
38952
39259
40037
40179
40266
40285
40350
40609
40645
41233
41746
42716
43555
43628
44423
44467
44525
44533
45229
45592
45774
46320
46376
Number of cuts: 105

Weasels2
282
633
708
1433
1582
2033
2052
2105
2129
2196
2732
2849
2893
3093
3694
4676
9193
10848
11404
12954
13113
13248
13502
16017
16032
17696
18009
18449
19995
20323
21577
21781
22472
25000
25777
25864
26644
27509
31896
33212
33521
34763
34925
35219
35501
36155
36161
37523
38050
39023
39247
44618
44756
48896
51643
51703
52528
52915
54851
55849
57584
57647
57750
57985
58219
62848
63342
64365
64684
65433
66007
66525
66708
66797
66902
67827
68136
68835
68847
70543
70887
71061
71239
71259
71768
72149
73342
75048
75080
76416
76701
78822
79206
79381
79655
80949
80984
82030
82075
82769
83291
83724
85056
85710
86205
86696
86886
86934
87664
88095
88337
88761
88804
89277
89439
90408
90597
90765
90794
92177
94244
94287
94299
94642
97466
99515
101039
101296
101419
102629
102826
103734
104340
104672
108745
109134
110083
110412
110578
110724
111625
112432
112766
113274
113327
114631
117093
117192
117231
118389
118939
121454
122166
122841
124469
124837
124983
125514
125636
126084
126358
126544
126670
126865
126892
127124
127967
128394
128750
128906
129033
129822
130377
130998
131074
131313
131987
132338
132413
133138
133287
133738
133757
133810
133834
133901
134437
134554
134598
134798
Number of cuts: 190

Yogi
108
290
1440
1485
1531
1607
1972
2114
2166
2444
2909
3514
3771
3852
3993
4417
4494
5190
5814
5820
6250
6731
6955
7260
8149
10612
10746
10860
13263
13278
13279
13796
14427
15253
15392
15784
15869
15932
16007
16872
17851
18517
18595
18835
18885
18995
19121
19614
20330
20491
20670
21725
22005
22783
23100
24130
24164
24319
25409
26110
26734
26827
26993
27031
27443
28363
29133
29816
30535
31044
31165
31189
31768
32208
32283
32787
34079
34876
35283
36486
36509
37841
38056
38339
38534
38808
38928
39361
39640
39668
39773
40449
40621
41643
42156
43126
43965
44038
44833
44877
44935
44943
45639
46002
46169
46713
46767
Number of cuts: 107

Yoncess
108
290
1440
1485
1531
1607
1972
2114
2166
2444
2909
3514
3771
3852
3993
4494
5190
5762
5814
5820
6250
6328
6731
6955
7260
10108
10612
10746
10860
12691
13263
13278
13279
13796
14427
15253
15392
15784
15869
15932
16007
16794
16872
17851
18517
18595
18835
18885
18995
19121
19614
20330
20491
20567
20584
20670
21397
21725
21945
22005
22685
22714
24131
24165
24320
25410
26111
26735
26828
26994
27444
28364
29134
30315
30824
30945
30969
31548
31988
32063
32290
32567
33859
34659
35066
37244
37459
37742
37937
38211
38331
38764
39043
39071
39176
39852
40024
41046
41560
42533
43373
43664
44241
44285
44343
44351
45047
45410
45592
46136
46190
Number of cuts: 111

