Alatin
6
141
169
176
302
306
350
620
632
851
863
874
980
1403
1426
1628
1675
1690
1773
1917
2076
2189
2199
2376
2382
2817
2985
3000
3009
3204
3283
3349
3718
3732
3935
4230
4316
4512
4718
4765
5043
5121
5223
5349
5477
5545
5775
5795
6055
6088
6118
6122
6392
6481
6485
6563
6891
7495
7591
7757
7828
7832
7963
8008
8813
8834
8992
9062
9191
9521
9534
9563
9897
10249
10705
10758
10943
11048
11138
11171
11497
11671
12029
12038
12081
12093
12129
12270
12311
12315
12489
12556
12638
12701
13033
13037
13041
13820
14141
14162
14168
14213
14249
14319
14342
14378
14979
14991
15533
15545
15622
15641
15749
16345
16389
16463
16664
16755
17057
17643
17919
17940
18374
18579
18612
18631
18795
18947
19451
19544
19795
20099
20653
20890
21000
21230
21337
21673
21691
22543
22826
23215
23219
23231
23809
23858
23945
24393
24531
24579
24874
24991
25053
25059
25077
25322
25918
25922
25972
26015
26143
26281
26490
26688
26725
26742
26834
26898
26902
27124
27214
27218
27300
27450
28152
28252
28266
28288
28648
28864
29077
29081
29360
29411
29547
29551
29661
29803
30110
30369
30783
30867
31888
31904
31918
31922
31926
32101
32660
32671
32840
33037
33740
33819
34319
34956
35248
35267
35271
35402
35474
35933
35972
36051
36090
36189
36320
36390
36651
36655
36816
36895
36948
38234
38259
38282
38286
38495
38644
38790
39189
39317
39332
39459
39523
39527
39576
40571
40700
40928
41102
41248
41506
41524
41695
41969
42023
42426
42458
43103
44809
44902
45317
45906
46276
46526
Number of cuts: 256

Alpacados
6
141
169
176
302
306
350
620
632
778
851
863
874
980
1403
1426
1595
1725
1870
1879
2029
2338
2344
2779
2947
2962
2971
2987
3166
3245
3311
3431
3694
3897
3919
4278
4474
4680
4727
5005
5042
5083
5185
5439
5507
5737
5757
6017
6080
6084
6247
6339
6428
6432
6510
6838
7538
7704
7775
7779
7955
8031
8119
8340
8376
8461
8764
8797
8922
8992
9121
9451
9827
9855
10179
10444
10610
10635
10879
10984
11074
11107
11433
11607
11812
11965
11974
12017
12029
12065
12247
12425
12492
12574
12599
12969
12973
12977
13144
13548
13756
13828
14015
14077
14104
14185
14255
14278
14314
14915
14927
15387
15469
15481
15558
15577
15685
16281
16399
16691
16986
17129
17579
17855
17876
18310
18515
18548
18567
18731
18883
19199
19372
19387
19480
19505
19731
19986
20035
20589
20826
21072
21166
21273
21555
21577
21661
22259
22412
22466
22535
22695
23084
23088
23100
23678
23727
23814
24262
24400
24448
24743
24860
24922
24928
24946
25191
25504
25827
25920
26395
26647
26730
26803
26807
27029
27119
27123
27205
27355
28057
28157
28171
28982
28986
29265
29316
29452
29456
29566
29708
30015
30274
30688
30772
31581
31793
31809
31823
31827
31831
32565
32576
32745
32942
33645
33724
34224
34810
34858
35150
35169
35173
35304
35376
35835
35874
35992
36091
36213
36217
36283
36544
36548
36709
36788
36841
38127
38175
38179
38307
38683
39082
39210
39225
39416
39420
39469
40394
40523
40751
40925
41071
41329
41347
41518
41792
42249
42281
42828
42926
43972
44632
44725
45140
45729
46099
46346
Number of cuts: 258

AngryOrchard
6
141
176
302
350
617
629
773
858
869
975
1396
1419
1588
1718
1862
1871
2021
2134
2144
2179
2321
2327
2610
2762
2930
2945
2954
2970
3149
3228
3294
3414
3663
3797
3880
4175
4261
4457
4663
4710
4988
5025
5066
5294
5422
5720
5740
6033
6063
6067
6230
6322
6493
6821
7425
7521
7687
7758
7762
7938
8014
8102
8323
8359
8444
8726
8747
8905
8975
9104
9434
9476
9810
9838
10162
10427
10593
10604
10618
10862
10967
11057
11090
11416
11590
11948
11957
11971
12000
12012
12048
12230
12408
12475
12557
12582
12952
12956
12960
13127
13131
13468
13531
13739
13758
13998
14060
14168
14238
14261
14898
14910
15252
15452
15464
15541
15560
15668
16264
16382
16674
16716
17112
17562
17838
17859
18293
18498
18550
18714
18866
19182
19370
19463
19488
19714
19969
20018
20572
20737
20809
20968
21538
21644
22089
22407
22690
23079
23083
23095
23476
23673
23723
23810
23828
23832
24258
24396
24444
24739
24856
24918
24924
24942
25187
25464
25783
25880
26008
26213
26268
26354
26606
26698
26762
26766
26988
27078
27082
27314
28016
28116
28130
28152
28417
28728
28941
28945
29224
29275
29411
29415
29525
29667
29787
29908
30167
30581
30665
31474
31686
31716
31720
31724
31899
32062
32142
32469
32638
32768
32832
33541
33884
33896
34384
34970
35018
35310
35329
35333
35464
35536
35995
36034
36152
36251
36373
36377
36443
36869
36948
37001
37185
37196
38041
38225
38287
38335
38339
38463
38697
39242
39370
39385
39576
39580
39629
39725
39773
40625
40754
40982
41560
41726
41748
42022
42076
42342
43244
43333
44191
44851
44944
45272
45591
45835
46204
Number of cuts: 268

AppleCloud
93
384
396
646
658
669
715
775
1196
1219
1335
1382
1397
1480
1626
1635
1785
1898
1908
1943
2085
2091
2526
2693
2697
2709
2718
2734
2913
2992
3058
3178
3427
3561
3644
3666
3939
4025
4221
4752
4830
4932
5058
5186
5254
5484
5504
5827
5831
5994
6086
6175
6179
6193
6257
6349
6585
7285
7451
7522
7526
7702
7778
7866
8087
8123
8208
8645
8715
8844
9174
9550
9902
10167
10333
10358
10408
10596
10701
10791
10824
11150
11682
11691
11746
11933
11943
12268
12282
12682
12770
12774
12781
12998
13002
13006
13101
13549
13785
13804
14044
14106
14127
14214
14284
14307
14734
14944
14956
15097
15498
15510
15587
15606
15714
15737
16310
16428
16762
17158
17608
17884
17905
18339
18544
18596
18760
18912
19228
19416
19509
19760
20064
20168
20339
20618
20783
20794
20855
20965
21195
21302
21606
22228
22318
22754
22952
23012
23036
23118
23520
23711
23761
23848
24268
24406
24454
24866
24928
24934
24952
25197
25474
25793
25797
25890
25968
26018
26365
26617
26700
26709
26713
26717
26773
26777
26999
27003
27089
27093
27325
28027
28127
28141
28163
28342
28364
28396
28507
28511
28809
29031
29035
29311
29362
29502
29612
29754
29840
30099
30288
30513
30589
30593
30597
31406
31502
31618
31648
31652
31656
31994
32331
32390
32401
32417
32426
32430
32570
32703
32767
33555
34043
34074
34635
34683
34975
34994
34998
35129
35201
35660
35699
35817
35916
36038
36042
36108
36369
36373
36534
36613
36666
37952
37977
38000
38004
38508
38907
39035
39174
39238
39242
39291
40417
40645
40819
40965
41223
41241
41686
42143
42175
42820
44526
44619
45034
45623
45993
46242
Number of cuts: 270

Belenaria
6
141
169
176
302
306
350
620
632
851
863
874
980
1403
1426
1628
1675
1690
1773
1917
2076
2189
2199
2376
2382
2817
2985
3000
3009
3204
3283
3349
3469
3718
3732
3935
4230
4316
4512
4718
4765
5043
5121
5223
5349
5477
5545
5775
5795
6055
6088
6118
6122
6392
6481
6485
6563
6891
7495
7591
7757
7828
7832
7963
8008
8813
8834
8992
9062
9191
9521
9534
9563
9897
10249
10705
10758
10943
11048
11138
11171
11497
11671
12029
12038
12081
12093
12129
12270
12311
12315
12489
12556
12638
12701
13033
13037
13041
13820
14141
14162
14168
14213
14249
14319
14342
14378
14979
14991
15533
15545
15622
15641
15749
16345
16389
16463
16664
16755
16801
17057
17643
17919
17940
18374
18579
18612
18631
18795
18947
19451
19544
19795
20099
20653
20890
21049
21230
21337
21619
21637
22323
22476
22530
22599
22759
23148
23152
23164
23742
23791
23878
24327
24465
24513
24808
24925
24987
24993
25011
25256
25533
25856
25949
26077
26215
26424
26676
26759
26832
26836
27058
27152
27384
28086
28186
28200
28222
29011
29015
29292
29343
29483
29593
29735
29855
29976
30235
30649
30733
31542
31754
31784
31788
31792
31967
32526
32537
32706
32903
33606
33685
34185
34783
34831
35123
35142
35146
35277
35349
35808
35847
35965
36064
36186
36190
36256
36517
36521
36682
36761
36814
38100
38125
38148
38152
38656
39055
39183
39322
39386
39390
39439
40565
40793
40967
41113
41371
41389
41834
42291
42323
42968
44674
44767
45182
45771
46141
46391
Number of cuts: 249

BobbyDazzler
6
141
169
176
302
306
350
620
632
851
863
874
980
1403
1426
1595
1692
1739
1837
1982
1991
2141
2264
2305
2447
2453
2888
3056
3071
3080
3096
3275
3354
3420
3540
3803
4006
4387
4583
4789
4836
5114
5151
5192
5294
5548
5616
5846
5866
6189
6193
6356
6448
6537
6541
6619
6947
7647
7813
7884
7888
8064
8140
8228
8449
8485
8570
8873
8906
9031
9101
9230
9560
9936
9964
10288
10553
10719
10744
10988
11093
11183
11216
11542
11716
11921
12074
12083
12126
12138
12174
12356
12534
12601
12683
12708
13078
13082
13086
13253
13657
13865
13937
14124
14186
14294
14364
14387
14423
15024
15036
15496
15578
15590
15667
15686
15794
16390
16800
17095
17238
17688
17964
17985
18419
18624
18657
18676
18840
18992
19308
19496
19589
19614
19840
20095
20144
20698
20718
20935
21275
21382
21664
21686
21770
22576
22645
23194
23198
23210
23788
23837
23924
24372
24510
24558
24853
24970
25032
25038
25056
25301
25897
25901
25951
25994
26469
26721
26804
26813
26877
26881
27103
27193
27197
27279
27429
28131
28231
28245
28532
29056
29060
29339
29390
29526
29530
29640
29782
30089
30348
30762
30846
31655
31867
31883
31897
31901
31905
32650
32819
33016
33719
33798
34298
34887
34935
35227
35246
35250
35381
35453
35912
35951
36069
36168
36290
36294
36360
36621
36625
36786
36865
36918
38204
38252
38256
38384
38614
38760
39159
39287
39302
39493
39497
39546
40541
40670
40898
41072
41218
41476
41494
41666
41940
42397
42429
43074
44780
44873
45288
45823
45877
46247
46494
Number of cuts: 255

Bonanza
6
141
169
176
302
306
350
620
632
851
863
874
980
1403
1426
1628
1675
1773
1917
2076
2199
2234
2376
2382
2817
2985
3000
3009
3025
3204
3283
3349
3469
3732
3935
3957
4316
4512
4718
4765
5043
5080
5121
5223
5477
5545
5775
5795
6055
6118
6122
6285
6377
6466
6470
6548
6876
7576
7742
7813
7817
7993
8069
8157
8378
8414
8499
8802
8835
8960
9030
9159
9489
9735
9865
9893
10217
10482
10648
10673
10917
11022
11112
11145
11471
11645
11850
12003
12012
12055
12067
12103
12285
12463
12530
12637
13007
13011
13015
13182
13586
13794
13866
14053
14115
14142
14223
14293
14316
14352
14953
14965
15425
15507
15519
15596
15615
15723
16319
16437
16729
17024
17167
17617
17893
17914
18348
18553
18586
18605
18769
18921
19237
19410
19425
19518
19543
19769
20024
20073
20627
20864
21023
21204
21311
21593
21615
21699
22297
22450
22504
22573
22733
23122
23126
23138
23716
23765
23852
23870
23874
24300
24438
24781
24898
24960
24966
24984
25229
25829
25922
26397
26649
26732
26741
26805
26809
27031
27121
27125
27207
27357
28059
28159
28173
28984
28988
29267
29318
29454
29458
29568
29710
30017
30276
30774
31583
31795
31811
31825
31829
31833
32567
32578
32747
32944
33647
33726
34226
34812
34860
35152
35171
35175
35306
35378
35837
35876
36093
36215
36219
36285
36557
36926
36930
37091
37170
37223
38509
38557
38561
38689
39065
39464
39592
39607
39798
39802
39851
40846
40975
41203
41377
41523
41781
41799
41970
42244
42701
42733
43378
44424
45084
45177
45592
46166
46536
46548
46785
Number of cuts: 259

Bradshaw
6
141
169
176
302
306
350
620
632
851
863
874
980
1403
1426
1628
1675
1690
1773
1917
2076
2189
2199
2376
2382
2817
2981
2985
3000
3009
3204
3283
3349
3469
3718
3732
3935
4230
4234
4316
4512
4718
4765
5043
5121
5223
5349
5477
5545
5775
5795
6055
6088
6118
6122
6392
6481
6485
6563
6891
7495
7591
7757
7828
7832
7963
8008
8813
8834
8992
9062
9191
9521
9534
9563
9897
10249
10705
10758
10943
11048
11138
11171
11497
11671
12029
12038
12081
12093
12129
12270
12311
12315
12489
12556
12638
12701
13033
13037
13041
13820
14141
14162
14168
14213
14249
14319
14342
14378
14979
14991
15533
15545
15622
15641
15749
16345
16389
16463
16664
16755
17057
17643
17919
17940
18374
18579
18612
18631
18795
18947
19451
19544
19795
20099
20653
20890
21049
21230
21337
21619
21637
22323
22476
22530
22599
22759
23148
23152
23164
23742
23791
23878
24326
24464
24512
24807
24924
24986
24992
25010
25255
25851
25855
25905
25948
26076
26214
26423
26675
26758
26831
26835
27057
27147
27151
27233
27383
28085
28185
28199
28221
28581
28797
29010
29014
29293
29344
29480
29484
29594
29736
30043
30302
30716
30800
31821
31837
31851
31855
31859
32034
32593
32604
32773
32970
33673
33752
34252
34889
35181
35200
35204
35335
35407
35866
35905
35984
36023
36122
36253
36323
36584
36588
36749
36828
36881
38167
38192
38215
38219
38428
38577
38723
39122
39250
39265
39392
39456
39460
39509
40504
40633
40861
41035
41181
41439
41457
41628
41902
41956
42359
42391
43036
44742
44835
45250
45839
46459
Number of cuts: 259

Bryce
6
141
169
176
302
306
350
620
632
851
863
874
980
1403
1426
1628
1675
1773
1917
2076
2199
2234
2376
2382
2817
2985
3000
3009
3025
3204
3283
3349
3469
3732
3935
3957
4316
4512
4718
4765
5043
5080
5121
5223
5477
5545
5775
5795
6118
6122
6285
6377
6466
6470
6548
6876
7480
7576
7742
7813
7817
7993
8069
8157
8378
8414
8499
8802
8835
8960
9030
9159
9489
9865
9893
10217
10482
10648
10673
10917
11022
11112
11145
11471
11645
11850
12003
12012
12055
12067
12103
12285
12463
12530
12612
12637
13007
13011
13015
13182
13586
13794
13866
14053
14115
14223
14293
14316
14352
14953
14965
15425
15507
15519
15596
15615
15723
16319
16729
17024
17167
17617
17893
17914
18348
18553
18586
18605
18769
18921
19237
19425
19518
19543
19769
20024
20073
20627
20864
21023
21110
21204
21311
21593
21615
21699
22505
23123
23127
23139
23717
23766
23853
24301
24439
24487
24782
24899
24961
24967
24985
25230
25826
25830
25880
25923
26398
26650
26806
26810
27032
27122
27126
27208
28060
28160
28174
28461
28985
28989
29268
29319
29455
29459
29569
29711
29797
30056
30470
30554
31363
31575
31591
31605
31609
31613
32358
32527
32724
33427
33506
34006
34595
34643
34935
34954
34958
35089
35161
35620
35659
35777
35876
35998
36002
36068
36329
36333
36494
36573
36626
37912
37960
37964
38092
38322
38468
38867
38995
39010
39201
39205
39254
40249
40378
40606
40780
40926
41184
41202
41374
41648
42105
42137
42782
44488
44581
44996
45585
45955
46200
Number of cuts: 251

ChewyVIII
146
281
291
402
573
711
715
816
990
1174
1326
1426
1608
1612
1828
2208
2286
2314
2333
2339
2501
3222
3226
3365
3693
3835
3842
3905
4116
4215
4320
4684
4734
4767
4815
5222
5611
5646
5650
5702
5980
6297
6299
6301
6813
6984
7140
7258
7268
7622
8225
8283
8287
8385
8440
8959
8989
9248
9580
10102
10122
10298
10625
11236
11303
11802
11832
11965
12406
12433
12650
12874
12914
13118
13258
13402
13712
14089
14112
14161
14420
14595
14886
15061
15070
15168
15260
15496
15816
15896
16149
16430
16665
16708
16832
16903
17323
17341
17386
17395
17876
17892
18255
18262
18480
18716
18998
19002
19542
19561
19565
19633
19637
19787
20144
20267
20449
20465
20586
20590
20690
20882
21348
21357
21361
21495
21833
21901
22012
22036
22040
22222
22272
22447
22462
22605
22793
22916
22978
23083
23201
23390
23483
23547
23642
23721
23828
23852
24078
24136
24172
24315
24322
24363
24401
24503
24507
24523
24525
24564
24586
24607
24670
24712
24721
25194
25261
25528
25700
25803
25893
25965
25967
26020
26277
26286
26714
26772
26843
27066
27398
27607
27881
28099
28134
28589
28655
28691
28834
29267
29342
29839
30256
30269
30379
30463
31109
31173
31275
31375
31396
31400
31414
31689
31728
31906
32020
32127
32191
32545
32549
32947
33024
33031
33051
33166
33242
33357
33361
33711
33807
33946
34012
34374
34748
35243
35304
35469
35594
35682
35880
35952
35956
36130
36157
36243
36332
36380
36554
36564
36626
36671
36825
36831
36900
36975
37078
37101
37153
37359
37511
37518
37561
37632
37675
37745
38010
38370
38495
38585
38619
38638
38670
38783
38966
38975
39186
39316
39823
39886
39966
40027
40071
40311
40325
40346
40429
40560
40613
40631
40862
40989
41051
41181
41758
42042
42075
42386
42390
42394
42425
42431
42467
42733
42823
42862
42976
43496
43922
44015
44027
44133
44174
44271
44441
44690
44715
44949
44984
45035
45115
45222
45226
45230
45430
45434
45467
45547
45613
45630
45634
45750
45754
45784
45788
45834
45850
45928
46066
46225
46358
46536
47044
47084
47464
47738
48259
48574
48632
48680
48943
49008
49085
49195
49222
49368
49781
50158
50162
50416
50526
50571
50688
50954
50986
51067
51198
51572
51640
51704
52022
52158
52345
52433
52442
52691
52695
52894
53009
53571
53848
54031
54060
54084
54228
54342
54603
54723
54822
54957
55038
55348
55446
55508
55553
55668
55709
55794
55798
55837
56293
56538
57158
57162
57508
57740
58202
58206
58252
58573
58603
58689
59031
59048
59143
59323
59386
59543
59714
59963
60400
60725
60760
60780
61079
61365
61465
61754
61846
61855
62132
62136
62172
62414
62453
62567
62576
63041
63151
63155
63453
63498
63520
63665
63942
64379
64426
64695
65567
65600
65982
66018
66086
66241
66414
66807
67052
67265
67320
67371
67621
68020
68133
68259
68425
68429
68444
68463
68479
68580
68779
68827
68897
Number of cuts: 463

CosmicSans
6
141
169
176
302
306
350
620
632
851
863
874
980
1403
1426
1628
1675
1690
1773
1917
2076
2189
2199
2376
2382
2817
2981
2985
3000
3009
3204
3283
3349
3469
3718
3732
3935
4230
4234
4316
4512
4718
4765
5043
5121
5223
5349
5477
5545
5775
5795
6055
6088
6118
6122
6392
6481
6485
6563
6891
7495
7591
7757
7828
7832
7963
8008
8813
8834
8992
9062
9191
9521
9534
9563
9897
10249
10705
10758
10943
11048
11138
11171
11497
11671
12029
12038
12081
12093
12129
12270
12311
12315
12489
12556
12638
12701
13033
13037
13041
13820
14141
14162
14168
14213
14249
14319
14342
14378
14979
14991
15533
15545
15622
15641
15749
16345
16389
16463
16664
16755
17057
17643
17919
17940
18374
18579
18612
18631
18795
18947
19451
19544
19795
20099
20653
20890
21230
21337
21619
21637
22323
22476
22530
22599
22759
23148
23152
23164
23199
23742
23791
23878
24326
24464
24512
24807
24924
24986
24992
25010
25255
25532
25855
25948
26076
26214
26423
26675
26758
26831
26835
27057
27147
27151
27233
27383
28085
28185
28199
28221
28581
28797
29010
29014
29293
29344
29480
29484
29594
29736
30043
30302
30716
30800
31821
31837
31851
31855
31859
32034
32593
32604
32773
32970
33673
33752
34252
34889
35181
35200
35204
35335
35407
35866
35905
36122
36244
36248
36314
36575
36579
36740
36819
36872
38158
38183
38206
38210
38419
38568
38714
39113
39241
39256
39383
39447
39451
39500
40495
40624
40852
41026
41172
41430
41448
41619
41893
42350
42382
43027
44073
44733
44826
45241
45830
46200
46449
Number of cuts: 258

Dinger
6
141
176
216
302
350
619
631
775
860
871
977
1398
1421
1624
1671
1686
1769
1913
2072
2162
2185
2195
2230
2372
2378
2813
2980
2984
2996
3005
3021
3200
3279
3345
3465
3714
3811
3931
4226
4312
4508
4714
4761
5039
5076
5117
5219
5345
5473
5541
5771
5791
6084
6114
6118
6281
6373
6544
6636
6872
7476
7572
7738
7809
7813
7989
8065
8153
8374
8410
8495
8777
8798
8956
9026
9155
9485
9527
9861
9889
10213
10478
10644
10655
10669
11018
11108
11141
11467
11641
11999
12008
12022
12051
12063
12099
12281
12459
12526
12556
12608
12633
13003
13007
13011
13178
13182
13790
13862
14049
14111
14219
14289
14312
14761
14949
14961
15303
15503
15515
15592
15611
15719
16315
16433
16725
16767
17163
17613
17889
17910
18344
18549
18582
18601
18765
18917
19233
19421
19514
19765
20020
20069
20173
20623
20860
21019
21200
21307
22125
22459
22742
23131
23135
23147
23725
23775
23862
23880
23884
24310
24448
24462
24496
24908
24970
24976
24994
25239
25516
25835
25839
25932
26010
26060
26407
26659
26742
26751
26815
26819
27041
27045
27131
27135
27367
28069
28169
28183
28205
28406
28438
28549
28553
28851
29073
29077
29354
29405
29545
29655
29797
29912
30171
30585
30669
31482
31690
31720
31724
31728
31903
32066
32146
32473
32642
32839
33548
33897
34385
35031
35323
35342
35346
35477
35549
36008
36047
36126
36165
36264
36386
36390
36717
36721
36882
37014
38054
38238
38300
38348
38352
38710
38856
39255
39383
39398
39589
39593
39642
39786
40638
40768
41170
41574
41592
41763
42040
42094
42360
43126
43130
43166
43351
44869
44962
45853
Number of cuts: 268

DocB7
87
94
314
383
392
536
572
609
636
700
727
873
1016
1054
1127
1174
1196
1220
1369
1989
2023
2206
2417
2539
2586
2599
2711
2757
2936
2940
3313
3361
3618
3695
3724
3989
4049
4106
4262
4344
4792
4889
4920
5175
5194
5206
5266
5777
6065
6081
6168
6186
6273
6315
6336
6434
6535
6546
6615
7271
7347
7490
7756
8002
8021
8135
8171
8205
8283
8602
8699
8724
8983
9010
9211
9373
9893
10170
10236
10306
10477
10742
11032
11173
11291
11584
11647
11651
11661
11665
11704
11974
12203
12205
12523
12549
12709
12745
12996
13054
13128
13335
13865
13982
14215
14222
14263
14524
14600
14899
15113
15279
15725
15996
16006
16354
16820
17059
17300
17459
17463
17497
17501
17557
17561
17577
17953
17957
18008
18053
18175
18205
18268
18471
18475
18507
19070
19079
19244
19429
19433
19493
19497
19501
19544
19582
20081
20149
20342
20389
20408
20511
20685
20695
20713
20732
20779
20817
20864
20977
21191
21277
21311
21433
21473
21498
21519
21620
21686
21730
21908
21930
21987
22057
22075
22084
22088
22203
22305
22309
22363
22475
22600
22789
22829
22848
22897
22903
22975
22979
23017
23919
23985
24433
24499
24837
24855
24899
24941
24981
24992
25040
25175
25446
25481
25666
25727
25754
25833
26157
26563
26842
27016
27044
27211
27458
27462
28077
28168
28232
28632
28846
29575
29979
30046
30152
30220
30224
30315
30522
30541
31206
31784
31887
32105
32121
32125
32411
32538
32594
32789
32981
32991
33079
33151
33175
33179
33262
33517
33601
33970
33985
34096
34120
34331
34424
34711
35343
35428
35741
36054
36083
36355
36416
37045
37157
37566
37656
38121
38176
38273
38418
38652
38742
38793
38821
39136
39850
39869
39969
40701
40749
40888
41201
41661
42003
42214
42320
42390
42467
42615
43030
43039
43709
43905
43915
43945
43954
44122
44409
44604
44616
44628
44676
44703
44864
45120
45234
45391
45533
45718
46255
46259
46390
46550
46695
47009
47244
47568
47694
47698
47759
47787
47794
47819
47890
48321
48383
48528
48601
49156
49415
49538
49677
49745
49828
50038
50357
50593
50841
50927
51074
51725
51737
51773
52093
52301
52305
52582
52742
53002
53048
53227
53313
53545
53565
53956
53994
54060
54064
54220
54264
54346
54413
54417
54429
54483
54487
54594
54625
54728
54797
54909
55225
55229
55257
55381
55597
55689
55838
55897
55934
55956
56018
56095
56099
56277
56378
56422
56573
56980
57061
57128
57132
57304
57799
58088
58092
58185
58266
58299
58542
58546
58550
58679
58709
58742
58776
58954
59183
59253
59313
59317
59358
59708
59971
60419
61227
61403
61438
61492
61687
61879
61975
61984
62279
62436
62941
63093
63095
63127
63613
63751
64008
64010
64102
64769
65099
65129
65163
65673
65842
65979
65986
66228
66272
66773
67188
68054
68116
68249
68261
68867
69725
70170
70750
70954
71058
71429
71638
72101
72344
72380
72619
72803
72827
72944
72953
72991
73139
73160
73169
73339
73816
73852
74099
74254
74313
74506
74548
75276
75588
Number of cuts: 482

E3
5
173
286
408
412
595
597
618
704
729
996
1207
1221
1249
1385
1402
1471
1531
1907
1925
2039
2058
2154
2258
2284
2334
2435
2519
2570
2921
2940
2973
3155
3214
3342
3578
3590
3637
3692
3828
3894
3896
3941
4140
4295
4373
4382
4397
4401
4490
4494
4554
4790
4852
4948
4950
5166
5205
5305
5325
5349
5377
5500
5539
5600
5630
5683
5721
5830
5869
6007
6200
6420
6460
6531
6553
6608
6700
6709
6853
6895
6905
6909
7099
7204
7208
7524
7526
7530
7592
7607
7628
7724
7804
7844
7894
7915
7943
7947
8147
8175
8331
8414
8421
8480
8502
8568
8678
8704
8741
8861
8912
8959
9045
9065
9140
9199
9203
9207
9260
9285
9361
9382
9508
9512
9542
9546
9637
9667
9712
9786
9923
9935
9937
9967
9985
10148
10353
10484
10639
10774
10874
10911
10923
10937
11126
11286
11363
11373
11547
11551
11709
11893
12180
12184
12228
12241
12261
12265
12271
12307
12598
12687
12820
12851
12877
12902
12956
13017
13021
13035
13077
13213
13228
13252
13389
13494
13527
13567
13671
13725
13749
13869
13871
13902
13904
13932
14047
14062
14187
14191
14195
14219
14266
14292
14323
14454
14458
14548
14712
14716
14768
14772
14892
14964
14994
15054
15069
15079
15108
15112
15125
15196
15278
15290
15341
15483
15501
15678
15750
15774
15776
15959
15976
15988
15992
15996
16050
16083
16142
16271
16294
16423
16444
16460
16475
16482
16533
16537
16658
16857
16861
16925
16929
16989
17013
17188
17348
17383
17390
17513
17517
17696
17707
17995
18069
18179
18183
18187
18331
18410
18419
18505
18705
18758
18818
18933
18961
19011
19089
19210
19238
19323
19329
19333
19445
19459
19544
19559
19733
19763
19827
20004
20096
20259
20357
20462
20466
20468
20479
20527
20605
20639
20680
20811
20885
21088
21118
21198
21265
21269
21354
21361
21397
21456
21562
21725
21795
21850
21888
21995
22066
22124
22142
22217
22268
22306
22367
22411
22529
22543
22549
22668
22716
22730
22779
22928
22952
22963
22982
23059
23063
23115
23209
23320
23546
23731
23735
23819
23823
23862
24112
24116
24154
24200
24580
25005
25014
25089
25222
25283
25324
25362
25687
25760
25785
25829
25868
26017
26034
26050
26189
26202
26230
26318
26508
26598
26605
26722
26828
26839
26845
26858
26896
26900
26929
26951
27011
27166
27218
27271
27275
27298
27313
27507
27589
27833
27840
27865
27884
27939
27941
27945
27949
27965
28028
28032
28061
28265
28319
28326
28428
28578
28607
28878
29089
29169
29186
29230
29243
29259
29277
29324
29333
29384
29488
29492
29499
29611
29640
29884
30000
30234
30265
30304
30427
30468
30726
30730
30746
30756
30839
30968
31128
31176
31195
31199
31245
31290
31336
31367
31371
31496
31712
31724
31858
31879
31912
31972
31984
32242
32363
32793
32829
32901
32908
33200
33206
33210
33245
33346
33419
33449
33565
33592
33738
33761
33881
33936
34000
34016
34072
34301
34311
34315
34387
34436
34475
34501
34669
34852
34906
34942
35065
35069
35334
35344
35409
35461
35577
35776
35881
35934
36024
36069
36230
36319
36334
36416
36458
36469
36476
36480
36529
36908
36914
36995
37015
37174
37283
37386
37399
37463
37490
37494
37619
37723
37752
37754
37835
37867
37871
37975
38019
38328
38348
38512
38674
38714
38718
38813
38868
38889
38950
39079
39097
39101
39247
39406
39454
39556
39560
39564
39628
39720
39990
40101
40218
40342
40363
40416
40472
40591
40595
40599
40620
40836
40847
40862
40928
41010
41552
41578
41591
41614
41805
41809
41827
41858
42024
42085
42298
42324
42394
42486
42490
42790
42829
42908
42936
42994
43042
43335
43347
43351
43369
43412
43445
43603
43757
43890
43894
44028
44222
44395
44399
44465
44502
44528
44575
44612
44741
44778
44858
44868
44982
45008
45231
45235
45371
45390
45471
45562
45638
45945
46136
46170
46250
46267
46317
46437
46474
46517
46521
46547
46591
46618
46630
46663
46981
46985
47069
47073
47087
47091
47138
47175
47192
47386
47441
47667
47674
47715
47773
47804
47941
48073
48083
48230
48380
48494
48881
48974
49013
49080
49170
49197
49452
49468
49472
49554
49667
49732
49773
50012
50019
50112
50218
50222
50277
50458
50470
50512
50524
50719
51101
51288
51301
51324
51433
51575
51709
51711
51763
51786
51822
51979
51998
52627
52760
52764
52909
52946
52989
53498
53651
53668
54111
54120
54203
54286
54307
54424
54672
54796
54968
55126
55130
55173
55219
55272
55309
55339
55377
55387
55405
55433
55553
55557
55574
55821
55825
55840
55979
55999
56003
56140
56190
56292
56351
56484
56539
56785
56914
56983
56996
57000
57025
57070
57130
57134
57136
57172
57247
57474
57478
57512
57691
57705
57760
57802
57843
58039
58057
58061
58093
58129
58196
58250
58260
58297
58439
58445
58779
58785
58795
58983
58987
59307
59343
59355
59428
59504
59521
59550
59634
59702
59732
59819
59863
59962
60105
60163
60365
60374
60410
60425
60441
60445
60465
60690
60694
61049
61138
61265
61437
61545
61581
61735
61797
61950
62076
62101
62229
62407
62409
62468
62573
62708
62895
62965
63201
63339
63378
63436
63474
63495
63615
63619
63716
63744
63762
63841
63917
63933
64072
64154
64205
64232
64331
64335
64352
64394
64489
64493
64545
64567
64690
64759
64765
64953
65023
65343
65355
65359
65436
65458
65526
65542
65993
66024
66130
66191
66271
66334
66345
66400
66593
66613
66813
66933
67235
67299
67305
67373
67586
67743
67772
67776
67798
68018
68120
68248
68261
68301
68486
68554
68574
68643
68824
68895
68920
68922
68924
69012
69046
69048
69052
69073
69354
69385
69489
69493
69553
69588
69739
70102
70137
70186
70226
70311
70346
70415
70585
70631
70635
70710
71125
71158
71288
71503
71658
71701
71735
71825
71871
71905
72121
72305
72402
72413
72449
72503
72594
72827
72873
73067
73151
73155
73181
73188
73252
73428
73511
73714
73716
73753
73905
74145
74310
74589
74611
74774
74790
74832
74918
75044
75048
75052
75102
75106
75244
75259
75319
75338
75615
75636
75701
75805
75849
75934
75977
76122
76151
76248
76265
76552
76699
76803
76816
76833
76875
76928
77064
77095
77265
77269
77316
77350
77354
77364
77445
77754
77803
77966
78561
78680
78708
78719
78740
78768
78848
78931
78984
79090
79242
79387
79519
79569
79680
79788
80046
80138
80171
80241
80414
80576
80627
80636
80909
80972
81119
81603
81810
81885
81930
81951
82047
82078
82082
82218
82222
82283
82356
82363
82451
82536
82846
82989
82999
83136
83181
83287
83534
83538
83633
83640
83660
83900
84083
84087
84091
84138
84427
84439
84468
84536
84776
84801
84851
84919
84923
84950
85134
85153
85299
85488
85722
86021
86240
86464
86478
86500
86507
86820
86978
87016
87020
87108
87198
87202
87208
87231
87267
87334
87625
87629
87644
87769
87845
87854
87898
87928
88048
88095
88119
88126
88154
88422
88493
88642
88733
88735
88762
88873
88891
89095
89202
89234
89346
89360
89432
89969
90003
90010
90014
90120
90186
90294
90415
90453
90714
90822
90858
91020
91083
91134
91219
91442
91835
91850
91912
91992
92069
92088
92092
92154
92185
92312
92362
92385
92426
92780
92900
93365
93629
93646
93775
93808
93885
93947
93993
94155
94205
94288
94292
94302
94390
94585
94807
94941
95098
95138
95160
95226
95248
95325
95406
95439
95443
95606
95612
95616
95642
95665
95777
95917
95919
95973
95977
96049
96163
96209
96730
96739
96775
96796
96849
96870
96874
96883
96990
97083
97190
97435
97518
97576
97747
97816
97920
97924
97957
98035
98194
98372
98425
98463
98467
98471
98542
98606
98620
98684
98688
98692
98849
98910
98956
98971
98975
99006
99057
99123
99135
99137
99186
99198
99202
99269
99330
99334
99415
99433
99450
99477
99657
99669
99673
99723
99757
99802
99868
99889
100355
100367
100420
100514
100526
100544
100631
100673
100824
101010
101049
101184
101303
101310
101418
101422
101443
101811
101866
101870
101915
101919
101975
102009
102028
102053
102120
102609
102611
102615
103006
103271
103341
103345
103393
103517
103574
103588
103627
103639
103682
103852
104031
104059
104138
104196
104203
104207
104254
104354
104394
104442
104523
104970
105090
105126
105362
105366
105498
105590
105594
105624
105835
105855
105977
106155
106226
106451
106455
106701
106705
106775
106779
106929
106959
106963
106967
106971
107393
107409
107503
107552
107577
107711
107795
107839
107953
108042
108152
108360
108364
108377
108858
108887
108907
109007
109095
109615
109636
109749
109798
110056
110081
110093
110114
110131
110152
110186
110303
110378
110441
110587
110990
111528
111552
111564
111652
111685
111689
111899
111914
112525
112534
112545
112626
112630
112642
112820
113099
113148
113227
113254
113295
113529
113538
113643
113738
114161
114189
114283
114300
114549
114622
114662
114664
114841
114884
115047
115146
115152
115159
115221
115290
115365
115377
115663
115729
115824
115828
115873
115934
116113
116262
116266
116290
116297
116309
116418
116487
116546
116698
116712
116793
116865
116878
117090
117120
117194
117216
117265
117306
117358
117614
118020
118060
118096
118424
118428
118536
118836
118916
119058
119225
119235
119374
119407
119487
119554
119726
119742
119751
119764
119881
119891
120053
120138
120276
120317
120374
120572
120687
121021
121223
121280
121574
121583
121652
121703
121742
121856
122228
122288
122490
122647
122743
122754
122758
122767
122791
122817
122847
122851
123126
123302
123380
123429
123521
123539
123548
123615
123621
123676
123738
123851
123896
123936
124019
124067
124106
124110
124177
124273
124473
124527
124646
124650
124750
124754
124899
124931
125045
125059
125077
125084
125123
125141
125195
125301
125528
125738
125744
125772
125859
125910
126162
126166
126204
126384
126388
126407
126480
126512
126549
126571
126733
126865
126869
127014
127134
127227
127335
127365
127692
127713
127744
127779
127905
127909
128029
128059
128063
128065
128069
128206
128230
128374
128868
129024
129091
129312
129380
129648
129747
129751
130004
130118
130191
130432
130454
130536
130823
130868
131035
131123
131176
131218
131280
131464
131477
131518
131595
131640
131659
131670
131688
131711
131717
132028
132060
132064
132119
132203
132391
132452
132505
132707
132761
132881
133159
133194
133323
133446
133490
133581
133594
133624
133686
134133
134170
134219
134223
134236
134243
134292
134296
134337
134363
134423
134435
134468
134519
134588
134655
134812
134821
134825
134857
134880
134884
134891
134935
134960
134983
135096
135107
135346
135475
135481
135588
135628
135658
135771
135882
135913
136092
136124
136240
136244
136384
136400
136424
136603
136626
136717
136721
136847
137128
137132
137175
137182
137186
137252
137625
137709
137794
137947
137951
137995
138134
138157
138400
138512
138733
138807
138906
138979
139054
139149
139205
139228
139238
139285
139382
139710
139747
139785
139809
139819
139857
140164
140375
140617
140761
140765
140997
141081
141085
141101
141283
141333
141351
141510
141514
141545
141632
141678
141726
141908
141976
141980
142044
142173
142222
142279
142388
142406
Number of cuts: 1699

Erik
6
141
169
176
302
306
350
620
632
851
863
874
980
1403
1426
1628
1675
1690
1773
1917
2076
2189
2199
2376
2382
2817
2985
3000
3009
3204
3283
3349
3469
3718
3732
3935
4230
4234
4316
4512
4718
4765
5043
5121
5223
5349
5477
5545
5775
5795
6055
6088
6118
6122
6392
6481
6485
6563
6891
7495
7591
7757
7828
7832
7963
8008
8812
8833
8991
9061
9190
9520
9533
9562
9896
10248
10704
10757
10942
11047
11137
11170
11496
11670
12028
12037
12080
12092
12128
12269
12310
12314
12488
12555
12637
12700
13032
13036
13040
13819
14140
14161
14167
14212
14248
14318
14341
14377
14978
14990
15532
15544
15621
15640
15748
16344
16388
16462
16663
16754
17056
17642
17918
17939
18373
18578
18611
18630
18794
18946
19450
19543
19794
20098
20652
20889
21048
21229
21336
21618
21636
22322
22475
22529
22598
22758
23147
23151
23163
23198
23740
23789
23876
24324
24462
24510
24805
24922
24984
24990
25008
25253
25530
25853
25946
26074
26212
26421
26673
26756
26829
26833
27055
27149
27381
28083
28183
28197
28219
29008
29012
29291
29342
29482
29592
29734
29854
29975
30234
30648
30732
31753
31769
31783
31787
31791
31966
32525
32536
32705
32902
33605
33684
34184
34821
35113
35132
35136
35267
35339
35798
35837
36054
36176
36180
36246
36507
36511
36672
36751
36804
38090
38115
38138
38142
38351
38500
38646
39045
39173
39188
39315
39379
39383
39432
40326
40455
40683
40857
41003
41261
41279
41450
41724
42181
42213
42858
43904
44564
44657
45072
45661
46031
46282
Number of cuts: 254

Espica
6
141
169
176
302
306
350
620
632
851
863
874
980
1403
1426
1628
1675
1690
1773
1917
2076
2189
2199
2376
2382
2817
2985
3000
3009
3204
3283
3349
3469
3718
3732
3935
4230
4316
4512
4718
4765
5043
5121
5223
5349
5477
5545
5775
5795
6055
6088
6118
6122
6392
6481
6485
6563
6891
7495
7591
7757
7828
7832
7963
8008
8813
8834
8992
9062
9191
9521
9534
9563
9897
10249
10705
10758
10943
11048
11138
11171
11497
11671
12029
12038
12081
12093
12129
12270
12311
12315
12489
12556
12638
12701
13033
13037
13041
13820
14141
14162
14168
14213
14249
14319
14342
14378
14979
14991
15533
15545
15622
15641
15749
16345
16389
16463
16664
16755
17057
17643
17919
17940
18374
18579
18612
18631
18795
18947
19451
19544
19795
20099
20653
20890
21049
21230
21337
21619
21637
22323
22476
22530
22599
22759
23148
23152
23164
23742
23791
23878
24327
24465
24513
24808
24925
24987
24993
25011
25256
25533
25856
25949
26077
26215
26424
26676
26759
26832
26836
27058
27152
27384
28086
28186
28200
28222
29011
29015
29292
29343
29483
29593
29735
29855
29976
30235
30649
30733
31542
31754
31784
31788
31792
31967
32526
32537
32706
32903
33606
33685
34185
34783
34831
35123
35142
35146
35277
35349
35808
35847
35965
36064
36186
36190
36256
36517
36521
36682
36761
36814
38100
38125
38148
38152
38656
39055
39183
39322
39386
39390
39439
40565
40793
40967
41113
41371
41389
41834
42291
42323
42968
44674
44767
45182
45771
46141
46390
Number of cuts: 248

Finch
20
434
563
680
1157
1201
1581
1747
1786
1888
1892
1948
2022
2038
2969
3526
3559
3665
3966
4330
4672
4717
4912
4939
4968
5128
5138
5168
5172
5408
5439
5564
5584
5741
5815
5889
5913
6068
6374
6782
6960
7535
7546
7720
7840
7938
7976
8324
8510
8608
8927
8939
8956
8960
8964
9025
9245
9334
9685
9916
10053
10203
10344
10506
10584
10627
10696
10982
11344
11490
11504
11633
11688
11764
11830
12158
12797
12969
13028
13092
13533
13537
13541
13584
13588
13629
13887
13914
13918
13994
14210
14375
14397
14465
14565
14698
14762
14899
15251
15269
15379
15426
15549
15742
15881
15972
16041
16158
16167
16171
16183
16636
16801
17231
17381
17487
17491
17712
17769
17907
18304
18406
18410
18429
18554
19052
19106
19124
19159
19386
19498
19622
19680
19692
20101
20350
20414
20418
20723
20787
20969
20994
21074
21171
21175
21266
21331
21372
21393
21407
21553
21755
22216
22220
22649
22827
22831
22970
23034
23276
23280
23346
23370
24077
24233
24380
24547
24571
24915
25028
25032
25169
25736
25764
25884
25940
25947
26142
26186
26260
26364
26668
26689
26747
26785
26938
27026
27151
27295
27464
27527
27615
27661
27839
28035
28163
28341
28362
28702
28766
28916
29096
29518
29530
30071
30251
30255
30264
30268
30322
30434
30643
30968
30972
31274
31491
31875
32154
32206
32241
32317
32324
32465
32880
33075
33147
33417
33462
33788
34472
34701
34744
34828
35394
35468
35541
35779
35890
35989
36318
36346
36414
36438
36524
36979
37637
37641
37712
38147
38255
38257
38352
38426
38492
38501
38606
38882
39129
39260
39379
39405
39599
39660
39858
40277
40369
40500
40929
40933
41285
41446
41714
41718
41861
41932
41936
42323
42450
42454
42475
42479
42483
42586
42641
42909
43176
43230
43917
44086
44517
44535
44817
45051
45180
45269
45739
45768
46283
46318
46581
46934
46953
46968
46979
47516
47824
47952
48261
48457
48569
48653
48683
48800
48837
49004
49273
49469
49672
49888
49890
50069
50099
50161
50209
50261
50265
50448
50518
50619
50649
50660
50719
50746
51795
52020
52440
52738
52773
52777
52811
53169
53228
53247
53326
53542
53608
53903
54144
54166
54403
55369
55405
55451
55476
55586
55603
55631
55644
55691
55825
55911
56134
56263
56410
56464
56468
56554
56558
57048
57163
57828
58113
58392
58396
58409
58476
58529
58683
58720
58835
59268
59338
59524
59573
59861
60018
60103
60313
60336
60363
60592
60647
60771
60927
60994
61140
61172
61216
61430
61592
61628
61850
61889
62190
62247
62323
62440
62564
62617
62852
62996
63026
63180
63455
63459
63468
63506
63619
63630
63634
63672
63752
63822
63953
63957
64112
64118
64609
65158
65268
65379
65726
65813
65817
66322
66390
66487
66605
66698
66797
66801
66805
66809
67175
67432
67436
67576
67732
67884
67911
67915
68052
68056
68349
68353
68586
68836
68916
68946
69089
69377
69390
69682
69719
69966
70099
70370
70808
70882
70896
71084
71271
71311
71676
71811
72047
72494
72837
72958
73349
73366
73495
73502
73534
73675
73832
74243
74259
74272
74362
74395
74462
74482
74889
74893
75293
75330
75351
75783
76331
76355
76434
76540
76687
76844
76908
77387
77578
77649
77677
77708
77778
77878
77936
77940
78146
78821
78900
79078
79278
79385
79555
79790
79924
80183
80280
80322
80336
80440
80457
80932
80964
81016
81073
81119
81392
81496
81513
81721
81968
81972
82008
82033
82037
82077
82183
82187
82259
82473
82806
82872
82881
82930
83034
83036
83109
83158
83181
83264
83282
83311
83369
83476
83534
83660
83901
84095
84113
84165
84286
84299
84496
84683
84709
84723
84745
84764
84768
84815
84834
84838
85113
85157
85526
85557
85868
85965
85983
86194
86398
86402
86487
86583
86621
87183
87427
87431
87509
87552
87566
87586
87678
88026
88141
88283
88412
88481
88518
88551
88625
88641
88663
88722
88981
89072
89249
89314
89493
89586
89766
89857
89994
90204
90301
90465
90540
90554
90558
90708
90879
90920
90961
90982
91005
91353
91792
91906
91936
92103
92179
92260
92294
92337
92681
92706
92787
92971
93322
93527
93584
93860
94712
94736
94808
95125
95152
95321
95352
95356
95457
95637
95985
96438
96497
96527
96573
96617
96648
96788
96823
96885
97214
97218
97364
97551
97954
97980
98359
98473
98769
98845
98884
99240
99329
99408
99645
99763
99878
99910
100011
100099
100218
100567
100623
100914
100967
101400
101625
101647
101666
101670
101874
102131
102214
102252
102256
102330
102475
102504
102559
102725
102940
103139
103143
103356
103363
103559
103667
103809
104037
104128
104147
104620
104703
104803
104843
104959
105186
105561
105615
105734
106114
106267
106282
106578
106874
107247
107256
107486
107545
107782
108093
108443
108481
108524
108871
108997
109011
109298
109377
109581
109976
110079
110121
110182
110488
110828
110973
111197
111374
111717
111721
112024
112101
112114
112527
112695
113031
113114
113804
113864
113921
114051
114099
114176
114207
114325
114613
114646
114661
115094
115393
115412
115467
115556
115667
115676
115733
116137
116224
116368
116527
116693
116879
117033
117093
117228
117390
117412
117507
117511
117828
117916
117957
118015
118404
118438
118487
118732
118847
118861
118948
119000
119584
119615
119709
119725
119945
120079
120085
120225
120306
120334
120407
120626
120820
121053
121057
121199
121344
121507
121642
121922
122170
122191
122366
122418
122446
122511
122525
122745
123072
123278
123306
123368
123560
123572
123604
123686
123728
123811
123950
123985
124492
124882
125091
125186
125414
125469
125630
125959
125963
126045
126175
126204
126361
126716
127608
127681
127685
127991
128321
128325
128329
128361
128400
128746
128753
128757
128799
128858
128937
129018
129181
129346
129419
129423
130271
130346
130459
130486
130598
130613
130671
130757
130858
130921
131067
131250
131287
131365
131625
131629
131642
131736
132085
132092
132129
132159
132188
132192
132261
132394
132486
132603
132662
132698
132704
132955
133000
133311
133457
133596
133644
133912
134067
134131
135090
135094
135570
135574
135641
135661
135736
135925
136019
136052
136335
136339
136420
136531
136568
136663
136760
136817
136915
136922
137144
137302
137704
138306
138394
138550
138643
138647
Number of cuts: 955

Gollum
6
141
169
176
302
306
350
620
632
851
863
874
980
1403
1426
1628
1675
1690
1773
1917
2076
2189
2199
2376
2382
2817
2985
3000
3009
3204
3283
3349
3469
3718
3732
3935
4230
4234
4316
4512
4718
4765
5043
5121
5223
5349
5477
5545
5775
5795
6055
6088
6118
6122
6392
6481
6485
6563
6891
7495
7591
7757
7828
7832
7963
8008
8813
8834
8992
9062
9191
9521
9534
9563
9897
10249
10705
10758
10943
11048
11138
11171
11497
11671
12029
12038
12081
12093
12129
12270
12311
12315
12489
12556
12638
12701
13033
13037
13041
13820
14141
14162
14168
14213
14249
14319
14342
14378
14979
14991
15533
15545
15622
15641
15749
16345
16389
16463
16664
16755
17057
17643
17919
17940
18374
18579
18612
18631
18795
18947
19451
19544
19795
20099
20653
20890
21049
21230
21337
21619
21637
22323
22476
22530
22599
22759
23148
23152
23164
23742
23791
23878
24326
24464
24512
24807
24924
24986
24992
25010
25255
25532
25855
25905
25948
26076
26214
26423
26675
26758
26831
26835
27057
27147
27151
27383
28085
28185
28199
28221
29010
29014
29291
29342
29478
29482
29592
29734
30041
30300
30714
30798
31607
31819
31849
31853
31857
32032
32591
32602
32771
32968
33671
33750
34250
34887
35179
35198
35202
35333
35405
35864
35903
36120
36242
36246
36312
36573
36577
36738
36817
36870
38156
38181
38204
38208
38712
39111
39239
39378
39442
39446
39495
40437
40566
40794
40968
41114
41372
41390
41561
41835
42292
42324
42969
44015
44675
44768
45183
45772
46142
46388
Number of cuts: 252

Grayson
226
1138
1548
1656
2458
2558
2806
2834
4090
4104
4319
4756
4955
4965
5032
6027
6342
7622
8020
8265
9992
13016
14207
14211
14542
14596
14693
15181
15882
16012
16927
17170
17492
18119
19766
20028
20400
21522
21531
22140
23872
24382
25882
26249
26443
26785
26799
27268
27361
27619
28799
28811
29476
29671
29684
30540
31280
31732
31840
32637
34007
35049
35430
35697
35751
36848
40516
40582
41467
42516
43649
44839
45093
45172
46815
47598
47991
48329
48913
49642
50649
50850
51196
51877
52365
53016
55678
55682
56728
56907
57771
58243
58247
59140
59650
61032
62147
62151
63069
63485
64321
64965
65276
65840
67316
67936
67969
69275
69477
69654
69772
70085
70108
70536
71397
71728
72655
73152
73413
73673
75677
75788
77972
78005
78310
79109
81074
81745
81928
81932
83194
83691
83826
83830
86337
87133
87216
88004
88042
89774
89867
90408
92312
92712
93072
93996
94281
94463
94467
94702
95510
95914
96247
96253
96294
98081
98203
98297
98756
98767
98832
98851
98857
99154
100164
101542
101867
101960
102204
103321
103802
104363
104859
104930
105532
105727
106828
107236
107676
107867
108123
108427
108462
109067
109548
110476
110765
112417
112966
113621
113674
114425
115484
116109
116179
116422
116625
117146
118425
118562
118673
119968
121049
121069
121131
121149
121171
121185
121223
121242
121365
122194
122198
122355
123126
123412
124000
124041
124123
124164
124168
124193
124386
124441
124512
125252
125547
125628
125775
126109
126438
126508
126549
126885
126889
126893
126909
126948
127072
127163
127494
128085
128406
128484
128507
128550
128585
129127
130039
130449
130557
131359
131459
131707
131735
Number of cuts: 255

Harlequin
6
141
169
176
302
306
350
620
632
851
863
874
980
1403
1426
1628
1675
1773
1917
2076
2199
2234
2376
2382
2817
2985
3000
3009
3025
3204
3283
3349
3469
3718
3852
3935
3957
4230
4316
4512
5043
5121
5349
5477
5545
5775
6088
6118
6122
6377
6417
6548
6876
7480
7576
7742
7813
7817
7993
8069
8157
8378
8414
8499
8936
9006
9135
9465
9841
9869
10193
10458
10624
10649
10893
10998
11088
11121
11447
11621
11826
11979
11988
12031
12043
12079
12261
12439
12506
12588
12613
12983
12987
12991
13158
13562
13770
13842
14029
14091
14199
14269
14292
14328
14929
14941
15401
15483
15495
15572
15591
15699
16295
16705
17000
17143
17593
17869
17890
18324
18529
18562
18581
18745
18897
19213
19401
19494
19519
19745
20000
20049
20603
20840
20999
21086
21180
21287
21623
21645
21729
22535
23153
23157
23169
23747
23796
23883
24331
24469
24517
24812
24929
24991
24997
25015
25260
25856
25860
25910
25953
26428
26680
26836
26840
27062
27152
27156
27238
28090
28190
28204
28491
29015
29019
29298
29349
29485
29489
29599
29741
29827
30086
30500
30584
31393
31605
31621
31635
31639
31643
32388
32557
32754
33457
33536
34036
34625
34673
34965
34984
34988
35119
35191
35650
35689
35807
35906
36028
36032
36098
36359
36363
36524
36603
36656
37942
37994
38008
38193
38498
39025
39231
39235
39284
40283
40411
40621
40641
40815
40961
41219
41237
41409
41683
42140
42172
42817
44523
44616
45031
45620
45990
46236
Number of cuts: 244

Hiro
6
141
169
176
302
306
350
620
632
851
863
874
980
1403
1426
1628
1675
1773
1917
2076
2199
2234
2376
2382
2817
2985
3000
3009
3025
3204
3283
3349
3469
3732
3935
4316
4512
4718
4765
5043
5080
5121
5223
5477
5545
5775
5795
6118
6122
6285
6377
6466
6470
6548
6876
7576
7742
7813
7817
7993
8069
8157
8378
8414
8499
8936
9006
9135
9465
9841
10193
10458
10624
10649
10699
10887
10992
11082
11115
11441
11973
11982
12037
12224
12234
12559
12573
12973
13061
13065
13072
13289
13293
13297
13392
13840
14076
14095
14335
14397
14418
14505
14575
14598
15025
15235
15247
15388
15789
15801
15878
15897
16005
16601
16719
17053
17449
17899
18175
18196
18630
18835
18887
19051
19070
19203
19519
19707
19800
19825
20051
20306
20355
20459
20630
20909
21074
21085
21146
21256
21486
21593
21897
22519
22609
23045
23243
23303
23327
23409
23811
24002
24051
24138
24586
24724
24772
25067
25184
25246
25252
25270
25515
26111
26115
26165
26208
26683
26935
27018
27027
27091
27095
27317
27407
27411
27493
27643
28345
28445
28459
28746
29270
29274
29553
29604
29740
29744
29854
29996
30303
30562
30976
31060
31869
32081
32097
32111
32115
32119
32864
33033
33230
33933
34012
34512
35101
35149
35441
35460
35464
35595
35667
36126
36165
36283
36382
36504
36508
36574
36835
36839
37000
37079
37132
38418
38466
38470
38598
38974
39373
39501
39516
39707
39711
39760
40755
40884
41112
41286
41432
41690
41708
41880
42154
42611
42643
43288
44994
45087
45502
46091
46461
Number of cuts: 253

Jace
36
40
321
461
531
639
662
735
739
782
827
872
878
882
1005
1016
1099
1532
1715
1794
1865
1869
2104
2108
2217
2306
2335
2414
2686
2708
2748
2814
2900
2914
2961
3209
3247
3256
3380
3391
3407
3468
3472
3569
3703
3770
3774
3889
3895
3957
4098
4113
4117
4150
4160
4164
4218
4239
4301
4379
4405
4433
4451
4581
4618
4624
4637
4641
4645
4664
4697
4749
4753
4810
4897
4929
4933
4949
5172
5284
5380
5471
5523
5554
5939
6075
6207
6371
6502
6532
6541
6545
6724
6728
6919
6969
6993
7058
7076
7184
7243
7302
7325
7475
7587
7591
7609
7668
7747
7774
7812
7836
7943
8207
8260
8324
8441
8445
8591
8629
8690
8857
8921
9082
9092
9213
9217
9244
9338
9342
9446
9493
9497
9573
9641
9702
9727
9786
10077
10081
10099
10106
10392
10416
10442
10612
10616
10620
10649
10705
10737
10862
10877
10883
10912
10919
10952
11077
11100
11135
11148
11357
11375
11442
11474
11478
11529
11544
11636
11721
11852
11958
12009
12108
12112
12180
12366
12467
12546
12550
12634
12790
12871
13094
13142
13318
13348
13466
13604
13684
13788
14073
14077
14161
14165
14169
14369
14399
14614
14764
14830
14899
15003
15551
15855
15928
16338
16578
16591
16777
16783
17031
17181
17271
17295
17390
17394
17405
17409
17458
17503
17561
17585
17617
17621
17674
17685
17743
17765
17774
17879
17883
17977
17981
17985
18137
18144
18201
18292
18586
18700
18704
18788
18835
18971
19052
19207
19280
19287
19318
19391
19527
19672
19717
20045
20182
20262
20266
20380
20411
20441
20445
20452
20547
20635
20811
20824
20856
20868
20908
20931
21003
21142
21228
21432
21470
21474
21519
21579
21733
21743
21747
21751
21797
21963
22163
22330
22649
22689
22786
23087
23098
23102
23155
23159
23219
23236
23342
23346
23375
23415
23501
23521
23634
23651
23695
23799
24025
24447
24475
24539
24560
24588
24601
24762
24786
24989
24993
25013
25047
25101
25169
25249
25300
25550
25554
25600
25685
25738
26011
26017
26021
26073
26194
26241
26360
26384
26408
26436
26449
26497
26583
26604
26643
26774
27042
27048
27088
27237
27340
27344
27416
27465
27495
27594
27633
27755
27776
27796
27803
27807
27858
27987
27991
28045
28157
28178
28378
28473
28564
28635
28676
28863
28999
29011
29022
29166
29191
29242
29259
29295
29306
29530
29534
29557
29730
29756
29871
29883
29916
30034
30067
30120
30132
30142
30291
30295
30302
30316
30416
30430
30493
30497
30553
30628
30713
30801
30961
30983
31073
31142
31151
31223
31260
31298
31352
31365
31493
31570
31652
31882
31915
31996
32147
32182
32186
32190
32337
32406
32412
32416
32497
32551
32600
32613
32617
32621
32671
32689
32729
32733
32737
32837
32841
32862
32889
32910
32989
33049
33059
33069
33083
33087
33122
33132
33259
33430
33726
33752
33791
33951
34019
34251
34297
34363
34386
34390
34394
34503
34507
34575
34721
34753
34757
34849
34902
34973
35101
35129
35133
35273
35299
35449
35584
35610
35653
35803
35848
35875
35879
35934
35938
36009
36114
36118
36182
36235
36338
36353
36360
36387
36466
36470
36482
36555
36670
36674
36678
36720
36886
37007
37051
37088
37140
37151
37160
37349
37430
37596
37600
37826
37851
37934
38215
38290
38495
38533
38595
38678
38712
38716
38759
38873
39029
39144
39209
39394
39505
39547
39567
39630
39643
39669
39678
39963
39992
39996
40021
40218
40246
40276
40285
40338
40561
40577
40600
40697
40747
40764
40768
40809
40895
40991
41013
41020
41225
41249
41308
41406
41654
41945
42012
42049
42272
42406
42413
42540
42616
42645
42785
42823
42864
42868
42893
42965
42977
43070
43100
43231
43391
43423
43489
43606
43635
43719
43728
43788
43851
43885
43900
43915
44154
44170
44183
44249
44287
44391
44487
44533
44592
44647
44660
44678
44843
44963
45075
45211
45443
45591
45612
45684
45736
45761
45790
45884
45983
46072
46183
46196
46200
46313
46474
46508
46772
46799
46882
46930
47009
47093
47206
47210
47454
47581
47653
47764
47778
47810
47888
47919
47942
47980
48098
48175
48369
48442
48446
48853
48928
49162
49183
49219
49254
49300
49438
49477
49483
49535
49546
49601
49626
49768
49793
49888
49940
49977
50018
50034
50052
50069
50173
50343
50399
50432
50477
50514
50620
50839
51305
51317
51525
51529
51689
51765
51820
51833
51880
51923
51933
51998
52009
52104
52113
52156
52163
52195
52277
52296
52402
52420
52456
52513
52522
52588
52702
52870
52936
52969
52988
53248
53291
53295
53368
53635
Number of cuts: 723

Jester
6
141
169
176
302
306
350
620
632
851
863
874
980
1403
1426
1628
1675
1773
1917
2076
2199
2234
2376
2382
2817
2985
3000
3009
3025
3204
3283
3349
3469
3718
3852
3935
3957
4230
4316
4512
5043
5121
5349
5477
5545
5775
6088
6118
6122
6377
6417
6548
6876
7480
7576
7742
7813
7817
7993
8069
8157
8378
8414
8499
8936
9006
9135
9465
9841
9869
10193
10458
10624
10649
10699
10887
10992
11082
11441
11615
11973
11982
12025
12037
12073
12255
12259
12346
12350
12433
12500
12530
12582
12607
12977
12981
12985
13152
13556
13698
13764
13836
14023
14085
14106
14193
14263
14286
14713
14923
14935
15076
15477
15489
15566
15585
15693
16289
16407
16741
17137
17587
17863
17884
18318
18523
18575
18739
18891
19207
19395
19488
19513
19739
19994
20043
20597
20834
20993
21080
21174
21281
21563
21585
21669
22466
23084
23088
23100
23678
23727
23814
24262
24400
24448
24743
24860
24922
24928
24946
25191
25787
25791
25841
25884
26359
26611
26767
26771
26993
27083
27087
27169
28021
28121
28135
28422
28946
28950
29229
29280
29416
29420
29530
29672
29758
30017
30431
30515
31324
31536
31552
31566
31570
31574
32319
32488
32685
33388
33467
33967
34556
34604
34896
34915
34919
35050
35122
35581
35620
35738
35837
35959
35963
36029
36290
36294
36455
36534
36587
37873
37925
37939
38124
38429
38956
39162
39166
39215
40214
40342
40552
40572
40746
40892
41150
41168
41340
41614
42071
42103
42748
44454
44547
44962
45551
45921
46167
Number of cuts: 248

Krishelle
6
141
169
176
302
306
350
620
632
851
863
874
980
1403
1426
1628
1675
1690
1773
1917
2076
2189
2199
2376
2382
2817
2985
3000
3009
3204
3283
3349
3718
3732
3935
4230
4316
4512
4718
4765
5043
5121
5223
5349
5477
5545
5775
5795
6055
6088
6118
6122
6392
6481
6485
6563
6891
7495
7591
7757
7828
7832
8008
8084
8172
8393
8429
8514
8951
9021
9150
9480
9856
10208
10473
10639
10664
10714
10902
11007
11097
11130
11456
11988
11997
12052
12239
12249
12574
12588
12988
13076
13080
13087
13304
13308
13312
13407
13855
14091
14110
14350
14412
14433
14520
14590
14613
15040
15250
15262
15403
15804
15816
15893
15912
16020
16043
16616
16734
17068
17464
17914
18190
18211
18645
18850
18902
19066
19218
19534
19722
19815
20066
20370
20474
20645
20924
21089
21100
21161
21271
21501
21608
21948
22570
22660
23096
23294
23354
23378
23460
23862
24053
24103
24190
24610
24748
24796
25208
25270
25276
25294
25539
25816
26135
26139
26232
26310
26360
26707
26959
27042
27051
27055
27059
27115
27119
27341
27345
27431
27435
27667
28369
28469
28483
28505
28684
28706
28738
28849
28853
29151
29373
29377
29653
29704
29840
29844
29954
30096
30403
30662
31076
31160
32181
32197
32211
32215
32219
32394
32953
32964
33133
33330
34033
34112
34612
35249
35541
35560
35564
35695
35767
36226
36265
36344
36383
36482
36613
36683
36944
36948
37109
37188
37241
38527
38552
38575
38579
38788
38937
39083
39482
39610
39625
39752
39816
39820
39869
40864
40993
41221
41395
41541
41799
41817
41988
42262
42316
42719
42751
43396
45102
45195
45610
46189
Number of cuts: 266

Lillie
6
141
169
176
302
306
350
620
632
851
863
874
980
1403
1426
1628
1675
1690
1773
1917
2076
2189
2199
2376
2382
2817
2981
2985
3000
3009
3204
3283
3349
3469
3718
3732
3935
4230
4234
4316
4512
4718
4765
5043
5121
5223
5349
5477
5545
5775
5795
6055
6088
6118
6122
6392
6481
6485
6563
6891
7495
7591
7757
7828
7832
7963
8008
8813
8834
8992
9062
9191
9521
9534
9563
9897
10249
10705
10758
10943
11048
11138
11171
11497
11671
12029
12038
12081
12093
12129
12270
12311
12315
12489
12556
12638
12701
13033
13037
13041
13820
14141
14162
14168
14213
14249
14319
14342
14378
14979
14991
15533
15545
15622
15641
15749
16345
16389
16463
16664
16755
17057
17643
17919
17940
18374
18579
18612
18631
18795
18947
19451
19544
19795
20099
20653
20890
21230
21337
21619
21637
22323
22476
22530
22599
22759
23148
23152
23164
23199
23742
23791
23878
24326
24464
24512
24807
24924
24986
24992
25010
25255
25532
25855
25948
26076
26214
26423
26675
26758
26831
26835
27057
27147
27151
27233
27383
28085
28185
28199
28221
28581
28797
29010
29014
29293
29344
29480
29484
29594
29736
30043
30302
30716
30800
31821
31837
31851
31855
31859
32034
32593
32604
32773
32970
33673
33752
34252
34889
35181
35200
35204
35335
35407
35866
35905
36122
36244
36248
36314
36575
36579
36740
36819
36872
38158
38183
38206
38210
38419
38568
38714
39113
39241
39256
39383
39447
39451
39500
40495
40624
40852
41026
41172
41430
41448
41619
41893
42350
42382
43027
44073
44733
44826
45241
45830
46200
46449
Number of cuts: 258

Mahdia
3
339
789
1047
1205
1844
1924
2165
2377
2381
2393
2676
2822
3100
3121
3605
4082
4436
4741
4876
4928
4932
5885
6008
6035
6938
6990
7466
7712
8000
8072
8076
8353
8615
8665
8845
9181
9247
9263
9387
9413
9438
9499
9658
9688
9836
9840
9852
10033
10260
10328
10902
10941
10945
10976
11173
11202
11206
11224
11278
11282
11310
11372
11666
12093
12214
12320
12748
12844
12857
13671
13689
13841
13851
13870
13874
14480
14888
14966
15917
16192
16358
16542
16584
16601
16659
17050
17126
17128
17459
17741
18039
18084
18086
18154
18241
18352
18420
18543
18545
18745
18780
18784
18822
18833
19174
19403
19460
19462
19537
19583
19673
19725
19729
19919
20169
20233
20563
20631
20767
21002
21014
21041
21186
21566
21609
21649
21781
21961
22291
22495
22614
23214
23404
23519
23704
23802
24016
24080
24175
24617
24645
25151
25160
25235
25712
25743
25866
26188
26504
26527
26568
26849
26960
26997
27039
27587
27629
27833
27885
28221
28521
28638
28662
28747
28894
28937
29021
29109
29260
29522
29534
29544
29548
29672
29797
30105
30121
30217
30925
31066
31710
31734
31947
32023
32050
32062
32095
32118
32175
32910
33534
33564
33720
33799
33803
34104
34151
34476
34722
34794
34942
35118
35345
35630
35823
35977
36022
36026
36355
36398
36462
36545
36561
36573
36577
36676
36867
37266
37302
37487
37499
37728
37759
37981
37990
38065
38318
38392
38800
38948
39162
39182
39225
39339
39516
39986
40152
40280
40471
40522
40526
40784
40856
41169
41466
41476
41867
41919
42221
42241
42266
42280
42290
Number of cuts: 254

Naiad
6
141
169
176
302
306
350
620
632
851
863
874
980
1403
1426
1628
1675
1690
1773
1917
2076
2189
2199
2376
2382
2817
2985
3000
3009
3204
3283
3349
3718
3732
3935
4230
4316
4512
4718
4765
5043
5121
5223
5349
5477
5545
5775
5795
6055
6088
6118
6122
6392
6481
6485
6563
6891
7495
7591
7757
7828
7832
7963
8008
8813
8834
8992
9062
9191
9521
9534
9563
9897
10249
10705
10758
10943
11048
11138
11171
11497
11671
12029
12038
12081
12093
12129
12270
12311
12315
12489
12556
12638
12701
13033
13037
13041
13820
14141
14162
14168
14213
14249
14319
14342
14378
14979
14991
15533
15545
15622
15641
15749
16345
16389
16463
16664
16755
17057
17643
17919
17940
18374
18579
18612
18631
18795
18947
19451
19544
19795
20099
20653
20890
21000
21230
21337
21619
21637
22489
22772
23161
23165
23177
23755
23804
23891
24339
24477
24525
24820
24937
24999
25005
25023
25268
25864
25868
25918
25961
26089
26227
26436
26634
26671
26688
26780
26844
26848
27070
27160
27164
27246
27396
28098
28198
28212
28234
28594
28810
29023
29027
29306
29357
29493
29497
29607
29749
30056
30315
30729
30813
31834
31850
31864
31868
31872
32047
32606
32617
32786
32983
33686
33765
34265
34902
35194
35213
35217
35348
35420
35879
35918
35997
36036
36135
36266
36336
36597
36601
36762
36841
36894
38180
38205
38228
38232
38441
38590
38736
39135
39263
39278
39405
39469
39473
39522
40517
40646
40874
41048
41194
41452
41470
41641
41915
41969
42372
42404
43049
44755
44848
45263
45852
46222
46472
Number of cuts: 256

Nancinator
6
141
169
176
302
306
350
620
632
851
863
874
980
1403
1426
1628
1675
1690
1773
1917
2076
2189
2199
2376
2382
2817
2985
3000
3009
3204
3283
3349
3469
3718
3732
3935
4230
4316
4512
4718
4765
5043
5121
5223
5349
5477
5545
5775
5795
6055
6088
6118
6122
6392
6481
6485
6563
6891
7495
7591
7757
7828
7832
7963
8008
8813
8834
8992
9062
9191
9521
9534
9563
9897
10249
10705
10758
10943
11048
11138
11171
11497
11671
12029
12038
12081
12093
12129
12270
12311
12315
12489
12556
12638
12701
13033
13037
13041
13820
14141
14162
14168
14213
14249
14319
14342
14378
14979
14991
15533
15545
15622
15641
15749
16345
16389
16463
16664
16755
17057
17643
17919
17940
18374
18579
18612
18631
18795
18947
19451
19544
19795
20099
20653
20890
21049
21230
21337
21619
21637
22323
22476
22530
22599
22759
23148
23152
23164
23742
23791
23878
24327
24465
24513
24808
24925
24987
24993
25011
25256
25533
25856
25949
26077
26215
26424
26676
26759
26832
26836
27058
27152
27384
28086
28186
28200
28222
29011
29015
29292
29343
29483
29593
29735
29855
29976
30235
30649
30733
31542
31754
31784
31788
31792
31967
32526
32537
32706
32903
33606
33685
34185
34783
34831
35123
35142
35146
35277
35349
35808
35847
35965
36064
36186
36190
36256
36517
36521
36682
36761
36814
38100
38125
38148
38152
38656
39055
39183
39322
39386
39390
39439
39834
39963
40191
40365
40511
40769
40787
40958
41232
41689
41721
42366
44072
44165
44580
45169
45539
45789
Number of cuts: 250

Natosaleda
6
141
169
176
302
306
350
620
632
851
863
874
980
1403
1426
1628
1675
1690
1773
1917
2076
2189
2199
2376
2382
2817
2985
3000
3009
3204
3283
3349
3469
3718
3732
3935
4230
4316
4512
4718
4765
5043
5121
5223
5349
5477
5545
5775
5795
6055
6088
6118
6122
6392
6481
6485
6563
6891
7495
7591
7757
7828
7832
7963
8008
8813
8834
8992
9062
9191
9521
9534
9563
9897
10249
10705
10758
10943
11048
11138
11171
11497
11671
12029
12038
12081
12093
12129
12270
12311
12315
12489
12556
12638
12701
13033
13037
13041
13820
14141
14162
14168
14213
14249
14319
14342
14378
14979
14991
15533
15545
15622
15641
15749
16345
16389
16463
16664
16755
17057
17643
17919
17940
18374
18579
18612
18631
18795
18947
19451
19544
19795
20099
20653
20890
21049
21230
21337
21619
21637
22323
22476
22530
22599
22759
23148
23152
23164
23742
23791
23878
24326
24464
24512
24807
24924
24986
24992
25010
25255
25532
25855
25948
26076
26214
26423
26675
26758
26831
26835
27057
27151
27383
28085
28185
28199
28221
29010
29014
29291
29342
29482
29592
29734
29854
29975
30234
30648
30732
31541
31753
31783
31787
31791
31966
32525
32536
32705
32902
33605
33684
34184
34782
34830
35122
35141
35145
35276
35348
35807
35846
35964
36063
36185
36189
36255
36516
36520
36681
36760
36813
38099
38124
38147
38151
38655
39054
39182
39321
39385
39389
39438
40564
40792
40966
41112
41370
41388
41833
42290
42322
42967
44673
44766
45181
46132
46380
Number of cuts: 247

Partridge
6
141
176
216
302
350
617
629
773
858
869
975
1396
1419
1588
1687
1749
1832
1976
2135
2225
2248
2258
2293
2435
2441
2876
3043
3047
3059
3068
3084
3263
3342
3408
3528
3777
3874
3994
4289
4375
4571
4777
4824
5102
5139
5180
5282
5408
5536
5604
5834
5854
6147
6177
6181
6344
6436
6607
6699
6935
7539
7635
7801
7872
7876
8052
8128
8216
8437
8473
8558
8840
8861
9019
9089
9218
9548
9590
9924
9952
10276
10541
10707
10718
10732
10976
11081
11171
11204
11530
11704
12062
12071
12085
12114
12126
12162
12344
12522
12589
12619
12671
12696
13066
13070
13074
13241
13245
13853
13925
14112
14174
14282
14352
14375
14824
15012
15024
15366
15566
15578
15655
15674
15782
16378
16496
16788
17226
17676
17952
17973
18407
18612
18645
18664
18828
18980
19296
19484
19577
19828
20083
20132
20236
20686
20923
21082
21263
21370
22188
22522
22805
23194
23198
23210
23788
23838
23925
23943
23947
24373
24511
24525
24559
24971
25033
25039
25057
25302
25615
25934
25938
26031
26109
26159
26506
26758
26841
26850
26914
26918
27140
27144
27230
27234
27466
28168
28268
28282
28304
28483
28505
28537
28648
28652
28950
29172
29176
29453
29504
29644
29754
29896
30203
30297
30462
30876
30960
31213
31351
31981
32011
32015
32019
32194
32357
32437
32780
32789
32793
32933
33063
33127
33836
34041
34053
34541
35187
35479
35498
35502
35633
35705
36164
36203
36282
36542
36612
36873
36877
37038
37170
38211
38395
38457
38505
38509
38867
39013
39412
39540
39555
39746
39750
39799
39943
40795
40925
41327
41731
41749
41920
42194
42248
42514
42742
43512
43697
45215
45308
46198
Number of cuts: 272

Pepy6
52
115
176
356
435
720
1250
1254
2135
2202
2261
2954
2958
3374
3621
4339
4865
5365
5371
5665
6265
7071
7399
7675
7810
8630
9241
9649
10091
10095
10174
10838
11066
11245
11342
11379
11465
12239
12260
13329
13625
13756
13940
14300
14465
14520
15399
15870
15957
16574
17018
17175
17499
17577
17739
17962
18183
18412
18461
18821
19193
19251
19664
19728
19790
19879
19982
20005
20677
21115
21119
21163
21446
21617
22064
22248
22345
22349
22353
22723
22735
22935
22989
23080
23296
23488
24189
24257
24534
24953
25218
25445
25497
25749
27363
27562
28112
28775
28960
29080
29399
29485
29489
30076
30139
30196
30517
30604
30668
30912
31183
31260
31417
31572
31933
32166
32293
32500
32664
32698
33007
33036
33042
33434
34898
35125
35146
35386
35536
35623
35627
36888
37581
37738
37742
37984
38145
38248
38623
38672
38867
38878
39143
39312
40622
40904
40977
42037
42670
43416
43530
43768
43933
43969
44089
44251
44303
44388
44773
44792
44836
44951
45042
45547
45675
45936
46128
46945
47189
47338
47493
47617
47716
47797
47851
48122
48308
48350
48599
48831
49079
49179
49825
50100
50141
50234
50394
50463
50951
51045
51085
51373
51651
52767
52930
53506
53767
53935
54025
54267
54455
54472
54541
54691
55052
55056
55975
57083
57344
58474
59303
59930
60052
60414
60499
60678
60858
61118
61727
62490
63279
63894
64076
64110
64501
64954
65174
65392
65419
65439
65651
65820
66302
66452
66687
67446
67450
67454
68023
68060
68204
68439
68541
68690
68901
69088
69234
69238
69256
69479
69620
70495
70898
71157
71337
72480
72923
72991
72995
73049
73053
73106
73300
73673
73755
73851
73898
73974
74365
74699
75151
75155
75872
75996
76115
76163
76182
76186
76427
Number of cuts: 279

Peregrin
215
1163
1571
1679
2833
2843
2871
3018
4387
4442
4584
4705
4793
4860
5865
6177
6421
6935
7015
7330
9306
10111
10887
12330
12678
12986
13100
13104
13874
14675
15240
15744
15888
16191
16526
17091
17416
17608
17712
18856
19318
19580
19952
20357
20690
20699
21306
23038
23956
24536
25025
25459
25826
25874
26206
26362
26510
26782
26875
27133
28313
28990
29185
29198
30034
30214
30391
31419
31757
32367
32722
32789
33831
34212
34350
34479
34533
35070
35205
36213
39296
39362
40376
41296
41566
42429
43451
43531
43619
43873
43952
45528
45595
46145
46771
47044
47194
47693
47748
48422
49214
49432
49633
50660
51148
51673
51964
52003
52410
54461
54465
55101
56138
56610
57481
58017
58641
60331
60514
60518
61436
61627
61852
62688
62944
63093
63383
63694
64258
64547
64575
65410
65741
66361
67700
67902
68075
68079
68495
68946
69807
70138
71065
71562
71901
72499
73474
73911
73951
75508
75678
75789
76495
78066
78182
78215
78245
78438
78518
79499
81501
81605
82145
82422
82426
83086
83584
83713
83717
84093
87052
87135
87701
87915
88534
89208
89560
89588
89839
90080
92143
92395
92562
92779
93428
93478
94053
95286
95327
95776
96649
96743
97202
97213
97278
97297
97303
97422
98609
98765
99117
99270
99482
99486
99490
99722
99758
99895
100327
100834
101925
101929
102347
103723
104204
105231
105265
105269
105286
105953
106148
106682
107104
107585
107949
108140
108985
110137
110426
110546
111026
111073
111328
111363
111989
112188
112811
113381
113617
113990
114187
114429
117230
117433
117954
119825
120401
121398
122867
122884
122906
122920
122958
122977
123100
123294
123872
124002
124793
125079
125266
125665
125846
125887
125969
126010
126014
126038
126234
127262
127343
127466
127470
127574
127586
127922
128109
128531
128767
129202
129303
129500
129634
129712
129735
130013
130284
131232
131640
131748
132902
132912
132940
Number of cuts: 293

Phrankenstein
6
141
169
176
302
306
350
620
632
851
863
874
980
1403
1426
1628
1675
1690
1773
1917
2076
2189
2199
2376
2382
2817
2985
3000
3009
3204
3283
3349
3469
3718
3732
3935
4230
4234
4316
4512
4718
4765
5043
5121
5223
5349
5477
5545
5775
5795
6055
6088
6118
6122
6392
6481
6485
6563
6891
7495
7591
7757
7828
7832
7963
8008
8813
8834
8992
9062
9191
9521
9534
9563
9897
10249
10705
10758
10943
11048
11138
11171
11497
11671
12029
12038
12081
12093
12129
12270
12311
12315
12489
12556
12638
12701
13033
13037
13041
13820
14141
14162
14168
14213
14249
14319
14342
14378
14979
14991
15533
15545
15622
15641
15749
16345
16389
16463
16664
16755
17057
17643
17919
17940
18374
18579
18612
18631
18795
18947
19451
19544
19795
20099
20653
20890
21049
21230
21337
21565
21583
22269
22422
22476
22545
22705
23094
23098
23110
23145
23688
23737
23824
24272
24410
24458
24753
24870
24932
24938
24956
25201
25478
25801
25894
26022
26160
26369
26621
26704
26777
26781
27003
27093
27097
27329
28031
28131
28145
28167
28956
28960
29239
29290
29426
29430
29540
29682
29989
30248
30662
30746
31555
31767
31797
31801
31805
31980
32539
32550
32719
32916
33619
34198
34835
35127
35146
35150
35281
35353
35812
35851
36068
36190
36194
36260
36521
36525
36686
36765
36818
38104
38129
38152
38156
38365
38514
38660
39059
39187
39202
39329
39393
39397
39446
40441
40570
40798
40972
41118
41376
41394
41565
41839
42296
42328
42973
44019
44679
44772
45187
45776
46146
Number of cuts: 253

Pine5
94
256
431
465
559
789
944
1157
1261
1310
1457
1588
2110
2159
2190
2401
2547
3246
3658
3752
3925
4024
4233
4350
4997
5001
5306
5348
5479
6134
6182
6623
6691
6849
7078
7204
7746
7915
8156
8166
8403
8584
8794
9075
9191
10030
10104
10356
10435
10541
10618
10659
10737
11024
11432
11631
11695
11720
11766
11819
11878
11927
11991
12100
12193
12285
12361
12467
12639
12691
12871
12931
13376
14117
14126
14149
14167
14182
14547
14609
15097
15172
15223
15412
15550
15789
16279
16292
16296
16300
16369
16896
17173
17291
17821
18034
18049
18406
18432
18454
18473
18566
18896
19067
19094
20111
20308
20340
20404
20619
21174
21261
21579
21612
22411
22946
23138
23471
23475
23758
23997
24001
24203
24399
24433
24602
24983
25017
25021
25025
25149
25242
25418
25494
25904
26221
26264
26298
26311
26313
26372
26963
27066
27070
27433
27461
27465
27906
28227
28351
28619
28983
29045
29206
29244
29248
29404
29816
30222
30816
30830
30856
30975
31035
31087
31270
31520
31555
31896
31980
31994
32685
33048
33297
33301
33447
33533
33793
34446
34757
34796
34836
34847
35334
35338
35690
35745
35822
36074
36282
36299
36677
36871
37067
37071
37189
37404
37505
37922
38233
38266
38549
38562
38839
38930
39157
39256
39798
40120
40136
40219
40230
40524
40634
40638
40713
40731
40771
40820
40901
41208
41466
41545
41561
41689
41922
41935
41941
42084
42160
42639
42662
42666
42686
42715
42941
43004
43010
43055
43092
43177
43243
43706
43870
44162
44387
44502
44506
44836
44840
45207
45425
45728
46542
46546
46743
46747
46957
47018
47020
47040
47042
47494
47498
47800
47920
48760
48889
48956
49131
49494
49866
49922
50012
50162
50393
50525
50772
50946
50955
50976
51162
51555
51661
51699
52311
52515
52537
52572
52730
53708
53753
53812
54415
54421
54637
54653
54776
55656
55809
56204
56208
57089
57198
57202
57271
57298
57307
57413
57441
57829
57885
58016
58068
58798
58873
58936
58956
58980
Number of cuts: 319

Poco6
52
115
176
295
435
720
1247
1332
1653
2013
2136
2537
2901
3319
3613
3945
4103
4449
4508
4621
4834
5177
5231
5737
5860
6586
7052
7150
7211
7545
7618
7658
7877
7921
8783
8935
8984
9505
9611
10233
10303
11342
12061
12672
13080
13254
13317
13522
13526
14268
14496
14664
14757
14880
14911
15564
15664
16893
17076
17207
17730
17961
18000
18155
18717
18959
19147
19166
19225
19294
19387
19831
19964
20051
20100
20816
20890
21290
21686
21816
21901
22004
22027
22699
23008
23137
23141
23424
23468
23510
24086
24248
24273
24370
24374
24378
24766
24903
24951
25005
25093
25501
26202
26270
26502
26636
26966
27522
27553
27762
29358
30131
30569
30979
32095
32158
32221
32464
32551
32638
32774
32887
32891
33208
33285
33442
33541
33958
33986
34689
34723
34815
35061
35146
35635
35767
36920
37056
37168
37408
37914
38473
38910
39603
39668
39861
40464
40645
40694
41165
41178
41334
42417
42448
42530
43853
44464
44670
44928
45143
45356
45597
45793
45925
46117
46613
47246
47617
47675
48063
48305
48330
48467
49345
49578
49857
49875
49986
50082
50086
50346
51172
51249
51337
51612
51653
51723
51855
51859
51909
52066
52175
52478
52572
52882
52968
52998
53013
54275
54438
55014
55275
55443
55533
55775
55784
55963
56016
56049
56199
56911
56966
56970
57599
58024
59402
59724
59899
59964
60036
60282
60330
60347
60482
61081
61085
61256
61751
61879
61907
61913
62059
62343
62370
62924
63786
63805
63940
64743
64984
64988
65698
65921
65971
66127
66139
66166
66395
66718
66815
67923
68096
68840
68853
68972
69210
69284
69659
69899
71317
71409
71761
72420
72567
72596
73742
73994
74185
74253
74257
74273
74311
74368
75160
75236
75627
75774
76419
76423
76579
77264
77383
77431
77450
77454
77517
77695
Number of cuts: 287

Rasputin
6
141
169
176
302
306
350
620
632
851
863
874
980
1403
1426
1628
1675
1690
1773
1917
2076
2189
2199
2376
2382
2817
2985
3000
3009
3204
3283
3349
3469
3718
3732
3935
4230
4234
4316
4512
4718
4765
5043
5080
5121
5223
5477
5545
5775
5795
6118
6122
6285
6377
6466
6470
6548
6876
7576
7742
7813
7817
7993
8069
8158
8379
8415
8500
8803
8836
8961
9031
9160
9490
9532
9866
10218
10483
10674
10727
10912
11017
11107
11140
11466
11640
11845
11998
12007
12050
12062
12098
12280
12458
12525
12607
12632
13002
13006
13010
13177
13581
13789
13861
14048
14110
14137
14218
14288
14311
14347
14948
14960
15420
15502
15514
15591
15610
15718
16314
16432
16724
17019
17162
17612
17888
17909
18343
18548
18581
18600
18764
18916
19232
19420
19513
19538
19764
20019
20068
20622
20859
21199
21306
21588
21610
21694
22234
22500
22569
22729
23118
23122
23134
23712
23762
23849
23867
23871
24297
24435
24449
24483
24957
24963
24981
25226
25503
25826
25876
25919
26047
26185
26394
26646
26729
26802
26806
27028
27118
27122
27354
28056
28156
28170
28192
28981
28985
29264
29315
29451
29455
29565
29707
30014
30273
30687
30771
31792
31808
31822
31826
31830
32005
32564
32575
32744
32941
33644
33723
34223
34860
35152
35171
35175
35306
35378
35837
35876
36093
36215
36219
36285
36546
36550
36711
36790
36843
38129
38154
38177
38181
38390
38539
38685
39084
39212
39227
39354
39418
39422
39471
40466
40595
40823
40997
41143
41401
41419
41590
41864
42321
42353
42998
44704
44797
45212
45801
46171
46422
Number of cuts: 260

RER2
6
141
169
176
302
306
350
620
632
851
863
874
980
1403
1426
1628
1675
1690
1773
1917
2076
2189
2199
2376
2382
2817
2981
2985
3000
3009
3204
3283
3349
3469
3718
3732
3935
4230
4234
4316
4512
4718
4765
5043
5121
5223
5349
5477
5545
5775
5795
6055
6088
6118
6122
6392
6481
6485
6563
6891
7495
7591
7757
7828
7832
7963
8008
8813
8834
8992
9062
9191
9521
9534
9563
9897
10249
10705
10758
10943
11048
11138
11171
11497
11671
12029
12038
12081
12093
12129
12270
12311
12315
12489
12556
12638
12701
13033
13037
13041
13820
14141
14162
14168
14213
14249
14319
14342
14378
14979
14991
15533
15545
15622
15641
15749
16345
16389
16463
16664
16755
17057
17643
17919
17940
18374
18579
18612
18631
18795
18947
19451
19544
19795
20099
20653
20890
21230
21337
21619
21637
22323
22476
22530
22599
22759
23148
23152
23164
23742
23791
23878
24326
24464
24807
24924
24986
24992
25010
25255
25855
25948
26423
26675
26758
26767
26831
26835
27057
27147
27151
27233
27383
28085
28185
28199
29010
29014
29293
29344
29480
29484
29594
29736
30043
30302
30716
30800
31821
31837
31851
31855
31859
32034
32593
32604
32773
32970
33673
34252
34889
35181
35200
35204
35335
35407
35866
35905
36023
36122
36244
36314
36413
36575
36579
36740
36819
36872
38158
38183
38206
38210
38419
38568
38714
39113
39241
39256
39383
39447
39451
39500
40495
40624
40852
41026
41172
41430
41448
41619
41893
42350
42382
43027
44733
44826
45241
45830
46200
46449
Number of cuts: 250

RexFury
6
141
169
176
302
306
350
620
632
882
894
905
1011
1434
1457
1659
1706
1721
1804
1948
2107
2220
2230
2407
2413
2848
3016
3031
3040
3235
3314
3380
3500
3749
3763
3966
4261
4265
4347
4543
4749
4796
5074
5152
5254
5380
5508
5576
5806
5826
6086
6119
6149
6153
6423
6512
6516
6594
6922
7526
7622
7788
7859
7863
7994
8039
8844
8865
9023
9093
9222
9552
9565
9594
9928
9956
10280
10736
10789
10974
11079
11169
11202
11528
11702
12060
12069
12112
12124
12160
12301
12342
12346
12520
12587
12669
12694
12732
13064
13068
13072
13239
13243
13851
14172
14193
14199
14244
14280
14350
14373
14409
15010
15022
15564
15576
15653
15672
15780
16376
16420
16494
16695
16786
17088
17674
17950
17971
18405
18610
18643
18662
18826
18978
19482
19575
19826
20130
20684
20921
21261
21368
21650
21668
22354
22507
22561
22630
22790
23179
23183
23195
23773
23822
23909
24357
24495
24543
24838
24955
25017
25023
25041
25286
25563
25886
25936
25979
26107
26245
26454
26706
26789
26862
26866
27088
27178
27182
27414
28116
28216
28230
28252
29041
29045
29324
29375
29511
29515
29625
29767
30074
30333
30747
30831
31640
31852
31882
31886
31890
32065
32624
32635
32804
33001
33704
33783
34283
34920
35212
35231
35235
35366
35438
35897
35936
36054
36153
36275
36279
36345
36606
36610
36771
36850
36903
38189
38214
38237
38241
38745
39144
39272
39411
39475
39479
39528
40654
40882
41056
41202
41460
41478
41923
42380
42412
43057
44103
44763
44856
45271
45860
46230
46480
Number of cuts: 254

RGL3
48
52
63
173
258
572
584
608
621
677
755
820
837
849
860
906
1173
1321
1325
1384
1407
1564
1629
1675
1771
1916
1925
1952
2075
2378
2979
3002
3011
3027
3206
3285
3351
3416
3536
3734
3854
3933
3937
4070
4318
4514
5045
5082
5123
5479
5777
5868
6057
6086
6090
6293
6385
6440
6474
6478
6648
6881
7486
7582
7747
7818
7822
7953
7998
8074
8210
8803
8809
8818
8854
8958
9253
9729
9913
10218
10419
10438
10536
10610
11113
11146
11546
11898
12004
12013
12056
12068
12104
12286
12458
12487
12542
12614
12623
12928
12944
13046
13166
13183
13463
13541
13737
13798
14299
14320
14407
14477
14500
14536
14563
14887
14927
14949
15491
15602
15615
15697
15709
15786
15805
15990
16251
16464
16582
16919
16980
16984
17221
17619
17735
18080
18092
18101
18741
18793
18933
18945
18991
19691
20254
20401
20850
21162
21187
22183
22281
22319
22332
22740
22830
23096
23242
23246
23250
23266
23464
23630
23705
23721
24187
24199
24223
24273
24362
24565
24591
24748
24952
24966
25035
25292
25348
25366
25477
25483
25501
25648
26278
26798
27003
27007
27155
27733
27810
27927
28032
28122
28126
28165
28175
28847
29173
29381
29450
29513
29567
29581
29846
29953
29966
29995
30004
30200
30251
30299
30349
30353
30424
30492
30713
30768
30972
31161
31470
31723
31861
31931
32283
32491
32521
32525
32529
32790
33097
33239
33266
33275
33279
33419
33552
33874
34284
34441
34703
34707
34711
34790
35187
35397
35708
36137
36291
36363
36843
36920
36924
37069
37198
37311
37735
38051
38490
38981
38985
39105
39115
39234
39382
39541
39732
40032
40230
40234
40337
40885
41348
41402
41430
41536
41835
41849
42327
42339
42419
42454
42638
42719
42733
42791
42929
42948
43530
43637
43932
44069
44228
44489
44605
45658
45894
46392
46507
46545
46601
46698
46812
46906
47020
47145
47740
47797
47924
Number of cuts: 307

Rhodalysa
6
141
169
176
302
306
350
620
632
851
863
874
980
1403
1426
1628
1675
1690
1773
1917
2076
2189
2199
2376
2382
2817
2981
2985
3000
3009
3204
3283
3349
3469
3718
3732
3935
4230
4234
4316
4512
4718
4765
5043
5121
5223
5349
5477
5545
5775
5795
6055
6088
6118
6122
6392
6481
6485
6563
6891
7495
7591
7757
7828
7832
7963
8008
8813
8834
8992
9062
9191
9521
9534
9563
9897
10249
10705
10758
10943
11048
11138
11171
11497
11671
12029
12038
12081
12093
12129
12270
12311
12315
12489
12556
12638
12701
13033
13037
13041
13820
14141
14162
14168
14213
14249
14319
14342
14378
14979
14991
15533
15545
15622
15641
15749
16345
16389
16463
16664
16755
17057
17643
17919
17940
18374
18579
18612
18631
18795
18947
19451
19544
19795
20099
20653
20890
21230
21337
21619
21637
22323
22476
22530
22599
22759
23148
23152
23164
23199
23742
23791
23878
24326
24464
24512
24807
24924
24986
24992
25010
25255
25532
25855
25948
26076
26214
26423
26675
26758
26831
26835
27057
27147
27151
27233
27383
28085
28185
28199
28221
28581
28797
29010
29014
29293
29344
29480
29484
29594
29736
30043
30302
30716
30800
31821
31837
31851
31855
31859
32034
32593
32604
32773
32970
33673
33752
34252
34889
35181
35200
35204
35335
35407
35866
35905
36122
36244
36248
36314
36575
36579
36740
36819
36872
38158
38183
38206
38210
38419
38568
38714
39113
39241
39256
39383
39447
39451
39500
40495
40624
40852
41026
41172
41430
41448
41619
41893
42350
42382
43027
44073
44733
44826
45241
45830
46200
46449
Number of cuts: 258

StCroix
6
141
169
176
302
306
350
620
632
851
863
874
980
1403
1426
1628
1675
1690
1773
1917
2076
2189
2199
2376
2382
2817
2985
3000
3009
3204
3283
3349
3718
3732
3935
4230
4316
4512
4718
4765
5043
5121
5223
5349
5477
5545
5775
5795
6055
6088
6118
6122
6392
6481
6485
6563
6891
7495
7591
7757
7828
7832
7963
8008
8813
8834
8992
9062
9191
9521
9534
9563
9897
10249
10705
10758
10943
11048
11138
11171
11497
11671
12029
12038
12081
12093
12129
12270
12311
12315
12489
12556
12638
12701
13033
13037
13041
13820
14141
14162
14168
14213
14249
14319
14342
14378
14979
14991
15533
15545
15622
15641
15749
16345
16389
16463
16664
16755
17057
17643
17919
17940
18374
18579
18612
18631
18795
18947
19451
19544
19795
20099
20653
20890
21000
21230
21337
21619
21637
22489
22772
23161
23165
23177
23755
23804
23891
24339
24477
24525
24820
24937
24999
25005
25023
25268
25864
25868
25918
25961
26089
26227
26436
26634
26671
26688
26780
26844
26848
27070
27160
27164
27246
27396
28098
28198
28212
28234
28594
28810
29023
29027
29306
29357
29493
29497
29607
29749
30056
30315
30729
30813
31834
31850
31864
31868
31872
32047
32606
32617
32786
32983
33686
33765
34265
34902
35194
35213
35217
35348
35420
35879
35918
35997
36036
36135
36266
36336
36597
36601
36762
36841
36894
38180
38205
38228
38232
38441
38590
38736
39135
39263
39278
39405
39469
39473
39522
40517
40646
40874
41048
41194
41452
41470
41641
41915
41969
42372
42404
43049
44755
44848
45263
45852
46222
46472
Number of cuts: 256

Swann
6
141
169
176
302
306
350
620
632
851
863
874
980
1403
1426
1628
1675
1690
1773
1917
2076
2189
2199
2376
2382
2817
2985
3000
3009
3204
3283
3349
3469
3718
3732
3935
4230
4234
4316
4512
4718
4765
5043
5121
5223
5349
5477
5545
5775
5795
6055
6088
6118
6122
6392
6481
6485
6563
6891
7495
7591
7757
7828
7832
7963
8008
8813
8834
8992
9062
9191
9521
9534
9563
9897
10249
10705
10758
10943
11048
11138
11171
11497
11671
12029
12038
12081
12093
12129
12270
12311
12315
12489
12556
12638
12701
13033
13037
13041
13820
14141
14162
14168
14213
14249
14319
14342
14378
14979
14991
15533
15545
15622
15641
15749
16345
16389
16463
16664
16755
17057
17643
17919
17940
18374
18579
18612
18631
18795
18947
19451
19544
19795
20099
20653
20890
21000
21230
21337
21619
21637
22323
22476
22530
22599
22759
23148
23152
23164
23199
23742
23791
23878
24326
24464
24512
24807
24924
24986
24992
25010
25255
25532
25855
25905
25948
26076
26214
26423
26675
26758
26831
26835
27057
27147
27151
27383
28085
28185
28199
28221
29010
29014
29291
29342
29482
29592
29734
30041
30300
30714
30798
31819
31835
31849
31853
31857
32032
32591
32602
32771
32968
33671
34250
34887
35179
35198
35202
35333
35405
35864
35903
36021
36120
36242
36312
36411
36573
36577
36738
36817
36870
38156
38181
38204
38208
38417
38566
38712
39111
39239
39254
39381
39445
39449
39498
40493
40622
40850
41024
41170
41428
41446
41617
41891
42348
42380
43025
44731
44824
45239
45828
46199
46449
Number of cuts: 254

Takoda
6
141
176
216
302
350
617
629
773
858
869
975
1396
1419
1621
1667
1671
1682
1765
1909
1918
2068
2191
2226
2368
2657
2809
2977
2992
3001
3017
3196
3275
3341
3461
3710
3844
3927
4222
4308
4504
4710
4757
5035
5072
5113
5341
5469
5537
5767
5787
6080
6110
6114
6277
6369
6540
6868
7472
7568
7734
7805
7809
7985
8061
8149
8370
8406
8491
8794
8827
8952
9022
9151
9481
9857
9885
10209
10474
10640
10665
10715
10903
11008
11098
11131
11457
11631
11989
11998
12041
12053
12089
12271
12449
12516
12598
12623
12993
12997
13001
13168
13172
13509
13572
13780
13799
14039
14101
14209
14279
14302
14939
14951
15493
15505
15582
15601
15709
16305
16423
16715
16757
17017
17153
17603
17879
17900
18334
18539
18591
18755
18907
19223
19411
19504
19529
19755
20010
20059
20613
20778
20850
21009
21190
21297
21579
21643
21685
22130
22448
22731
23120
23124
23136
23517
23714
23764
23851
23869
23873
24299
24437
24485
24780
24897
24959
24965
24983
25228
25505
25824
25921
26049
26197
26396
26648
26731
26740
26804
26808
27030
27120
27124
27356
28058
28158
28172
28194
28459
28770
28983
28987
29266
29317
29453
29457
29567
29709
29829
29950
30209
30623
30707
31516
31728
31758
31762
31766
31941
32104
32184
32511
32680
32874
33583
33926
33938
34426
35024
35072
35364
35383
35387
35518
35590
36049
36088
36167
36206
36305
36427
36497
36923
37002
37055
37239
37250
38095
38279
38341
38389
38393
38517
38751
39296
39424
39439
39630
39634
39683
39779
39827
40679
40808
41036
41614
41780
41802
42076
42130
42396
43452
43541
44399
45152
46043
46413
Number of cuts: 268

Trina
189
261
294
382
703
966
1131
1148
1304
1548
1552
1638
1642
1948
2066
2290
2377
2475
2479
2494
2498
2530
2579
2785
2823
2973
3486
3524
3578
3998
4281
4335
5111
5138
5971
6123
6213
6242
6314
8418
8528
8571
8797
8957
9113
9953
9995
10088
10092
10318
10384
10613
11239
11290
11296
11594
11876
12320
12531
12713
12836
12897
12996
13238
13259
13486
13942
14551
14555
15013
15033
16373
16639
17028
17095
17363
18168
18635
18789
18869
19395
19939
20336
20516
20529
20922
21108
21239
21289
22541
22683
23810
23869
24607
26521
26684
26793
27151
27184
27188
27309
27587
29425
30847
30876
31249
31309
31512
33109
33163
33613
33632
34107
34147
34759
35613
35818
36586
37312
37490
37509
38174
38208
38802
39581
39769
39851
39870
39885
40023
40304
40502
42024
42073
42096
42100
42403
42612
42616
42640
42831
42835
42858
43178
43622
44220
44780
45224
45330
45334
45869
46022
46178
46226
46319
46449
46583
46710
46985
47187
47306
47871
48426
48588
48713
49298
49421
51694
52447
52641
53283
53432
54336
54912
54951
55369
55750
55857
56658
56784
57260
57279
57283
57292
57296
57548
57844
58574
58598
58800
59204
59585
60044
60056
60104
60522
61735
61804
61932
62781
63024
63487
63512
63838
63999
64081
64883
65853
65857
66251
66395
67329
67356
68045
68099
68179
68315
68618
68783
68817
69097
69238
69340
69507
70005
70297
70588
70817
70935
70988
71802
72147
72351
72393
73244
73262
73746
73801
73965
74749
74924
75704
75974
76102
77200
77573
78281
78589
78717
78895
79162
79604
79608
79981
80194
80807
80997
81216
81364
82071
82345
82654
82836
82930
82993
83476
84133
84187
85033
85066
85260
85683
86015
86068
86158
86162
86483
86722
87095
87473
87672
88527
88553
88800
89112
89673
89756
89924
90380
90716
90995
91156
91594
91656
91750
91754
92135
94081
94202
94428
94894
95481
95931
97436
97443
97447
97719
97812
98799
98803
99284
99372
100463
100803
100969
101596
101851
101855
102032
102159
102284
102288
103394
104450
104477
105102
105559
106610
106967
107416
107473
107513
107791
107948
108136
108688
109143
109927
110218
110225
110359
111876
112280
112284
112485
112503
112518
112549
112609
112645
113229
114154
114562
114595
115323
115344
115348
115679
115707
115959
115968
116006
116384
116414
117341
117452
117826
118521
118770
118941
119001
119007
119026
119260
119861
119947
120294
120985
121133
121158
121374
121378
121765
121829
121921
121994
122012
122649
122725
122924
122978
123042
123494
123528
123532
124101
124630
124888
124971
124975
125047
125083
125113
125128
125590
126147
126596
127346
127521
127952
127969
128081
128236
128542
128657
129766
130134
130187
130316
130345
130362
130594
130598
130631
130893
130942
130972
131264
131410
131560
131579
131646
131740
131900
132583
132587
133556
133740
134362
134366
134635
135517
136046
136591
136663
136696
136784
137105
137368
137533
137550
137706
137950
137954
138040
138044
138350
138468
138692
138779
138877
138881
138896
138900
138932
138981
139187
139225
Number of cuts: 468

TWAMP
6
141
169
176
302
306
350
620
632
851
863
874
980
1403
1426
1628
1675
1690
1773
1917
2076
2189
2199
2376
2382
2817
2981
2985
3000
3009
3204
3283
3349
3469
3718
3732
3935
4230
4234
4316
4512
4718
4765
5043
5121
5223
5349
5477
5545
5775
5795
6055
6088
6118
6122
6392
6481
6485
6563
6891
7495
7591
7757
7828
7832
7963
8008
8813
8834
8992
9062
9191
9521
9534
9563
9897
10249
10705
10758
10943
11048
11138
11171
11497
11671
12029
12038
12081
12093
12129
12270
12311
12315
12489
12556
12638
12701
13033
13037
13041
13820
14141
14162
14168
14213
14249
14319
14342
14378
14979
14991
15533
15545
15622
15641
15749
16345
16389
16463
16664
16755
17057
17643
17919
17940
18374
18579
18612
18631
18795
18947
19451
19544
19795
20099
20653
20890
21230
21337
21619
21637
22323
22476
22530
22599
22759
23148
23152
23164
23199
23742
23791
23878
24326
24464
24512
24807
24924
24986
24992
25010
25255
25532
25855
25948
26076
26214
26423
26675
26758
26831
26835
27057
27147
27151
27233
27383
28085
28185
28199
28221
28581
28797
29010
29014
29293
29344
29480
29484
29594
29736
30043
30302
30716
30800
31821
31837
31851
31855
31859
32034
32593
32604
32773
32970
33673
33752
34252
34889
35181
35200
35204
35335
35407
35866
35905
36122
36244
36248
36314
36575
36579
36740
36819
36872
38158
38183
38206
38210
38419
38568
38714
39113
39241
39256
39383
39447
39451
39500
40495
40624
40852
41026
41172
41430
41448
41619
41893
42350
42382
43027
44073
44733
44826
45241
45830
46200
46449
Number of cuts: 258

UhSalsa
6
141
169
176
302
306
350
620
632
851
863
874
980
1403
1426
1628
1675
1690
1773
1917
2076
2189
2199
2376
2382
2817
2985
3000
3009
3204
3283
3349
3469
3718
3732
3935
4230
4316
4512
4718
4765
5043
5121
5223
5349
5477
5545
5775
5795
6055
6088
6118
6122
6392
6481
6485
6563
6891
7495
7591
7757
7828
7832
7963
8008
8813
8834
8992
9062
9191
9521
9534
9563
9897
10249
10705
10758
10943
11048
11138
11171
11497
11671
12029
12038
12081
12093
12129
12270
12311
12315
12489
12556
12638
12701
13033
13037
13041
13820
14141
14162
14168
14213
14249
14319
14342
14378
14979
14991
15533
15545
15622
15641
15749
16345
16389
16463
16664
16755
17057
17643
17919
17940
18374
18579
18612
18631
18795
18947
19451
19544
19795
20099
20653
20890
21049
21230
21337
21619
21637
22323
22476
22530
22599
22759
23148
23152
23164
23742
23791
23878
24327
24465
24513
24808
24925
24987
24993
25011
25256
25533
25856
25949
26077
26215
26424
26676
26759
26832
26836
27058
27152
27384
28086
28186
28200
28222
29011
29015
29292
29343
29483
29593
29735
29855
29976
30235
30649
30733
31542
31754
31784
31788
31792
31967
32526
32537
32706
32903
33606
33685
34185
34783
34831
35123
35142
35146
35277
35349
35808
35847
35965
36064
36186
36190
36256
36517
36521
36682
36761
36814
38100
38125
38148
38152
38656
39055
39183
39322
39386
39390
39439
40565
40793
40967
41113
41371
41389
41834
42291
42323
42968
44674
44767
45182
45771
46141
46392
Number of cuts: 248

Weasels2
205
361
1010
1072
1092
1775
2200
2520
2548
2552
2686
2826
2837
3037
3343
3959
4002
4514
4639
4842
4936
5245
6601
7296
8746
9098
11356
11758
11762
11910
12286
12618
14876
15618
15726
16183
16883
19291
19429
19888
20424
21394
21680
22664
23445
25462
25829
25852
26023
26209
26365
26781
26874
27016
28312
28399
28989
29657
31126
32107
32251
33616
33669
33793
33797
34658
35306
35360
36457
37117
38380
38440
40040
40475
41286
42600
43719
44547
44804
45264
45861
46329
47783
50198
50267
50399
50593
51021
51932
52433
53194
54174
54178
55219
55996
56757
56996
57000
57050
61691
61919
62502
62585
62618
64302
64487
64798
65390
65489
66220
66723
67605
67812
68695
70818
71149
72081
72757
72947
73711
73715
75374
76199
76354
77313
77822
78020
78202
79274
79569
79843
82147
84039
84126
84361
85258
85276
85296
85372
85757
86685
86779
87570
88121
88125
88473
92628
92694
92703
93015
93019
93262
94651
96555
97091
98977
100520
101094
102788
102850
104242
104554
105107
105302
105510
105912
106402
106764
107425
107983
108054
108123
108484
110285
110578
110763
110856
113833
114591
115866
117527
117614
117814
119899
119903
119907
120954
121151
123746
123750
124270
124522
124533
125326
125330
125585
126096
126947
127070
127563
127621
128270
128512
129023
129766
130206
130217
130261
130672
130947
131297
131301
131641
131910
132066
132715
132777
132797
133480
133905
134225
134253
134257
134391
134531
134542
134742
Number of cuts: 227

Yogi
6
141
169
176
302
306
350
620
632
851
863
874
980
1403
1426
1628
1675
1773
1917
2076
2199
2234
2376
2382
2817
2985
3000
3009
3025
3204
3283
3349
3469
3732
3935
3957
4316
4512
4718
4765
5043
5080
5121
5223
5477
5545
5775
5795
6055
6118
6122
6285
6377
6466
6470
6548
6876
7576
7742
7813
7817
7993
8069
8157
8378
8414
8499
8802
8835
8960
9030
9159
9489
9735
9865
9893
10217
10482
10648
10673
10917
11022
11112
11145
11471
11645
11850
12003
12012
12055
12067
12103
12285
12463
12530
12637
13007
13011
13015
13182
13586
13794
13866
14053
14115
14142
14223
14293
14316
14352
14953
14965
15425
15507
15519
15596
15615
15723
16319
16437
16729
17024
17167
17617
17893
17914
18348
18553
18586
18605
18769
18921
19237
19410
19425
19518
19543
19769
20024
20073
20627
20864
21023
21204
21311
21593
21615
21699
22297
22450
22504
22573
22733
23122
23126
23138
23716
23765
23852
23870
23874
24300
24438
24781
24898
24960
24966
24984
25229
25829
25922
26397
26649
26732
26741
26805
26809
27031
27121
27125
27207
27357
28059
28159
28173
28984
28988
29267
29318
29454
29458
29568
29710
30017
30276
30774
31583
31795
31811
31825
31829
31833
32567
32578
32747
32944
33647
33726
34226
34812
34860
35152
35171
35175
35306
35378
35837
35876
36093
36215
36219
36285
36557
36926
36930
37091
37170
37223
38509
38557
38561
38689
39065
39464
39592
39607
39798
39802
39851
40846
40975
41203
41377
41523
41781
41799
41970
42244
42701
42733
43378
44424
45084
45177
45592
46166
46536
46548
46783
Number of cuts: 259

Yoncess
6
141
169
176
302
306
350
620
632
851
863
874
980
1403
1426
1628
1675
1773
1917
2076
2199
2234
2376
2382
2817
2985
3000
3009
3025
3204
3283
3349
3469
3732
3935
3957
4316
4512
4718
4765
5043
5080
5121
5223
5477
5545
5775
5795
6055
6118
6122
6285
6377
6466
6470
6548
6876
7576
7742
7813
7817
7993
8069
8157
8378
8414
8499
8802
8835
8960
9030
9159
9489
9865
9893
10217
10482
10648
10673
10917
11022
11112
11145
11471
11645
11850
12003
12012
12055
12067
12103
12285
12463
12530
12612
12637
13007
13011
13015
13182
13586
13794
13866
14053
14115
14223
14293
14316
14352
14953
14965
15425
15507
15519
15596
15615
15723
16319
16729
17024
17167
17617
17893
17914
18348
18553
18586
18605
18769
18921
19237
19425
19518
19543
19769
20024
20073
20627
20864
21204
21311
21593
21615
21699
22505
23123
23127
23139
23717
23766
23853
24301
24439
24487
24782
24899
24961
24967
24985
25230
25826
25830
25880
25923
26398
26650
26733
26806
26810
27032
27122
27126
27208
28060
28160
28174
28461
28985
28989
29268
29319
29455
29459
29569
29711
29797
30056
30470
30554
31363
31575
31591
31605
31609
31613
32358
32527
32724
33427
33506
34006
34595
34643
34935
34954
34958
35089
35161
35620
35659
35777
35876
35998
36002
36068
36329
36333
36494
36573
36626
37912
37960
37964
38092
38322
38468
38867
38995
39010
39201
39205
39254
40249
40378
40606
40780
40926
41184
41202
41374
41651
42108
42140
42785
44492
44585
45000
45589
45959
46206
Number of cuts: 250

