Alatin
268
354
455
972
1406
2025
2640
2753
2763
2895
3211
3797
4124
5074
5554
5671
5680
5755
5913
6040
6097
6166
6172
6408
6555
6957
7551
7844
7946
7988
8036
8091
8706
8915
9170
9254
9334
10282
10314
10377
10929
10935
11058
11348
11648
11723
12837
12954
12960
13128
13260
13269
13362
13446
13591
13689
13902
14514
14520
14922
14985
15060
15252
15426
15479
15752
15879
15890
16703
16837
17551
17987
18014
18182
18759
18786
19008
19402
19633
21678
21782
22204
22671
22947
23134
23680
24633
25161
25578
25964
26414
26483
26613
26642
26957
27110
27148
27488
28243
28623
28973
29437
30968
31179
31815
32256
32543
32552
33047
33146
33397
34222
34363
34727
35039
35159
35164
35361
35571
35624
36406
36594
36605
36611
37178
37318
37573
37833
38307
38399
38539
38575
38584
39245
39327
39470
39759
39918
39939
39950
39960
40490
41166
41273
41586
41747
41792
41801
41843
41897
41902
42308
42384
42479
42765
42883
42990
43055
43107
43128
43412
43439
43483
43604
43827
44069
44079
44328
44505
44517
44948
45017
45199
45245
45462
45523
45932
46098
Number of cuts: 178

Alpacados
268
354
455
972
1406
1978
2602
2715
2725
2857
3104
4086
5376
5516
5633
5642
5717
6002
6059
6128
6134
6355
6502
6904
7498
7791
7893
7983
8636
8845
9100
9184
9264
10212
10244
10307
10865
10871
10994
11284
11659
12734
12896
13064
13196
13205
13247
13298
13382
13532
13625
13802
13838
14294
14456
14717
14858
14996
15188
15362
15415
15688
15815
15826
16639
16773
16860
17487
17923
17950
18118
18695
18722
18944
19338
19569
21560
22481
22540
22573
22786
22816
23003
23549
24502
25030
25869
26107
26319
26388
26518
26547
26862
27015
27504
28148
28298
28528
28878
29342
30873
31084
31720
32161
32448
32457
32952
33051
33137
33302
34127
34629
34941
35061
35066
35263
35364
35473
36487
36498
36504
37071
37211
37466
37726
38200
38292
38432
38477
39363
39652
39811
39832
39843
39853
40313
40989
41096
41409
41570
41615
41624
41666
41720
41725
42131
42207
42302
42588
42706
42813
42878
42930
42951
43235
43306
43427
43650
43892
43902
43929
43978
44151
44328
44340
44771
44840
45022
45068
45285
45346
45755
45921
Number of cuts: 173

AngryOrchard
268
354
455
637
905
967
979
1399
1970
2264
2585
2679
2698
2708
2840
4069
5499
5616
5625
5700
5985
6042
6111
6117
6485
6887
7481
7774
7876
7966
8619
8828
9083
9167
9247
10195
10227
10290
10848
10854
10977
11267
11642
12756
12879
13047
13179
13188
13281
13365
13440
13608
13821
14277
14700
14841
14979
15171
15345
15398
15671
15809
16622
16756
16828
16843
17470
17906
17933
18101
18678
18705
18927
19321
19552
21049
21543
21615
22158
22535
22811
22998
23544
24356
24498
25026
25443
25829
26011
26278
26347
26415
26506
26802
26821
27012
27352
27378
27463
28107
28257
28487
28837
28855
29301
29727
29795
29840
30766
30977
31613
32054
32176
32763
32842
32941
33027
33192
33611
33635
33707
34287
34789
35101
35221
35226
35423
35524
35633
35686
36272
36459
36647
36658
37231
37371
37626
37886
38360
38452
38592
38628
38637
39298
39523
39814
39994
40005
40015
41220
41327
41639
41800
41845
41854
41896
41950
41955
42285
42316
42669
43035
43152
43484
43649
43773
43869
44111
44148
44197
44370
44547
44559
44990
45417
45478
45860
46026
46161
Number of cuts: 179

AppleCloud
705
767
1199
1734
2349
2462
2472
2604
3506
3833
4783
5263
5380
5749
5806
5875
5881
6249
6524
6651
7245
7538
7640
7730
7785
8383
8823
8907
8987
9020
9967
10030
10582
10588
10711
11001
11376
12355
12919
12925
13225
13234
13327
13486
13495
13654
13831
14323
14485
14746
14887
14950
15025
15100
15217
15444
15717
15855
16668
16802
16874
16889
17516
17952
17979
18147
18724
18751
18973
19367
19598
20927
21026
21145
21589
22238
22399
22442
22570
22655
22718
22844
23919
24366
24508
25036
25453
25839
26021
26077
26289
26358
26517
26813
26832
26985
27023
27363
27474
27567
28118
28577
28927
29388
29814
30698
30899
30909
31536
31986
32282
32777
32876
34410
34454
34766
34886
34891
35088
35298
36124
36312
36323
36896
37036
37291
37551
38025
38117
38257
38293
38302
38757
38963
39185
39633
39654
39665
39675
40003
40883
40990
41303
41464
41509
41518
41560
41614
41619
42025
42101
42196
42482
42600
42707
42772
42824
42845
43129
43156
43200
43321
43544
43786
43796
44045
44222
44234
44665
44734
44916
44962
45179
45240
45649
45815
Number of cuts: 176

Belenaria
268
354
455
972
1406
2025
2640
2753
2763
2895
3211
3797
4124
5074
5554
5671
5680
5755
5913
6040
6097
6166
6172
6408
6555
6957
7551
7844
7946
7988
8036
8091
8706
8915
9170
9254
9334
10282
10314
10377
10929
10935
11058
11348
11723
12837
12954
12960
13128
13260
13269
13362
13446
13591
13689
13902
14514
14520
14922
14985
15060
15252
15426
15479
15752
15879
15890
16703
16837
17551
17987
18014
18182
18759
18786
19008
19402
19633
21624
22545
22604
22637
22880
23067
23613
24567
25095
25512
25898
26136
26348
26417
26547
26576
26891
27044
27082
27422
28177
28327
28557
28907
29369
30834
31045
31681
32122
32409
32418
32913
33012
33263
34088
34229
34602
34914
35034
35039
35236
35446
35499
36272
36460
36471
37044
37184
37439
37699
38173
38265
38405
38441
38450
38905
39111
39333
39781
39802
39813
39823
40151
41031
41138
41451
41612
41657
41666
41708
41762
41767
42173
42249
42344
42630
42748
42855
42920
42972
42993
43277
43304
43348
43469
43692
43934
43944
44193
44370
44382
44813
44882
45064
45110
45316
45327
45388
45797
45963
Number of cuts: 178

BobbyDazzler
268
354
455
972
1406
2090
2711
2824
2834
2966
4195
5485
5625
5742
5751
5826
6111
6168
6237
6243
6464
6611
7013
7607
7900
8002
8092
8745
8954
9209
9293
9373
10321
10353
10416
10974
10980
11103
11393
11768
12843
13005
13173
13305
13314
13356
13407
13491
13575
13641
13734
13911
13947
14403
14565
14826
14967
15105
15297
15471
15524
15797
15924
15935
16748
16882
16969
17596
18032
18059
18227
18804
18831
19053
19447
19678
21669
22591
22650
22683
22896
22926
23113
23659
24612
25140
25557
25943
26181
26393
26462
26592
26621
26917
26936
27578
28222
28372
28602
28952
29416
30947
31158
31794
32235
32522
32531
33026
33125
33211
33376
34201
34706
35018
35138
35143
35340
35550
36376
36564
36575
36581
37148
37288
37543
37803
38277
38369
38509
38545
38554
39440
39729
39888
39909
39920
39930
40460
41136
41243
41557
41718
41763
41772
41814
41868
41873
42279
42355
42450
42736
42854
42961
43026
43078
43099
43383
43410
43454
43575
43798
44040
44050
44299
44476
44488
44817
44919
44988
45170
45216
45433
45494
45903
46069
Number of cuts: 175

Bonanza
268
354
455
972
1406
2025
2640
2753
2763
2895
4124
5414
5554
5671
5680
5755
6040
6097
6166
6172
6393
6540
6942
7536
7829
7931
8021
8674
8883
9138
9222
9302
9676
10250
10282
10345
10903
10909
11032
11322
11697
12772
12934
13102
13234
13243
13285
13336
13420
13570
13663
13840
13876
14332
14494
14755
14896
15034
15226
15400
15453
15726
15853
15864
16677
16811
16898
17525
17961
17988
18156
18733
18760
18982
19376
19607
21598
22519
22578
22611
22854
23041
23587
24540
25068
25485
25871
26109
26321
26390
26520
26549
26845
26864
27017
27506
28150
28300
28530
28880
29344
30875
31086
31722
32163
32450
32459
32954
33053
33139
33304
34129
34631
34943
35063
35068
35265
35475
36192
36301
36814
36869
36880
36886
37453
37593
37848
38108
38582
38674
38814
38859
39745
40034
40193
40214
40225
40235
40765
41441
41548
41861
42022
42067
42076
42118
42172
42177
42583
42659
42754
43040
43158
43265
43330
43382
43403
43687
43714
43758
43879
44102
44344
44381
44430
44603
44780
44792
45223
45292
45474
45520
45737
45798
46063
46192
46358
Number of cuts: 177

Bradshaw
268
354
455
972
1406
2025
2640
2753
2763
2895
3211
3797
4124
4198
5074
5414
5554
5671
5680
5755
5913
6040
6097
6166
6172
6555
6957
7551
7844
7946
7988
8036
8091
8706
8915
9170
9254
9334
10282
10314
10377
10929
10935
11058
11348
11648
11723
12837
12954
12960
13128
13260
13269
13362
13446
13591
13689
13902
14514
14520
14922
14985
15060
15252
15426
15479
15752
15890
16703
16837
17551
17987
18014
18182
18759
18786
19008
19402
19633
21624
21728
22545
22604
22637
22880
23067
23613
24566
25094
25511
25897
26347
26416
26546
26575
26890
27043
27081
27421
28176
28556
28906
29370
30901
31112
31748
32189
32476
32485
32980
33079
33330
34155
34296
34660
34972
35092
35097
35294
35504
35557
36339
36527
36538
36544
37111
37251
37506
37766
38240
38332
38472
38508
38517
39178
39260
39403
39692
39851
39872
39883
39893
40423
41099
41206
41519
41680
41725
41734
41776
41830
41835
42241
42317
42412
42698
42816
42923
42988
43040
43061
43345
43372
43416
43537
43760
44002
44012
44261
44438
44450
44881
44950
45132
45178
45395
45456
45865
46031
Number of cuts: 179

Bryce
268
354
455
972
1406
2025
2640
2753
2763
2895
4124
5414
5554
5671
5680
5755
6040
6097
6166
6172
6393
6540
6942
7536
7829
7931
8021
8674
8883
9138
9222
9302
10250
10282
10345
10903
10909
11032
11322
11697
12772
12934
13102
13234
13243
13285
13336
13420
13504
13570
13663
13840
13876
14332
14494
14896
15034
15226
15400
15453
15726
15853
15864
16677
16811
16898
17525
17961
17988
18156
18733
18760
18982
19376
19607
21598
22520
22579
22612
22825
22855
23042
23588
24541
25069
25486
25872
26054
26110
26322
26391
26521
26550
26846
26865
27396
27507
28151
28301
28531
28881
29345
30655
30866
31502
31943
32230
32239
32734
32833
32919
33084
33909
34414
34726
34846
34851
35048
35258
36084
36272
36283
36289
36856
36996
37251
37511
37985
38077
38217
38253
38262
38923
39148
39437
39596
39617
39628
39638
40168
40844
40951
41265
41426
41471
41480
41522
41576
41581
41987
42063
42158
42444
42562
42669
42734
42786
42807
43091
43118
43162
43283
43506
43748
43758
44007
44184
44196
44627
44696
44878
44924
45141
45202
45611
45777
Number of cuts: 176

ChewyVIII
140
350
458
694
745
993
1073
1679
2187
2302
2686
2737
2835
3011
3176
3293
3611
3646
4009
4165
4368
4404
4558
5152
5412
5463
5559
5762
6009
6286
6314
6508
6890
7376
7547
7757
8192
8267
8459
8495
8709
8737
9787
10038
10187
10628
10739
11018
11215
11557
11866
12321
12999
13486
13617
13665
14084
14141
14168
14407
14600
14828
15274
15529
15538
15789
15960
16065
16116
16674
16719
18183
19243
19755
20634
20679
21117
21309
21522
21794
21929
22412
22442
22787
22898
22922
23310
23316
23982
24434
25135
26421
27134
27335
27387
27745
28107
28245
28799
29282
29294
29363
29693
29705
30062
30083
30395
30476
30644
30767
30938
31103
31763
31993
32131
32281
32731
33100
33112
33295
33313
34240
34345
34714
34945
34957
35410
35458
35554
35581
35737
35785
35809
35834
36238
36253
36466
36523
37168
37827
38085
38124
38188
38299
38548
38572
38701
38752
39337
39580
39697
39920
39980
40607
40643
40903
41415
41562
41767
42970
43453
43754
43934
44423
44669
44876
45540
45813
45981
46077
46526
46812
47034
47094
47277
47775
49330
49621
50406
50532
50856
51033
51150
51231
51391
51417
52453
53124
53412
54490
54760
54919
55498
55537
55600
55624
55855
56243
56258
56522
56780
57057
57284
57325
57709
57731
57959
58822
58834
59510
59606
59761
60775
62050
62663
63583
63782
63929
64331
64556
65321
65719
66267
66339
66486
66643
67033
67132
67193
67333
67391
67447
67566
67572
67960
68207
68242
68546
68569
68703
68712
68755
68803
69052
69062
69072
Number of cuts: 246

CosmicSans
268
354
455
972
1406
2025
2640
2753
2763
2895
3211
3797
4124
4198
5074
5414
5554
5671
5680
5755
5913
6040
6097
6166
6172
6555
6957
7551
7844
7946
7988
8036
8091
8706
8915
9170
9254
9334
10282
10314
10377
10929
10935
11058
11348
11648
11723
12837
12954
12960
13128
13260
13269
13362
13446
13591
13689
13902
14514
14520
14922
14985
15060
15252
15426
15479
15752
15890
16703
16837
17551
17987
18014
18182
18759
18786
19008
19402
19633
21624
21728
22545
22604
22637
22880
23067
23613
24566
25094
25511
25897
26347
26416
26546
26575
26890
27081
27421
28176
28326
28556
28906
29370
30901
31112
31748
32189
32476
32485
32980
33079
33330
34155
34296
34660
34972
35092
35097
35294
35504
35557
36330
36518
36529
36535
37102
37242
37497
37757
38231
38323
38463
38499
38508
39169
39251
39394
39683
39842
39863
39874
39884
40414
41090
41197
41510
41671
41716
41725
41767
41821
41826
42232
42308
42403
42689
42807
42914
42979
43031
43052
43336
43363
43407
43528
43751
43993
44003
44252
44429
44441
44872
44941
45123
45169
45386
45447
45856
46022
Number of cuts: 179

Dinger
354
639
907
969
1401
2021
2315
2636
2749
2759
2891
3793
4120
5550
5667
5676
5751
6036
6093
6162
6168
6536
6938
7532
7825
7927
8017
8670
8879
9134
9218
9298
10246
10278
10341
10899
10905
11028
11318
11693
12807
12930
13098
13230
13239
13281
13332
13416
13500
13659
13836
13872
14328
14751
14892
15030
15222
15396
15449
15722
15860
16673
16807
16879
16894
17521
17957
17984
18152
18729
18756
18978
19603
21323
21594
22120
22863
23050
23596
24408
24550
25078
25495
25881
26063
26119
26331
26400
26559
26855
26874
27027
27065
27405
27516
27609
28160
28619
28969
29431
30770
30981
31617
32058
32678
32849
32948
33034
33618
33714
34185
34288
34429
34802
35114
35234
35239
35436
35646
36304
36472
36660
36671
36677
37244
37384
37639
37899
38373
38465
38605
38641
38650
39536
39827
40007
40018
40028
40352
40776
40839
41220
41234
41341
41437
41654
41815
41860
41869
41911
41968
41973
42303
42339
42687
43053
43170
43502
43667
43791
43887
44139
44166
44215
44388
44565
44577
45008
45434
45495
46045
Number of cuts: 171

DocB7
151
246
289
571
718
790
868
953
985
1092
1173
1275
1368
1699
1759
1831
1888
1963
2266
2338
2347
2362
2392
2677
2714
2722
2756
2809
2813
2854
3307
3889
3928
3937
4039
4249
4306
4507
4519
4711
4834
4993
5374
5401
5514
5640
6373
7190
7586
8068
8134
8236
8401
8601
8698
8976
9177
9202
9620
9658
9904
10012
10159
10165
10203
10374
10694
10721
10736
11039
11138
11646
11678
12079
12172
12295
12452
12793
12964
13003
13444
13462
13488
14010
14100
14412
14422
14960
15034
15165
16266
16566
17047
17122
17248
17667
17694
18157
18470
18518
18650
18833
18947
19265
19400
19601
19628
19919
20402
20694
20942
20972
21074
21383
21557
21599
21764
21875
21929
21947
21986
22067
22304
22313
22370
22376
22469
22550
22610
23111
23279
23465
23657
23768
24128
24161
24176
24329
24506
25079
25364
25553
25613
25763
26231
26798
26876
26927
26948
27610
28020
28120
28504
28660
28744
29339
29524
29611
29629
29852
30330
30801
30945
31008
31347
31493
31637
31760
32040
32111
32470
32854
33230
33803
34119
34348
34570
34591
34648
34717
34807
34994
35043
35478
35574
35583
36330
36662
36734
36746
37135
37152
37182
37202
37217
37247
37252
37718
37897
37943
38165
38201
38327
38682
38788
39041
39172
39280
39339
40012
40162
40710
40737
41144
41169
41399
41705
41837
42102
42213
42434
42450
42480
42810
42972
42984
43161
43716
43953
43980
44046
44139
44192
44262
44412
44427
44469
44955
45513
45855
45911
45919
46076
46154
46181
46217
46352
46389
46440
46491
46518
46560
46611
46719
46813
46966
47352
47503
47605
47818
48320
48378
48386
48531
48609
48937
49376
49565
49842
50037
50122
50356
50497
50599
50909
51099
51270
51300
51337
51840
51882
51933
52388
52801
52822
52912
52981
53001
53222
53316
53382
53406
53476
53842
53863
53917
54025
54034
54208
54263
54532
54538
54643
54751
54859
54934
55015
55213
55759
55870
55879
56098
56311
56560
56572
56712
56786
56987
57056
57271
57316
57422
57431
57608
57900
58137
58277
58486
58554
58644
58674
58688
59357
59450
59465
59470
59683
59808
59929
59970
60073
60240
60406
60679
62376
62435
62466
62561
62670
62734
62764
62944
63126
63244
63262
63349
63383
63405
63951
63988
63994
64071
64122
64195
64289
64355
64602
64696
64945
64969
65057
65124
65442
65760
65985
66030
66117
67136
67208
67505
68606
68629
69090
69490
70330
70352
70581
70641
70678
70913
71122
71141
71473
71793
71858
72062
72089
72301
72335
72353
72467
72539
72908
72952
73001
73255
73343
73592
73601
73669
73851
73942
73996
74076
74154
74170
74269
74305
74479
74655
74826
75028
75184
75353
Number of cuts: 424

E3
234
285
309
401
584
797
878
1395
1660
1775
1852
2002
2065
2287
2344
2386
2392
2413
2791
3007
3166
3478
3604
3613
4038
4285
4417
4528
4851
4917
5067
5426
5894
6638
6795
8073
8091
8117
8287
9419
10186
10245
10320
10413
11161
11383
11395
11616
11781
12471
13016
13196
13970
14097
14206
14379
14439
14469
14571
14980
15686
15980
16374
16794
16844
16883
17972
18173
18517
18932
19153
19177
19482
19500
19593
19720
19822
20095
20122
20652
20697
21240
21530
21593
22154
23045
23792
25088
25128
25315
25376
26062
26083
26296
26458
27086
27169
27352
27379
27397
27490
27712
28087
28168
28941
28977
29061
29216
30336
30570
30590
30650
30755
31439
31589
31827
31836
31983
32190
32271
32612
32907
33111
33168
33324
33573
33597
33747
33780
33876
34350
34515
34536
34557
34767
34893
34947
34953
35013
35134
35213
35595
35795
35933
36138
36146
36387
36393
37219
37237
37333
37483
37579
37627
38224
38919
39327
39513
39648
40185
40512
40641
41311
41317
41617
41889
41910
42186
42204
42264
42657
42675
42858
43498
43864
44006
45757
46418
47372
47440
48082
48433
48992
49094
49562
50759
50915
51949
52622
52955
53029
54013
54192
54623
54821
55713
58001
58547
58722
60277
60683
61164
62825
63074
63242
63269
63473
63572
63656
63722
63761
63791
64479
64587
64961
65681
66344
66464
66575
66824
67183
67228
67606
67645
68370
68432
69097
69172
69349
69451
69496
69808
69862
69868
69910
69970
69991
70015
70177
70405
70420
71182
71493
71511
71625
71670
72178
72340
72832
72934
72955
73180
74122
74134
74144
74707
74740
74773
74827
74848
74896
74917
75070
75225
76387
76467
77367
77643
78476
78590
78599
78707
79568
79943
80071
80383
80395
80920
81217
81226
81574
81940
82468
82858
83044
83778
83864
84291
84736
84800
84922
85257
85331
85430
85515
86784
87314
87379
87732
87760
87796
88047
88716
88801
89082
89289
89450
90098
90239
90977
91001
91296
91884
92318
92831
92894
93114
93177
94613
94643
94766
95174
95560
95572
95776
95806
96237
96270
96844
97571
97580
97628
98193
98301
98502
98786
98804
98963
99077
99554
99599
99914
100948
100984
101023
101250
101343
101583
101965
102263
102597
102861
103392
104453
104492
104558
104750
105089
105551
105560
105671
106363
106439
106472
106919
107511
107529
107562
107775
108171
108192
108978
108990
109469
109544
110047
110760
110965
111006
111204
111531
112062
112388
112500
112808
113012
113129
113237
113612
114049
114690
115247
115253
115528
115690
115804
115888
115929
116364
116575
117032
117158
117236
117386
117464
117551
117671
118334
118442
118598
118651
119305
119880
120391
120427
120588
120847
121083
121321
121926
122283
122551
122581
122632
122713
122954
123406
123733
123991
124066
124968
125028
125126
125140
125385
125507
125522
125675
125702
126076
126208
126505
126821
127445
127531
127904
128058
128245
128538
128941
129324
129338
129946
130510
130561
130851
131049
131322
131598
132297
132998
133136
133145
133175
133493
133623
133646
133961
134348
134525
135341
135851
136602
136914
137259
137430
137835
137916
138003
138129
138507
139085
139952
140031
140063
140202
141544
141672
141768
142080
Number of cuts: 490

Erik
268
354
455
972
1406
2025
2640
2753
2763
2895
3211
3797
4124
5074
5554
5671
5680
5755
5913
6040
6097
6166
6172
6408
6555
6957
7551
7844
7946
7988
8036
8091
8705
8914
9169
9253
9333
10281
10313
10376
10928
10934
11057
11347
11647
11722
12836
12953
12959
13127
13259
13268
13361
13445
13590
13688
13901
14513
14519
14921
14984
15059
15251
15425
15478
15751
15889
16702
16836
17550
17986
18013
18181
18758
18785
19007
19401
19632
21623
22544
22603
22636
22879
23066
23611
24564
25092
25509
25895
26133
26345
26414
26544
26573
26888
27041
27079
27419
28174
28324
28554
28904
29368
30833
31044
31680
32121
32408
32417
32912
33011
33097
33262
34087
34228
34592
34904
35024
35029
35226
35436
35489
36262
36450
36461
36467
37034
37174
37429
37689
38163
38255
38395
38431
38440
39101
39183
39326
39615
39774
39795
39806
39816
40245
40921
41028
41341
41502
41547
41556
41598
41652
41657
42063
42139
42234
42520
42638
42745
42810
42862
42883
43167
43194
43238
43359
43582
43824
43834
44083
44260
44272
44703
44772
44954
45000
45217
45278
45687
45853
Number of cuts: 180

Espica
268
354
455
972
1406
2025
2640
2753
2763
2895
3211
3797
4124
5074
5554
5671
5680
5755
5913
6040
6097
6166
6172
6408
6555
6957
7551
7844
7946
7988
8036
8091
8706
8915
9170
9254
9334
10282
10314
10377
10929
10935
11058
11348
11723
12837
12954
12960
13128
13260
13269
13362
13446
13591
13689
13902
14514
14520
14922
14985
15060
15252
15426
15479
15752
15879
15890
16703
16837
17551
17987
18014
18182
18759
18786
19008
19402
19633
21624
22545
22604
22637
22880
23067
23613
24567
25095
25512
25898
26136
26348
26417
26547
26576
26891
27044
27082
27422
28177
28327
28557
28907
29369
30834
31045
31681
32122
32409
32418
32913
33012
33098
33263
34088
34229
34602
34914
35034
35039
35236
35446
36272
36460
36471
37044
37184
37439
37699
38173
38265
38405
38441
38450
38905
39111
39333
39781
39802
39813
39823
40151
41031
41138
41451
41612
41657
41666
41708
41762
41767
42173
42249
42344
42630
42748
42855
42920
42972
42993
43277
43304
43348
43469
43692
43934
43944
44193
44370
44382
44813
44882
45064
45110
45327
45388
45797
45963
Number of cuts: 177

Finch
411
690
759
1149
1254
1432
1584
1668
2013
2070
2283
2393
2550
2754
3308
3831
3951
4025
4117
4302
4704
4724
4886
5078
5234
5557
5590
5647
5701
5944
6021
6104
6314
6356
6536
7220
7793
8153
8297
8309
8390
8468
8594
9049
9082
9196
9373
9517
9787
10094
10641
10701
10905
11133
11499
11532
11628
11636
11862
12132
12276
12291
12681
12687
12912
13151
13721
13730
14078
14286
14360
14807
15278
15579
15978
15987
15997
16032
16047
16581
16776
17642
18474
18505
18643
19025
19211
19340
19487
19505
19634
19832
19895
19955
19973
20248
20392
20603
20619
20688
20903
22328
22535
22718
22885
23230
23350
23446
23701
24326
25118
25443
25557
26457
26481
26886
26955
27029
27173
28827
28943
29200
29351
29618
29822
29885
30428
30776
31034
31541
31781
31940
31946
32111
32144
32297
32357
32489
32522
32566
32759
33196
33457
33627
33717
33939
35034
35450
35745
36011
36117
36181
36375
36657
36903
37370
37439
37629
37761
37863
37908
38028
38365
38511
38619
38682
38721
38781
39084
39582
39744
40027
40249
40843
41011
41073
41274
41854
41962
41977
42526
42712
42748
43018
43198
43504
43525
43699
43726
43774
43783
43894
43941
44016
44292
44508
44858
44902
45059
45158
45583
45754
46021
46183
46735
46840
47281
47492
47560
48316
48373
48544
50357
51195
51339
51627
51927
52542
52943
53136
53190
53439
53448
53454
53847
53892
54027
54111
54150
54243
54495
54690
55006
55217
55424
55523
55565
55847
56235
56358
56376
56457
56481
56727
56757
57132
57198
57242
57335
57415
57743
58025
58061
58235
58253
58433
58715
58913
59131
59230
59416
59997
60063
60688
60733
60802
61219
61275
61387
61534
61688
61700
61964
62051
62222
62620
62728
62830
63166
63377
63397
63572
63656
63699
64777
65059
65461
65524
65647
65797
65857
65977
66001
66166
66223
66250
66472
66562
66568
66779
67009
67126
67312
67463
67495
67657
67693
67891
68131
68481
68523
68883
69066
69099
69180
69342
69699
69840
70103
70333
70459
70536
70623
70803
70824
70833
71001
71019
71031
71127
71558
71752
71773
71791
72241
72872
73610
73727
73817
74148
74328
74471
74568
74631
75073
75154
75280
75514
75763
75823
76412
76535
76730
76793
76895
77047
77221
77243
77471
77486
77724
78724
79214
79699
79817
79937
80012
80105
80215
80413
80644
81089
81320
81695
81888
81893
81981
82061
82153
82343
82493
82511
82610
82631
82789
83061
83175
83213
83267
83276
83363
83417
83935
84257
84361
84614
85750
85879
86215
86229
86379
86907
86949
87391
87620
87903
87950
88068
88083
88190
88295
88357
88686
89194
89320
89633
89672
90044
90352
90381
90408
90669
91081
91184
91372
91821
92045
92141
92377
92631
92811
93147
93699
95302
95509
96203
96740
96841
97257
97611
97803
97836
98175
98265
98277
100139
100288
100310
100391
100670
100931
101117
101129
101838
102682
102715
103125
103267
103402
103686
103775
103977
104113
104314
104796
104934
105238
105322
105366
105454
105463
105894
106879
106932
107320
107376
107457
107792
108132
108516
109486
109732
109774
109819
109887
110094
110190
110496
110655
110739
110855
110976
111269
111488
111780
111975
112315
112333
112416
112770
112971
113398
113745
114220
114345
114554
114629
115084
115621
115849
115858
115942
116034
116832
117192
117260
118264
118312
118522
118552
118564
118585
119120
119221
119413
119851
119889
120070
120299
120500
120514
120667
120765
121116
121311
121392
121465
122108
122465
123066
123127
123190
123223
123238
123271
123322
123469
123691
123920
124163
124199
125418
125571
126153
126356
126579
127166
127175
127286
127319
127379
127466
127661
128000
128015
128108
128188
128577
128703
128886
129067
129679
130021
130059
130105
130564
130666
130882
131971
132922
133275
133671
134010
134040
134436
134718
134741
135136
135449
135930
136003
136563
136995
137061
137484
137998
138338
Number of cuts: 597

Gollum
268
354
455
972
1406
2025
2640
2753
2763
2895
3211
3797
4124
5074
5554
5671
5680
5755
5913
6040
6097
6166
6172
6408
6555
6957
7551
7844
7946
7988
8036
8091
8706
8915
9170
9254
9334
10282
10314
10377
10929
10935
11058
11348
11648
11723
12837
12954
12960
13128
13260
13269
13362
13446
13591
13689
13902
14514
14520
14922
14985
15060
15252
15426
15479
15752
15879
15890
16703
16837
17551
17987
18014
18182
18759
18786
19008
19402
19633
21624
22545
22604
22637
22880
23067
23613
24566
25094
25511
25897
26347
26416
26546
26575
26890
27081
27421
28176
28326
28556
28906
29368
30899
31110
31746
32187
32474
32483
32978
33077
33163
33328
34153
34294
34658
34970
35090
35095
35292
35502
36328
36516
36527
36533
37100
37240
37495
37755
38229
38321
38461
38497
38506
38961
39167
39389
39784
39805
39816
39826
40356
41032
41139
41452
41613
41658
41667
41709
41763
41768
42174
42250
42345
42631
42749
42856
42921
42973
42994
43278
43305
43349
43470
43693
43935
43945
44194
44371
44383
44814
44883
45065
45111
45328
45389
45798
45964
Number of cuts: 177

Grayson
1051
1615
2121
2354
2642
4490
4520
4751
4791
5095
5465
6181
6335
7907
7995
8728
8740
8975
9100
9517
9605
10086
11136
11763
12691
12943
12985
13761
14167
14194
14225
14309
14365
15405
15897
16681
16726
16930
17117
18165
18491
18611
18981
19317
20628
20691
20749
21023
21279
22607
22713
23517
24240
24255
24611
24627
24735
24909
25059
25813
26134
26885
27022
27083
27215
27502
27642
27927
28359
28501
29180
30097
30105
30290
30734
30937
30950
32747
32952
33211
33254
33272
33284
33914
34073
34730
34868
35370
35859
36165
36199
37455
37461
37841
39188
39266
39433
40259
40342
40438
40835
42464
42985
43041
43114
43153
43332
43720
43777
43844
44570
44777
45059
45965
46198
47308
49840
50434
50725
51124
52345
52961
53807
53915
55698
55783
56443
57058
57499
57852
57965
58414
58479
59151
59189
59240
59437
59516
59992
60444
60735
61126
62092
62156
62233
62240
62350
62864
63077
63129
63244
64572
64794
65045
65144
65460
65677
65815
66444
66926
67274
67552
67949
68003
68054
68312
68494
68628
68709
68858
69125
70546
71098
71377
72011
72122
72349
72915
72926
73147
73172
73360
74347
75096
75311
76038
76130
76142
76629
77563
77711
78008
78420
78738
79345
79528
79575
79584
79836
79899
81152
81355
82992
83834
83851
84046
84183
84197
84887
85274
85531
85837
86750
87122
88436
88650
88674
88788
88821
89037
89076
89217
89253
89267
89279
90319
90836
90998
91266
91914
92903
93091
93278
93473
93506
93922
93949
94163
94440
94501
94923
95073
95270
95833
96165
96344
96554
96756
96822
97046
97893
98138
99304
99376
99422
99605
100152
100394
100509
100784
100798
100909
101015
101656
102150
102736
103156
103434
104012
104245
104593
104854
106143
106769
107011
107294
108118
108337
108364
108437
108531
109460
110214
110330
110496
111556
112314
112699
112813
112975
113229
113602
113616
114182
114546
114687
115110
115337
116084
116302
116459
116757
116842
116946
117149
117730
117802
118148
118772
119351
119378
120006
120011
120054
120183
120981
121007
121064
121416
121469
121639
121790
122699
122850
123797
124479
124702
126007
126233
127100
129952
130516
131022
131255
131543
Number of cuts: 335

Harlequin
354
455
972
1406
2025
2640
2753
2763
2895
3797
4124
5074
5554
5671
5680
5755
6040
6097
6166
6172
6540
6942
7536
7829
7931
8021
8674
9114
9198
9278
9311
10226
10258
10321
10879
10885
11008
11298
11673
12748
12910
13078
13210
13219
13261
13312
13396
13480
13546
13639
13816
13852
14308
14470
14872
15010
15202
15376
15429
15702
15829
15840
16653
16787
16874
17501
17937
17964
18132
18709
18736
18958
19352
19583
21628
22550
22609
22642
22855
22885
23072
23618
24571
25099
25516
25902
26084
26140
26352
26421
26551
26580
26876
26895
27426
27537
28181
28331
28561
28911
29375
30685
30896
31532
31973
32260
32269
32764
32863
32949
33114
33939
34444
34756
34876
34881
35078
35288
36114
36302
36313
36319
36886
37026
37281
37541
38015
38107
38283
38292
39178
39469
39628
39649
39660
39670
40226
40879
40986
41300
41461
41506
41515
41557
41611
41616
42022
42098
42193
42479
42597
42704
42769
42821
42842
43126
43153
43197
43318
43541
43783
43793
44042
44219
44231
44662
44731
44913
44959
45176
45237
45646
45812
Number of cuts: 173

Hiro
268
354
455
972
1406
2025
2640
2753
2763
2895
4124
5414
5554
5671
5680
5755
6040
6097
6166
6172
6393
6540
6942
7536
7829
7931
8021
8076
8674
9114
9198
9278
9311
10258
10321
10873
10879
11002
11292
11667
12646
13210
13216
13516
13525
13567
13618
13777
13786
13945
14122
14614
14776
15037
15178
15241
15316
15391
15508
15735
16008
16146
16959
17093
17165
17180
17807
18243
18270
18438
19015
19042
19264
19889
21218
21317
21436
21880
22529
22690
22733
22861
22946
23009
23135
24826
25354
25771
26157
26395
26607
26676
26806
26835
27131
27150
27792
28436
28586
28816
29166
29630
31161
31372
32008
32449
32736
32745
33240
33339
33425
33590
34415
34556
34920
35232
35352
35357
35554
35764
36590
36778
36789
36795
37362
37502
37757
38017
38491
38583
38723
38759
38768
39654
39943
40102
40123
40134
40144
40674
41350
41457
41771
41932
41977
41986
42028
42082
42087
42493
42569
42664
42950
43068
43175
43240
43292
43313
43597
43624
43668
43789
44012
44254
44264
44513
44690
44702
45133
45202
45384
45430
45647
45708
46117
46283
Number of cuts: 176

Jace
7
270
333
504
573
857
1085
1160
1244
1469
1538
1934
2051
2111
2735
2864
3149
3506
3853
4213
4408
7160
7187
7238
7829
8152
8388
9183
9333
9408
9915
9981
10158
10296
10635
11118
11223
11292
11547
11553
11778
11904
11967
12030
12243
12858
13263
14061
14304
14825
14912
15119
15305
15317
15479
16055
16136
16586
17538
18595
18913
19657
19684
19972
19978
20139
20194
21586
21649
22287
22914
23093
23785
24141
24359
24371
24510
24520
24654
24767
24777
24930
25106
25193
25663
25792
25933
26131
26354
26477
26501
26543
26609
26846
27023
27062
27080
27649
27728
27934
28511
29135
29197
29449
29521
29623
29991
30175
30206
30269
30594
30813
31247
31633
31714
31967
31988
33489
33858
34005
34237
34531
34570
34585
34711
34801
34813
34993
35171
35520
35989
36259
37204
37258
37300
37363
37456
37620
37713
37782
38411
38656
38740
38845
39147
39600
39612
40187
40259
40411
40604
41043
41169
41262
41499
41540
42208
42912
43678
43714
43723
43860
43963
44357
44384
44455
44602
45049
45274
45313
45754
46422
46479
47558
47641
47656
47974
48065
48364
48951
49127
50122
50190
50232
50448
50564
50642
50807
52202
52317
52804
52924
53017
53163
53889
Number of cuts: 195

Jester
354
455
972
1406
2025
2640
2753
2763
2895
3797
4124
5074
5554
5671
5680
5755
6040
6097
6166
6172
6540
6942
7536
7829
7931
8021
8674
9114
9198
9278
9311
9652
10226
10258
10321
10873
10879
11002
11292
11667
12670
12781
12904
13072
13204
13213
13255
13306
13390
13474
13540
13633
13810
13846
14464
14725
14866
14929
15004
15079
15196
15423
15696
15834
16647
16781
16853
16868
17375
17495
17931
17958
18126
18703
18730
18952
19346
19577
21568
22481
22540
22573
22786
22816
23003
23549
24502
25030
25447
25833
26015
26071
26283
26352
26482
26511
26807
26826
27357
27468
28112
28262
28492
28842
29306
30616
30827
31463
31904
32191
32200
32695
32794
32880
33045
33870
34375
34687
34807
34812
35009
35219
36045
36233
36244
36250
36817
36957
37212
37472
37946
38038
38214
38223
39109
39400
39559
39580
39591
39601
40157
40810
40917
41231
41392
41437
41446
41488
41542
41547
41953
42029
42124
42410
42528
42635
42700
42752
42773
43057
43084
43128
43249
43472
43714
43724
43973
44150
44162
44593
44662
44844
44890
45107
45168
45577
45743
Number of cuts: 177

Krishelle
268
354
455
972
1406
2025
2640
2753
2763
2895
3211
3797
4124
5074
5554
5671
5680
5755
5913
6040
6097
6166
6172
6408
6555
6957
7551
7844
7946
8036
8091
8689
9129
9213
9293
9326
10273
10336
10888
10894
11017
11307
11682
12661
13225
13231
13531
13540
13633
13792
13801
13960
14137
14629
14791
15052
15193
15256
15331
15406
15523
15750
16023
16161
16974
17108
17180
17195
17822
18258
18285
18453
19030
19057
19279
19673
19904
21233
21332
21451
21931
22580
22741
22784
22912
22997
23060
23186
24261
24708
24850
25378
25795
26181
26363
26419
26631
26700
26859
27155
27174
27327
27365
27705
27816
27909
28460
28919
29269
29730
31261
31472
32108
32549
32836
32845
33340
33439
33690
34515
34656
35020
35332
35452
35457
35654
35864
35917
36699
36887
36898
36904
37471
37611
37866
38126
38600
38692
38832
38868
38877
39538
39620
39763
40052
40211
40232
40243
40253
40783
41459
41566
41879
42040
42085
42094
42136
42190
42195
42601
42677
42772
43058
43176
43283
43348
43400
43421
43705
43732
43776
43897
44120
44362
44372
44621
44798
44810
45241
45310
45492
45538
45755
45816
46215
Number of cuts: 185

Lillie
268
354
455
972
1406
2025
2640
2753
2763
2895
3211
3797
4124
4198
5074
5414
5554
5671
5680
5755
5913
6040
6097
6166
6172
6555
6957
7551
7844
7946
7988
8036
8091
8706
8915
9170
9254
9334
10282
10314
10377
10929
10935
11058
11348
11648
11723
12837
12954
12960
13128
13260
13269
13362
13446
13591
13689
13902
14514
14520
14922
14985
15060
15252
15426
15479
15752
15890
16703
16837
17551
17987
18014
18182
18759
18786
19008
19402
19633
21624
21728
22545
22604
22637
22880
23067
23613
24566
25094
25511
25897
26347
26416
26546
26575
26890
27081
27421
28176
28326
28556
28906
29370
30901
31112
31748
32189
32476
32485
32980
33079
33330
34155
34296
34660
34972
35092
35097
35294
35504
35557
36330
36518
36529
36535
37102
37242
37497
37757
38231
38323
38463
38499
38508
39169
39251
39394
39683
39842
39863
39874
39884
40414
41090
41197
41510
41671
41716
41725
41767
41821
41826
42232
42308
42403
42689
42807
42914
42979
43031
43052
43336
43363
43407
43528
43751
43993
44003
44252
44429
44441
44872
44941
45123
45169
45386
45447
45856
46022
Number of cuts: 179

Mahdia
88
538
856
972
1112
1200
1242
1326
1479
1638
1956
2053
2487
2508
3021
3132
3147
3264
3361
3527
3746
4448
4472
5007
5172
5382
5532
5888
6161
6508
6588
6666
6807
6892
7078
7350
7539
7592
7862
8067
9042
9090
9467
10299
10338
10416
10578
10623
10656
10827
10950
11076
11337
11391
11571
11604
11736
11871
11892
12021
12070
12111
12324
12529
12648
13419
13462
13523
13545
13611
13809
14044
14055
14394
14781
14796
14817
14826
14857
14933
15264
15462
15487
15567
15654
15723
15855
15867
16038
16079
16371
16435
16676
17045
17102
17246
17289
17390
17603
18134
18327
19009
19141
19196
19652
19763
20099
20659
20741
20748
20873
21226
21682
21823
22027
22619
22751
23050
23270
23381
23399
23566
23593
23761
24108
24558
24654
25322
25362
25529
25599
26121
26376
26451
26475
26511
26586
26706
26859
27000
27099
27278
27404
27458
27608
28133
28267
28525
28575
28599
28956
29013
29163
29192
29301
29622
29745
30031
30049
30528
30534
30615
30846
31107
31160
31193
31813
31951
32085
32098
32229
32241
32466
32529
32748
32823
33102
33168
33192
33318
33495
33819
33849
33919
33972
34062
34146
34169
34197
34398
34578
34752
34806
35209
35404
35506
35586
35851
35869
35926
36313
36581
36592
36658
37078
37781
38126
38885
39167
39275
39409
39636
39807
40063
40155
40219
40453
41146
41690
41717
41795
42106
42180
42258
42330
Number of cuts: 225

Naiad
268
354
455
972
1406
2025
2640
2753
2763
2895
3211
3797
4124
5074
5554
5671
5680
5755
5913
6040
6097
6166
6172
6408
6555
6957
7551
7844
7946
7988
8036
8091
8706
8915
9170
9254
9334
10282
10314
10377
10929
10935
11058
11348
11648
11723
12837
12954
12960
13128
13260
13269
13362
13446
13591
13689
13902
14514
14520
14922
14985
15060
15252
15426
15479
15752
15879
15890
16703
16837
17551
17987
18014
18182
18759
18786
19008
19402
19633
21624
21728
22150
22617
22893
23080
23626
24579
25107
25524
25910
26360
26429
26559
26588
26903
27056
27094
27434
28189
28569
28919
29383
30914
31125
31761
32202
32489
32498
32993
33092
33343
34168
34309
34673
34985
35105
35110
35307
35517
35570
36352
36540
36551
36557
37124
37264
37519
37779
38253
38345
38485
38521
38530
39191
39273
39416
39705
39864
39885
39896
39906
40436
41112
41219
41532
41693
41738
41747
41789
41843
41848
42254
42330
42425
42711
42829
42936
43001
43053
43074
43358
43385
43429
43550
43773
44015
44025
44274
44451
44463
44894
44963
45145
45191
45408
45469
45878
46044
Number of cuts: 178

Nancinator
268
354
455
972
1406
2025
2640
2753
2763
2895
3211
3797
4124
5074
5554
5671
5680
5755
5913
6040
6097
6166
6172
6408
6555
6957
7551
7844
7946
7988
8036
8091
8706
8915
9170
9254
9334
10282
10314
10377
10929
10935
11058
11348
11723
12837
12954
12960
13128
13260
13269
13362
13446
13591
13689
13902
14514
14520
14922
14985
15060
15252
15426
15479
15752
15879
15890
16703
16837
17551
17987
18014
18182
18759
18786
19008
19402
19633
21624
22545
22604
22637
22880
23067
23613
24567
25095
25512
25898
26136
26348
26417
26547
26576
26891
27044
27082
27422
28177
28327
28557
28907
29369
30834
31045
31681
32122
32409
32418
32913
33012
33098
33263
34088
34229
34602
34914
35034
35039
35236
35446
36272
36460
36471
37044
37184
37439
37699
38173
38265
38405
38441
38450
38905
39111
39333
39753
40429
40536
40849
41010
41055
41064
41106
41160
41165
41571
41647
41742
42028
42146
42253
42318
42370
42391
42675
42702
42746
42867
43090
43332
43342
43591
43768
43780
44211
44280
44462
44508
44725
44786
45195
45361
Number of cuts: 173

Natosaleda
268
354
455
972
1406
2025
2640
2753
2763
2895
3211
3797
4124
5074
5554
5671
5680
5755
5913
6040
6097
6166
6172
6408
6555
6957
7551
7844
7946
7988
8036
8091
8706
8915
9170
9254
9334
10282
10314
10377
10929
10935
11058
11348
11723
12837
12954
12960
13128
13260
13269
13362
13446
13591
13689
13902
14514
14520
14922
14985
15060
15252
15426
15479
15752
15879
15890
16703
16837
17551
17987
18014
18182
18759
18786
19008
19402
19633
21624
22545
22604
22637
22880
23067
23613
24566
25094
25511
25897
26135
26347
26416
26546
26575
26890
27043
27081
27421
28176
28326
28556
28906
29368
30833
31044
31680
32121
32408
32417
32912
33011
33097
33262
34087
34228
34601
34913
35033
35038
35235
35445
36271
36459
36470
37043
37183
37438
37698
38172
38264
38404
38440
38449
38904
39110
39332
39780
39801
39812
39822
40150
41030
41137
41450
41611
41656
41665
41707
41761
41766
42172
42248
42343
42629
42747
42854
42919
42971
42992
43276
43303
43347
43468
43691
43933
43943
44192
44369
44381
44812
44881
45063
45109
45326
45387
45561
45788
45954
46089
Number of cuts: 179

Partridge
354
637
905
967
1399
2084
2378
2699
2812
2822
2954
3856
4183
5613
5730
5739
5814
6099
6156
6225
6231
6599
7001
7595
7888
7990
8080
8135
8733
8942
9197
9281
9361
10309
10341
10404
10962
10968
11091
11381
11756
12870
12993
13161
13293
13302
13344
13395
13479
13563
13722
13899
13935
14391
14814
14955
15093
15285
15459
15512
15785
15923
16736
16870
16942
16957
17584
18020
18047
18215
18792
18819
19041
19666
21386
21657
22183
22926
23113
23659
24471
24613
25141
25584
25594
25980
26162
26218
26430
26499
26658
26954
26973
27126
27164
27504
27615
27708
28259
28718
29068
29530
31061
31272
31908
32349
33137
33236
33322
33906
34002
34585
34958
35270
35390
35395
35592
35802
36519
36628
36816
36827
36833
37400
37541
37796
38056
38530
38622
38762
38798
38807
39693
39984
40164
40175
40185
40509
40610
40933
40996
41377
41391
41498
41594
41811
41972
42017
42026
42068
42122
42127
42457
42493
42711
42716
42889
42895
43033
43399
43516
43848
44013
44137
44233
44485
44512
44561
44734
44911
44923
45354
45779
45840
46390
Number of cuts: 175

Pepy6
114
309
507
898
1101
1312
1787
1825
2666
2961
3529
3931
3985
4156
4255
4448
4936
5342
5534
5576
6350
6400
7265
7337
7634
7706
7862
7892
8497
8780
9240
9470
9521
9621
9644
9743
10015
10057
10336
10483
10680
10767
10837
11038
11133
11244
11590
11700
11901
12385
12766
12940
13987
14397
14588
14816
14903
15077
15117
15161
15270
15384
16332
16680
16859
16904
16922
17009
19653
19839
20037
20396
20499
20534
20627
20795
21155
21379
21714
21977
22071
22126
22222
22280
22309
22352
22517
22606
22619
22813
22846
22966
23224
23323
23467
23815
23848
24256
24699
24922
25909
27231
27561
28212
28358
28467
28484
28826
29165
29510
29639
29891
30016
30091
30121
30184
30382
30484
30655
30700
30826
31174
31219
31511
31876
32011
32107
32272
32338
32434
32569
32605
32647
32830
32857
32902
32911
32968
33022
33046
33256
33433
33907
34088
34297
34585
34849
34897
35626
35801
35865
36543
37374
37683
37890
38144
38281
38335
38478
38675
39177
39399
39537
39856
40012
40254
40291
40344
40890
41109
41432
41531
41554
41598
42121
42599
42653
42788
42881
43257
43347
43822
44110
44116
44539
44649
45089
45182
45481
45653
45713
45770
45789
45963
46180
46193
46381
46919
46949
47009
47072
47178
47456
47567
47600
47612
47624
48003
48053
48209
49282
49363
49639
49684
49757
50001
50022
50043
50055
50397
50697
50794
50891
51341
52178
52338
52355
52634
52807
53204
54401
54776
54920
55577
55622
55968
56376
56493
56499
56559
57368
57500
57530
57613
57712
57872
58120
58211
58222
58551
58657
58969
59434
59529
59909
60636
60885
61095
61376
61439
61888
62107
62639
62895
62951
62972
63191
63691
63912
63925
63996
64044
64190
64209
64478
64608
65483
65606
65726
65774
65866
65905
65977
66211
66324
66348
66412
66851
67073
67106
67344
67386
69037
69158
69821
70574
70703
70937
70954
70976
71000
71226
71336
71471
72090
72420
72483
72522
72608
72776
72899
72908
73099
73282
73359
73455
73656
73812
73893
74757
74850
74962
75279
75927
75934
76266
76278
76491
76525
76628
Number of cuts: 330

Peregrin
351
1076
1638
2150
2383
2492
2509
2679
2721
3077
3838
4348
4364
4579
4923
5045
6170
6470
7305
7521
7770
8054
8120
8260
8289
8414
8640
8831
9828
10450
11077
11739
12005
12257
12299
13075
13641
13697
14334
14763
14769
15001
15255
16159
16280
16325
16716
17758
18163
18533
18869
20180
20333
20467
21582
21773
21879
22683
23406
23421
23493
24185
24201
24309
24483
24633
25262
25390
25711
26462
26599
26649
27016
27441
27873
28015
28694
29608
29616
29822
29994
30530
31529
31734
31993
32036
32054
32066
32410
32696
33512
33650
34152
34641
35101
36698
37969
38047
38214
38415
39040
39122
39218
39615
41244
41765
41894
41933
42112
42500
42624
43350
43557
43839
44243
44745
44846
46088
48623
49217
49907
51128
54566
55425
55866
56219
56332
56644
56730
56781
56846
57467
57556
57607
57804
57883
58359
58811
58935
59493
60459
60523
60600
60607
60717
60863
61231
61496
61611
61793
62947
62990
63212
63463
63562
64095
64233
64869
65351
65699
65977
66374
66428
66479
66919
67030
67053
67134
67283
67550
68126
68956
69508
69787
70366
70421
70532
70585
70759
70789
71325
71336
71557
71582
71770
72170
72289
73115
73314
73327
74324
75073
75312
75967
76059
76071
76537
76549
76903
77039
77391
77460
77773
77921
78218
78628
79868
80065
80358
81023
81682
81886
82232
82522
82884
83721
83738
83933
84070
84084
84649
84774
85127
85450
86669
87041
88598
89128
89212
89750
90267
90429
90697
91345
92334
92937
93139
93354
93645
93938
93997
94125
94322
94595
94872
95198
95377
95789
95855
96961
97750
97822
97868
98284
98760
99007
99525
99573
100047
100459
101177
101191
101302
101408
101853
103138
103558
103836
104414
104650
104685
104997
105260
105814
106564
107045
107286
107567
109219
109474
109875
109991
110157
111113
111175
112317
112820
113598
113612
114085
114149
114550
114691
115101
115149
116469
116636
116790
116799
116905
117110
117267
117650
117754
118299
118538
118610
119288
120035
120614
121484
121616
122591
122800
123256
123357
123744
124271
125405
125637
125644
126327
126514
126550
128137
130420
131145
131707
132219
132452
132561
132578
132748
132790
Number of cuts: 334

Phrankenstein
268
354
455
972
1406
2025
2640
2753
2763
2895
3211
3797
4124
4198
5074
5414
5554
5671
5680
5755
5913
6040
6097
6166
6172
6408
6555
6957
7551
7844
7946
7988
8036
8091
8706
8915
9170
9254
9334
10282
10314
10377
10929
10935
11058
11348
11648
11723
12837
12954
12960
13128
13260
13269
13362
13446
13591
13689
13902
14514
14520
14922
14985
15060
15252
15426
15479
15752
15890
16703
16837
17551
17987
18014
18182
18759
18786
19008
19402
19633
21570
22491
22550
22583
22826
23013
23559
24512
25040
25457
25843
26293
26362
26492
26521
26836
26989
27027
27367
28122
28272
28502
28852
29316
30847
31058
31694
32135
32422
32431
32926
33025
33276
34101
34242
34606
34918
35038
35043
35240
35450
35503
36276
36464
36475
37048
37188
37443
37703
38177
38269
38409
38445
38454
39115
39197
39340
39629
39788
39809
39820
39830
40360
41036
41143
41456
41617
41662
41671
41713
41767
41772
42178
42254
42349
42635
42753
42860
42925
42977
42998
43282
43309
43353
43474
43697
43939
43949
44198
44375
44387
44818
44887
45069
45115
45332
45393
45802
45968
Number of cuts: 179

Pine5
14
74
221
326
458
677
1352
1918
1969
2032
2750
3786
4169
4243
4474
4803
5057
5288
6002
6031
6085
7696
7882
8378
8504
9649
9685
9715
9787
9952
9988
10627
10723
10828
10871
11158
11241
12330
12387
12474
12570
13180
13294
13630
13952
14366
14641
14911
15293
15394
15461
15559
16579
17893
19183
20483
20637
20694
21192
21360
21555
21849
22188
22260
22301
22335
22356
22758
23259
23508
23682
23817
24480
24651
25260
25326
25341
25347
25647
26632
26705
28173
28245
28407
28446
28533
28650
28680
28812
28837
28903
29464
29728
30066
30708
30897
31389
32292
32381
32406
32823
33069
33312
34569
34661
34997
35105
35180
36171
36256
36496
36637
36652
37192
37800
37873
38569
38599
38803
38890
38959
39085
39766
40792
40828
40942
41092
41836
41901
42180
42245
42266
42320
42557
42752
42797
43214
43259
43640
43754
43967
44392
44854
44876
44961
45122
45173
45459
45471
46652
46972
47433
48077
48204
48244
48261
48332
48341
48404
48918
49002
49432
49827
50448
50832
51195
51395
51437
51934
52254
52480
52510
53024
53655
53761
53975
53999
54533
54953
55094
55755
55827
56961
57416
57891
57912
58035
58078
58513
58608
58653
58988
59148
59208
Number of cuts: 194

Poco6
114
309
591
816
1770
2158
2274
2625
2728
2785
3097
3273
4019
4034
4461
4620
5184
5208
6232
6502
6695
7220
7269
7589
8193
8381
8573
10517
10899
10952
11037
11081
11449
12211
12587
12671
12901
12952
12991
13075
13079
13096
13174
13488
13766
14197
14267
14457
14563
15115
16217
17084
17438
17862
17928
18144
19262
20682
20784
21081
21675
22026
22209
22418
22556
22649
22817
23177
23736
23999
24093
24151
24238
24247
24305
24334
24542
24631
24644
24823
24856
24982
25237
25336
25480
25828
25861
25870
26269
26520
26935
27922
28968
29244
29580
30231
30503
30845
31184
31221
31373
31435
31478
31658
31718
31910
32140
32401
32518
32689
32734
33109
33139
33310
33536
33901
33985
34132
34288
34297
34363
34672
34684
34843
34855
34882
34936
34993
35014
35047
35071
35383
35932
36113
36136
36151
36871
36919
37823
37887
38472
38718
39192
39396
39667
39705
39864
39912
40190
40303
40357
40500
40697
41199
41555
41708
41935
42068
42218
42341
42639
42837
43234
43333
43400
43578
43766
44393
44447
44701
44791
44869
45080
45284
45646
45820
45946
45952
46306
46489
46573
46637
47413
47440
47473
47540
47770
48395
48441
49121
49211
49696
49807
49840
49852
49864
49900
49972
50068
50233
50791
50872
51148
51193
51244
51513
51534
51555
51561
51567
52167
52278
52329
52341
52418
52850
52997
53687
53847
53864
54142
54315
54712
55909
56284
56428
56731
57130
57830
57884
57962
58001
58007
58067
58092
58162
58270
58379
59036
59051
59096
59126
59209
59245
59261
59311
59471
59566
59836
59911
59977
60145
60642
61080
61216
61284
62296
62771
62842
63027
63093
63646
64255
64471
64845
64893
65327
65592
65608
65682
66126
66624
66672
66806
66983
67139
67150
67761
67986
68869
69165
69279
69936
70472
70484
70538
70712
70859
70985
71391
71448
71966
72200
72263
72489
72533
72599
73352
73682
73745
73784
73870
74038
74170
74330
74456
74621
74717
74912
74918
75074
75155
75257
75824
76019
76112
76230
76547
76932
77202
77534
77546
77759
77791
Number of cuts: 324

Rasputin
268
354
455
972
1406
2025
2640
2753
2763
2895
3211
3797
4124
5414
5554
5671
5680
5755
6040
6097
6166
6172
6393
6540
6942
7536
7829
7931
8021
8675
8884
9139
9223
9303
9677
10251
10283
10346
10898
10904
11027
11317
11692
12767
12806
12929
13097
13229
13238
13280
13331
13415
13499
13565
13658
13835
13871
14327
14489
14750
14891
15029
15221
15395
15448
15721
15848
15859
16672
16806
16893
17520
17956
17983
18151
18728
18755
18977
19602
21593
22515
22574
22607
22850
23037
23583
24395
24537
25065
25868
26106
26318
26387
26517
26546
26861
27052
27392
27503
28147
28297
28527
28877
29096
29341
30872
30908
31083
31719
32160
32447
32456
32951
33050
33301
34126
34267
34631
34943
35063
35068
35265
35475
35528
36301
36489
36500
36506
37073
37213
37468
37728
38202
38294
38434
38470
38479
39140
39222
39365
39654
39813
39834
39845
39855
40385
41061
41168
41481
41642
41687
41696
41738
41792
41797
42203
42279
42374
42660
42778
42885
42950
43002
43023
43307
43334
43378
43499
43722
43964
43974
44223
44400
44412
44843
44912
45094
45140
45357
45418
45827
45993
Number of cuts: 182

RER2
268
354
455
972
1406
2025
2640
2753
2763
2895
3211
3797
4124
4198
5074
5414
5554
5671
5680
5755
5913
6040
6097
6166
6172
6555
6957
7551
7844
7946
7988
8036
8091
8706
8915
9170
9180
9254
9334
10282
10314
10377
10929
10935
11058
11348
11648
11723
12837
12954
12960
13128
13260
13269
13362
13446
13591
13689
13902
14514
14520
14922
14985
15060
15252
15426
15479
15752
15879
15890
16703
16837
16909
17551
17987
18014
18182
18759
18786
19008
19402
19633
21624
22545
22604
22637
22850
22880
23067
23613
24566
25094
25511
25897
26135
26347
26416
26546
26575
26871
26890
27532
28176
28326
28556
28906
29370
30901
31112
31748
32189
32476
32485
32980
33079
33330
34155
34296
34660
34972
35092
35097
35294
35504
35557
36162
36221
36330
36518
36529
37102
37242
37497
37757
38231
38323
38463
38499
38508
39169
39251
39394
39683
39842
39863
39874
39884
40414
41090
41197
41510
41671
41716
41725
41767
41821
41826
42232
42308
42403
42689
42807
42914
42979
43031
43052
43336
43363
43407
43528
43751
43993
44003
44252
44429
44441
44872
44941
45123
45169
45386
45447
45856
46022
Number of cuts: 184

RexFury
268
354
455
1003
1437
2056
2671
2784
2794
2926
3242
3828
4155
5105
5585
5702
5711
5786
5944
6071
6128
6197
6203
6439
6586
6988
7582
7875
7977
8019
8067
8122
8737
8946
9201
9285
9365
10313
10345
10408
10960
10966
11089
11379
11679
11754
12295
12868
12985
12991
13159
13291
13300
13342
13393
13477
13622
13720
13933
14545
14551
14953
15016
15091
15283
15457
15510
15783
15910
15921
16734
16868
17582
18018
18045
18213
18790
18817
19039
19433
19664
21655
22576
22635
22668
22911
23098
23644
24597
25125
25928
26166
26378
26447
26577
26606
26921
27074
27112
27452
28207
28357
28587
28937
29156
29401
30932
30968
31143
31779
32220
32507
32516
33011
33110
33361
34186
34327
34691
35003
35123
35128
35325
35535
36361
36549
36560
37133
37273
37528
37788
38262
38354
38494
38530
38539
38994
39200
39422
39870
39891
39902
39912
40240
41120
41227
41540
41701
41746
41755
41797
41851
41856
42262
42338
42433
42719
42837
42944
43009
43061
43082
43366
43393
43437
43558
43781
44023
44033
44282
44459
44471
44902
44971
45153
45199
45416
45477
45886
46052
Number of cuts: 180

RGL3
1273
1387
1790
2024
2642
2765
2897
4126
4200
4558
4795
5556
5673
5915
6042
6099
6174
6362
6548
6947
7834
7887
7936
7978
8026
8326
8881
9136
9220
9258
9465
9737
10251
10283
10346
10904
10910
11033
11320
11623
11698
12239
12434
12569
12718
12836
13025
13253
13394
13436
13571
13646
13655
13721
13784
13814
14264
14480
14516
14678
14794
14939
15080
15218
15410
15590
15643
16054
17073
17634
17712
18148
18175
18871
19158
19384
19552
19714
19780
19858
20152
20326
20533
20764
20821
21052
21190
21268
21513
21652
21667
21806
21987
22750
22911
23167
23356
23488
24094
24236
24464
24822
24937
25015
25054
25421
25585
26000
26868
27277
27292
27391
27550
27865
28018
28408
28603
28612
28756
29164
29516
29648
29999
30277
30682
30813
31926
32409
32418
32583
32719
33122
33131
33308
33626
33725
33770
33890
33964
33976
34328
34401
35829
35928
36048
36053
36460
36743
37259
37513
37524
37530
37845
38010
38022
38133
38254
38428
38509
38514
38527
39108
39200
39328
39609
40042
40127
40177
40489
40669
40680
40690
41397
41970
42087
42183
42299
42308
42524
42665
43330
43534
43546
43609
43984
44126
44378
44388
44609
44727
44937
45129
45498
45737
45840
46029
46243
46330
46435
46665
46894
47372
47490
Number of cuts: 203

Rhodalysa
268
354
455
972
1406
2025
2640
2753
2763
2895
3211
3797
4124
4198
5074
5414
5554
5671
5680
5755
5913
6040
6097
6166
6172
6555
6957
7551
7844
7946
7988
8036
8091
8706
8915
9170
9254
9334
10282
10314
10377
10929
10935
11058
11348
11648
11723
12837
12954
12960
13128
13260
13269
13362
13446
13591
13689
13902
14514
14520
14922
14985
15060
15252
15426
15479
15752
15890
16703
16837
17551
17987
18014
18182
18759
18786
19008
19402
19633
21624
21728
22545
22604
22637
22880
23067
23613
24566
25094
25511
25897
26347
26416
26546
26575
26890
27081
27421
28176
28326
28556
28906
29370
30901
31112
31748
32189
32476
32485
32980
33079
33330
34155
34296
34660
34972
35092
35097
35294
35504
35557
36330
36518
36529
36535
37102
37242
37497
37757
38231
38323
38463
38499
38508
39169
39251
39394
39683
39842
39863
39874
39884
40414
41090
41197
41510
41671
41716
41725
41767
41821
41826
42232
42308
42403
42689
42807
42914
42979
43031
43052
43336
43363
43407
43528
43751
43993
44003
44252
44429
44441
44872
44941
45123
45169
45386
45447
45856
46022
Number of cuts: 179

StCroix
268
354
455
972
1406
2025
2640
2753
2763
2895
3211
3797
4124
5074
5554
5671
5680
5755
5913
6040
6097
6166
6172
6408
6555
6957
7551
7844
7946
7988
8036
8091
8706
8915
9170
9254
9334
10282
10314
10377
10929
10935
11058
11348
11648
11723
12837
12954
12960
13128
13260
13269
13362
13446
13591
13689
13902
14514
14520
14922
14985
15060
15252
15426
15479
15752
15879
15890
16703
16837
17551
17987
18014
18182
18759
18786
19008
19402
19633
21624
21728
22150
22617
22893
23080
23626
24579
25107
25524
25910
26360
26429
26559
26588
26903
27056
27094
27434
28189
28569
28919
29383
30914
31125
31761
32202
32489
32498
32993
33092
33343
34168
34309
34673
34985
35105
35110
35307
35517
35570
36352
36540
36551
36557
37124
37264
37519
37779
38253
38345
38485
38521
38530
39191
39273
39416
39705
39864
39885
39896
39906
40436
41112
41219
41532
41693
41738
41747
41789
41843
41848
42254
42330
42425
42711
42829
42936
43001
43053
43074
43358
43385
43429
43550
43773
44015
44025
44274
44451
44463
44894
44963
45145
45191
45408
45469
45878
46044
Number of cuts: 178

Swann
268
354
455
972
1406
2025
2640
2753
2763
2895
3211
3797
4124
4198
5074
5414
5554
5671
5680
5755
5913
6040
6097
6166
6172
6555
6957
7551
7844
7946
7988
8036
8091
8706
8915
9170
9254
9334
10282
10314
10377
10929
10935
11058
11348
11648
11723
12837
12954
12960
13128
13260
13269
13362
13446
13591
13689
13902
14514
14520
14922
14985
15060
15252
15426
15479
15752
15890
16703
16837
17551
17987
18014
18182
18759
18786
19008
19402
19633
21624
22545
22604
22637
22880
23067
23613
24566
25094
25511
25897
26135
26347
26416
26546
26575
26890
27043
27081
27421
28176
28326
28556
28906
29368
30899
31110
31746
32187
32474
32483
32978
33077
33328
34153
34294
34658
34970
35090
35095
35292
35502
35555
36160
36219
36328
36516
36527
37100
37240
37495
37755
38229
38321
38461
38497
38506
39167
39249
39392
39681
39840
39861
39872
39882
40412
41088
41195
41508
41669
41714
41723
41765
41819
41824
42230
42306
42401
42687
42805
42912
42977
43029
43050
43334
43361
43405
43526
43749
43991
44001
44250
44427
44439
44870
44939
45121
45167
45384
45445
45854
46020
Number of cuts: 181

Takoda
268
354
455
637
905
967
1399
2017
2311
2632
2745
2755
2887
4116
5546
5663
5672
5747
6032
6089
6158
6164
6532
6934
7528
7821
7923
8013
8666
8875
9130
9214
9294
10242
10274
10337
10889
10895
11018
11308
11683
12797
12920
13088
13220
13229
13322
13406
13481
13649
13862
14318
14741
14882
15020
15212
15386
15439
15712
15850
16429
16663
16797
16869
16884
17511
17947
17974
18142
18719
18746
18968
19362
19593
21090
21584
21656
22199
22576
22852
23039
23585
24397
24539
25067
25484
25870
26052
26108
26320
26389
26457
26519
26548
26844
26863
27016
27054
27394
27420
27505
28149
28299
28529
28879
29098
29343
30808
31019
32096
32218
32884
32983
33069
33234
33653
33677
33749
34329
34470
34843
35155
35275
35280
35477
35687
35740
36404
36513
36701
36712
37285
37425
37680
37940
38414
38506
38646
38682
38691
39352
39577
39868
40048
40059
40069
41274
41381
41693
41854
41899
41908
41950
42004
42009
42339
42370
42723
43089
43206
43692
43857
43981
44077
44319
44356
44405
44578
44755
44767
45198
45625
45686
45940
46069
46235
Number of cuts: 176

Trina
410
461
484
802
835
1126
1464
1829
2192
2231
2572
3380
3622
3887
4164
4364
4428
5155
5254
5690
5784
5822
5830
6118
6356
6387
6876
9693
9882
10207
10338
10589
10604
11348
11821
12150
13199
13695
14774
15169
15273
15378
15462
15741
16365
16570
16740
16877
17243
17506
17794
18575
19125
19838
20019
21066
21335
21609
22692
22869
22883
23163
23345
24711
24723
25742
26171
26657
27145
27475
28326
28831
30387
31216
31773
32121
33063
33635
33881
33907
34201
35050
35115
36543
36986
37707
38777
38949
40216
43345
43590
43923
43977
44265
44477
44613
44943
44997
45657
46425
46689
46701
47643
47709
47751
48591
49110
49356
49690
49780
51203
51212
52247
53023
53920
54057
54090
54150
56071
57525
58626
59998
60379
61879
61942
62021
62040
62269
62328
62431
63237
63518
63592
63743
63826
64243
64534
64932
65489
65750
66140
66369
66495
66932
67122
68372
70300
70643
71104
71312
71536
71858
72367
73207
73311
73594
73895
74574
75029
75614
77475
79716
79816
81146
81340
81513
81739
82416
82546
82700
82820
83413
83702
83808
83843
83930
84182
84326
84527
84535
85323
86486
86578
87518
87701
88111
88786
88946
89886
90500
90760
90990
92017
93664
94445
94672
95143
95690
96056
96300
96310
96396
96712
97431
97697
97986
99508
99610
99680
99803
99833
100892
101435
102081
102686
102930
103714
103759
103825
104289
104332
104508
104517
104674
104786
104950
105124
105509
106032
106047
107110
107449
107657
108046
108124
108717
110741
111302
111589
111859
112202
112306
112612
112706
112848
112910
112977
113445
113990
114346
114568
115085
115245
115368
115812
116217
116237
116274
116526
116673
117707
117884
118035
118466
118738
118812
119723
119745
120422
120867
121089
121214
121218
122035
122600
122728
122761
123083
123159
123912
124296
124403
124670
125846
126150
126614
126706
127123
127210
127660
127700
127910
127999
130604
130634
130865
131511
133404
133441
133802
134409
134689
134840
135873
136812
136863
136886
137204
137237
137528
137866
138231
138594
138633
138974
Number of cuts: 315

TWAMP
268
354
455
972
1406
2025
2640
2753
2763
2895
3211
3797
4124
4198
5074
5414
5554
5671
5680
5755
5913
6040
6097
6166
6172
6555
6957
7551
7844
7946
7988
8036
8091
8706
8915
9170
9254
9334
10282
10314
10377
10929
10935
11058
11348
11648
11723
12837
12954
12960
13128
13260
13269
13362
13446
13591
13689
13902
14514
14520
14922
14985
15060
15252
15426
15479
15752
15890
16703
16837
17551
17987
18014
18182
18759
18786
19008
19402
19633
21624
21728
22545
22604
22637
22880
23067
23613
24566
25094
25511
25897
26347
26416
26546
26575
26890
27081
27421
28176
28326
28556
28906
29370
30901
31112
31748
32189
32476
32485
32980
33079
33330
34155
34296
34660
34972
35092
35097
35294
35504
35557
36330
36518
36529
36535
37102
37242
37497
37757
38231
38323
38463
38499
38508
39169
39251
39394
39683
39842
39863
39874
39884
40414
41090
41197
41510
41671
41716
41725
41767
41821
41826
42232
42308
42403
42689
42807
42914
42979
43031
43052
43336
43363
43407
43528
43751
43993
44003
44252
44429
44441
44872
44941
45123
45169
45386
45447
45856
46022
Number of cuts: 179

UhSalsa
268
354
455
972
1406
2025
2640
2753
2763
2895
3211
3797
4124
5074
5554
5671
5680
5755
5913
6040
6097
6166
6172
6408
6555
6957
7551
7844
7946
7988
8036
8091
8706
8915
9170
9254
9334
10282
10314
10377
10929
10935
11058
11348
11723
12837
12954
12960
13128
13260
13269
13362
13446
13591
13689
13902
14514
14520
14922
14985
15060
15252
15426
15479
15752
15879
15890
16703
16837
17551
17987
18014
18182
18759
18786
19008
19402
19633
21624
22545
22604
22637
22880
23067
23613
24567
25095
25512
25898
26136
26348
26417
26547
26576
26891
27044
27082
27422
28177
28327
28557
28907
29369
30834
31045
31681
32122
32409
32418
32913
33012
33098
33263
34088
34229
34602
34914
35034
35039
35236
35446
36272
36460
36471
37044
37184
37439
37699
38173
38265
38405
38441
38450
38905
39111
39333
39781
39802
39813
39823
40151
41031
41138
41451
41612
41657
41666
41708
41762
41767
42173
42249
42344
42630
42748
42855
42920
42972
42993
43277
43304
43348
43469
43692
43934
43944
44193
44370
44382
44813
44882
45064
45110
45327
45388
45797
45963
Number of cuts: 177

Weasels2
1432
1546
1828
2342
2607
2613
2640
2758
2764
2879
2986
2999
3043
3054
3064
3078
3179
3204
3338
3754
4343
4445
4547
4563
4644
4675
4742
4950
5020
5686
6387
6975
7681
7733
7993
8116
8299
8506
8943
9043
9055
10037
10226
11204
11441
11468
11617
11647
11653
11669
12030
12187
12879
13311
13920
14040
14081
14147
14501
15271
15706
15866
16198
16972
17017
17533
17842
18727
18856
19168
19367
19442
19973
20006
20204
20209
20721
20817
21994
22196
22512
22799
22919
23090
23384
23669
23818
23834
24191
24207
24315
24489
24639
25179
25265
25393
25714
26012
26307
26465
26608
26667
26859
27440
27872
28014
29610
29618
29806
30078
31170
32045
32496
32560
32772
32863
32893
34327
34339
34477
35774
35808
37001
37247
38310
39063
39217
39655
40062
40087
40137
41694
41784
41796
43359
43483
43542
43647
43860
44485
45295
45327
45406
46395
46653
47798
48327
49389
49983
50673
51912
52528
52834
53374
53482
54387
55008
55029
55324
55718
56138
56250
56580
56763
57343
57590
58074
58668
58748
58757
58954
58970
59456
59516
59710
60037
60088
60240
60649
60744
60997
61605
61925
62009
62112
63010
63145
64316
64423
64979
65155
65196
65359
65451
66244
66365
66392
66485
67057
67365
67422
67524
67807
67907
67922
68033
68349
69316
69727
70104
70798
71779
72101
72499
72506
72684
73644
73833
73866
73907
74383
74410
74698
74785
76565
76839
77830
77949
78149
78226
78347
78469
78481
78904
78918
79101
79249
79413
80798
81035
81444
81587
81779
81951
81958
82004
82638
83563
84049
84407
84599
85099
86555
86577
86619
87554
87595
87726
87941
88454
88697
90966
91577
92258
92521
92548
92879
93089
93215
93466
94734
95321
95379
96065
96086
97110
97492
97650
98002
98109
98215
98537
98730
100053
101136
101142
101897
102282
102415
102501
102688
103332
103537
103775
103850
104112
104382
104455
104517
104642
105599
105663
105976
106468
106676
106820
106899
106909
106992
107124
107500
107683
107835
108208
108279
108285
108640
108899
108964
109041
109442
110346
110491
110723
110814
110895
111183
111257
111345
112171
112875
113194
113638
113846
113967
114110
114171
114241
114533
114786
115172
115195
115350
115688
115772
115805
115893
116036
116224
116266
116766
116900
117783
118307
118351
118433
118474
119129
119290
119440
119463
119595
119717
120181
120633
120706
120778
121021
121210
121321
121980
122544
122658
122683
123265
123319
123579
124116
124395
124772
125241
125562
125598
126296
126382
126490
126602
127888
128243
128418
128677
128832
129107
129233
129238
129489
129715
129876
130037
130534
130604
130910
131117
131268
131505
133137
133251
133533
134047
134312
134318
134345
134463
134469
134584
134691
134704
134748
134759
134769
134783
134884
134909
Number of cuts: 423

Yogi
268
354
455
972
1406
2025
2640
2753
2763
2895
4124
5414
5554
5671
5680
5755
6040
6097
6166
6172
6393
6540
6942
7536
7829
7931
8021
8674
8883
9138
9222
9302
9676
10250
10282
10345
10903
10909
11032
11322
11697
12772
12934
13102
13234
13243
13285
13336
13420
13570
13663
13840
13876
14332
14494
14755
14896
15034
15226
15400
15453
15726
15853
15864
16677
16811
16898
17525
17961
17988
18156
18733
18760
18982
19376
19607
21598
22519
22578
22611
22854
23041
23587
24540
25068
25485
25871
26109
26321
26390
26520
26549
26845
26864
27017
27506
28150
28300
28530
28880
29344
30875
31086
31722
32163
32450
32459
32954
33053
33139
33304
34129
34631
34943
35063
35068
35265
35475
36192
36301
36814
36869
36880
36886
37453
37593
37848
38108
38582
38674
38814
38859
39745
40034
40193
40214
40225
40235
40765
41441
41548
41861
42022
42067
42076
42118
42172
42177
42583
42659
42754
43040
43158
43265
43330
43382
43403
43687
43714
43758
43879
44102
44344
44381
44430
44603
44780
44792
45223
45292
45474
45520
45737
45798
46063
46192
46358
Number of cuts: 177

Yoncess
268
354
455
972
1406
2025
2640
2753
2763
2895
4124
5414
5554
5671
5680
5755
6040
6097
6166
6172
6393
6540
6942
7536
7829
7931
8021
8674
8883
9138
9222
9302
10250
10282
10345
10903
10909
11032
11322
11697
12772
12934
13102
13234
13243
13285
13336
13420
13504
13570
13663
13840
13876
14332
14494
14755
14896
15034
15226
15400
15453
15726
15853
15864
16677
16811
16898
17525
17961
17988
18156
18733
18760
18982
19376
19607
21598
22520
22579
22612
22825
22855
23042
23588
24541
25069
25486
25872
26110
26322
26391
26521
26550
26846
26865
27315
27396
27507
28151
28301
28531
28881
29345
30655
30866
31502
31943
32230
32239
32734
32833
32919
33084
33909
34414
34726
34846
34851
35048
35258
36084
36272
36283
36289
36856
36996
37251
37511
37985
38077
38217
38253
38262
39148
39437
39596
39617
39628
39638
40168
40844
40951
41265
41426
41471
41480
41522
41579
41584
41990
42066
42161
42447
42565
42672
42737
42789
42810
43095
43122
43166
43287
43510
43752
43762
44011
44188
44200
44631
44700
44882
44928
45145
45206
45615
45781
Number of cuts: 176

