Alatin
18
183
1108
1166
1369
1464
1901
1928
2016
2367
2469
2577
3015
3127
3221
3371
3836
3917
4370
4433
4478
4829
4918
5496
5806
6175
6291
6490
6506
6954
6994
7871
8095
8117
8389
8921
9167
9438
9595
9891
10059
10095
10442
10506
11360
11854
11884
11908
12172
12429
12479
13340
13718
14111
14734
15020
15165
15854
15920
15938
16238
16456
16495
16499
16595
16674
16681
17384
17635
17691
17815
18152
18221
18473
18517
19905
20159
20296
20380
20422
20647
20671
20825
20855
20920
21037
21084
21138
21582
21597
21722
21733
21758
21914
21995
22041
22080
22100
22372
22487
23041
23186
23692
23963
24106
24143
24373
24862
25261
25366
25462
25623
26245
26378
26411
26451
26711
26805
26827
27186
27190
27617
27731
28163
28469
28740
29404
29440
29566
29699
29970
30000
30037
30058
30171
30195
30291
30501
30600
31111
31656
32056
32079
32083
32169
32253
32340
33018
33620
33726
33760
33921
33999
34215
34568
35042
35132
35156
35255
35291
35430
35529
36467
36720
36790
36859
36953
37321
37461
37699
37764
37900
38115
38587
38840
39065
39077
39107
39137
39350
39359
39453
39647
39741
39942
40053
40077
40095
40228
40371
41364
41819
42054
42123
42212
42221
42317
42470
42698
42741
42819
43394
43586
44316
44344
45023
45332
45759
45873
46286
46299
46463
46477
46599
46651
Number of cuts: 215

Alpacados
18
183
1108
1166
1369
1464
1969
2115
2329
2431
2539
3183
3333
3798
3879
4332
4395
4791
4880
5409
5458
5768
6137
6344
6453
6475
6901
6941
8042
8064
8136
8357
8739
8851
9071
9097
9253
9368
9989
10025
10119
10252
10436
10456
10471
11296
11790
11820
11844
12108
12365
13654
13953
15101
15790
15856
15874
15907
16174
16392
16431
16531
16712
17301
17320
17571
17627
18088
18157
18453
19300
19841
20095
20316
20358
20362
20583
20607
20856
21020
21464
21479
21519
21757
21923
21962
21982
22241
22356
22773
22910
23072
23561
23832
23975
24012
24242
25068
25130
25235
25331
26283
26316
26616
27091
27095
27251
27522
27636
28261
28374
28645
29309
29345
29471
29875
29905
29942
29963
30076
30100
30196
30406
30505
31016
31660
31961
31984
31988
32074
32158
32245
32923
33525
33603
33631
33665
33675
33826
33904
34120
34470
34944
35034
35058
35157
35193
35332
35431
36183
36360
36613
36683
36752
36846
37214
37412
37592
37657
37793
38008
38480
38733
38958
38970
39000
39030
39243
39346
39540
39634
39747
39835
39946
39970
39988
40051
40185
40194
41642
41877
41946
42035
42044
42140
42293
42521
42564
42642
43217
43409
43653
44139
44167
44846
45155
45582
45696
46109
46122
46284
46298
46419
46471
Number of cuts: 204

AngryOrchard
18
323
1159
1362
1457
1772
1846
1961
2293
2312
2414
3072
3166
3316
4315
4378
4423
4774
4863
5392
5441
5751
6120
6436
6884
6924
8047
8119
8340
8834
9054
9080
9236
9351
9508
9976
10008
10102
10235
10419
10439
10454
11279
11773
11803
11827
12091
12348
13637
13936
14077
15030
15084
15773
15839
15857
15890
16157
16375
16414
16418
17303
17554
17658
17734
18071
18140
18392
18436
19283
19824
20078
20299
20345
20566
20839
21003
21057
21404
21447
21462
21502
21740
21817
21906
21956
22236
22905
23050
23556
23954
23971
24238
24727
25064
25126
25231
25327
25369
26202
26275
26315
26691
27050
27054
27481
27595
28027
28220
28333
28604
29268
29304
29430
29563
29969
30089
30398
30909
31553
31854
31877
31881
31967
32051
32278
32503
32675
32813
33484
33515
33530
33671
33791
33825
33835
33986
34064
34280
35104
35194
35218
35317
35353
35492
35591
36343
36520
36752
36773
36843
36912
37006
37374
37572
37752
37817
37925
37953
38168
38537
38640
38893
39118
39130
39160
39190
39403
39506
39700
39796
39881
39997
40100
40108
40132
40150
40283
40417
40426
40866
40913
41418
41872
42107
42176
42232
42750
42867
42950
43074
43292
43439
43478
43631
43811
44358
44386
45086
45287
46214
46227
46292
46390
46403
46523
46575
Number of cuts: 207

AppleCloud
18
959
1162
1257
1536
1725
2057
2178
2836
2930
3080
3545
3626
4142
4187
4538
4627
5156
5205
5515
5884
6091
6202
6222
6648
6688
6765
7883
8104
8574
8794
8820
8976
9248
9316
9712
9716
9748
10159
10194
11013
11507
11537
11561
11825
12224
12409
13305
13683
13982
15076
15130
15819
15885
15903
15936
16203
16421
16460
16464
17349
17600
17704
17780
18117
18186
18438
18482
19329
19530
19870
20124
20218
20387
20612
20636
20885
20939
21103
21493
21548
21686
21786
21825
21895
21952
21991
22011
22450
22607
22652
23004
23108
23594
23866
23983
24248
24371
25074
25136
25241
25313
25337
26155
26286
26586
27061
27065
27221
27492
27553
27606
27822
27868
28038
28211
28231
28423
28694
29355
29391
29517
29901
29925
30021
30231
30330
30841
31485
31786
31809
31899
31983
32070
32435
32748
33456
33645
33723
33939
34272
34769
34859
34883
34982
35018
35157
35256
36008
36185
36438
36508
36577
36671
37039
37179
37237
37417
37482
37618
37833
38558
38783
38795
38825
38855
39068
39077
39168
39362
39456
39657
39768
39792
39810
39943
40077
41536
41771
41840
41929
41938
42034
42187
42415
42458
42536
43111
43303
44033
44061
44740
45049
45476
45590
46003
46016
46179
46193
46315
46367
Number of cuts: 201

Belenaria
18
183
1108
1166
1369
1464
1901
1928
2016
2367
2469
2577
3015
3127
3221
3371
3836
3917
4370
4433
4478
4829
4918
5496
5806
6175
6291
6490
6506
6954
6994
7871
8095
8117
8389
8921
9167
9438
9595
9891
10059
10095
10442
10506
11360
11854
11884
12172
12429
12479
13340
13718
14111
14734
15020
15165
15854
15920
15938
16238
16456
16495
16499
16595
16674
16681
17384
17635
17691
17815
18152
18221
18473
18517
18638
19905
20159
20296
20380
20422
20647
20671
20825
20855
20920
21037
21084
21138
21528
21543
21679
21860
21987
22046
22305
22420
22974
23136
23625
23896
24039
24076
24307
24796
25133
25195
25300
25396
26179
26312
26345
26385
26645
27120
27124
27551
27665
28097
28403
28674
29336
29372
29498
29578
29631
30037
30157
30367
30466
30977
31922
31945
31949
32035
32119
32206
32884
33486
33592
33626
33787
33865
34081
34443
34917
35007
35031
35130
35166
35305
35404
36156
36333
36586
36656
36725
36819
37187
37327
37385
37565
37630
37766
37981
38706
38931
38943
38973
39003
39216
39225
39316
39510
39604
39805
39916
39940
39958
40091
40225
41684
41919
41988
42077
42086
42182
42335
42563
42606
42684
43259
43451
44181
44209
44888
45197
45624
45738
46151
46164
46328
46342
46464
46516
Number of cuts: 204

BobbyDazzler
18
183
1108
1166
1369
1464
2081
2227
2438
2540
2648
3292
3442
3907
3988
4441
4504
4900
4989
5518
5567
5877
6246
6453
6562
6584
7010
7050
8151
8173
8245
8466
8848
8960
9180
9206
9362
9477
9634
10098
10134
10228
10361
10545
10565
10580
11405
11899
11929
11953
12217
12474
13763
14062
15210
15899
15965
15983
16016
16283
16501
16540
16640
16821
17410
17429
17680
17736
17784
18197
18266
18562
19409
19950
20341
20425
20467
20471
20611
20692
20965
21129
21183
21573
21588
21628
21866
22032
22091
22351
22466
22883
23020
23182
23671
23942
24085
24352
25178
25240
25345
25441
26357
26390
26690
27165
27169
27325
27596
27710
28335
28448
28719
29383
29419
29545
29678
29949
29979
30016
30037
30150
30174
30270
30480
30579
31090
31734
32035
32058
32062
32148
32232
32319
32997
33599
33677
33705
33739
33749
33900
33978
34194
34547
35021
35111
35135
35234
35270
35409
35508
36260
36437
36690
36760
36829
36923
37291
37431
37489
37669
37734
37870
38085
38557
38810
39035
39047
39077
39107
39320
39423
39617
39711
39796
39824
39912
40023
40047
40065
40198
40332
40341
41790
42025
42094
42183
42192
42288
42441
42669
42712
42790
43365
43557
43801
44287
44315
44994
45058
45303
45730
45844
46257
46270
46432
46446
46567
46619
Number of cuts: 209

Bonanza
18
183
1108
1166
1369
1464
1901
1928
2016
2367
2469
2577
3127
3221
3371
3836
3917
4370
4433
4829
4918
5447
5496
5806
6175
6382
6491
6513
6939
6979
8080
8102
8174
8395
8777
8889
9109
9135
9291
9406
9563
10027
10063
10157
10290
10474
10494
10509
11334
11828
11858
11882
12146
12403
13692
13991
15139
15828
15894
15912
15945
16212
16430
16469
16569
16750
17339
17358
17609
17665
18126
18195
18491
19338
19879
20133
20354
20396
20400
20621
20645
20894
21058
21112
21502
21517
21557
21795
21961
22000
22020
22279
22394
22948
23093
23599
23996
24013
24280
24488
25106
25168
25273
25369
26285
26318
26618
27093
27097
27253
27524
27638
28263
28376
28647
29311
29347
29473
29877
29907
29944
29965
30078
30102
30198
30408
30507
31018
31662
31788
31963
31986
31990
32076
32160
32247
32925
33527
33605
33633
33667
33677
33828
33906
34122
34472
34946
35036
35060
35159
35195
35334
35433
36185
36360
36402
36433
36702
36779
36995
37065
37134
37228
37596
37794
37974
38039
38175
38390
38862
39115
39340
39352
39382
39412
39493
39625
39728
39922
40016
40217
40328
40352
40370
40503
40637
40646
42094
42329
42398
42487
42496
42592
42745
42973
43016
43094
43518
43669
43861
44105
44591
44619
45298
45607
46133
46559
46723
46737
46910
Number of cuts: 210

Bradshaw
18
183
1108
1166
1369
1464
1901
1928
2016
2367
2469
2577
2625
3015
3127
3221
3371
3836
3917
4370
4433
4478
4829
4918
5496
5806
6175
6291
6397
6490
6506
6954
6994
7871
8095
8117
8389
8921
9167
9438
9595
9891
10059
10095
10442
10506
11360
11854
11884
11908
12172
12429
12479
13340
13718
14111
14734
15020
15165
15854
15920
15938
16238
16456
16495
16499
16595
16674
16681
17384
17635
17691
17815
18152
18221
18473
18517
18638
19905
20159
20178
20296
20380
20422
20647
20671
20825
20855
20920
21037
21084
21138
21528
21543
21668
21679
21704
21860
21941
21987
22046
22305
22420
22974
23119
23625
23896
24039
24076
24306
24795
25194
25299
25395
25556
26178
26311
26344
26384
26644
27119
27123
27550
27664
28096
28402
28673
29337
29373
29499
29632
29903
29933
29970
29991
30104
30128
30224
30434
30533
31044
31589
31989
32012
32016
32102
32186
32273
32951
33553
33659
33693
33854
33932
34148
34501
34975
35065
35089
35188
35224
35363
35462
36400
36653
36723
36792
36886
37254
37394
37632
37697
37833
38048
38520
38773
38998
39010
39040
39070
39283
39292
39386
39580
39674
39875
39986
40010
40028
40161
40304
41297
41752
41987
42056
42145
42154
42250
42403
42631
42674
42752
43327
43519
44249
44277
44932
44956
45265
45692
45806
46207
46219
46298
46395
46409
46532
46584
Number of cuts: 218

Bryce
18
183
1108
1166
1369
1464
1901
1928
2016
2367
2469
2577
3221
3371
3836
3917
4370
4433
4829
4918
5447
5496
5806
6175
6382
6491
6513
6939
6979
8080
8102
8174
8395
8777
8889
9135
9291
9406
9563
10027
10063
10157
10290
10474
10494
10509
11334
11828
11858
11882
12146
12403
13692
13991
14132
14708
15139
15828
15894
15912
15945
16212
16430
16469
16569
16750
17339
17358
17609
17665
17713
18126
18195
18491
19338
19879
20270
20354
20396
20400
20540
20621
20645
20894
21058
21502
21517
21557
21795
21961
22020
22280
22395
22812
22949
23111
23600
23871
24014
24281
25107
25169
25274
25370
26286
26619
27094
27098
27254
27525
27639
27855
28264
28377
28648
29312
29348
29474
29607
29858
29882
29978
30188
30287
30798
31432
31442
31743
31766
31770
31856
31940
32027
32705
33087
33307
33385
33413
33447
33457
33608
33686
33902
34255
34729
34819
34843
34942
34978
35117
35216
35968
36145
36398
36468
36537
36631
36999
37139
37197
37377
37442
37578
37793
38265
38518
38743
38755
38815
39028
39131
39325
39419
39620
39731
39755
39773
39906
40040
40049
41498
41733
41802
41891
41900
41996
42149
42377
42420
42498
43073
43265
43509
43995
44023
44702
45011
45438
45552
45965
45978
46138
46152
46273
46325
Number of cuts: 205

ChewyVIII
389
1236
1766
1837
1970
2407
2470
3024
3383
3700
3982
4024
4105
4711
5020
5179
5466
5514
6291
6320
6950
7055
7430
7466
7538
7697
7966
8064
8076
8157
8184
8360
8390
8456
8851
8897
9410
9895
9979
10044
10451
10493
10604
10616
10736
10991
11135
11326
11440
11590
11815
11906
11916
11920
11936
11956
12046
12225
12426
12528
12639
13107
13262
13582
13752
13999
14317
14745
15022
15031
15121
15427
15470
15747
15808
16452
16616
16884
16932
16947
17076
17421
17436
18069
18386
19139
19198
19204
19885
20025
20031
20061
20199
20253
20271
20413
20426
20453
20622
20835
21100
21165
21216
21264
22670
23319
23433
24013
24267
24276
24375
25076
25296
25348
25707
25740
25785
25794
26648
26817
27581
28209
28305
29068
29141
30278
30431
31005
31017
31259
31555
31562
31861
32397
32432
33035
35566
35698
35794
35841
36430
36445
36532
36772
37274
37329
37554
37566
37896
38296
39076
39367
39414
40535
40839
41020
41038
42272
42652
42686
43135
43237
43261
43345
43462
43596
44111
44201
44240
44450
44504
44612
44633
44743
45040
45138
45178
45234
45381
45387
45537
46071
46437
46656
47304
47313
47697
47748
47769
48064
48340
48393
48450
48489
48779
48884
48919
48980
49015
49264
49333
49339
49426
50226
50409
50454
50838
50934
51138
51288
51360
51449
51480
51615
51621
51756
52167
52324
52375
52540
52641
52863
53055
53076
53109
53418
53463
53472
53535
53559
53684
53807
54358
54451
54538
55094
55516
55717
55723
55915
56330
56444
56459
56570
56771
56789
56895
57027
57542
57662
57890
58003
58012
58459
58516
58591
58789
58810
58924
58975
59059
59065
59134
59253
60073
60121
60145
60265
60283
60309
60484
60538
60652
60661
60673
60871
61000
61039
61062
62005
62080
62408
62843
63321
63331
63340
63360
63375
63385
63395
63401
63410
63420
63431
63447
63463
63483
63528
63537
63546
63565
63624
63673
63681
64903
65396
65814
65881
65949
66062
66694
66868
67338
67642
67698
68031
68165
Number of cuts: 317

CosmicSans
18
183
1108
1166
1369
1464
1901
1928
2016
2367
2469
2577
2625
3015
3127
3221
3371
3836
3917
4370
4433
4478
4829
4918
5496
5806
6175
6291
6397
6490
6506
6954
6994
7871
8095
8117
8389
8921
9167
9438
9595
9891
10059
10095
10442
10506
11360
11854
11884
11908
12172
12429
12479
13340
13718
14111
14734
15020
15165
15854
15920
15938
16238
16456
16495
16499
16595
16674
16681
17384
17635
17691
17815
18152
18221
18473
18517
19905
20159
20296
20380
20422
20647
20671
20825
20855
20920
21037
21084
21138
21528
21543
21668
21679
21704
21860
21987
22046
22305
22420
22974
23136
23625
23896
24039
24076
24306
24795
25132
25194
25299
25395
25437
26178
26344
26384
26644
27119
27123
27550
27664
28096
28402
28673
29337
29373
29499
29632
29903
29933
29970
29991
30104
30128
30224
30434
30533
31044
31589
31989
32012
32016
32102
32186
32273
32951
33553
33659
33693
33854
33932
34148
34501
34975
35065
35089
35188
35224
35363
35462
36214
36391
36644
36714
36783
36877
37245
37385
37623
37688
37824
38039
38511
38764
38989
39001
39031
39061
39274
39283
39377
39571
39665
39866
39977
40001
40019
40152
40295
41743
41978
42047
42136
42145
42241
42394
42622
42665
42743
43318
43510
44240
44268
44932
44947
45256
45683
45797
46210
46223
46387
46401
46522
46574
Number of cuts: 214

Dinger
18
1161
1364
1459
1823
1897
1924
2012
2363
2465
3123
3217
3367
4366
4429
4474
4825
4914
5443
5492
5802
6171
6272
6935
6975
8170
8391
8885
9105
9131
9287
9402
9559
10027
10059
10153
10286
10470
10490
10505
10721
11330
11824
11854
11878
12142
12399
12449
12533
13688
13987
15081
15135
15824
15890
15908
15941
16208
16426
16465
16469
16565
17354
17605
17709
17785
18122
18191
18443
18487
19334
19875
20223
20350
20392
20396
20617
20641
20890
21054
21455
21498
21513
21553
21791
21830
21996
22016
22288
22403
22609
22957
23102
23608
24006
24023
24290
25116
25178
25283
25355
25379
26197
26328
26628
27103
27107
27263
27534
27595
27648
27864
28080
28253
28273
28465
28736
29398
29434
29560
29780
29973
30093
30402
30913
31458
31557
31858
31881
31885
31971
32055
32507
32820
33678
33798
33987
34065
34281
34620
34643
35117
35231
35330
35366
35505
35604
36533
36786
36856
36925
37019
37312
37387
37585
37765
37830
37938
37966
38181
38550
38653
38906
39131
39143
39173
39203
39416
39519
39713
39809
39894
40010
40113
40121
40145
40296
40430
40439
41887
42125
42194
42250
42768
42885
42968
43092
43310
43457
43496
43649
43829
44376
44404
44911
45104
45304
45820
46221
46233
46246
46311
46408
46421
46543
46595
Number of cuts: 206

DocB7
119
286
292
367
406
454
592
862
1457
1723
1877
1885
1974
2062
2350
2425
2952
3972
4294
4363
4587
4615
4666
4807
5405
6099
6288
6326
6451
6687
6717
6735
6833
6937
7076
7223
7232
7433
7589
7777
7885
8077
8629
8647
8827
8908
9280
10901
11221
11285
11428
11489
11844
11980
12070
12439
12823
12918
12967
13042
13288
13398
13410
13544
13746
13845
14078
14091
14292
14310
14445
14783
14827
14866
14885
15232
15914
16082
16163
16221
16269
16320
16331
16440
16448
16725
17143
17571
17921
18451
18881
18924
19153
19226
19388
19730
20203
20290
20422
20666
20798
20930
21062
21262
21803
21818
21941
22175
22880
22931
22961
24083
24374
24794
25051
25135
25157
25205
25252
25289
25511
25672
25688
25715
25733
25933
25982
26060
26498
26969
27316
27469
27543
27565
27716
27722
27976
28114
28312
28369
28426
28678
28929
29149
29220
29446
29493
29532
29559
29624
29835
29846
30015
30072
30162
30432
30714
31051
31242
31296
31679
31712
31835
31979
32212
32633
32740
32762
32942
33401
33426
33466
33786
34162
34533
34547
35037
35211
35433
35544
35565
35817
36060
36088
36138
36150
36787
36797
37081
37191
37757
37787
37865
38381
38559
39011
39124
39417
39603
39895
40036
40180
40604
40770
40926
41066
41612
41711
41768
41828
42025
42341
42551
42775
42879
42924
43077
43081
43177
43482
44037
44739
45027
45355
45422
45432
45441
45696
45710
46178
46348
46379
46428
47075
47206
47677
47913
47967
48022
48117
48132
48251
48371
48407
49096
49142
49615
49821
50134
50158
50374
50409
50431
50559
50736
50744
51583
51587
51714
51741
51947
52025
52223
52385
52415
52662
52819
52987
53068
53278
54130
54181
54433
55124
55336
55747
56148
56707
57053
57100
57455
57897
57908
58253
58364
58443
58527
58879
58987
59063
59269
59473
59629
59821
60037
60213
60355
60609
60704
61132
61264
61507
61843
62396
62722
62958
63414
63534
63768
63959
63964
64230
64274
64391
64421
64433
64471
64507
64723
64754
64882
64997
65211
65229
65268
65310
65574
65607
65865
65967
66058
66143
66838
67865
68169
68284
69117
69366
69414
69509
69605
70198
70598
71215
71541
71658
71704
72086
72254
72758
72875
72911
73196
73226
73301
73373
73861
74192
74241
74374
74434
74473
74533
74587
74949
75249
75308
75332
75349
75759
Number of cuts: 370

E3
144
950
1037
1214
1617
1861
1954
2062
2122
2506
2554
2608
2962
3346
3865
4468
5235
5241
5486
5624
6205
6226
6349
6501
6947
7055
7132
7258
7563
7860
7908
7980
8010
8538
8724
8733
9058
9818
9859
10317
10323
10404
10538
10595
10941
10967
10997
11176
11239
11436
11931
12321
12782
12860
12914
13130
13409
13697
13730
13850
14015
14313
15602
15737
15794
16019
16702
16835
17161
17341
17371
17470
17500
17865
17963
18098
18110
18496
19004
19016
19159
19201
19387
19476
19575
19617
19816
19849
19933
20113
20398
20439
20550
20977
21052
21497
21697
21778
22151
22261
22378
22435
22503
22560
22784
22805
22886
23365
23461
23485
23709
23888
24028
24327
24563
24626
25738
25861
25882
26262
26923
27889
28330
28543
28681
28754
29447
29534
29750
29945
29963
30206
30359
30443
30485
30545
30734
30851
30950
31139
31261
31356
31625
31751
31998
32085
32166
32405
32581
32639
32799
33216
33438
33456
33648
33930
34362
35103
35139
35381
35396
35426
35885
36198
36239
36381
36498
36781
36967
37006
37096
37198
37363
37498
37507
37588
37708
37987
38083
38414
38742
38766
38802
38937
39036
39438
40146
41233
41781
42003
42033
42174
42258
42420
42600
42813
43358
43942
44335
44416
44470
44595
44699
44771
44993
45152
45254
45305
45491
45809
46124
46492
46534
46878
47269
47623
48142
48498
48701
49142
49304
49427
49796
49889
49982
50105
50207
51053
51652
51703
51736
51826
52103
52249
53316
53323
53373
53831
53867
53998
54959
55797
55905
56094
56205
56235
56319
56385
56439
56661
56736
56745
57201
57446
57617
57848
57908
57953
57989
58842
59190
59373
59478
59802
61378
62234
62313
62384
62681
62801
63128
63251
63488
63545
63749
63794
63940
64300
64378
64584
64593
64892
64946
65108
65129
65348
65462
65927
66008
66068
66074
66089
66107
66572
67219
67543
67549
67636
67695
67788
68382
68516
68615
68944
69130
69499
69811
70081
70468
70909
71047
71394
71424
71508
71939
72359
72508
72616
72952
73021
73078
73105
73678
73690
74029
74206
74491
74698
74716
74794
74869
74953
75555
75992
76204
76291
76407
76420
76602
76614
76824
77106
77400
77454
77502
77565
77976
78186
78566
78575
78647
78668
79022
79178
79235
79286
79379
79472
79484
79502
79562
79604
79628
79756
79990
80083
80176
80287
80386
80437
80452
80476
80602
80740
80773
80836
81112
81367
81400
81697
81766
81988
82036
82111
82153
82375
82495
82927
83623
83653
84378
84420
84814
84985
85006
85027
85338
85472
85569
85590
85734
86103
86331
86361
86592
86919
86985
87686
88041
88314
88431
88479
88573
88867
89085
89498
89519
89597
89732
89984
90323
90566
90581
90836
90908
91025
91181
91328
91362
91864
92014
92062
92573
92633
92866
93005
93137
93216
93383
93542
93791
94317
94368
94491
94814
94946
95062
95126
95153
95270
95447
96087
96111
96201
96429
96588
96714
97403
97556
97899
97968
97998
98271
98810
99110
99281
99290
99875
99982
100150
100165
100342
100384
100390
100612
100906
101163
101370
101487
101547
101568
101694
102079
102127
102295
102477
102744
102933
103077
103128
103437
103494
103521
103539
103551
103656
103731
103985
104360
104375
104462
104600
104768
104987
105044
105137
105173
105812
106307
106337
106598
107253
107415
107565
107733
108003
108569
108675
108792
108912
109131
109595
109688
109805
109865
109874
110509
110611
110829
110979
111045
111081
111117
111461
111615
111771
112116
112325
113240
113477
114013
114289
114418
114597
114648
114779
114935
115079
115172
115229
115394
115454
115487
115693
116031
116067
117731
117743
117749
118025
118112
118608
119034
119329
119736
119917
120385
120612
120747
121000
121296
121929
122163
122199
122596
122605
122716
122916
123748
123805
124012
124042
124125
125052
125157
125423
125654
125863
126603
127097
127202
127540
127606
127872
128034
128253
128289
128316
128399
129545
129626
129635
129818
130169
131025
131094
131127
131346
131916
132333
132830
132971
133049
134150
134510
134606
135689
136013
136310
136476
136836
136893
136950
137139
137616
137736
137832
138222
138354
138582
138591
138741
138789
139040
139091
139364
139640
139766
139976
140018
140102
140217
140265
140517
140526
140562
140577
140856
140982
141246
141465
141606
142026
142107
142260
Number of cuts: 655

Erik
18
183
1108
1166
1369
1464
1901
1928
2016
2367
2469
2577
3015
3127
3221
3371
3836
3917
4370
4433
4478
4829
4918
5496
5806
6175
6291
6490
6506
6954
6994
7871
8095
8117
8389
8920
9166
9437
9594
9890
10058
10094
10441
10505
11359
11853
11883
11907
12171
12428
12478
13339
13717
14110
14733
15019
15164
15853
15919
15937
16237
16455
16494
16498
16594
16673
16680
17383
17634
17690
17814
18151
18220
18472
18516
18637
19904
20158
20295
20379
20421
20646
20670
20824
20854
20919
21036
21083
21137
21527
21542
21678
21859
21986
22045
22304
22419
22973
23135
23623
23894
24037
24074
24304
24793
25130
25192
25297
25393
26176
26309
26342
26382
26642
27117
27121
27548
27662
28094
28400
28671
29335
29371
29497
29630
30036
30156
30366
30465
30976
31521
31921
31944
31948
32034
32118
32205
32883
33485
33591
33625
33786
33864
34080
34433
34907
34997
35021
35120
35156
35295
35394
36146
36323
36576
36646
36715
36809
37177
37317
37555
37620
37756
37971
38443
38696
38921
38933
38963
38993
39206
39215
39309
39503
39597
39798
39909
39933
39951
40084
41574
41809
41878
41967
41976
42072
42225
42340
42453
42496
42574
43149
43341
44071
44099
44763
44778
45087
45514
45628
46041
46054
46219
46233
46355
46407
Number of cuts: 206

Espica
18
183
1108
1166
1369
1464
1901
1928
2016
2367
2469
2577
3015
3127
3221
3371
3836
3917
4370
4433
4478
4829
4918
5496
5806
6175
6291
6490
6506
6954
6994
7871
8095
8117
8389
8921
9167
9438
9595
9891
10059
10095
10442
10506
11360
11854
11884
12172
12429
12479
13340
13718
14111
14734
15020
15165
15854
15920
15938
16238
16456
16495
16499
16595
16674
16681
17384
17635
17691
17815
18152
18221
18473
18517
18638
19905
20159
20296
20380
20422
20647
20671
20825
20855
20920
21037
21084
21138
21528
21543
21679
21860
21987
22046
22305
22420
22974
23136
23625
23896
24039
24076
24307
24796
25133
25195
25300
25396
26179
26312
26345
26385
26645
27120
27124
27551
27665
28097
28403
28674
29336
29372
29498
29578
29631
30037
30157
30367
30466
30977
31922
31945
31949
32035
32119
32206
32884
33592
33626
33787
33865
34081
34443
34917
35007
35031
35130
35166
35305
35404
36156
36333
36586
36656
36725
36819
37187
37327
37385
37565
37630
37766
37981
38706
38931
38943
38973
39003
39216
39225
39316
39510
39604
39805
39916
39940
39958
40091
40225
41684
41919
41988
42077
42086
42182
42335
42563
42606
42684
43259
43451
44181
44209
44888
45197
45624
45738
46327
46341
46463
46515
Number of cuts: 201

Finch
414
552
602
801
852
900
1074
1137
1329
1395
2480
2491
2916
2976
3305
3413
3551
3649
3673
3960
4067
4742
4792
5046
5091
5367
5798
5989
6024
6174
6491
6527
6710
6836
7109
7229
7394
7412
7511
7754
7796
7880
8036
8108
8177
8435
8462
8471
8543
8635
8812
9346
9484
9505
9526
9586
9664
10400
10953
11880
12165
12221
12256
12780
13047
13226
13349
13496
13559
14203
14447
14570
14716
15343
15603
15834
15870
16065
17023
17053
17718
18419
18515
19085
19089
19304
19334
19448
19475
19559
19718
19846
19898
20291
20366
20435
20712
20799
20919
21214
21828
21867
22094
22283
22383
22739
23062
23248
23461
23756
23782
23940
23957
24004
24040
24552
24719
25146
25230
25332
25395
25446
25465
25692
25772
26081
26123
26400
26460
26580
26964
27479
27569
27946
28105
28567
28856
29362
29491
29899
30195
30215
30610
30812
31067
31160
31169
31304
31439
31661
31778
31971
32024
32047
32051
32141
32165
32300
32582
32600
32750
33000
33190
33199
33325
33508
33633
33670
33759
33930
34020
34151
34238
34290
34487
34562
34625
34694
35084
35129
35387
35402
35716
36045
36050
36147
37158
37203
37800
38019
38265
38372
38595
38993
39573
40148
40486
40542
40623
40770
41485
41593
41786
42609
42666
42687
42766
42894
43195
43252
43636
43663
43747
43794
44121
44211
44262
44555
44576
44651
44675
44980
45161
45218
45593
45631
45804
45868
45879
46078
46462
46630
46803
47053
47153
47170
47365
47622
47945
48187
48349
48421
48468
48541
48769
48925
48931
48982
49024
49051
49162
49174
49563
49689
49782
49788
49803
49875
49917
49986
50085
50227
50460
50478
51036
51282
51366
51441
51568
51717
52179
52497
52512
52536
52817
53214
53347
53373
53412
53460
53535
53627
53745
53811
54072
54256
54348
54368
54456
54548
54597
54737
54817
54877
54982
54994
55048
56332
56379
56427
56610
56883
56901
57064
57398
57686
57761
57843
58094
58596
58821
59064
59161
59254
59320
59392
59625
59694
59784
59847
59898
59967
60045
60066
60451
60511
60572
60661
60835
61297
61318
61399
61419
61501
61895
62384
62473
62501
62797
62881
63067
63106
63355
63537
64074
64125
64132
64144
64169
64555
64875
64924
65402
65488
65540
65656
65806
65845
65947
66085
66478
66546
66652
66751
67447
67600
67765
67795
67900
67996
68092
68200
68272
68311
68558
68772
68861
68872
68895
68964
69102
69279
69420
69847
70168
70175
70258
70475
70518
70542
70584
70611
70713
70734
70929
71034
71097
71218
71375
71600
71634
72031
72194
72544
72769
72805
72815
73001
73008
73295
73544
73782
73965
74277
74433
74508
74541
74545
74583
74594
74956
75113
75277
75691
76051
76179
76258
76664
76704
76763
76814
76952
77000
77008
77064
77080
77131
77218
77505
77770
77920
78327
78729
78752
79044
79138
79539
79887
80119
80360
80600
80615
80671
81146
81251
81308
81383
81548
81727
81853
82244
82634
82852
82991
83067
83100
83677
84260
84603
84918
85161
85170
85284
85305
85353
85410
85458
85512
85810
85861
85936
85943
86143
86185
86421
86518
86602
86711
86838
86883
86952
86980
87018
87039
87137
87406
87448
87475
87517
87526
87996
88737
89146
89452
89603
89697
89720
89921
90185
90224
90581
90891
90966
91229
91295
91767
91976
92308
92673
92904
92946
93021
93255
93618
93829
94260
94282
94314
94526
94624
94885
94995
95022
95050
95332
95398
95469
95666
95681
96023
96098
96206
96274
96404
96652
96668
96695
96716
96802
97138
97254
97329
97347
97728
97960
97971
98043
98115
98190
98522
98762
98810
98831
98906
98981
99224
99251
99285
99399
99527
99811
99872
99891
100042
100268
100591
100838
101170
101288
101718
101833
102104
102113
102119
102293
102362
102640
102769
102798
102894
102912
102960
103089
103417
103431
103518
103617
103677
103705
103998
104187
104277
104494
104551
104600
104823
105026
105167
105248
105451
105469
105945
106041
106143
106199
106379
106451
106777
107336
107723
107741
107857
107974
107992
108022
108552
108591
108621
108920
108944
109115
109642
109950
109986
110292
110460
110541
110595
110604
110667
110679
110709
110742
110790
110918
111296
111439
111529
111811
111891
111924
112041
112926
112962
113355
113419
113691
113786
114106
114272
114296
114459
114471
114746
114761
114794
114861
115603
115753
115867
115957
116395
117418
117441
117982
118000
118561
119200
119500
119830
119980
120219
120447
120931
121032
121383
121404
121500
121579
121872
122492
122917
122935
123155
123298
123487
124260
124283
124421
124427
125040
125112
125296
125346
125529
126058
126329
126965
127019
127148
127367
127394
127493
127706
127811
127955
128060
128160
128589
128604
128667
128700
128793
128820
128889
128967
129027
129175
129334
129361
130196
130263
130725
131485
131530
131708
131787
131839
131949
132110
132327
132331
132946
133144
133341
133416
133698
133764
133893
134148
134500
134933
135071
135296
135452
135729
135883
135891
135939
136257
136776
137695
138214
138377
138566
138613
138791
138880
Number of cuts: 768

Gollum
18
183
1166
1369
1464
1901
1928
2016
2367
2469
2577
3015
3127
3221
3371
3836
3917
4370
4433
4478
4829
4918
5496
5806
6175
6291
6490
6506
6954
6994
7871
8095
8117
8389
8921
9167
9438
9595
9891
10059
10095
10442
10506
11360
11854
11884
11908
12172
12429
12479
13340
13718
14111
14734
15020
15165
15854
15920
15938
16238
16456
16495
16499
16595
16674
16681
17384
17635
17691
17815
18152
18221
18473
18517
19905
20159
20178
20296
20380
20422
20647
20671
20825
20855
20920
21037
21084
21138
21528
21543
21679
21860
21987
22046
22305
22420
22974
23136
23625
23896
24039
24076
24306
24795
25194
25299
25395
26178
26344
26384
26644
27119
27123
27550
27664
28096
28402
28673
29335
29371
29497
29630
29901
29931
29968
29989
30102
30126
30222
30432
30531
31042
31987
32010
32014
32100
32184
32271
32949
33657
33691
33852
33930
34146
34499
34973
35063
35087
35186
35222
35361
35460
36212
36389
36642
36712
36781
36875
37243
37441
37621
37686
37822
38037
38762
38987
38999
39029
39059
39272
39281
39372
39566
39660
39808
39919
39943
39961
40094
40237
41685
41920
41989
42078
42087
42183
42336
42564
42607
42685
43260
43452
44182
44210
44889
45198
45625
45739
46152
46165
46326
46340
46461
46513
Number of cuts: 204

Grayson
1408
1644
1661
1665
1705
2050
2537
2567
4113
4499
4529
4773
5674
6887
6962
7024
7143
8698
9358
9385
9459
9480
9587
10226
10871
11514
11631
11690
12033
13603
14144
14525
15042
15924
17529
17673
17997
18082
18963
19578
19887
21287
21431
21814
21867
22309
23124
23301
23544
23727
23896
24231
24302
24732
25672
26539
26961
27373
27508
27514
28684
28803
29390
29442
29846
29995
30009
30565
31092
31254
31379
31911
32181
32295
33091
33251
33678
33897
34014
34182
34402
34476
34644
34844
35091
35316
35904
36693
36864
37189
37849
38899
38910
39234
39806
40535
40906
41145
41471
41696
42058
42779
43038
43203
43296
43305
43386
43447
44549
44658
45110
45879
46001
46050
46148
46208
46280
46389
46449
46478
46658
46971
47005
47555
48315
49184
50030
50172
50523
50535
50790
51491
51854
52279
52394
52823
52947
52986
52991
53258
53264
53327
53344
53736
55148
55317
55461
55771
55974
57569
58280
59130
59384
59905
60648
60724
61741
61939
62830
62873
63377
63418
63590
63791
64103
64183
64413
64569
64880
65812
66177
67022
67997
68006
69138
69332
71567
71631
71666
71716
72119
72129
72806
72821
73202
73243
73332
73496
73846
74344
74356
74371
75149
75509
75902
76185
76554
76564
77121
77387
77671
78318
78874
79973
80352
81617
81750
82119
82269
82853
83317
83336
83346
83503
83626
84478
84977
85196
85925
86494
86714
87357
88106
88510
89234
89495
89747
91639
91651
91875
92046
94368
94648
95949
96402
96760
97024
97485
98063
99484
100897
100963
101722
103386
103850
104734
104912
104960
105491
105911
105937
106724
107314
107331
107396
107798
110138
110600
111036
112199
112301
112307
112324
113050
113343
114150
114572
114584
114706
115540
115631
115641
115827
116462
116650
116874
117387
117443
117716
118100
119064
119277
120427
121284
122211
123099
123224
123740
123983
124391
124661
124781
124826
124884
125026
125213
125706
125960
126378
126558
126589
126638
130309
130545
130562
130566
130606
130951
131438
131468
Number of cuts: 310

Harlequin
18
183
1108
1166
1369
1464
1901
1928
2016
2367
2469
2577
3221
3371
3836
3917
4433
4478
4691
4829
5496
5806
6175
6276
6939
6979
8174
8395
8777
8865
9085
9111
9539
10003
10039
10133
10266
10450
10470
10485
11310
11804
11834
11858
12122
12379
13668
13967
14108
14684
15115
15804
15870
15888
15921
16188
16406
16445
16545
16726
17315
17334
17585
17641
17689
18102
18171
18467
19314
19855
20246
20330
20372
20376
20516
20597
20621
20870
21034
21532
21547
21587
21825
21991
22050
22310
22425
22842
22979
23141
23630
23901
24044
24311
25137
25199
25304
25400
26316
26649
27124
27128
27284
27555
27669
27885
28294
28407
28678
29342
29378
29504
29637
29888
29912
30008
30218
30317
30828
31462
31472
31773
31796
31800
31886
31970
32057
32735
33117
33337
33415
33443
33477
33487
33638
33716
33932
34285
34759
34849
34873
34972
35008
35147
35246
35998
36175
36428
36498
36567
36661
37029
37169
37227
37407
37472
37608
37823
38572
38773
38785
38845
38914
39058
39161
39355
39451
39652
39763
39787
39805
39938
40072
40081
40585
40603
41533
41768
41837
41926
41935
42031
42184
42412
42455
42533
43108
43300
43544
44030
44058
44737
45046
45473
45587
46000
46013
46174
46188
46309
46361
Number of cuts: 201

Hiro
18
183
1108
1166
1369
1464
1901
1928
2016
2367
2469
2577
3221
3371
3836
3917
4370
4433
4829
4918
5447
5496
5806
6175
6382
6491
6513
6939
6979
8174
8395
8865
9085
9111
9267
9539
9607
10003
10007
10039
10450
10485
11304
11798
11828
11852
12515
12700
13596
13974
14273
15367
15421
15962
16176
16194
16227
16494
16712
16751
16755
17640
17891
17995
18071
18408
18729
18773
19620
20161
20415
20509
20678
20903
20927
21176
21230
21394
21784
21839
21977
22077
22116
22186
22243
22282
22302
22741
22898
22943
23295
23399
23885
24156
24299
24566
25392
25454
25559
25655
26571
26604
26904
27379
27383
27539
27810
27924
28549
28662
28933
29597
29633
29892
30163
30193
30230
30251
30364
30388
30484
30694
30793
31304
31948
32249
32272
32276
32362
32446
32533
33211
33593
33813
33891
33919
33953
33963
34114
34192
34408
34761
35235
35325
35349
35448
35484
35623
35722
36474
36651
36904
36974
37043
37137
37505
37645
37703
37883
37948
38084
38299
38771
39024
39249
39261
39291
39321
39402
39534
39637
39831
39925
40126
40237
40261
40279
40412
40546
40555
42004
42239
42308
42397
42406
42502
42655
42883
42926
43004
43579
43771
44015
44501
44529
45208
45517
45944
46058
46471
46484
46646
46660
46780
46832
Number of cuts: 205

Jace
591
1232
1376
2114
2444
2531
2768
2885
3299
3524
3664
4174
4252
4472
4504
5688
5747
6224
6247
6683
7127
7295
7638
7781
7799
8744
9024
9195
9608
11094
11970
12075
12198
12219
12834
12939
13632
14517
14635
14822
15530
15629
15875
16451
16565
16646
17192
17216
17590
17665
18265
18277
18325
19174
19213
19636
20769
21816
22024
22036
22205
22271
22282
22380
22581
22626
23478
24132
24498
24809
24933
25624
25669
25705
25729
26661
26948
27059
27298
27917
28099
28251
28383
28484
28963
29518
29832
30200
30690
31176
32216
32435
32573
32971
33510
33600
34199
34708
34885
35488
35616
35664
37267
38175
38471
38486
39165
40324
40414
40450
40934
41349
41830
42166
42205
43023
43053
45106
45286
45558
46911
47144
47498
48160
48319
48655
48704
48816
48867
50041
50352
50579
50810
51002
51179
51852
52220
52304
52786
53039
53058
53093
53689
Number of cuts: 143

Jester
18
183
1108
1166
1369
1464
1901
1928
2016
2367
2469
2577
3221
3371
3836
3917
4433
4478
4691
4829
5496
5806
6175
6276
6939
6979
8174
8395
8777
8865
9085
9111
9539
10003
10039
10133
10266
10450
10470
10485
10864
11111
11304
11468
11798
11828
11852
12116
12373
12423
13662
13961
15055
15109
15798
15864
15882
15915
16182
16400
16439
16443
17328
17579
17683
17759
18096
18165
18417
18461
19308
19849
20240
20324
20366
20370
20510
20591
20615
20864
21028
21472
21487
21527
21765
21931
21981
22241
22356
22773
22910
23072
23561
23832
23975
24242
25068
25130
25235
25331
26247
26580
27055
27059
27215
27486
27600
27816
28225
28338
28609
29273
29309
29435
29568
29819
29843
29939
30149
30248
30759
31393
31403
31704
31727
31731
31817
31901
31988
32666
33048
33268
33346
33374
33408
33418
33569
33647
33863
34216
34690
34780
34804
34903
34939
35078
35177
35929
36106
36359
36429
36498
36592
36960
37100
37158
37338
37403
37539
37754
38503
38704
38716
38776
38845
38989
39092
39286
39382
39583
39694
39718
39736
39869
40003
40012
40516
40534
41464
41699
41768
41857
41866
41962
42115
42343
42386
42464
43039
43231
43475
43961
43989
44668
44977
45404
45518
45931
45944
46105
46119
46240
46292
Number of cuts: 203

Krishelle
18
183
1108
1166
1369
1464
1901
1928
2016
2367
2469
2577
3015
3127
3221
3371
3836
3917
4370
4433
4478
4829
4918
5496
5806
6175
6291
6490
6506
6954
6994
8189
8410
8880
9100
9126
9282
9554
9622
10018
10022
10054
10465
10500
11319
11813
11843
11867
12131
12530
12715
13611
13989
14288
15382
15436
16125
16191
16209
16242
16509
16727
16766
16770
17655
17906
18010
18086
18423
18492
18744
18788
19635
19836
20176
20430
20524
20693
20918
20942
21191
21245
21409
21835
21890
22028
22128
22167
22237
22294
22333
22353
22792
22949
22994
23346
23450
23936
24208
24325
24590
24713
25416
25478
25583
25655
25679
26497
26628
26928
27403
27407
27563
27834
27895
27948
28164
28210
28380
28553
28573
28765
29036
29697
29733
29859
29992
30263
30293
30330
30351
30464
30488
30584
30794
30893
31404
31949
32349
32372
32376
32462
32546
32633
33311
33913
34019
34053
34214
34292
34508
34861
35335
35425
35449
35548
35584
35723
35822
36760
37013
37083
37152
37246
37614
37754
37992
38057
38193
38408
38880
39133
39358
39370
39400
39430
39643
39652
39746
39940
40034
40235
40346
40370
40388
40521
40664
41657
42112
42347
42416
42505
42514
42610
42763
42991
43034
43112
43687
43879
44609
44637
45316
45625
46130
46156
46666
46805
46812
46824
46836
Number of cuts: 211

Lillie
18
183
1108
1166
1369
1464
1901
1928
2016
2367
2469
2577
2625
3015
3127
3221
3371
3836
3917
4370
4433
4478
4829
4918
5496
5806
6175
6291
6397
6490
6506
6954
6994
7871
8095
8117
8389
8921
9167
9438
9595
9891
10059
10095
10442
10506
11360
11854
11884
11908
12172
12429
12479
13340
13718
14111
14734
15020
15165
15854
15920
15938
16238
16456
16495
16499
16595
16674
16681
17384
17635
17691
17815
18152
18221
18473
18517
19905
20159
20296
20380
20422
20647
20671
20825
20855
20920
21037
21084
21138
21528
21543
21668
21679
21704
21860
21987
22046
22305
22420
22974
23136
23625
23896
24039
24076
24306
24795
25132
25194
25299
25395
25437
26178
26344
26384
26644
27119
27123
27550
27664
28096
28402
28673
29337
29373
29499
29632
29903
29933
29970
29991
30104
30128
30224
30434
30533
31044
31589
31989
32012
32016
32102
32186
32273
32951
33553
33659
33693
33854
33932
34148
34501
34975
35065
35089
35188
35224
35363
35462
36214
36391
36644
36714
36783
36877
37245
37385
37623
37688
37824
38039
38511
38764
38989
39001
39031
39061
39274
39283
39377
39571
39665
39866
39977
40001
40019
40152
40295
41743
41978
42047
42136
42145
42241
42394
42622
42665
42743
43318
43510
44240
44268
44932
44947
45256
45683
45797
46210
46223
46387
46401
46522
46574
Number of cuts: 214

Mahdia
211
296
654
762
1017
1406
1626
2331
2472
2525
2571
2586
2598
2831
3081
3173
3734
3993
5235
5499
5897
5903
6322
6840
7048
7248
7370
7437
7496
7555
8373
8853
9225
9563
10368
10645
10689
11003
12230
12236
12474
12549
12666
12956
13320
13484
13554
13935
14136
14343
14737
15287
15747
16133
16260
16377
16441
16489
16640
16673
16917
17249
17312
17399
17612
17993
18011
18314
18401
18858
19717
19754
20268
20309
20933
21092
21136
21351
21748
21765
21814
21892
22036
22245
22364
22547
22763
23464
23842
23968
24373
24663
24753
24893
24932
25004
25040
25091
25139
26134
26175
26346
26732
27125
27150
27530
27656
27788
27989
28121
28617
29406
29974
30570
30890
31205
31477
31618
32368
32946
33189
33516
33882
34333
34932
35057
35677
36451
37376
38069
38747
38787
38938
39041
39140
39457
39553
39818
40618
40672
40711
40725
40767
40865
41450
41777
41849
41898
Number of cuts: 148

Naiad
18
183
1108
1166
1369
1464
1901
1928
2016
2367
2469
2577
3015
3127
3221
3371
3836
3917
4370
4433
4478
4829
4918
5496
5806
6175
6291
6490
6506
6954
6994
7871
8095
8117
8389
8921
9167
9438
9595
9891
10059
10095
10442
10506
11360
11854
11884
11908
12172
12429
12479
13340
13718
14111
14734
15020
15165
15854
15920
15938
16238
16456
16495
16499
16595
16674
16681
17384
17635
17691
17815
18152
18221
18473
18517
19905
20159
20296
20380
20422
20647
20671
20825
20855
20920
21037
21084
21138
21528
21543
21668
21679
21704
21860
21941
21987
22026
22046
22318
22433
22987
23132
23638
23909
24052
24089
24319
24808
25207
25312
25408
25569
26191
26324
26357
26397
26657
26751
26773
27132
27136
27563
27677
28109
28415
28686
29350
29386
29512
29645
29916
29946
29983
30004
30117
30141
30237
30447
30546
31057
31602
32002
32025
32029
32115
32199
32286
32964
33566
33672
33706
33867
33945
34161
34514
34988
35078
35102
35201
35237
35376
35475
36413
36666
36736
36805
36899
37267
37407
37645
37710
37846
38061
38533
38786
39011
39023
39053
39083
39296
39305
39399
39593
39687
39888
39999
40023
40041
40174
40317
41310
41765
42000
42069
42158
42167
42263
42416
42644
42687
42765
43340
43532
44262
44290
44969
45278
45705
45819
46232
46245
46409
46423
46545
46597
Number of cuts: 215

Nancinator
18
183
1108
1166
1369
1464
1901
1928
2016
2367
2469
2577
3015
3127
3221
3371
3836
3917
4370
4433
4478
4829
4918
5496
5806
6175
6291
6490
6506
6954
6994
7871
8095
8117
8389
8921
9167
9438
9595
9891
10059
10095
10442
10506
11360
11854
11884
12172
12429
12479
13340
13718
14111
14734
15020
15165
15854
15920
15938
16238
16456
16495
16499
16595
16674
16681
17384
17635
17691
17815
18152
18221
18473
18517
18638
19905
20159
20296
20380
20422
20647
20671
20825
20855
20920
21037
21084
21138
21528
21543
21679
21860
21987
22046
22305
22420
22974
23136
23625
23896
24039
24076
24307
24796
25133
25195
25300
25396
26179
26312
26345
26385
26645
27120
27124
27551
27665
28097
28403
28674
29336
29372
29498
29578
29631
30037
30157
30367
30466
30977
31922
31945
31949
32035
32119
32206
32884
33592
33626
33787
33865
34081
34443
34917
35007
35031
35130
35166
35305
35404
36156
36333
36586
36656
36725
36819
37187
37327
37385
37565
37630
37766
37981
38706
38931
38943
38973
39003
39216
39225
39316
39491
39634
41082
41317
41386
41475
41484
41580
41733
41961
42004
42082
42657
42849
43579
43607
44286
44595
45022
45136
45549
45562
45726
45740
45862
45914
Number of cuts: 197

Natosaleda
18
183
1108
1166
1369
1464
1901
1928
2016
2367
2469
2577
2625
3015
3127
3221
3371
3836
3917
4370
4433
4478
4829
4918
5496
5806
6175
6291
6490
6506
6954
6994
7871
8095
8117
8389
8921
9167
9438
9595
9891
10059
10095
10442
10506
11360
11854
11884
12172
12429
12479
13340
13718
14111
14734
15020
15165
15854
15920
15938
16238
16456
16495
16499
16595
16674
16681
17384
17635
17691
17815
18152
18221
18473
18517
18638
19905
20159
20296
20380
20422
20647
20671
20825
20855
20920
21037
21084
21138
21528
21543
21679
21860
21987
22046
22305
22420
22974
23136
23625
23896
24039
24076
24306
24795
25132
25194
25299
25395
26178
26311
26344
26384
26644
27119
27123
27550
27664
28096
28402
28673
29335
29371
29497
29577
29630
30036
30156
30366
30465
30976
31921
31944
31948
32034
32118
32205
32883
33591
33625
33786
33864
34080
34442
34916
35006
35030
35129
35165
35304
35403
36155
36332
36585
36655
36724
36818
37186
37326
37384
37564
37629
37765
37980
38705
38930
38942
38972
39002
39215
39224
39315
39509
39603
39804
39915
39939
39957
40090
40224
41683
41918
41987
42076
42085
42181
42334
42562
42605
42683
43258
43450
44180
44208
44887
45196
46142
46155
46318
46332
46453
46505
Number of cuts: 202

Partridge
18
1159
1362
1457
1886
1960
1987
2075
2426
2528
3186
3280
3430
4429
4492
4537
4888
4977
5506
5555
5865
6234
6335
6998
7038
8233
8454
8948
9168
9194
9350
9465
9622
10090
10122
10216
10349
10533
10553
10568
10784
11393
11887
11917
11941
12205
12462
12512
12596
13751
14050
15144
15198
15887
15953
15971
16004
16271
16489
16528
16532
16628
17417
17668
17772
17848
18185
18254
18506
18550
19397
19938
20192
20286
20413
20455
20459
20680
20704
20953
21117
21518
21561
21576
21616
21854
21893
22059
22079
22351
22466
22672
23020
23165
23671
24069
24086
24353
25179
25241
25346
25442
26296
26427
26727
27202
27206
27362
27633
27694
27747
27963
28009
28179
28352
28372
28564
28835
29497
29533
29659
30063
30093
30151
30264
30384
30693
31204
31749
32149
32172
32176
32262
32346
32469
32798
32970
33108
33966
34143
34221
34437
34799
35273
35363
35387
35486
35522
35661
35760
36448
36689
36942
37012
37081
37175
37469
37544
37742
37922
37987
38095
38123
38338
38707
38810
39063
39288
39300
39330
39360
39573
39676
39870
39966
40167
40270
40278
40302
40453
40596
42044
42279
42348
42404
42615
43114
43231
43314
43438
43656
43803
43995
44175
44722
44750
45257
45449
45649
46165
46566
46578
46591
46656
46753
46766
46888
46940
Number of cuts: 208

Pepy6
84
869
1323
1337
2597
2678
2872
3256
4008
5082
5476
5590
5632
6047
6549
6674
6910
7144
7240
7889
8476
9497
9582
9918
11957
12078
12159
12556
12613
13174
13381
13597
13702
13732
15351
15477
15609
15846
16771
17040
17629
17971
18012
18542
19103
19583
20726
20749
20828
20866
20950
21384
21419
22271
22312
23113
23941
24381
24694
24898
24991
25015
25090
25108
25191
25284
25964
26383
26633
26801
26864
28609
28639
29201
29807
29900
29911
29917
30013
30451
30582
30990
31563
32052
32997
33483
34890
35086
35764
36210
36432
36569
36753
36956
37016
37101
37923
37929
38059
38546
38690
39650
39757
39829
40134
40196
40302
40316
40329
40463
40553
41766
41826
42650
43266
44200
44524
44826
44899
45153
45406
45586
45967
46012
46046
46197
46796
47273
47603
48858
49242
49477
49651
49818
49891
50418
50978
50993
51273
52037
52544
53162
53519
53567
54386
54764
54857
54975
55007
55181
55370
55535
55754
55778
55868
56042
56263
56334
57563
57684
57745
57855
57978
58225
58738
58885
59116
59678
60134
60313
60797
60801
61748
61861
62029
62531
62690
62723
62873
63320
64020
64133
64611
64646
65046
65634
65896
65938
66007
66172
66312
66321
67413
67476
68487
68885
68906
69565
70000
70048
70265
70373
70638
71198
71291
71555
71621
71627
72753
72951
73017
73110
73238
73356
73622
74003
74282
74289
74611
74830
75032
75195
75417
75437
75473
75623
75680
75801
76058
76356
Number of cuts: 230

Peregrin
916
1660
1667
1684
1780
1854
1993
2106
2627
2703
3125
4357
4451
4520
5048
5506
6456
6479
7374
8012
8554
8672
8773
8794
8812
8901
8935
9519
10828
10945
11004
11347
11360
12917
13857
14430
15282
15366
15649
15791
16636
17128
17266
17590
17675
17890
18515
19130
19439
19705
19853
20242
20453
20599
20757
20790
20981
21033
22170
22290
22327
22467
22710
22893
23062
23397
23876
24306
25249
26116
26538
26887
27028
27482
27832
28198
28317
28956
29506
29520
30399
30452
31061
32663
32679
32748
32796
32964
33258
33300
33354
33426
34098
35112
35499
35535
35764
35772
35971
36387
37681
38015
38587
39686
39925
40194
40452
40476
40838
41035
41063
41559
41983
42076
42085
42227
43329
43438
43890
44659
44830
44928
45060
45169
45229
45258
45438
45751
45785
45871
46335
47095
47964
48955
49306
49318
49573
50274
50637
51062
51177
51601
51637
52047
52127
52149
52582
52819
53931
54100
54757
55936
56808
57218
57497
57751
58272
58781
58988
59015
59091
60108
60306
61240
61780
61785
61957
62158
62470
62550
62788
63002
63176
63298
63484
64230
64774
64783
65436
65447
66202
66431
67563
67644
67757
68969
70041
70082
71216
71231
71612
71653
71906
72083
72724
73330
73823
74321
74333
74348
75529
75910
76586
77168
77533
77740
77881
78460
78526
80883
81612
81923
82655
82744
83099
83210
83229
83239
83519
83672
83683
84348
84533
85102
85676
85844
86087
86633
86800
87276
87999
88675
89181
89543
90334
91070
91082
91306
91477
91931
92134
93541
94625
94988
95435
95611
95793
96057
96515
96784
96848
97930
98059
98383
98392
99280
100948
101054
101290
101760
102435
102835
103030
103788
104252
105140
105366
105887
106332
106358
107000
107604
107669
109411
109799
111503
111538
111601
111771
111879
112895
113339
114064
114126
114576
114588
115246
115808
116217
116378
116659
116757
117270
117458
118195
118302
118524
118687
120617
121481
122476
122555
122611
123148
124619
124695
124766
124897
125296
125580
125708
126509
126741
126878
127223
127415
127595
128400
129510
129578
130985
131729
131736
131753
131849
131923
132062
132175
132696
132772
Number of cuts: 330

Phrankenstein
18
183
1108
1166
1369
1464
1901
1928
2016
2367
2469
2577
3015
3127
3221
3371
3836
3917
4370
4433
4478
4829
4918
5496
5806
6175
6291
6490
6506
6954
6994
7871
8095
8117
8389
8921
9167
9595
9891
10059
10095
10442
10506
11360
11854
11884
11908
12172
12429
12479
13340
13718
14111
14734
15020
15165
15854
15920
15938
16238
16456
16495
16499
16595
16674
16681
17384
17635
17691
17815
18152
18221
18473
18517
18638
19905
20159
20296
20380
20422
20647
20671
20825
20855
20920
21037
21084
21138
21474
21489
21625
21806
21933
21992
22251
22366
22920
23082
23571
23842
23985
24022
24252
24741
25078
25140
25245
25341
25383
26124
26290
26330
26590
27065
27069
27496
27610
28042
28348
28619
29283
29319
29445
29578
29849
29879
29916
29937
30050
30074
30170
30380
30479
30990
31935
31958
31962
32048
32132
32219
32897
33499
33605
33639
33800
33878
34094
34447
34921
35011
35035
35134
35170
35309
35408
36160
36337
36590
36660
36729
36823
37191
37331
37569
37634
37770
37985
38457
38710
38935
38947
38977
39007
39220
39229
39323
39517
39611
39812
39923
39947
39965
40098
40241
41689
41924
41993
42082
42091
42187
42340
42568
42611
42689
43264
43456
44186
44214
44893
45202
45629
45743
46156
46169
46332
46346
46466
46518
Number of cuts: 208

Pine5
422
1301
2224
2490
2653
2854
2860
2896
3360
4189
4266
4366
4800
4809
4828
4961
4982
5300
5915
6748
7585
7654
7693
8446
8524
8703
9286
9574
9605
9784
9928
10117
10171
10937
11039
11211
11337
11810
12443
12512
12546
12717
12744
12755
12801
12831
13057
13063
13267
13531
13543
13627
13645
13735
14093
14345
14621
15104
15149
15377
15476
15809
16040
16192
16337
16411
16431
16609
16702
16744
16921
17481
17809
18277
18944
19231
20038
20061
20411
21092
22230
23364
23586
23661
23865
23871
24117
25344
25777
26045
26153
26635
26758
27041
27337
27919
28864
28955
29026
29332
29478
29941
30043
30471
30540
30546
30945
31220
31386
31649
32769
33075
33249
33264
33570
33630
33909
34041
34167
34543
34658
34670
34886
34892
35045
35171
35216
35237
35444
35537
35579
35597
36125
36376
36466
36631
37831
38077
38084
38096
38211
38617
38743
38893
39046
39652
40279
40363
40627
40651
41284
41470
41618
41843
42072
42173
42389
42425
42587
42632
42869
42962
43071
43457
43913
44020
44227
44606
44666
45056
45492
45894
45936
46385
46532
46910
46934
46987
47178
47828
47936
48535
48793
48893
49080
49383
49760
49859
50092
50136
50247
50699
50735
51018
51174
51302
51605
52123
52320
52745
52985
53110
53347
53446
53527
53557
53658
54536
54745
54995
55022
55058
56041
56385
56436
56547
56562
57068
57152
57669
57750
57960
58072
58287
Number of cuts: 224

Poco6
84
416
540
774
1320
1713
2168
2205
4925
5143
6839
7065
7382
8894
9560
9634
10208
10888
11907
12928
13823
14449
14536
15067
15405
15469
15526
15607
15639
16007
16106
17048
17153
17183
17865
17978
18111
18222
18237
18369
18423
18761
19277
19619
19745
19998
20168
20181
20439
20781
21159
22748
22771
22850
22888
23441
24172
24337
25126
25954
26394
26707
26858
26911
27028
27103
27121
27204
27297
27546
27691
27977
28633
28814
28847
29104
29541
29770
30670
31553
31826
31919
31936
32368
33588
35508
36912
37786
38232
38307
38484
38591
38643
38775
38921
39038
39273
39492
39758
39945
39951
39999
40081
40222
40712
41514
41675
41856
41913
42221
43171
43500
43568
43628
44444
45417
45975
46036
46089
46603
46887
47094
47257
47389
47449
47555
47967
47992
48012
48399
48998
49393
49513
49552
49843
50373
51160
51165
51187
51403
51632
51735
51933
52520
52678
52763
52782
52896
53546
53598
53708
54052
54670
54717
55027
55075
55324
56272
56365
56515
56878
56977
57286
57376
57604
57842
58075
58532
59159
59239
59258
59683
59914
60061
60292
60840
61514
61816
62002
62087
62522
62686
62934
63410
63451
63589
63691
63922
64021
64869
65460
65495
65793
65824
66378
66836
66992
67156
67834
68029
68118
68520
69058
69357
69711
70385
70433
71403
71531
71639
71693
71749
71847
72340
72461
72554
72818
72890
73600
73769
73775
73999
74213
74350
74618
75392
75544
75551
75606
76092
76463
76685
76741
76778
76891
76948
77069
77624
Number of cuts: 238

Rasputin
18
183
1108
1166
1369
1464
1901
1928
2016
2367
2469
2577
3015
3127
3221
3371
3836
3917
4370
4433
4829
4918
5447
5496
5806
6175
6382
6491
6513
6939
6979
8081
8103
8175
8396
8778
8890
9136
9292
9407
9564
10032
10064
10158
10368
10475
11329
11823
11853
11877
12141
12398
13687
13986
15134
15823
15889
15907
15940
16207
16425
16464
16564
16745
17334
17353
17604
17660
17708
18121
18190
18486
19333
19874
20128
20349
20391
20395
20535
20616
20640
20889
21053
21107
21497
21512
21552
21829
21956
21995
22015
22275
22390
22944
23089
23595
23993
24010
24277
25103
25165
25270
25527
26149
26282
26315
26355
26615
27090
27094
27521
27635
28067
28373
28644
29308
29344
29470
29603
29874
29904
29941
29962
30075
30099
30195
30405
30504
31015
31560
31960
31983
31987
32073
32157
32244
32922
33524
33630
33664
33825
33903
34119
34472
34946
35036
35060
35159
35195
35334
35433
36185
36362
36615
36685
36754
36848
37216
37356
37594
37659
37795
38010
38482
38735
38960
38972
39002
39032
39245
39254
39348
39542
39636
39837
39948
39972
39990
40123
40266
41714
41949
42018
42107
42116
42212
42365
42593
42636
42714
43289
43481
44211
44239
44918
45227
45654
45768
46181
46194
46359
46373
46495
46547
Number of cuts: 204

RER2
18
183
1108
1166
1369
1464
1901
1928
2016
2367
2469
2577
2625
3015
3127
3221
3371
3836
3917
4370
4433
4478
4829
4918
5496
5806
6175
6291
6397
6490
6506
6954
6994
7871
8095
8117
8389
8921
9167
9438
9595
9891
10059
10095
10442
10506
11360
11854
11884
11908
12172
12429
12479
13340
13718
14111
14734
15020
15165
15854
15920
15938
16238
16456
16495
16499
16595
16674
16681
17384
17635
17691
17815
18152
18221
18473
18517
18638
19905
20159
20296
20380
20422
20647
20671
20920
21084
21138
21528
21543
21679
21860
21987
22046
22305
22420
22837
22974
23136
23625
23896
24039
24076
24306
24514
25194
25299
25395
26311
26344
26644
27119
27123
27279
27550
27664
28289
28402
28673
29337
29373
29499
29903
29933
29970
29991
30104
30128
30224
30434
30533
31044
31589
31989
32012
32016
32102
32186
32273
32951
33553
33659
33693
33854
33932
34148
34501
34975
35065
35089
35188
35224
35363
35462
36214
36391
36644
36714
36783
36877
37245
37385
37623
37688
37824
38039
38511
38764
38989
39001
39031
39061
39274
39283
39377
39571
39665
39866
39977
40001
40019
40152
40295
41743
41978
42047
42136
42145
42241
42394
42622
42665
42743
43318
43510
44240
44268
44947
45256
45683
45797
46210
46223
46386
46400
46522
46574
Number of cuts: 207

RexFury
18
183
1139
1197
1400
1495
1932
1959
2047
2398
2500
2608
3046
3158
3252
3402
3867
3948
4401
4464
4509
4860
4949
5527
5837
6206
6322
6521
6537
6985
7025
7902
8126
8148
8420
8952
9198
9626
9922
10090
10126
10473
10537
11391
11885
11915
11939
12203
12460
12510
12594
13371
13749
14142
14765
15051
15196
15885
15951
15969
16269
16487
16526
16530
16626
16705
16712
17415
17666
17722
17846
18183
18252
18504
18548
18669
19936
20190
20209
20327
20411
20453
20678
20702
20856
20886
20951
21068
21115
21169
21559
21574
21710
21891
22018
22077
22336
22451
23005
23167
23656
23927
24070
24107
24337
24826
25163
25225
25330
25587
26209
26342
26375
26415
26675
27150
27154
27581
27695
28127
28433
28704
29368
29404
29530
29663
29934
29964
30001
30022
30135
30159
30255
30465
30564
31075
32020
32043
32047
32133
32217
32304
32982
33584
33690
33724
33885
33963
34179
34532
35006
35096
35120
35219
35255
35394
35493
36245
36422
36675
36745
36814
36908
37276
37416
37474
37654
37719
37855
38070
38795
39020
39032
39062
39092
39305
39314
39405
39599
39693
39894
40005
40029
40047
40180
40314
41773
42008
42077
42166
42175
42271
42424
42652
42695
42773
43348
43540
44270
44298
44977
45286
45713
45827
46240
46253
46417
46431
46553
46605
Number of cuts: 210

RGL3
18
116
180
450
1147
1204
1370
1900
1937
2015
2369
2471
3017
3129
3223
3373
3643
3838
3964
4372
4435
4480
4660
4867
4938
5187
5808
6051
6177
6284
6390
6521
6593
6686
7115
8085
8107
8887
9133
9534
9629
9934
10032
10475
10895
11775
11808
11829
11859
12079
12147
12431
12468
12769
13909
14220
15269
15892
16018
16084
16102
16135
16402
16620
16845
17688
17900
17976
18003
18313
18382
18679
18889
18914
19297
20245
20500
20542
20617
20683
20757
20803
21034
21096
21148
21214
22110
22245
22407
22798
23125
23137
23164
23614
24106
24683
25337
25623
25685
25790
26067
26121
26175
26375
26910
26932
27319
27478
27568
27619
27676
28375
28552
28651
28804
28907
28913
29061
29116
29203
29750
30244
30280
30397
30774
30798
30894
31104
31140
31203
31398
31714
32259
32358
32370
32769
32853
33284
33446
33597
33611
33932
33944
34398
34797
35083
35096
35301
35745
35769
35931
36021
36045
36144
36180
36418
36998
37136
37423
37509
37618
37872
38073
38356
38455
38521
38632
38833
39579
39780
39792
39981
40089
40201
40471
40672
40699
40825
40955
41521
41551
41563
41886
42057
42785
43385
43507
43687
44081
44111
44207
44324
44393
44408
44546
44724
45153
45161
45360
45987
46315
46624
46656
47681
47862
47971
Number of cuts: 206

Rhodalysa
18
183
1108
1166
1369
1464
1901
1928
2016
2367
2469
2577
2625
3015
3127
3221
3371
3836
3917
4370
4433
4478
4829
4918
5496
5806
6175
6291
6397
6490
6506
6954
6994
7871
8095
8117
8389
8921
9167
9438
9595
9891
10059
10095
10442
10506
11360
11854
11884
11908
12172
12429
12479
13340
13718
14111
14734
15020
15165
15854
15920
15938
16238
16456
16495
16499
16595
16674
16681
17384
17635
17691
17815
18152
18221
18473
18517
19905
20159
20296
20380
20422
20647
20671
20825
20855
20920
21037
21084
21138
21528
21543
21668
21679
21704
21860
21987
22046
22305
22420
22974
23136
23625
23896
24039
24076
24306
24795
25132
25194
25299
25395
25437
26178
26344
26384
26644
27119
27123
27550
27664
28096
28402
28673
29337
29373
29499
29632
29903
29933
29970
29991
30104
30128
30224
30434
30533
31044
31589
31989
32012
32016
32102
32186
32273
32951
33553
33659
33693
33854
33932
34148
34501
34975
35065
35089
35188
35224
35363
35462
36214
36391
36644
36714
36783
36877
37245
37385
37623
37688
37824
38039
38511
38764
38989
39001
39031
39061
39274
39283
39377
39571
39665
39866
39977
40001
40019
40152
40295
41743
41978
42047
42136
42145
42241
42394
42622
42665
42743
43318
43510
44240
44268
44932
44947
45256
45683
45797
46210
46223
46387
46401
46522
46574
Number of cuts: 214

StCroix
18
183
1108
1166
1369
1464
1901
1928
2016
2367
2469
2577
3015
3127
3221
3371
3836
3917
4370
4433
4478
4829
4918
5496
5806
6175
6291
6490
6506
6954
6994
7871
8095
8117
8389
8921
9167
9438
9595
9891
10059
10095
10442
10506
11360
11854
11884
11908
12172
12429
12479
13340
13718
14111
14734
15020
15165
15854
15920
15938
16238
16456
16495
16499
16595
16674
16681
17384
17635
17691
17815
18152
18221
18473
18517
19905
20159
20296
20380
20422
20647
20671
20825
20855
20920
21037
21084
21138
21528
21543
21668
21679
21704
21860
21941
21987
22026
22046
22318
22433
22987
23132
23638
23909
24052
24089
24319
24808
25207
25312
25408
25569
26191
26324
26357
26397
26657
26751
26773
27132
27136
27563
27677
28109
28415
28686
29350
29386
29512
29645
29916
29946
29983
30004
30117
30141
30237
30447
30546
31057
31602
32002
32025
32029
32115
32199
32286
32964
33566
33672
33706
33867
33945
34161
34514
34988
35078
35102
35201
35237
35376
35475
36413
36666
36736
36805
36899
37267
37407
37645
37710
37846
38061
38533
38786
39011
39023
39053
39083
39296
39305
39399
39593
39687
39888
39999
40023
40041
40174
40317
41310
41765
42000
42069
42158
42167
42263
42416
42644
42687
42765
43107
43340
43532
44262
44290
44969
45278
45705
45819
46232
46245
46409
46423
46545
46597
Number of cuts: 216

Swann
18
183
1108
1166
1369
1464
1901
1928
2016
2367
2469
2577
3015
3127
3221
3371
3836
3917
4370
4433
4478
4829
4918
5496
5806
6175
6291
6397
6490
6506
6954
6994
7871
8095
8117
8389
8921
9167
9438
9595
9891
10059
10095
10442
10506
11360
11854
11884
11908
12172
12429
12479
13340
13718
14111
14734
15020
15165
15854
15920
15938
16238
16456
16495
16499
16595
16674
16681
17384
17635
17691
17815
18152
18221
18473
18517
18638
19905
20159
20296
20380
20422
20647
20671
20825
20855
20920
21037
21084
21138
21528
21543
21662
21679
21860
21987
22046
22305
22420
22974
23136
23625
23896
24039
24076
24306
24795
25132
25194
25299
25556
26178
26311
26344
26384
26644
27119
27123
27550
27664
28096
28402
28673
29335
29371
29497
29630
29901
29931
29968
29989
30102
30126
30222
30432
30531
31042
31587
31987
32010
32014
32100
32184
32271
32949
33551
33657
33691
33852
33930
34146
34499
34973
35063
35087
35186
35222
35361
35460
36212
36389
36642
36712
36781
36875
37243
37383
37621
37686
37822
38037
38509
38762
38987
38999
39029
39059
39272
39281
39375
39569
39663
39864
39999
40017
40150
40293
41741
41976
42045
42134
42143
42239
42392
42620
42663
42741
43316
43508
44238
44266
44945
45254
45681
45795
46209
46222
46386
46400
46522
46574
Number of cuts: 211

Takoda
18
1159
1362
1457
1819
1893
2008
2359
2461
3119
3213
3363
4362
4425
4470
4821
4910
5439
5488
5798
6167
6483
6931
6971
8094
8166
8387
8881
9101
9127
9283
9398
9555
10019
10023
10055
10149
10282
10466
10486
11320
11814
11844
11868
12132
12389
13678
13977
14118
15071
15125
15814
15880
15898
15931
16198
16416
16455
16459
17344
17595
17699
17775
18112
18181
18433
18477
19324
19391
19865
20119
20340
20386
20607
20880
21044
21098
21445
21488
21503
21543
21781
21858
21947
21997
22277
22392
22946
23091
23597
23995
24012
24279
24768
25105
25167
25272
25368
25410
26317
26357
26476
26617
27092
27096
27523
27637
27853
28069
28262
28375
28646
29310
29346
29472
29605
30011
30035
30131
30440
30951
31595
31896
31919
31923
32009
32093
32320
32545
32717
32855
33557
33572
33713
33833
33867
33877
34028
34106
34322
34684
35158
35248
35272
35371
35407
35546
35645
36397
36574
36806
36827
36897
36966
37060
37428
37626
37806
37871
37979
38007
38222
38591
38694
38947
39172
39184
39214
39244
39457
39560
39754
39850
39935
40051
40154
40162
40186
40204
40337
40471
40480
40920
41472
41926
42161
42230
42286
42804
42921
43004
43128
43500
43647
43686
43839
44019
44566
44594
45294
45495
46010
46423
46436
46501
46599
46612
46733
46785
Number of cuts: 209

Trina
530
673
1165
2042
2092
2346
2957
2998
3170
3282
3413
4415
4466
4555
4642
5064
5194
5422
5573
5630
5730
5810
6290
6394
6538
6546
6631
6691
6817
6994
7352
7682
8383
8484
8715
8901
9341
9371
9474
9595
9628
10210
10295
10416
10601
10710
10962
10968
11132
12100
12465
12905
13041
13427
14003
14213
14307
14391
14400
14785
15175
15588
15725
16438
16514
17315
17464
17764
18919
19135
19173
19802
19862
20261
20328
20356
20700
20716
20873
21003
21190
21896
21903
22115
22161
23020
23048
23613
23915
23924
24192
24498
24588
24910
25080
25091
25270
25278
25321
25479
25697
25872
26010
26514
26994
27416
27563
27860
27871
28878
28899
29202
29492
29672
29847
30210
30476
30997
31096
31465
31572
31734
31770
32010
32049
32087
33005
33128
33528
33910
33974
34030
34345
34445
34716
34772
34990
35255
35492
35778
35974
36027
36785
37035
37979
37990
38268
38458
38625
38634
39523
40086
40150
40226
40251
40334
40544
40590
40791
41319
42294
42309
42413
42564
42583
43652
43782
43832
44189
44249
44336
44345
44414
44504
44591
44677
45173
45242
45251
45638
46385
46556
47633
47693
48375
48861
49313
49540
49661
49937
50171
50198
50830
51216
51390
51403
51516
51581
52735
52897
53545
53746
54432
54445
54514
54541
55157
55330
55429
55813
55923
56269
56576
56702
56762
56957
57057
57488
57542
57657
58038
58071
58125
58160
58277
58787
58898
59159
59539
59597
59802
61180
61190
61390
61559
61919
62428
62436
62939
62986
63031
63424
63555
64032
64585
64814
65127
65681
65995
66211
66716
67215
67406
67468
68011
68541
68654
68749
69019
69294
70012
70038
70216
70732
70875
71107
71163
71202
71547
71573
71820
72133
72404
72509
72692
73038
73115
73784
73892
73998
74002
74080
74167
74303
74577
74681
74792
75123
75674
75767
75845
76078
76196
76338
76704
77665
77727
77732
77789
77813
77952
78104
78576
78660
78994
79097
79111
80343
80442
80506
80516
80538
81028
81864
82221
82307
82367
82379
83119
83202
84348
84498
84984
85072
85117
85531
85695
85917
86774
87102
87646
87775
87859
88089
88154
88653
88750
89000
89451
89800
89865
89877
90399
91699
91857
91905
92679
92758
93703
93896
93958
93990
94057
94160
94251
94515
94703
95043
95081
95968
95993
96193
96200
96307
96342
96381
96409
96624
97499
97856
97909
97938
98284
98391
98491
98826
98934
99008
99091
99401
99558
100134
100138
100194
100456
101445
101455
102076
102399
102438
102583
102968
103402
103407
104261
104352
104677
104928
105644
105650
105695
106275
106369
106431
106602
107107
107174
107199
107254
107957
108209
108243
108411
108441
108474
108505
108840
108880
109054
109170
109595
109749
109758
110028
110313
110424
110439
110669
110880
111211
111856
112370
112381
112388
112555
113124
113340
114234
114670
115009
115017
115145
115236
115242
115461
115473
115712
116107
116318
116520
117521
117542
117592
118672
119193
119412
119728
120646
120786
120972
121063
121229
121857
121912
122088
122957
123426
123595
123673
124249
124814
125891
126530
126601
126845
127263
127329
127664
127678
128003
128054
128184
128206
128253
128297
128809
129171
129207
129389
129822
130058
130409
130457
131656
131745
131752
131913
131944
132070
132136
132255
132542
132606
132647
132825
132998
133328
133458
133697
134925
134959
135232
135733
136289
136296
136391
136932
137075
137567
138444
138494
138748
Number of cuts: 522

TWAMP
18
183
1108
1166
1369
1464
1901
1928
2016
2367
2469
2577
2625
3015
3127
3221
3371
3836
3917
4370
4433
4478
4829
4918
5496
5806
6175
6291
6397
6490
6506
6954
6994
7871
8095
8117
8389
8921
9167
9438
9595
9891
10059
10095
10442
10506
11360
11854
11884
11908
12172
12429
12479
13340
13718
14111
14734
15020
15165
15854
15920
15938
16238
16456
16495
16499
16595
16674
16681
17384
17635
17691
17815
18152
18221
18473
18517
19905
20159
20296
20380
20422
20647
20671
20825
20855
20920
21037
21084
21138
21528
21543
21668
21679
21704
21860
21987
22046
22305
22420
22974
23136
23625
23896
24039
24076
24306
24795
25132
25194
25299
25395
25437
26178
26344
26384
26644
27119
27123
27550
27664
28096
28402
28673
29337
29373
29499
29632
29903
29933
29970
29991
30104
30128
30224
30434
30533
31044
31589
31989
32012
32016
32102
32186
32273
32951
33553
33659
33693
33854
33932
34148
34501
34975
35065
35089
35188
35224
35363
35462
36214
36391
36644
36714
36783
36877
37245
37385
37623
37688
37824
38039
38511
38764
38989
39001
39031
39061
39274
39283
39377
39571
39665
39866
39977
40001
40019
40152
40295
41743
41978
42047
42136
42145
42241
42394
42622
42665
42743
43318
43510
44240
44268
44932
44947
45256
45683
45797
46210
46223
46387
46401
46522
46574
Number of cuts: 214

UhSalsa
18
183
1108
1166
1369
1464
1901
1928
2016
2367
2469
2577
3015
3127
3221
3371
3836
3917
4370
4433
4478
4829
4918
5496
5806
6175
6291
6490
6506
6954
6994
7871
8095
8117
8389
8921
9167
9438
9595
9891
10059
10095
10442
10506
11360
11854
11884
12172
12429
12479
13340
13718
14111
14734
15020
15165
15854
15920
15938
16238
16456
16495
16499
16595
16674
16681
17384
17635
17691
17815
18152
18221
18473
18517
18638
19905
20159
20296
20380
20422
20647
20671
20825
20855
20920
21037
21084
21138
21528
21543
21679
21860
21987
22046
22305
22420
22974
23136
23625
23896
24039
24076
24307
24796
25133
25195
25300
25396
26179
26312
26345
26385
26645
27120
27124
27551
27665
28097
28403
28674
29336
29372
29498
29578
29631
30037
30157
30367
30466
30977
31922
31945
31949
32035
32119
32206
32884
33592
33626
33787
33865
34081
34443
34917
35007
35031
35130
35166
35305
35404
36156
36333
36586
36656
36725
36819
37187
37327
37385
37565
37630
37766
37981
38706
38931
38943
38973
39003
39216
39225
39316
39510
39604
39805
39916
39940
39958
40091
40225
41684
41919
41988
42077
42086
42182
42335
42563
42606
42684
43259
43451
44181
44209
44888
45197
45624
45738
46151
46164
46328
46342
46465
46517
Number of cuts: 203

Weasels2
298
350
1042
1915
2111
2122
2414
2470
2706
3023
3964
4024
4095
4353
4798
4890
5089
5204
5219
5263
5634
5660
5886
6133
6907
7046
7058
7816
8388
8946
8974
9013
9397
9530
9673
9757
11242
11473
11842
12374
12540
12745
12968
13394
13446
13806
14778
14859
15367
16225
16309
17459
18172
18199
18209
18282
18454
18490
19703
20060
21179
21213
21232
21489
21784
21965
22383
23273
23469
23614
23809
24312
25262
26119
26280
26862
26886
27831
28197
28316
28903
28955
29508
29522
30434
30990
31048
31199
31349
31648
32860
33506
33522
33551
34040
34070
34253
34453
35063
35504
36818
36950
39146
40530
40659
40896
41332
42283
42732
42759
42934
43157
43830
43904
44345
44478
44765
45015
45950
48376
49630
49721
50084
50339
51466
51961
52491
52514
52794
52843
53219
53603
53620
54262
54858
55002
55312
55537
55564
55624
55972
56050
56273
56635
57171
57190
58291
58451
58718
59057
59633
59713
59934
60624
61271
61362
61420
62076
62386
62929
62968
63307
63699
64402
64588
65160
65681
65789
66144
66308
66582
66612
67416
68201
68312
69229
69800
70988
71052
71137
71559
71714
72055
72239
72681
72717
72800
72952
73037
74081
74111
74858
75753
76338
76342
76480
76947
76999
77519
77742
77789
78272
78282
78453
78683
79084
79342
79538
79559
79637
80987
81038
81189
82312
82761
83118
83627
84055
84288
84298
84732
84817
85342
85680
86616
86627
86844
87414
87629
88341
88981
89091
89988
90079
91837
91898
92223
92440
92601
93135
93775
95107
95119
96253
96257
96659
96711
97549
97740
98170
98497
98587
98597
100289
100410
101372
101894
102444
102468
103193
103327
103503
104046
104630
104696
105891
106067
106461
107065
107464
107567
108021
108628
110560
110829
110990
111739
112006
112077
112286
112529
112591
112757
113016
114033
114182
114418
114526
114790
115384
115592
115602
115717
116044
116221
116712
118172
118781
118812
118862
119287
120089
120235
120589
120977
121094
121317
122516
122521
122528
122741
122957
124713
124874
125081
125235
125298
125881
126167
126577
126628
126870
127059
127324
127539
127602
128402
128456
128539
128925
129976
130820
131168
132003
132055
132747
133620
133816
133827
134119
134175
134411
134728
Number of cuts: 343

Yogi
18
183
1108
1166
1369
1464
1901
1928
2016
2367
2469
2577
3127
3221
3371
3836
3917
4370
4433
4829
4918
5447
5496
5806
6175
6382
6491
6513
6939
6979
8080
8102
8174
8395
8777
8889
9109
9135
9291
9406
9563
10027
10063
10157
10290
10474
10494
10509
11334
11828
11858
11882
12146
12403
13692
13991
15139
15828
15894
15912
15945
16212
16430
16469
16569
16750
17339
17358
17609
17665
18126
18195
18491
19338
19879
20133
20354
20396
20400
20621
20645
20894
21058
21112
21502
21517
21557
21795
21961
22000
22020
22279
22394
22948
23093
23599
23996
24013
24280
24488
25106
25168
25273
25369
26285
26318
26618
27093
27097
27253
27524
27638
28263
28376
28647
29311
29347
29473
29877
29907
29944
29965
30078
30102
30198
30408
30507
31018
31662
31788
31963
31986
31990
32076
32160
32247
32925
33527
33605
33633
33667
33677
33828
33906
34122
34472
34946
35036
35060
35159
35195
35334
35433
36185
36360
36402
36433
36702
36779
36995
37065
37134
37228
37596
37794
37974
38039
38175
38390
38862
39115
39340
39352
39382
39412
39493
39625
39728
39922
40016
40217
40328
40352
40370
40503
40637
40646
42094
42329
42398
42487
42496
42592
42745
42973
43016
43094
43518
43669
43861
44105
44591
44619
45298
45607
46133
46559
46721
46735
46908
Number of cuts: 210

Yoncess
18
183
1108
1166
1369
1464
1901
1928
2016
2367
2469
2577
3221
3371
3836
3917
4370
4433
4829
4918
5447
5496
5806
6175
6382
6491
6513
6939
6979
8080
8102
8174
8395
8777
8889
9109
9135
9291
9406
9563
10027
10063
10157
10290
10474
10494
10509
11334
11828
11858
12146
12403
13692
13991
14132
15139
15828
15894
15912
15945
16212
16430
16469
16569
16750
17339
17358
17609
17665
17713
18126
18195
18491
19338
19879
20270
20354
20396
20400
20540
20621
20645
20751
20894
21058
21112
21502
21517
21557
21795
21961
22020
22280
22395
22812
22949
23111
23600
23871
24014
24281
25107
25169
25274
25370
26286
26319
26619
27094
27098
27254
27525
27639
28264
28377
28648
29312
29348
29474
29607
29858
29882
29978
30188
30287
30798
31442
31743
31766
31770
31856
31940
32027
32705
33307
33385
33413
33447
33457
33608
33686
33902
34255
34729
34819
34843
34942
34978
35117
35216
35968
36145
36398
36468
36537
36631
36999
37139
37197
37377
37442
37578
37793
38265
38518
38743
38755
38785
38815
39028
39131
39325
39419
39532
39620
39731
39755
39773
39906
40040
40049
41498
41736
41805
41894
41903
41999
42152
42380
42423
42501
43077
43269
43513
43999
44027
44706
45015
45442
45556
45969
45982
46144
46158
46279
46331
Number of cuts: 206

