Alatin
42
77
89
574
943
1282
1599
4189
4908
5277
5730
6473
6749
6765
7276
7510
7696
7729
7996
8226
8254
8566
9174
9934
9957
10835
11470
11500
12818
12889
13784
14488
14675
15323
16294
16305
17934
18476
19176
19191
19923
20040
21642
21793
22132
22232
22762
23044
23660
25587
26355
26519
27086
27434
28001
28255
28316
29088
31840
32067
32638
33269
33629
33656
33813
35396
36037
36867
37091
37558
38226
38762
39002
39272
39386
39892
40101
40149
40430
40692
40771
42057
42843
43782
44385
44551
44870
45071
45278
45402
45422
45608
45700
Number of cuts: 93

Alpacados
42
77
89
422
574
943
1282
3852
4870
5692
6420
6696
6712
7027
7223
7676
8095
8216
9104
9864
9887
10711
11406
11436
12754
12825
13720
13831
14424
14611
15259
16230
16694
17423
17870
19127
19217
19859
20678
22520
22527
22601
22913
23529
24333
25492
25720
26181
26260
26561
26991
27888
27906
28160
28221
28717
28993
31663
31745
32543
32981
33174
33534
33561
33838
35298
35939
36760
36984
37451
38119
39279
39994
40253
40515
40594
41880
42666
43605
44208
44374
44693
44894
45101
45225
45245
45431
45523
Number of cuts: 88

AngryOrchard
42
77
89
572
623
938
1425
4853
5675
6403
6679
6695
7010
7206
7659
8078
8199
9087
9847
9870
10694
11389
11419
12737
12808
13703
14084
14407
14594
15242
16213
17853
18767
19110
19842
20661
20935
21465
21605
22626
22908
23524
23962
25452
25494
26383
26520
28119
28180
28952
31638
31865
32377
32871
33451
33606
36099
36920
37611
38279
38815
39439
40485
40746
41013
41578
42110
42907
43126
43538
43824
44427
44593
44912
45233
45377
45713
Number of cuts: 77

AppleCloud
77
338
418
738
839
1075
1305
1886
3607
4617
5439
6167
6290
6443
6459
6774
6970
7423
7842
8827
9587
9610
10599
11123
11153
12500
13749
14088
14453
14640
14693
15288
16259
16519
17899
19156
19246
19888
20707
21223
21382
21511
22328
22355
22982
23140
23165
23492
24339
25340
25462
26151
26230
26394
26531
27549
27858
27876
28130
28191
28429
28766
29042
31061
31419
31570
31797
33486
35123
35764
36585
36722
36809
37276
37944
38480
39104
39607
39816
40142
40409
41774
42560
43499
44102
44268
44587
44788
44995
45119
45139
45325
45417
Number of cuts: 93

Belenaria
42
77
89
574
943
1282
1599
4189
4908
5277
5730
6473
6749
6765
7276
7510
7696
7729
7996
8226
8254
8566
9174
9934
9957
10835
11470
11500
12818
12889
13784
14488
14675
15323
16294
16305
17934
18476
19176
19191
19923
20040
20742
21588
21739
22078
22584
22665
22977
23593
25387
25521
26289
26590
27020
27368
27935
28189
28250
28746
29022
31706
31933
32504
33135
33495
33522
33679
35271
35912
36733
36870
36957
37424
38092
38628
39252
39755
39964
40290
40557
41922
42708
43647
44250
44416
44735
44936
45143
45267
45287
45473
45565
Number of cuts: 93

BobbyDazzler
42
77
89
574
943
1282
1663
3961
4979
5771
5801
6529
6805
6821
7136
7332
7785
8204
8325
9213
9973
9996
10820
11515
11545
12863
12934
13829
13940
14533
14720
15368
16339
16803
17532
17847
17979
19236
19326
19968
20787
21591
22630
22637
22711
23023
23639
25566
25794
26255
26334
26635
27065
27962
27980
28234
28295
28791
29067
30554
31737
31819
32617
32932
33248
33608
33635
35375
36016
36837
37061
37528
38196
39356
40071
40119
40400
40491
40662
40741
42028
42771
42814
43753
44356
44522
44841
45042
45249
45373
45393
45579
45671
Number of cuts: 93

Bonanza
42
77
89
574
943
1282
1599
3890
4908
5730
6458
6734
6750
7065
7261
7714
8133
8254
9142
9902
9925
10749
11444
11474
12792
12863
13758
13869
14462
14649
15297
16268
16732
17461
17908
19165
19255
19897
20470
20716
21391
22558
22565
22639
22951
23567
24004
25494
25722
26183
26262
26563
26993
27908
28162
28223
28719
28995
30482
31665
31747
32545
32983
33176
33536
33563
33840
35300
35941
36498
36758
36792
37142
37279
37366
37833
38501
39661
40376
40424
40705
40967
41046
42332
43118
44057
44660
44826
45145
45346
45553
45677
45697
45975
46044
Number of cuts: 95

Bradshaw
42
77
89
574
943
1282
1599
4189
4908
5277
5730
6473
6749
6765
7276
7510
7696
7729
7996
8226
8254
8566
9174
9934
9957
10835
11470
11500
12818
12889
13784
14488
14675
15323
16294
16305
17934
18476
19176
19191
19923
20040
20742
21588
21739
22078
22584
22665
22977
23593
25520
26288
26452
26589
27019
27367
27934
28188
28249
29021
31773
32000
32571
33202
33562
33589
33746
35329
35970
36800
37024
37491
38159
38695
38935
39205
39319
39825
40034
40082
40363
40625
40704
41990
42776
43715
44318
44484
44803
45211
45335
45355
45541
45633
Number of cuts: 94

Bryce
42
77
89
574
943
1282
1599
3890
4908
5730
6458
6734
6750
7065
7261
7714
8133
8254
9142
9902
9925
10749
11444
11474
12792
12863
13758
14462
14649
15297
16268
16732
17461
17776
17908
19165
19255
19897
20716
21520
22559
22566
22640
22952
23568
25495
25723
26184
26263
26564
26994
27342
27909
28163
28224
28720
28996
31527
32325
32640
32956
33316
33343
33620
35083
35724
36545
36769
37236
37904
38440
39064
39779
39827
40108
40199
40370
40449
41736
42479
42522
43461
44064
44230
44549
44750
44957
45081
45101
45287
45379
Number of cuts: 91

ChewyVIII
216
1201
1208
1573
2037
2660
3658
4663
5911
6117
6272
9552
9651
13222
14471
14532
15254
16111
16682
16844
18136
18469
18684
19084
19232
21245
23860
24447
24610
24715
25221
26311
26405
26888
28699
29352
29482
30022
31090
31336
31651
32311
32492
34978
36246
38319
39256
40339
41250
43538
44911
45076
48032
48532
48798
48872
49103
49324
49468
50757
51111
51654
52836
53232
54989
55150
63371
63427
63620
63792
63879
64036
65426
65561
66294
66476
66570
66604
66690
67579
67661
67748
67904
68136
68148
68356
68790
68902
Number of cuts: 88

CosmicSans
42
77
89
574
943
1282
1599
4189
4908
5277
5730
6473
6749
6765
7276
7510
7696
7729
7996
8226
8254
8566
9174
9934
9957
10835
11470
11500
12818
12889
13784
14488
14675
15323
16294
16305
17934
18476
19176
19191
19923
20040
20742
21588
21739
22078
22584
22665
22977
23593
25520
25562
26288
26589
27019
27367
27934
28188
28249
29021
31773
32000
32571
33202
33562
33589
33746
35329
35970
36791
37015
37482
38150
38686
38926
39196
39310
39816
40025
40073
40354
40616
40695
41981
42767
43706
44309
44475
44794
44995
45202
45326
45346
45532
45624
Number of cuts: 95

Dinger
42
77
89
575
940
1277
1594
4904
5726
6454
6730
6746
7061
7257
7710
8129
8250
9138
9898
9921
10916
11440
11470
12788
12859
13754
14458
14645
15293
16264
16728
17547
17904
18818
19161
19893
20712
21064
21516
22148
22639
22648
23061
23576
25382
25504
26193
26272
26436
26573
27591
27900
27918
28172
28233
28471
28808
29084
31642
33431
33458
33613
33703
33828
34351
34704
36112
36352
36933
37070
37157
37624
38292
39452
40498
40760
41027
41773
42128
42443
42668
42925
43144
43556
43842
44445
44611
44930
45250
45394
45731
Number of cuts: 91

DocB7
1019
1157
1442
1529
1674
3240
3245
3591
3598
4209
4473
4626
4929
4940
5157
5169
6046
6088
6113
6140
6758
7009
7600
7676
8790
9276
9708
9759
10004
10097
11185
11281
11466
11485
11747
11892
12309
12528
12669
13071
13284
13814
14017
14372
14465
14589
14715
15186
15432
15476
15749
15870
16025
16643
16906
17379
17487
17962
17983
18001
18286
18604
18811
19195
19563
19671
19893
20019
20086
20392
20458
20491
20662
21058
21513
22729
23389
23979
24079
24298
24535
24859
25639
27573
27786
27858
28197
28344
28788
28973
29018
29073
29202
29501
30404
30425
30525
30809
31175
31262
31300
31450
32327
32405
32917
33430
33526
33720
33973
33988
34612
34675
35151
35259
35680
35745
35963
36116
36141
36360
37210
37821
38973
39086
39259
39739
39795
39905
40051
40170
40332
40551
40824
41664
41819
42031
42199
42796
42894
42933
43062
43467
43892
44376
44480
44535
44805
44838
44983
45012
45249
45291
45369
45478
46230
46286
46313
46411
46786
47403
47449
48127
48189
48285
48947
49071
49166
49831
49905
49932
49985
50030
50299
50503
50540
50892
50931
51135
52290
53056
53136
53671
53762
53963
54038
54379
54466
54598
55171
55240
55342
55366
55549
55585
56084
56122
56152
56268
56755
57250
57664
57802
57813
58178
58560
58593
59361
59416
60325
60874
61459
62044
62222
62312
62728
62747
62792
62932
63087
63438
63633
63738
64545
64564
64614
65018
65069
65238
65472
65688
66079
66129
66582
66636
66689
66995
67051
67429
67483
67622
67712
69254
70206
70271
70375
70611
70623
70846
71112
72104
73265
73448
73487
73586
73616
73888
74125
74140
74218
74874
74889
75322
Number of cuts: 262

E3
20
723
1236
1730
2622
2844
3797
4260
5285
6762
6774
7706
7753
8190
8942
9798
11349
11794
12355
12960
13401
13497
14056
14285
16775
16831
17931
18309
18423
25294
29107
30237
32397
32764
34520
34583
36257
36266
36293
36722
36866
38483
40931
41830
42626
43252
45048
47323
50140
51028
51210
52548
52913
53119
53214
53446
54332
55501
57177
57468
61180
61641
62928
63289
64521
64936
65571
67188
68183
68873
68988
69080
70067
70638
70679
72101
72474
72597
75940
76732
78885
80924
82230
84225
85370
85918
87211
87830
88235
88601
88930
89303
91149
91211
91385
91447
91540
91567
92157
92434
92686
93037
93352
93417
97102
97880
98661
100245
101150
103316
103580
105079
109127
110087
111061
111161
112328
112368
113523
114254
115351
116314
116787
117380
117819
119008
119913
122078
124083
126766
127149
129281
129934
131337
131941
132353
132991
133440
134986
135331
135403
138500
138793
140400
140950
141016
141839
Number of cuts: 147

Erik
42
77
89
574
943
1282
1599
4189
4908
5277
5730
6473
6749
6765
7080
7276
7510
7696
7729
7996
8226
8254
8566
9173
9933
9956
10834
11469
11499
12817
12888
13783
14487
14674
15322
16293
16304
17933
18475
19175
19190
19922
20039
20741
21587
21738
22077
22583
22664
22976
23591
25384
25518
26286
26587
27017
27365
27932
28186
28247
28743
29019
31705
31932
32503
32941
33134
33494
33521
33678
35261
35902
36723
36947
37414
38082
38618
38858
39128
39242
39748
39957
40005
40447
40526
41812
42598
43537
44140
44306
44625
44826
45033
45157
45177
45363
45455
Number of cuts: 97

Espica
42
77
89
574
943
1282
1599
4189
4908
5277
5730
6473
6749
6765
7276
7510
7696
7729
7996
8226
8254
8566
9174
9934
9957
10835
11470
11500
12818
12889
13784
14488
14675
15323
16294
16305
17934
18476
19176
19191
19923
20040
20742
21588
21739
22078
22584
22665
22977
23593
25387
25521
26289
26590
27020
27368
27935
28189
28250
28746
29022
31706
31933
32504
32942
33135
33495
33522
33679
35271
35912
36733
36870
36957
37424
38092
38628
39252
39755
39964
40290
40557
41922
42708
43647
44250
44416
44735
44936
45143
45267
45287
45473
45565
Number of cuts: 94

Finch
592
875
1160
2142
2605
3971
4878
6205
6506
9875
10086
10227
11789
13073
13569
14400
14902
15031
15435
15497
15884
16099
16507
16712
17069
17510
17615
18041
18109
18191
18383
19042
19555
19714
19924
20979
21199
22162
22510
23468
24094
24707
25056
25124
26062
26170
27187
27742
28194
28418
28512
29167
29328
30163
30258
30353
30865
31681
31746
34134
34161
35074
35239
35705
36168
36420
36740
36827
37724
37736
38642
38942
38996
39950
40804
41423
41480
43882
44410
44434
45445
46815
47006
47393
47505
48828
50425
50554
51379
51431
52660
52876
53512
53634
54838
55828
56280
56301
56839
59761
59794
60357
60665
62116
62469
63096
63443
63622
64186
64434
65259
65425
65445
65484
68384
69518
71431
71595
71831
74398
74707
74782
75059
76198
76291
77812
78140
78181
79487
79618
80262
81202
81234
81604
81610
81833
82585
82875
83096
83606
83732
84168
84677
85911
86021
86031
86139
87410
87444
88619
89199
89516
89545
89817
90431
90485
91500
91518
92558
92618
92662
93416
94140
95706
95788
96465
97368
98026
98799
99648
101380
102514
103670
103735
103817
104077
105032
105251
105416
107332
107341
107583
107668
108897
109235
109315
109566
110152
111302
112213
112257
112890
113371
114900
114998
115223
115279
115511
116107
116730
116773
117104
117274
117960
118236
119036
119597
122059
122373
123833
126409
126443
126913
127335
128262
128394
128708
129230
129585
130542
130568
130760
131306
132105
132231
133264
133373
133583
134730
135109
135508
138067
138481
138687
138859
138884
Number of cuts: 236

Gollum
42
77
89
574
943
1282
1599
4189
4908
5277
5730
6473
6749
6765
7276
7510
7696
7729
7996
8226
8254
8566
9174
9934
9957
10835
11470
11500
12818
12889
13784
14488
14675
15323
16294
16305
17934
18476
19176
19191
19923
20040
20742
21588
21739
22078
22584
22665
22977
23593
25386
25520
26288
26589
27019
27367
27934
28188
28249
28745
29021
31771
31998
32569
33007
33200
33560
33587
33744
35327
35968
36789
36926
37013
37480
38148
38684
39308
39967
40015
40296
40558
40637
41923
42709
43648
44251
44417
44736
44937
45144
45268
45288
45474
45566
Number of cuts: 95

Grayson
121
162
193
205
261
604
822
838
977
1109
1301
1553
1874
2483
3233
3581
3710
3805
3827
3841
3897
3921
3976
4138
4157
4311
4426
4919
5135
5522
5874
6031
6108
6140
6158
6221
6257
6297
6570
6825
6848
6997
7125
7626
7669
8162
8754
8834
8983
9110
9285
9870
10483
10628
10867
10955
10960
11033
11119
11442
11953
12293
12362
12407
12561
12717
12862
13448
13660
13905
13991
14405
14617
14648
15740
15869
15911
16713
17496
17537
17739
17757
17823
17928
17934
18807
19149
19187
19292
19504
19714
20118
20262
20961
21173
21351
21409
21469
21501
21909
22101
22220
22238
22937
23530
24143
24887
24892
25081
25202
25465
25527
25653
25711
25718
25984
26142
26198
26437
26478
27482
27520
27571
27681
27695
27772
27937
27960
28300
28508
28549
28969
29047
29230
29359
29506
29521
29719
29783
29947
31030
31293
31722
31845
31893
32349
32599
32684
32735
32997
33220
33567
33789
33856
33885
34120
34146
34173
34228
34247
34561
34980
35208
35304
35583
35691
35733
35867
36081
36696
36882
37358
37633
38162
38197
38257
38457
38674
38827
38882
39609
39829
40037
40074
40381
40611
41904
41997
42133
42271
42438
42447
42614
42775
42855
43429
43443
43558
43730
44365
44442
44607
44697
45131
45263
45363
45664
45765
45812
46329
46675
46791
46932
47181
47214
47544
47574
47784
47883
47925
48086
48441
48616
48672
48723
48921
48945
49023
49212
49244
49257
49526
49618
49674
49718
49875
49989
50064
50184
50205
50442
50526
50565
50583
50781
50832
50865
51006
51081
51181
51592
51786
51846
52054
52079
52211
52332
52494
52755
53129
53396
53431
54096
54408
54882
55017
55124
55176
55258
55375
55435
56612
56635
56671
56950
57001
57046
57324
57378
57726
58285
58758
59249
59352
59380
59571
59620
59653
60342
60641
60655
60864
61058
61112
62044
62364
62433
62718
62841
62916
62977
63008
63082
63280
63324
64300
64312
64417
64424
64490
64660
64772
64854
65074
65206
65389
65540
65605
65620
65670
65923
65936
66317
66557
66848
66867
66875
66944
67346
67458
67503
67638
67710
67747
67891
67993
68280
68391
68486
68582
68645
68726
69020
69160
69506
69695
70131
70345
70767
70905
71114
71277
71604
71691
71983
72020
72142
72243
72265
72361
72552
72780
72878
73292
73566
73842
73992
74036
74104
74124
74473
74575
74596
74608
74660
74725
74866
75145
75394
75405
75628
75701
75810
76214
76334
76368
77150
77526
77549
77593
77674
77931
78196
78389
78499
79014
79205
79223
79244
79597
79654
79782
79998
80136
80141
80355
80790
80883
80967
81024
81102
81230
82189
82358
82527
82619
82904
83584
83682
83722
84317
84489
84809
85102
85487
85850
85868
85998
86051
86418
86617
86931
87180
87423
87888
87894
87910
88696
89137
89708
89742
89888
90157
90349
90880
90915
90921
91019
91145
91302
91829
92271
92434
92785
92872
92895
93032
93127
93194
93414
93852
94168
94625
94821
95227
95296
95374
95574
95900
96678
96849
96881
97020
97541
97566
97689
98115
98124
98132
98176
98869
99360
99382
99528
99577
99758
99898
99916
100730
100763
100831
101076
101430
101675
101773
102195
102986
103015
103258
103479
103517
103831
103904
104046
104638
104891
105314
105319
105756
106156
106178
106272
106678
106845
107334
107670
107806
108192
108853
109004
109515
109576
109711
110125
110197
110306
110846
111255
111283
111589
111680
111869
112531
112832
113106
113944
114501
114599
114751
114785
115548
115750
115823
115880
116293
116397
116533
116569
116593
116803
117046
117137
117251
117638
117711
117766
117976
118078
118281
118582
118745
118923
119123
119200
119638
119759
119914
120282
120324
120396
120522
120621
120764
120947
121052
121350
121643
122499
123069
123104
123486
123603
123736
124171
124342
124517
124630
124684
124721
124822
125018
125221
125255
125270
125282
125519
125896
126347
127122
127260
127521
127913
128263
128822
129022
129063
129094
129106
129162
129505
129723
129739
129878
130010
130202
130454
130775
131384
Number of cuts: 618

Harlequin
42
77
89
574
943
1282
1599
3898
4000
4908
5730
6458
6734
6750
7065
7261
7714
8133
9118
9878
9901
10725
11420
11450
12768
12839
13734
14438
14625
15273
16244
16708
17437
17752
17884
19141
19231
19873
20692
21550
22589
22596
22670
22982
23598
25525
25753
26214
26293
26594
27024
27372
27939
28193
28254
28750
29026
31557
32355
32670
32986
33346
33373
33650
35113
35754
36575
36799
37266
37916
38568
39094
40137
40403
40520
41771
42514
42557
43496
44099
44265
44584
44785
44992
45116
45136
45322
45414
Number of cuts: 88

Hiro
42
77
89
574
943
1282
1599
3890
4908
5700
5730
6458
6734
6750
7065
7261
7714
8133
9118
9878
9901
10890
11414
11444
12791
14040
14379
14744
14931
14984
15579
16550
18190
19188
19432
19447
19537
20179
20998
21514
21673
21802
22619
22646
23273
23431
23456
23783
25780
26008
26469
26548
26849
27279
28194
28448
28509
29005
29281
30768
31951
32033
32831
33146
33462
33822
33849
35589
36230
37051
37275
37742
38410
39570
40285
40333
40614
40705
40876
40955
42242
42985
43028
43967
44570
44736
45055
45256
45463
45587
45607
45793
45885
Number of cuts: 93

Jace
312
410
1066
1177
2949
3318
3562
3675
3741
3963
4092
4328
4413
5134
5416
5631
6535
6831
7048
8774
9326
9386
10141
10503
11792
11855
12452
13490
13570
13742
13929
14417
14902
16327
17549
17656
18491
19502
20396
20705
21264
22410
23351
23705
24214
24565
24615
24750
24755
25690
25809
25950
26428
26766
27051
27425
27924
28160
28330
29818
29929
30545
30556
30844
32176
32422
32545
33072
33091
33126
33885
33891
33963
34671
35175
36069
36170
36332
36412
36642
36978
37154
37385
37534
37967
38445
38700
38753
39295
39499
39561
39728
39914
40138
40240
40421
40594
40741
41625
42854
42900
43740
43930
44082
44504
44573
44849
45186
45647
45687
45782
46406
46991
46998
47050
47063
47945
48215
48278
49108
49186
49405
49696
49808
50021
50699
50894
51311
51855
52389
52394
52627
52999
53105
53475
53553
53629
53707
53831
Number of cuts: 139

Jester
42
77
89
574
943
1282
1599
3898
4000
4908
5730
6458
6734
6750
7065
7261
7714
8133
9118
9878
9901
10890
11414
11444
12833
13728
14432
14619
14627
15267
16238
16498
17560
17878
19135
19225
19867
20686
21490
22520
22527
22601
22913
23529
25456
25684
26145
26224
26525
26955
27303
27870
28124
28185
28681
28957
31488
32286
32601
32917
33277
33304
33581
35044
35685
36506
36730
37197
37847
38499
39025
40068
40334
40451
41702
42445
42488
43427
44030
44196
44515
44716
44923
45047
45067
45253
45345
Number of cuts: 87

Krishelle
42
77
89
574
943
1282
1599
4189
4908
5277
5730
6473
6749
6765
7276
7510
7729
8148
9133
9893
9916
10905
11429
11459
12806
14055
14394
14759
14946
14999
15594
16565
16825
18205
19462
19552
20194
21013
21529
21688
21853
22670
22697
23324
23482
23507
23834
24681
25682
25804
26493
26572
26736
26873
27891
28200
28218
28472
28533
28771
29108
29384
32133
32360
32931
33562
33922
33949
34106
35689
36330
37160
37384
37851
38519
39055
39295
39565
39679
40185
40394
40442
40723
40985
41064
42350
43136
44075
44678
44844
45163
45364
45571
45715
45996
Number of cuts: 95

Lillie
42
77
89
574
943
1282
1599
4189
4908
5277
5730
6473
6749
6765
7276
7510
7696
7729
7996
8226
8254
8566
9174
9934
9957
10835
11470
11500
12818
12889
13784
14488
14675
15323
16294
16305
17934
18476
19176
19191
19923
20040
20742
21588
21739
22078
22584
22665
22977
23593
25520
25562
26288
26589
27019
27367
27934
28188
28249
29021
31773
32000
32571
33202
33562
33589
33746
35329
35970
36791
37015
37482
38150
38686
38926
39196
39310
39816
40025
40073
40354
40616
40695
41981
42767
43706
44309
44475
44794
44995
45202
45326
45346
45532
45624
Number of cuts: 95

Mahdia
2118
3194
9297
13433
15833
16364
17881
18701
30884
39792
40109
Number of cuts: 11

Naiad
42
77
89
574
943
1282
1599
4189
4908
5277
5730
6473
6749
6765
7276
7510
7696
7729
7996
8226
8254
8566
9174
9934
9957
10835
11470
11500
12818
12889
13784
14488
14675
15323
16294
16305
17934
18476
19176
19191
19923
20040
21588
21739
22078
22178
22708
22990
23606
25533
26301
26465
27032
27380
27947
28201
28262
29034
31786
32013
32584
33215
33575
33602
33759
35342
35983
36813
37037
37504
38172
38708
38948
39218
39332
39838
40047
40095
40376
40638
40717
42003
42789
43728
44331
44497
44816
45017
45224
45348
45368
45554
45646
Number of cuts: 93

Nancinator
42
77
89
574
943
1282
1599
4189
4908
5277
5730
6473
6749
6765
7276
7510
7696
7729
7996
8226
8254
8566
9174
9934
9957
10835
11470
11500
12818
12889
13784
14488
14675
15323
16294
16305
17934
18476
19176
19191
19923
20040
20742
21588
21739
22078
22584
22665
22977
23593
25387
25521
26289
26590
27020
27368
27935
28189
28250
28746
29022
31706
31933
32504
32942
33135
33495
33522
33679
35271
35912
36733
36870
36957
37424
38092
38628
39252
39693
39955
40034
41320
42106
43045
43648
43814
44133
44334
44541
44665
44685
44871
44963
Number of cuts: 93

Natosaleda
42
77
89
574
943
1282
1599
4189
4908
5277
5730
6473
6749
6765
7276
7510
7696
7729
7996
8226
8254
8566
9174
9934
9957
10835
11470
11500
12818
12889
13784
14488
14675
15323
16294
16305
17934
18476
19176
19191
19923
20040
20742
21588
21739
22078
22584
22665
22977
23593
25386
25520
26288
26589
27019
27367
27934
28188
28249
28745
29021
31705
31932
32503
32941
33134
33494
33521
33678
35270
35911
36732
36869
36956
37423
38091
38627
39251
39754
39963
40289
40556
41921
42707
43646
44249
44415
44734
44935
45142
45266
45286
Number of cuts: 92

Partridge
42
77
89
572
938
1275
1657
4967
5789
6517
6793
6809
7124
7320
7773
8192
8313
9201
9961
9984
10808
10979
11503
11533
12851
12922
13817
14521
14708
15356
16327
16791
17610
17967
18881
19224
19956
20775
21579
22211
22702
22711
23124
23343
23639
24077
25445
25603
26292
26371
26535
26672
27690
27999
28017
28271
28332
28570
28907
29183
31933
33746
33901
33991
34860
36400
37089
37226
37313
37781
37849
38449
39609
40655
40917
41184
42282
42841
43070
43271
43490
43902
44188
44791
44957
45276
45595
45739
46076
Number of cuts: 89

Pepy6
149
168
237
770
865
878
1268
2725
2833
2867
3073
3391
4654
4849
5116
5155
5242
5854
6025
6211
6510
6913
6946
7317
7372
7996
8116
8405
8836
9181
9475
9601
9760
9780
10543
10617
10811
10943
12221
12648
13239
13317
13353
13767
13847
14067
14594
14908
15431
15719
16055
16248
16276
16828
16991
17355
17565
17619
17730
17823
17886
18048
18173
18391
18406
18562
19258
19479
19595
20752
20764
20851
20977
21464
21512
21875
21914
22093
22166
22929
23606
23712
24222
24279
24415
25179
25221
25934
25996
26034
26341
26947
27263
27428
27512
27524
27662
27979
28519
30222
30306
30591
30624
31023
31311
31482
32214
32373
32810
33660
34140
34266
35630
35715
35823
35844
36041
36112
36413
36565
36674
36812
37541
37649
37664
38532
39014
39275
39319
39500
39646
40161
40351
40676
40795
41118
41216
41744
41843
41976
42321
42964
43080
43536
44265
44363
44391
44889
44931
45045
45082
45958
46650
47680
47689
47698
48175
48358
49647
49807
50228
50603
50877
51181
51965
52738
53563
53872
54042
54100
54105
54550
54811
55087
55092
55120
55165
55191
55552
55891
56258
56273
56437
56685
56758
56983
57357
57542
57559
57762
58457
58606
59271
59878
60004
60151
60166
60922
60981
61160
61174
61804
61998
62092
62544
62618
62686
62748
62862
63750
63781
64361
64464
64660
64975
65374
65621
66335
66704
67480
67496
67779
68787
68839
69082
69210
69811
69866
69879
70094
70351
71004
71569
72200
72272
72571
72841
73063
73076
73628
73703
73790
74270
74330
74492
74654
74669
74702
74741
74984
75041
75185
75230
75350
75479
75587
75638
75653
76064
76073
76193
76199
76405
76506
Number of cuts: 264

Peregrin
111
152
182
194
250
321
378
629
847
863
987
1002
1324
1576
1897
3189
3738
3855
3869
3914
4284
4632
4747
4963
5354
5712
5946
5978
5996
6059
6095
6132
6559
6982
7472
7539
8068
8148
8297
8424
8599
8991
9184
9797
10269
10274
10304
10316
10433
10756
11068
11721
12031
13219
13300
13305
13980
14294
14340
15098
15269
16312
16798
16908
17095
17136
17163
17356
17527
17602
18701
18739
18844
19056
19266
19670
19814
19941
20339
20517
20577
20637
20669
21075
21267
21386
21404
22103
22303
22696
23309
24461
25039
25230
25288
25295
25561
25644
25719
25775
26055
26563
26996
27034
27085
27136
27195
27209
27286
27451
27474
27814
28022
28063
28483
28561
28744
29020
29035
29233
29297
29758
30119
30988
31026
31158
31232
31326
31381
31466
31517
31543
31779
32002
32132
32349
32571
32638
32667
32907
32955
33029
33208
33543
33762
33969
34086
34278
34473
34515
34649
34863
34952
35080
35570
36140
36415
36550
36754
36944
36979
37039
37239
37456
37609
38390
38610
38818
38855
39161
39391
40777
40913
41051
41218
41394
41555
41635
41986
42209
42223
42338
42510
43145
43222
43477
43911
44043
44143
44270
44449
44474
44545
44592
45406
45455
45571
45712
45864
45961
46231
46324
46354
46564
46663
46705
46866
46884
46951
47077
47221
47396
47503
47546
47701
47725
47803
47992
48024
48037
48281
48306
48398
48501
48658
48751
48772
48847
48967
48988
49225
49309
49348
49366
49564
49615
49648
49801
49864
50569
50837
50862
50994
51115
51277
51345
51490
51538
51667
51912
52179
52231
52891
53191
53254
53665
53800
53907
53959
54041
54158
54183
54218
55412
55691
55745
56093
57125
57405
57616
57719
57747
57799
57938
57987
58709
58960
59008
59171
59425
59479
60411
60731
60800
61085
61208
61283
61344
61375
61449
61647
61691
62487
62679
63078
63190
63267
63272
63492
63624
63807
64023
64038
64088
64341
64354
64469
64541
64653
64754
65273
65300
65369
65771
65883
65928
66063
66135
66172
66316
66337
66418
66542
66705
66816
66911
67007
67151
67585
68236
68541
68755
69315
69524
69810
70060
70597
70608
70675
70771
70962
71190
71288
71759
71886
71976
72219
72249
72493
72607
72709
73057
73142
73360
73423
73477
73819
73969
74013
74101
74450
74552
74585
74637
74682
74702
74843
75122
75395
75517
75629
75702
75811
76480
76569
76625
76685
76880
77736
77803
77884
78037
78141
78404
78597
78707
79595
79634
79664
79804
79923
80120
80177
80304
80529
80672
80886
81277
81321
81414
81555
81633
81760
82157
82199
83019
83035
83575
84204
84376
84507
84572
84613
84629
84989
85045
85170
85406
85917
85970
86396
86536
86825
87099
87782
88170
89142
89176
89322
89591
89712
89726
90346
90352
90450
90576
90733
91260
91865
92047
92216
92303
92326
92474
92485
92845
93798
93836
93957
94621
94939
95711
95882
95914
96053
96572
96622
96955
97315
97731
97806
97828
97974
98023
98070
98603
98736
98747
98802
98823
98901
98979
99030
99293
99349
99372
99877
100295
100313
100735
101123
101156
101186
101224
101469
102098
102386
102446
103388
103417
103660
103881
103919
104306
104448
105042
105297
105598
105684
105735
105750
106092
106177
106577
106599
106648
106954
107121
107607
107943
108079
108610
108761
109274
109515
109786
109844
109858
109967
110782
110916
110944
111081
111751
112276
112677
112970
113082
113099
113275
113283
113860
113890
113943
114388
114505
114603
114755
114789
115292
115594
116079
116582
116655
116986
117101
117205
117341
117377
117401
117611
117854
117945
118059
118519
118574
118854
119057
119370
119845
120008
120386
120463
120638
120899
121074
121195
121344
121715
121757
121955
122054
122197
122365
122456
122523
122788
123748
124398
124419
124736
124771
125449
125576
126017
126365
126442
126478
126532
126569
126671
126870
127231
127279
127291
127383
128159
128297
128558
128878
129132
129481
129990
130180
130221
130251
130263
130319
130390
130447
130698
130916
130932
131056
131071
131393
131645
131966
Number of cuts: 618

Phrankenstein
42
77
89
574
943
1282
1599
4189
4908
5277
5730
6473
6749
6765
7276
7510
7696
7729
7996
8226
8254
8566
9174
9934
9957
10835
11470
11500
12818
12889
13784
14488
14675
15323
16294
16305
17934
18476
19176
19191
19923
20040
20742
21534
21685
22024
22530
22611
22923
23539
25466
25508
26234
26535
26965
27313
27880
28134
28195
28691
28967
31719
31946
32517
33148
33508
33535
35275
35916
36737
36874
36961
37428
38096
38632
38872
39142
39256
39762
39971
40019
40300
40562
40641
41927
42713
43652
44255
44421
44740
44941
45148
45272
45292
45478
45570
Number of cuts: 96

Pine5
7617
14590
16396
19620
20798
21722
34694
36883
44933
50936
58759
59086
59159
Number of cuts: 13

Poco6
149
865
878
1238
1539
1805
3056
3674
3710
3806
4069
4094
4155
4615
5080
5898
6423
7096
7489
7624
7915
8512
8719
10000
10051
10211
10497
10552
11194
11206
11351
11481
11836
11991
12612
12864
13157
13191
13211
13640
13862
14047
14241
14760
15393
15416
15675
16690
16768
16804
17218
17298
17651
18003
18191
18479
18644
18815
19267
19285
19471
20030
20369
20819
20994
21323
21698
21704
22599
22873
22984
22999
23062
23182
23224
23486
23534
23552
23642
23897
23936
24115
24191
24616
25040
25119
25197
25533
25619
25725
26235
26292
26428
26651
26745
27087
27192
27234
27947
27973
28009
28240
28354
29020
29351
29624
29681
29877
29998
30493
32241
32625
32760
32901
33177
33630
34433
34605
34835
35607
36267
37244
37737
37845
37866
38063
38134
38587
38696
39347
40283
40295
40813
41075
41297
41341
41530
41754
42711
42868
43780
44115
44763
44900
45362
45853
45861
46101
46227
46697
46741
46767
46897
47545
48057
48230
48658
48678
48852
49311
50037
51153
51743
52145
52404
52615
53255
53269
53474
55071
55380
55550
55608
55613
55753
56010
56028
56058
56080
56319
56541
56600
56673
56699
57399
57766
57781
57945
58354
59138
59155
59475
59874
60450
60830
61050
61304
62325
63012
63464
63540
64179
64599
64991
65210
65313
65965
66052
66121
66403
66793
67002
68612
68945
69457
69753
69893
69998
70169
70632
70876
71112
71132
71187
71200
71296
71617
72007
72267
72832
73428
73534
73833
74965
75094
75268
75478
75493
75532
75601
75790
75916
76252
76309
76342
76453
76498
76573
76618
76747
76843
76855
76894
76921
77341
77461
77467
77673
77774
Number of cuts: 259

Rasputin
42
77
89
574
943
1282
1599
4189
4908
5700
5730
6458
6734
6750
7065
7261
7714
8134
8255
9143
9903
9926
10590
11439
11469
12787
12858
13753
13864
14457
14644
15292
16263
16727
17456
17771
17903
19160
19892
20711
22554
22561
22635
23048
23563
24001
25357
25491
26259
26560
26990
27338
27905
28159
28220
28716
28992
31744
31971
32542
33173
33533
33560
33717
35300
35941
36762
36986
37453
38121
38657
38897
39167
39281
39787
39996
40044
40325
40587
40666
41952
42738
43677
44280
44446
44765
44966
45173
45297
45317
45503
45595
Number of cuts: 92

RER2
42
77
89
574
943
1282
1599
4189
4908
5277
5730
6473
6749
6765
7276
7510
7696
7729
7996
8226
8254
8566
9174
9934
9957
10835
11470
11500
12818
12889
13784
14488
14675
15323
16294
16305
17934
18476
19176
19191
19923
20040
20742
21588
21739
22078
22584
22591
22665
22977
23593
24397
25520
25748
26209
26288
26589
27019
27934
28188
28249
28745
29021
30508
31773
32000
32571
33562
33589
35329
35970
36791
37015
37482
38150
38686
38926
39196
39310
39816
40025
40073
40354
40616
40695
41981
42767
43706
44309
44475
44794
44995
45202
45326
45346
45532
45624
Number of cuts: 97

RexFury
42
77
89
574
654
974
1313
1630
4220
4939
5308
5761
6504
6780
6796
7307
7541
7727
7760
8027
8257
8285
8597
9205
9965
9988
10866
11501
11531
12849
12920
13815
14217
14519
14706
15354
16325
16336
17965
18507
19207
19222
19954
20071
20773
21619
21770
22109
22615
22696
23008
23624
25417
25551
26319
26620
27050
27398
27965
28219
28280
28776
29052
31804
32031
32602
33233
33593
33620
33777
35360
36001
36822
36959
37046
37513
38181
38717
39341
39844
40053
40379
40646
42011
42797
43736
44339
44505
44824
45025
45232
45356
45376
45562
45654
Number of cuts: 95

RGL3
77
89
671
1600
2860
4859
5732
6366
6466
6532
6589
6755
7691
7719
8216
8556
8976
9140
9422
9503
9926
10161
12757
13246
14190
14646
15481
15662
16458
17255
18507
18519
19341
20241
20771
21138
22840
22963
23506
25077
25089
26193
26824
26950
27215
27385
29237
29368
29960
30044
31934
33158
33775
34070
34235
35225
37029
37426
37436
40120
41301
41335
41383
41660
42737
42754
43623
44180
44583
45018
45145
45418
46109
46128
46451
46826
48016
Number of cuts: 77

Rhodalysa
42
77
89
574
943
1282
1599
4189
4908
5277
5730
6473
6749
6765
7276
7510
7696
7729
7996
8226
8254
8566
9174
9934
9957
10835
11470
11500
12818
12889
13784
14488
14675
15323
16294
16305
17934
18476
19176
19191
19923
20040
20742
21588
21739
22078
22584
22665
22977
23593
25520
25562
26288
26589
27019
27367
27934
28188
28249
29021
31773
32000
32571
33202
33562
33589
33746
35329
35970
36791
37015
37482
38150
38686
38926
39196
39310
39816
40025
40073
40354
40616
40695
41981
42767
43706
44309
44475
44794
44995
45202
45326
45346
45532
45624
Number of cuts: 95

StCroix
42
77
89
574
943
1282
1599
4189
4908
5277
5730
6473
6749
6765
7276
7510
7696
7729
7996
8226
8254
8566
9174
9934
9957
10835
11470
11500
12818
12889
13784
14488
14675
15323
16294
16305
17934
18476
19176
19191
19923
20040
21588
21739
22078
22178
22708
22990
23606
25533
26301
26465
27032
27380
27947
28201
28262
29034
31786
32013
32584
33215
33575
33602
33759
35342
35983
36813
37037
37504
38172
38708
38948
39218
39332
39838
40047
40095
40376
40638
40717
42003
42789
43728
44331
44497
44816
45017
45224
45348
45368
45554
45646
Number of cuts: 93

Swann
42
77
89
574
943
1282
1599
4189
4908
5277
5730
6473
6749
6765
7276
7510
7696
7729
7996
8226
8254
8566
9174
9934
9957
10835
11470
11500
12818
12889
13784
14488
14675
15323
16294
16305
17934
18476
19176
19191
19923
20040
21588
21739
22078
22584
22665
22977
23593
25386
25520
26288
26589
27019
27367
27934
28188
28249
28745
29021
31771
31998
32569
33200
33560
33587
35327
35968
36789
37013
37480
38148
38684
38924
39194
39308
39814
40023
40071
40352
40614
40693
41979
42765
43704
44307
44473
44792
44993
45200
45324
45344
45530
45622
Number of cuts: 94

Takoda
42
77
89
572
623
938
1425
1592
4900
5722
6450
6726
6742
7057
7253
7706
8125
8246
9134
9894
9917
10735
11430
11460
12778
12849
13744
14125
14448
14635
15283
16254
17894
18808
19151
19883
20702
20976
21506
21646
22667
22949
23565
24003
24370
25493
25535
26261
26562
28161
28222
28994
31680
31907
32419
33466
33493
33648
36153
36974
37665
38333
38869
39493
40539
40629
40800
41067
41632
42164
42961
43180
43746
44032
44635
44801
45120
45441
45585
45852
45921
Number of cuts: 81

Trina
300
315
331
479
490
629
641
697
2053
2399
2488
2737
2757
2794
2831
3209
3391
4304
5307
5875
5965
6089
6463
7947
8074
8718
9130
9633
10186
11912
12459
12807
13203
13301
13407
13506
14129
14716
15025
15120
15600
16022
16159
16489
17007
17663
18094
18293
18416
19152
19176
19303
19338
19756
19796
19806
19950
20025
20241
21102
21590
21760
21975
22354
22361
22600
22982
23051
23135
23315
23339
24538
24825
25260
25628
25800
25875
25894
25960
27133
27274
27700
27728
27821
28428
28445
28871
29052
29290
29508
29760
30264
30489
30766
30840
30969
31155
31286
31458
31782
31789
31989
32387
32514
33017
33196
33266
33644
33839
34081
34290
34422
34596
35043
35070
35157
35583
35700
35718
35784
36069
36390
36623
36830
36858
37156
37450
37493
37658
38066
38706
39511
39609
39707
40298
41158
41218
41323
41408
41558
41792
41910
42084
42109
42727
42766
42802
42937
43024
43107
43201
43313
43449
43609
43706
43868
43937
44273
44361
44453
44579
44756
44879
44918
45158
45218
45287
45296
45311
45389
45497
45827
45837
46016
46151
46193
46271
46346
46388
46514
46634
46832
46946
47210
47300
47369
47443
47546
47773
48163
48173
48206
48305
48479
48686
48692
48704
48755
48827
49097
49553
49853
50189
50330
50833
51255
52866
53493
53526
54018
54250
54555
54954
55485
55694
55799
56029
56345
56483
56552
57044
57198
57449
57770
57784
57962
58121
58155
58397
58616
58943
59178
59289
59516
59990
60167
60200
60509
60739
60825
61006
61193
61366
61431
61725
63131
63142
63176
63359
63571
63602
64002
64277
64462
64691
65363
65480
65726
65882
66132
66867
67068
67191
67674
67731
67776
67785
67915
68607
68853
69273
69413
69773
69918
70212
70687
71001
71116
71241
71460
72533
72737
72818
72944
72992
73166
73213
73401
73547
73602
73624
73994
74927
75368
75541
75710
76167
76506
76559
76574
76790
76909
76951
77029
77209
77927
78189
78757
78846
79790
79996
80334
81923
82600
82963
83026
83363
83813
84100
84232
84415
84539
85047
85170
85341
85731
85754
86505
86754
86811
87714
87786
88452
88774
88821
89043
89133
89403
90098
90261
90370
90542
91165
91204
91402
91950
92229
92307
92688
93230
93402
93411
93954
94042
94164
94380
94622
95484
95578
95890
96072
96468
96565
96641
96682
97092
97362
97403
97423
97668
98018
98223
98565
98690
99178
99278
99446
99868
100244
100270
100674
101430
102529
102574
102940
103035
103270
103298
104078
104535
104747
104780
104956
105189
105742
105816
108109
108139
108437
109186
109461
110204
110282
110435
110868
111021
111088
111742
111879
111996
112064
112132
112573
114148
114197
114603
115647
115722
115877
116140
116156
116258
116566
116835
117211
117841
118019
118416
119010
119376
119392
120215
120782
120932
121774
122163
122245
122438
123018
123334
123440
124252
124262
124894
125077
125122
125409
125448
125461
126322
126360
126394
126664
126711
126866
127037
127109
127239
127406
128306
129160
129251
129734
130197
130914
131193
132230
132358
133525
133711
134200
134662
135707
136012
136249
136702
136717
136733
136881
136892
137031
137043
137099
138455
138801
138890
139139
139159
139196
139233
Number of cuts: 490

TWAMP
42
77
89
574
943
1282
1599
4189
4908
5277
5730
6473
6749
6765
7276
7510
7696
7729
7996
8226
8254
8566
9174
9934
9957
10835
11470
11500
12818
12889
13784
14488
14675
15323
16294
16305
17934
18476
19176
19191
19923
20040
20742
21588
21739
22078
22584
22665
22977
23593
25520
25562
26288
26589
27019
27367
27934
28188
28249
29021
31773
32000
32571
33202
33562
33589
33746
35329
35970
36791
37015
37482
38150
38686
38926
39196
39310
39816
40025
40073
40354
40616
40695
41981
42767
43706
44309
44475
44794
44995
45202
45326
45346
45532
45624
Number of cuts: 95

UhSalsa
42
77
89
574
943
1282
1599
4189
4908
5277
5730
6473
6749
6765
7276
7510
7696
7729
7996
8226
8254
8566
9174
9934
9957
10835
11470
11500
12818
12889
13784
14488
14675
15323
16294
16305
17934
18476
19176
19191
19923
20040
20742
21588
21739
22078
22584
22665
22977
23593
25387
25521
26289
26590
27020
27368
27935
28189
28250
28746
29022
31706
31933
32504
32942
33135
33495
33522
33679
35271
35912
36733
36870
36957
37424
38092
38628
39252
39755
39964
40290
40557
41922
42708
43647
44250
44416
44735
44936
45143
45267
45287
45473
45565
Number of cuts: 94

Weasels2
146
346
640
763
1244
1749
1878
1888
2203
2394
3537
3594
3644
3683
3772
3850
4254
4323
4438
4782
5058
5152
5282
5317
5559
5807
6087
6155
6287
6767
6879
7632
7699
7812
7852
7941
8105
8257
8354
8412
9069
9298
9304
9818
10261
10702
10715
10911
10952
10990
11245
11338
11364
11600
11623
12095
12316
12689
12964
13721
14108
14225
14311
14588
14982
15277
16041
16212
16742
17004
17882
17934
17970
18105
18473
19043
19088
19302
19923
20149
20397
20793
20877
20958
21109
21121
21369
21510
21582
21695
21894
22017
22720
22956
22961
23103
24467
24782
25045
25107
25233
25291
25298
25564
25722
25778
26017
26058
26499
26754
26848
27135
27450
27901
28021
28482
28560
28743
29019
29034
29232
29254
29296
29325
30332
30470
30904
31077
31430
31536
31723
31995
32049
32081
32087
32216
32296
32636
32829
32943
32959
33077
33089
33165
33176
33398
33648
33755
33782
33856
34057
34080
34370
34409
34419
34550
34589
34709
34844
34874
34913
35342
35476
35561
35690
36305
36491
36759
36930
37180
37256
37261
37407
37706
37790
37798
37825
37948
38085
38539
39135
39239
39647
39701
39720
39767
39891
40820
40887
40974
41647
41932
41952
42151
42617
42735
42868
43205
43384
43748
43970
43992
44288
44300
44321
44849
45006
45412
45691
45930
46076
46221
46247
46289
46342
47192
47261
47375
47471
47647
47926
48068
48302
48335
48796
48809
49078
49267
49424
49538
49590
49688
49706
49733
49754
49874
49991
50132
50381
50414
50555
50630
50975
51102
51350
51410
51621
51646
51899
52129
52154
52225
52322
52696
52850
52963
53434
54247
54379
54665
54706
54916
54941
54976
55938
56083
56094
56384
56415
56473
56524
56657
56795
57442
57929
58008
58083
58101
58377
58766
58869
58897
59088
59170
59179
59332
60483
60500
60521
60531
60581
60635
61106
61554
61667
61877
62354
62429
62490
62840
63025
63129
63630
63950
64009
64182
64357
64376
64594
65189
65253
65608
65909
66289
66434
66450
66552
66651
66944
67135
67262
67331
67947
68010
68073
68633
68729
68741
68937
68983
69019
69242
69371
69381
69550
69767
70327
70535
70698
70821
71112
71436
71695
71873
71879
72021
72437
72585
72727
73166
73172
73265
73295
73483
73537
73655
74007
74084
74297
74462
74508
75086
75104
75251
75417
75628
75927
76056
76305
76605
77036
77136
77225
77771
78456
79064
79365
79466
79519
79729
79922
80000
80361
80428
80735
81229
81654
82015
82056
82164
82169
82261
82366
83802
84015
84058
84090
84474
84552
84644
84940
85005
85143
85836
86034
86041
86252
86630
87065
87217
87420
87690
87958
88204
88616
88653
89034
89217
89584
89622
89628
89783
90069
90233
90362
90467
90482
90506
90533
90560
90581
90712
90956
91095
91173
91379
92562
92596
92742
92777
93050
93192
93283
94348
94383
94389
94487
94563
94613
94770
95215
95975
96450
96628
96655
97051
97146
97213
97433
97743
98450
98493
98884
98911
99031
99315
99597
99977
100027
100254
100285
100457
100709
101018
101147
101541
101583
101609
101646
102204
102287
102617
103189
103204
103213
103243
103317
103415
103447
104052
104272
104313
104322
104415
104564
104653
104803
104809
105639
105736
105848
106225
106254
106483
106500
106629
106758
107301
107951
108042
108225
108272
108510
109090
109466
109923
110042
110075
110206
110296
110426
110862
110984
111055
111825
111847
112073
112278
112313
113436
113898
113995
114090
115094
115145
115288
115588
115650
115736
116140
116203
116571
117008
117223
117249
117343
117408
117941
118168
118491
118735
118808
118865
118938
119252
119750
120020
120132
120342
120473
121123
121233
121380
121593
121925
121992
122049
122233
122428
122512
122812
122829
122907
123009
123037
123203
123669
123816
123831
123931
124454
124607
124653
124709
124899
125142
125181
125824
126276
126307
126536
126640
126699
127570
127658
127911
127918
128135
128280
128307
128526
128612
129946
130238
130320
130753
131003
131175
131223
131593
131600
131619
131851
132051
132345
132468
132949
133454
133583
133593
133908
134099
Number of cuts: 622

Yogi
42
77
89
574
943
1282
1599
3890
4908
5730
6458
6734
6750
7065
7261
7714
8133
8254
9142
9902
9925
10749
11444
11474
12792
12863
13758
13869
14462
14649
15297
16268
16732
17461
17908
19165
19255
19897
20470
20716
21391
22558
22565
22639
22951
23567
24004
25494
25722
26183
26262
26563
26993
27908
28162
28223
28719
28995
30482
31665
31747
32545
32983
33176
33536
33563
33840
35300
35941
36498
36758
36792
37142
37279
37366
37833
38501
39661
40376
40424
40705
40967
41046
42332
43118
44057
44660
44826
45145
45346
45553
45677
45697
45975
46044
Number of cuts: 95

Yoncess
42
77
89
574
943
1282
1599
3890
4908
5700
5730
6458
6734
6750
7065
7261
7714
8133
8254
9142
9902
9925
10749
11444
11474
12792
12863
13758
14462
14649
14656
15297
16268
16732
17461
17776
17908
18870
19165
19255
19897
20716
21520
22559
22566
22640
22952
23568
25495
25723
26184
26263
26564
26994
27585
27909
28163
28224
28720
28996
31445
31527
32325
32956
33316
33343
35083
35724
36545
36769
37236
37904
39064
39779
39827
40108
40199
40370
40449
41739
42482
42525
43465
44068
44234
44553
44754
44961
45085
45105
45291
45383
Number of cuts: 92

