Alatin
2337
5656
8591
9911
10135
25437
27514
27799
28748
38728
38765
40297
40599
41413
44228
45007
45035
45144
Number of cuts: 18

Alpacados
2299
5618
10065
21570
27419
27704
28653
38621
38658
40120
40422
44051
44830
44858
44967
Number of cuts: 15

AngryOrchard
2282
2639
22120
27663
28612
33227
38781
38818
40352
42428
42910
46441
Number of cuts: 12

AppleCloud
2046
2403
9788
28702
38446
38483
43945
44724
44752
44861
Number of cuts: 10

Belenaria
2337
5656
8591
9911
10135
25371
27448
27733
38594
38631
44093
44872
44900
45009
Number of cuts: 14

BobbyDazzler
2408
5727
21679
27493
27778
28727
38698
38735
40267
40569
44199
44978
45006
45115
Number of cuts: 14

Bonanza
2337
5656
10103
21608
27421
27706
28655
39003
39040
39501
40572
40874
45282
45310
45419
Number of cuts: 15

Bradshaw
2337
5656
8591
9911
10135
25370
27447
27732
28681
38661
38698
40230
40532
41346
44161
44940
44968
45077
Number of cuts: 18

Bryce
2337
5656
21608
27707
28656
38406
38443
39975
40277
43907
44686
44714
44823
Number of cuts: 13

ChewyVIII
6824
8357
22055
22576
24372
29870
30005
36141
43916
46550
50819
53776
59817
63019
66730
68617
69161
Number of cuts: 17

CosmicSans
2337
5656
8591
9911
10135
27447
27732
28681
38652
38689
40221
40523
44152
44959
45068
Number of cuts: 15

Dinger
2333
2690
28744
37098
38794
40365
42446
42928
46461
Number of cuts:  9

DocB7
235
2697
6713
14859
20712
23904
38013
41079
44166
44546
46336
49435
49756
52129
54482
55266
56320
63274
65183
71212
Number of cuts: 20

E3
1162
3121
7255
10063
11505
13186
13331
16355
17012
17382
18478
23927
41256
41463
44431
44579
46678
53975
56675
58836
63949
67802
68097
68112
74691
78102
78435
82956
85092
90319
91450
92140
94616
97034
101619
102780
103166
105073
109667
112371
117613
118051
118860
120409
126336
139148
140787
142451
Number of cuts: 48

Erik
2337
5656
8591
9910
10134
25368
27445
27730
38584
38621
40153
40354
43983
44790
44899
Number of cuts: 15

Espica
2337
5656
8591
9911
10135
25371
27448
27733
38594
38631
44093
44872
44900
45009
Number of cuts: 14

Finch
13843
14593
15947
17911
20633
21151
22300
22367
24885
28911
32075
35853
45367
46948
47296
50925
52578
53277
53654
56161
57418
57935
61760
61921
66265
67789
68945
74082
76625
76886
82055
84950
85061
92605
93917
95036
95493
101778
103596
104871
104892
106290
108651
113912
117227
117865
120214
122291
123700
124019
124280
127886
Number of cuts: 52

Gollum
2337
5656
8591
9911
10135
25370
27447
27732
38650
38687
40163
40465
44094
44873
44901
45010
Number of cuts: 16

Grayson
890
909
2529
3574
5631
6558
8482
10096
10531
16630
20102
22352
22429
23166
23816
23968
25284
26856
27057
33119
35136
38471
39543
40298
41660
43421
44714
47999
49339
49529
55006
55881
56482
70233
71242
71767
73479
76906
77257
77865
81270
81596
81898
82361
83240
85666
87320
87655
91510
93080
94384
95692
96396
99410
100706
101098
103206
103743
105713
108295
112153
115769
118151
119371
120193
121756
122109
124111
125331
129791
129810
131430
Number of cuts: 72

Harlequin
2337
21638
27737
28686
38473
43942
44721
44749
44858
Number of cuts:  9

Hiro
2337
5656
10079
27707
27992
28941
38912
38949
39410
40783
44413
45192
45220
45329
Number of cuts: 14

Jace
1492
1633
2023
7039
7094
8164
17060
18933
20643
21652
25500
27704
35693
43549
44458
44977
46818
49210
49295
49896
52249
Number of cuts: 21

Jester
2337
10079
21578
27668
28617
38404
43873
44652
44680
44789
Number of cuts: 10

Krishelle
2337
5656
10094
29044
39021
39058
40590
40892
41706
44521
45300
45328
45437
Number of cuts: 13

Lillie
2337
5656
8591
9911
10135
27447
27732
28681
38652
38689
40221
40523
44152
44959
45068
Number of cuts: 15

Mahdia
32581
Number of cuts:  1

Naiad
2337
5656
8591
9911
10135
25383
27460
27745
28694
38674
38711
40243
40545
41359
44174
44953
44981
45090
Number of cuts: 18

Nancinator
2337
5656
8591
9911
10135
25371
27448
27733
38594
38631
39560
39862
43491
44270
44298
44407
Number of cuts: 16

Natosaleda
2337
5656
8591
9911
10135
25370
27447
27732
38593
38630
44092
44871
44899
45008
Number of cuts: 14

Partridge
2396
2753
21667
25417
28843
37254
38951
40522
42600
43274
46806
Number of cuts: 11

Pepy6
15672
23208
29816
45559
54989
59844
60187
60690
71019
75862
76319
Number of cuts: 11

Peregrin
3602
4191
4836
9410
9649
9845
14171
16229
19566
19654
21518
21595
22811
22982
23134
24134
24858
26433
26634
31901
33918
38324
39079
42201
44955
46779
48119
48309
53789
54664
55265
61003
63532
68323
68995
69652
74291
74466
75845
77113
77467
78075
81801
82395
83133
88160
88279
90941
92429
93589
94563
94740
95429
97457
97856
98371
100366
101099
101627
103608
104083
104145
106134
106209
109241
111725
117057
120396
122632
122668
123911
125957
127119
127306
Number of cuts: 74

Phrankenstein
2337
5656
8591
9911
10135
27393
27678
38598
38635
40167
40469
44098
44877
44905
45014
46384
Number of cuts: 16

Pine5
3348
6034
25641
27346
36567
39601
44277
46645
46924
48283
Number of cuts: 10

Poco6
68
3693
14166
25221
27484
31835
49106
55199
56809
61388
71982
77587
77927
Number of cuts: 13

Rasputin
2337
5656
10104
21603
25121
27418
27703
38623
38660
40192
40494
44123
44902
44930
45039
Number of cuts: 15

RER2
2337
5656
8591
9911
10135
27447
27732
28681
38652
38689
40221
40523
44152
44931
44959
45068
Number of cuts: 16

RexFury
2368
5687
8622
9942
10166
25181
27478
27763
38683
38720
44182
44961
44989
45098
Number of cuts: 14

RGL3
814
2339
9418
10104
14575
17169
22256
28749
34355
38472
39443
41716
45797
Number of cuts: 13

Rhodalysa
2337
5656
8591
9911
10135
27447
27732
28681
38652
38689
40221
40523
44152
44959
45068
Number of cuts: 15

StCroix
2337
5656
8591
9911
10135
25383
27460
27745
28694
38674
38711
40243
40545
41359
44174
44953
44981
45090
Number of cuts: 18

Swann
2337
5656
8591
9911
10135
25150
27447
27732
38650
38687
40219
40521
44150
44929
44957
45066
Number of cuts: 16

Takoda
2329
2686
10095
22161
27705
28654
38835
38872
40406
42482
42964
46651
Number of cuts: 12

Trina
16
1106
3693
4452
5494
5500
5686
5840
7873
16648
18793
21399
23775
25017
25539
28022
34548
36502
41062
42362
43528
45472
47479
51006
51025
52038
54187
60797
61248
62223
64109
66712
71040
74773
75577
76377
76730
77868
80032
82465
83721
88692
88883
89853
95516
99248
99371
100878
101247
102463
110712
114279
116617
117161
118308
125571
125885
126562
126947
127507
131036
134327
134537
136418
137508
Number of cuts: 65

TWAMP
2337
5656
8591
9911
10135
27447
27732
28681
38652
38689
40221
40523
44152
44959
45068
Number of cuts: 15

UhSalsa
2337
5656
8591
9911
10135
25371
27448
27733
38594
38631
44093
44872
44900
45009
Number of cuts: 14

Weasels2
1336
4795
5779
9246
9426
10317
10396
10866
11309
13482
13981
16921
17418
18420
20954
21117
24864
26641
31189
38099
38234
38379
38675
39922
41204
43622
44506
48891
49081
54547
59701
64360
72170
73511
78233
80111
82415
82555
85952
86394
88832
91565
93758
94978
96136
96833
97099
97965
99826
102603
102620
104436
106662
106952
107911
110257
111567
112395
113806
114372
114702
118425
121492
122146
122623
123745
129103
129216
133041
Number of cuts: 69

Yogi
2337
5656
10103
21608
27421
27706
28655
39003
39040
39501
40572
40874
45282
45310
45419
Number of cuts: 15

Yoncess
2337
5656
21608
27422
27707
28656
38406
38443
39975
40277
43911
44690
44718
44827
Number of cuts: 14

