Alatin
2179
2935
3450
4749
8943
10737
11083
13573
13651
14893
15175
18393
26444
27081
27878
30330
30459
33806
34665
43652
43815
44517
Number of cuts: 22

Alpacados
2897
3412
4711
7831
8545
8873
10326
11019
13509
14829
15111
17698
18329
18406
19783
25455
26986
27783
31084
34567
38847
43475
43638
44340
Number of cuts: 24

AngryOrchard
2124
2880
3395
4694
7814
8528
8856
10309
11002
13492
14460
14812
15094
18312
19766
20227
23331
26249
26945
27742
30128
30257
30977
32677
34727
40935
42602
43697
43857
44331
44559
Number of cuts: 31

AppleCloud
2644
3159
7578
8292
8596
10049
10736
13616
14494
14858
15140
18358
19812
20273
26319
26956
27753
30060
30189
30909
38672
40463
43369
43532
44234
Number of cuts: 25

Belenaria
2179
2935
3450
4749
8943
10737
11083
13573
13651
14893
15175
18393
27015
27812
30196
30325
31045
33672
34540
38820
40611
43517
43680
44382
Number of cuts: 24

BobbyDazzler
1257
3006
3521
4820
7940
8654
8982
10435
11128
13618
13696
14938
15220
17807
18438
18515
19892
27060
27857
31158
34644
38924
43623
43786
44488
Number of cuts: 25

Bonanza
2179
2935
3450
4749
7869
8583
8911
10364
11057
13547
14867
15149
17736
18367
18444
19821
26988
27785
31086
34569
39229
43927
44090
44792
Number of cuts: 24

Bradshaw
2179
2935
3450
4749
8943
10737
11083
13573
13651
14893
15175
18393
26377
27014
27811
30263
30392
33739
34598
43585
43748
44450
Number of cuts: 22

Bryce
2179
2935
3450
4749
7869
8583
8911
10364
11057
13547
14867
15149
17736
18367
18444
19821
26989
27786
30866
34352
38632
43331
43494
44196
Number of cuts: 24

ChewyVIII
1562
2938
3961
10284
10923
12074
12382
12499
13155
13272
14240
14318
16491
17282
19122
19612
21376
21768
21933
22239
26053
27854
28455
29528
29916
31452
33440
35108
39119
39332
41427
42751
45411
45498
46009
46197
46914
47070
47779
48103
48508
48663
50148
54421
56762
58363
58900
58957
60244
60943
60976
63718
64284
68882
69033
Number of cuts: 55

CosmicSans
2179
2935
3450
4749
8943
10737
11083
13573
13651
14893
15175
18393
27014
27811
30263
30392
33739
34598
43576
43739
44441
Number of cuts: 21

Dinger
413
2175
3446
4745
7865
8579
8907
10360
11053
13543
13621
14863
15145
18363
19817
20278
23383
26361
26998
27795
30132
30981
31929
32273
34740
36304
39020
42620
43715
43875
44577
Number of cuts: 31

DocB7
1566
3538
5641
10644
12041
12842
14194
16206
16282
18497
21027
21630
22238
24909
25976
27733
28416
29893
36954
37617
37775
38450
41778
47152
47464
53164
53872
62692
66817
67655
67799
71888
73475
75430
Number of cuts: 34

E3
223
298
1871
2359
2636
4156
6188
9188
9735
11992
12283
12831
12996
15445
15624
15878
19946
20784
23088
23426
24155
24528
25043
25141
26776
27023
30915
32399
33517
33751
35038
37319
37373
38539
38992
40378
40441
40827
40953
41782
42667
43613
47279
47603
47684
49992
52286
52374
52420
53241
54061
54487
55104
55155
55200
57312
57588
59464
59572
60320
61940
62019
62376
63866
64929
65211
65964
66435
66825
67183
68442
68816
69395
69892
69995
71033
71089
71545
71715
72140
73343
73607
73931
75514
76234
77482
78381
80495
80567
83123
86740
86947
86964
89810
89927
90041
90884
91732
92586
92769
92805
93083
93205
93876
95076
95872
97722
99233
100586
101164
102167
102275
103201
106716
109842
111595
111774
111973
112129
112734
112809
113877
114062
115619
117894
119195
119258
120203
120305
120431
120965
121129
121207
121306
123033
123099
123138
123479
123821
124136
125849
126041
127383
128110
128933
130766
131382
132016
132160
132469
132586
133224
134205
135716
137377
137512
137664
141055
Number of cuts: 158

Erik
2179
2935
3450
4749
8942
10736
11082
13572
13650
14892
15174
18392
27012
27809
30195
30324
31044
33671
34530
43407
43570
44272
Number of cuts: 22

Espica
2179
2935
3450
4749
8943
10737
11083
13573
13651
14893
15175
18393
27015
27812
30196
30325
31045
33672
34540
38820
40611
43517
43680
44382
Number of cuts: 24

Finch
2099
2433
4752
5356
5534
6846
8271
8638
9728
17995
18466
19776
19965
21790
24519
25435
27428
27713
29067
30054
30494
33588
34913
36424
36964
37213
39391
40031
42014
42239
42434
42794
43826
45869
48051
48155
48446
48695
50194
51421
55999
57600
58541
59153
59282
59302
60958
61535
61998
62897
63122
64667
67952
67970
70244
71421
72401
75233
75470
75989
76530
77993
83493
87624
87804
92163
96033
97082
98167
98391
100314
101361
102525
103690
104453
104533
108511
108639
110089
110352
110557
112465
112834
112858
116965
119057
119216
119633
121621
123185
124131
125143
126345
126699
126888
126924
127407
129509
129732
129932
131123
132233
132299
132838
137998
Number of cuts: 105

Gollum
2179
2935
3450
4749
8943
10737
11083
13573
13651
14893
15175
18393
27014
27811
30261
30390
33737
34596
38876
43518
43681
44383
Number of cuts: 22

Grayson
9379
10086
21910
24453
40451
41819
43487
48065
56234
65553
68985
70946
71109
72065
72131
74184
76535
98601
99001
99708
104904
125681
126044
Number of cuts: 23

Harlequin
2179
2935
3450
7869
8583
8887
10340
11033
13523
14843
15125
17712
18343
18420
19797
27019
27816
30896
34382
43366
43529
44231
Number of cuts: 22

Hiro
2179
2935
3450
4749
7869
8583
8887
10340
11027
13907
14785
15149
15431
18649
20103
20564
27274
28071
31372
34858
39138
43837
44000
44702
Number of cuts: 24

Jace
1443
1449
2373
3066
4866
5829
6303
8192
8892
9136
9313
12514
12679
12847
14437
14503
15608
16167
16292
17307
17632
19340
19577
19883
20426
20468
21628
22888
23184
24145
25880
26171
27108
27165
27715
28309
28521
32046
34078
34159
37406
38439
39190
40653
41343
41482
43434
43593
44265
45380
46282
47669
47863
48005
48044
48943
49075
49427
51924
Number of cuts: 59

Jester
2179
2935
3450
7869
8583
8887
10340
11027
13517
13595
14837
15119
18337
19791
26950
27747
30827
34313
43297
43460
44162
Number of cuts: 21

Krishelle
2179
2935
3450
4749
7884
8598
8902
10355
11042
13922
14800
15164
15446
18664
20118
20579
26661
27298
28095
30623
30752
34099
34958
43945
44108
44810
Number of cuts: 26

Lillie
2179
2935
3450
4749
8943
10737
11083
13573
13651
14893
15175
18393
27014
27811
30263
30392
33739
34598
43576
43739
44441
Number of cuts: 21

Mahdia
173
1648
2062
2079
3160
3663
4452
5425
7693
8244
10012
13351
14175
14725
15462
15520
15598
16625
16692
18465
22709
26157
27064
27642
30240
30546
30786
30998
31237
31444
31929
32403
32720
32928
33027
34131
34164
38667
Number of cuts: 38

Naiad
2179
2935
3450
4749
8943
10737
11083
13573
13651
14893
15175
18393
26390
27027
27824
30276
30405
33752
34611
43598
43761
44463
Number of cuts: 22

Nancinator
2179
2935
3450
4749
8943
10737
11083
13573
13651
14893
15175
18393
27015
27812
30196
30325
31045
33672
34540
38820
42915
43078
43780
Number of cuts: 23

Natosaleda
2179
2935
3450
4749
8943
10737
11083
13573
13651
14893
15175
18393
27014
27811
30195
30324
31044
33671
34539
38819
40610
43516
43679
44381
Number of cuts: 24

Partridge
2238
2994
3509
4808
7928
8642
8970
10423
11116
13606
13684
14926
15208
18426
19880
20341
23446
25566
26460
27097
27894
30423
31272
32564
32972
34896
39177
42966
44061
44221
44923
Number of cuts: 31

Pepy6
1728
4051
7970
10912
11764
12446
16233
16727
16899
22640
22790
23582
23630
26475
27493
30038
31175
32272
32585
32756
33854
34784
35456
38392
39070
41827
43221
43997
44539
44803
46329
50251
50767
51880
52637
53703
54132
54498
54612
56398
56578
56665
57192
57429
59737
61389
61610
68035
68275
70673
70755
70842
Number of cuts: 52

Peregrin
1929
9400
21076
24027
30701
36474
39231
40599
42267
44832
46845
55017
67410
69356
69519
72420
89294
97047
97447
127111
131998
Number of cuts: 21

Phrankenstein
2179
2935
3450
4749
8943
10737
11083
13573
13651
14893
15175
18393
26960
27757
30209
30338
31058
33685
34544
43522
43685
44387
Number of cuts: 22

Pine5
1034
1625
2272
2431
3877
4929
5712
6959
7343
7487
7607
8359
9653
9767
14650
15990
17521
18963
19104
19128
19301
20180
20578
21750
21934
22498
24325
25117
25362
26165
27422
27803
27992
28847
29135
29227
29263
31831
32296
32832
33121
33721
34011
34809
35067
35348
36135
36138
36171
36788
37174
38057
38363
40493
42371
42516
43403
43574
44474
44987
45084
46101
47468
47706
48575
49784
49800
49995
50001
50293
51618
53039
53378
53582
54057
54897
55179
56335
56984
57215
57365
Number of cuts: 81

Poco6
319
1030
1725
2095
2538
5068
9780
10812
11120
11178
13034
14422
15897
20622
23163
25157
25595
25643
27746
28488
29407
32057
33200
34297
34775
35450
36338
36806
37478
38791
40414
41128
43629
43830
45821
46375
49332
49918
50522
51766
52303
53389
53963
54145
54248
55211
55640
55978
56120
56495
57104
57701
57906
58113
58680
59025
68185
69757
72018
73352
74727
Number of cuts: 61

Rasputin
2179
2935
3450
4749
7869
8584
8912
10706
10995
11052
13542
13620
14862
15144
17731
18362
19816
23370
26985
27782
31083
33710
34569
43547
43710
44412
Number of cuts: 26

RER2
2179
2935
3450
4749
8943
10737
11083
13573
13651
14893
15175
18393
27014
27811
33739
34598
36162
43576
43739
44441
Number of cuts: 20

RexFury
2210
2966
3481
4780
8974
10768
11114
13604
13682
14924
15206
18424
27045
27842
31143
33770
34629
38909
40700
43606
43769
44471
Number of cuts: 22

RGL3
2178
2502
2937
3452
8909
9020
9885
10365
10839
11001
11058
13698
13776
14528
15051
15309
15333
15761
18554
19967
20632
21416
21564
25601
26680
27352
28798
28858
30933
31062
32565
33021
33668
35523
39669
45705
46029
46435
Number of cuts: 38

Rhodalysa
2179
2935
3450
4749
8943
10737
11083
13573
13651
14893
15175
18393
27014
27811
30263
30392
33739
34598
43576
43739
44441
Number of cuts: 21

StCroix
2179
2935
3450
4749
8943
10737
11083
13573
13651
14893
15175
18393
26390
27027
27824
30276
30405
33752
34611
43598
43761
44463
Number of cuts: 22

Swann
2179
2935
3450
4749
8943
10737
11083
13573
13651
14893
15175
18393
27014
27811
30261
30390
33737
34596
36160
43574
43737
44439
Number of cuts: 22

Takoda
2171
2927
3442
4741
7861
8575
8903
10356
11043
13533
14853
15135
18353
19807
20268
23372
26350
26987
27784
30170
30299
31019
32719
34781
40989
42656
43905
44065
44539
44767
Number of cuts: 30

Trina
6338
22201
35555
37524
38309
42199
42223
56508
85885
91059
93940
94440
106251
108293
108809
113833
123836
126186
Number of cuts: 18

TWAMP
2179
2935
3450
4749
8943
10737
11083
13573
13651
14893
15175
18393
27014
27811
30263
30392
33739
34598
43576
43739
44441
Number of cuts: 21

UhSalsa
2179
2935
3450
4749
8943
10737
11083
13573
13651
14893
15175
18393
27015
27812
30196
30325
31045
33672
34540
38820
40611
43517
43680
44382
Number of cuts: 24

Weasels2
13474
43125
45313
70530
95227
100413
114742
123588
126526
Number of cuts:  9

Yogi
2179
2935
3450
4749
7869
8583
8911
10364
11057
13547
14867
15149
17736
18367
18444
19821
26988
27785
31086
34569
39229
43927
44090
44792
Number of cuts: 24

Yoncess
2179
2935
3450
4749
7869
8583
8911
10364
11057
13547
14867
15149
17736
18367
18444
19821
26989
27786
30866
34352
38632
43335
43498
44200
Number of cuts: 24

