Alatin
302
350
632
966
1807
1962
2019
2076
2988
3009
3025
3931
4562
5076
5473
6058
6563
6651
7348
7963
8345
9427
11285
11913
14088
14987
15622
16017
16174
16633
17029
18627
18881
19540
21687
22822
23219
23227
23333
24393
26011
26089
26479
26490
27114
27533
27557
29077
29474
29513
30440
30779
31513
31918
32040
33913
34386
34936
35263
36839
36970
38282
38704
39462
40617
41376
46664
Number of cuts: 67

Alpacados
302
350
632
966
1760
1915
2029
2950
2971
2987
3431
3893
4524
5038
6277
6510
6598
7021
7295
8307
8988
9357
11221
11849
12742
14485
14923
15558
15708
16110
16569
16965
17415
17820
18563
18817
19476
22691
23088
23096
24262
25916
25994
26384
26395
27019
27257
27438
27462
28982
29379
29418
29452
30345
30684
30875
31056
31418
31823
31945
34838
35165
36732
38175
40440
41199
46484
Number of cuts: 67

AngryOrchard
176
302
350
629
961
1752
1907
2021
2051
2179
2954
2970
3414
3876
4507
5021
5418
6493
6581
7004
7278
8290
8971
9340
11204
11832
12725
13754
14906
15541
15936
16093
16552
17398
17803
18546
18800
19459
19615
20556
21051
22686
23083
23091
23197
24258
25876
25954
26354
26978
27216
27397
27421
28941
29338
29377
29411
30238
30577
30949
31311
31716
31838
32432
32498
33685
34451
34998
35325
36892
37023
38757
40671
41430
41726
46588
Number of cuts: 76

AppleCloud
396
761
1516
1671
1728
1785
1815
1943
2165
2697
2718
2734
3178
3640
4271
4785
5182
6257
6345
7042
8054
8711
9080
9523
10938
11566
12738
13545
14734
14952
15587
15982
16139
16598
17444
17849
18592
18846
19318
19505
19661
23114
23118
24268
25886
25964
26354
26365
27227
27408
27432
27826
29031
29425
29464
29498
30170
30509
31648
31770
32430
34663
34990
36688
38000
38193
39177
41093
46380
Number of cuts: 69

Belenaria
302
350
632
966
1807
1962
2019
2076
2988
3009
3025
3931
4562
5076
5473
6058
6563
6651
7348
7963
8345
9427
11285
11913
14088
14987
15622
16017
16174
16633
17029
18627
18881
19540
21633
22755
23152
23160
23266
24327
25945
26023
26424
27467
27491
29011
29406
29445
29479
30306
30645
30836
31017
31379
31906
34252
34811
35138
36836
38148
38341
39325
41241
46529
Number of cuts: 64

BobbyDazzler
302
350
632
966
1872
2027
2141
2171
2305
3059
3080
3096
3540
4002
4633
5147
6386
6619
6707
7130
7404
8416
9097
9466
11330
11958
12851
14594
15032
15667
15817
16062
16219
16678
17074
17524
17929
18672
18926
19585
23198
23206
23312
24372
25990
26068
26458
26469
27331
27512
27536
29056
29453
29492
29526
30419
30758
31130
31492
31897
32019
34365
34915
35242
36809
38252
40587
41346
45819
46632
Number of cuts: 70

Bonanza
302
350
632
966
1807
1962
2019
2076
2234
2988
3009
3025
3469
3931
4562
5076
6315
6548
6636
7059
7333
8345
9026
9395
11259
11887
12780
14523
14961
15596
15746
15991
16148
16607
17003
17453
17858
18601
18855
19514
22729
23126
23134
23240
24300
25918
25996
26386
26397
27021
27259
27440
27464
28984
29381
29420
29454
30347
30686
30877
31058
31420
31825
31947
34840
35167
37114
37245
38557
40892
41651
46923
Number of cuts: 72

Bradshaw
302
350
632
966
1807
1962
2019
2076
2988
3009
3025
3469
3931
4562
5076
5473
6058
6563
6651
7348
7963
8345
9427
11285
11913
14088
14987
15622
16017
16174
16633
17029
18627
18881
19540
21633
22755
23152
23160
23266
24326
25944
26022
26412
26423
27047
27466
27490
29010
29407
29446
30373
30712
31446
31851
31973
33846
34319
34869
35196
36772
36903
38215
38637
39395
40550
41309
45668
46597
Number of cuts: 69

Bryce
302
350
632
966
1807
1962
2019
2076
2234
2988
3009
3025
3469
3931
4562
5076
6315
6548
6636
7059
7333
8345
9026
9395
11259
11887
12780
14523
14961
15596
15746
15991
16607
17003
17453
17858
18601
18855
19514
23127
23135
23241
24301
25919
25997
26387
26398
27260
27441
27465
28985
29382
29421
29455
30127
30466
30657
30838
31200
31605
31727
34073
34623
34950
36517
37960
40295
41054
46338
Number of cuts: 69

ChewyVIII
142
277
660
812
975
2286
2415
2497
2541
2568
2812
3004
3092
3104
3693
4211
4528
4569
4847
5010
5408
5555
5864
6011
7136
7258
7475
7770
7784
8279
8497
9276
9789
10026
10118
10200
10294
10728
11041
11224
11793
11832
11872
11910
12001
12214
12257
12453
12488
13135
13718
13901
14108
14212
14280
14917
15061
15276
15615
15896
16242
16364
16721
16790
16971
17460
17663
17900
18002
18167
18557
19687
20126
20236
20387
20395
21053
22026
22699
22789
22912
23177
23376
23450
23978
23996
24074
24168
24311
24598
24721
24799
25137
25369
25471
25563
25808
25833
25863
25916
25998
26064
26258
26669
26714
27618
27877
28065
28095
28116
28218
28603
28675
29933
30074
30367
30568
31105
32916
33027
33057
33501
33675
33807
33877
34288
34501
34729
34803
35119
35304
35469
35764
35880
35938
35961
36360
36697
36727
36948
37065
37122
37149
37514
37557
37649
38132
38353
38458
38558
38619
39914
39935
40307
40382
40503
40661
41065
41579
42090
42390
42394
42470
42689
42723
42805
43778
43786
44060
44138
44417
44715
44777
45031
45504
45757
45850
46208
46484
46532
46672
46826
46889
47107
47886
48683
49485
49547
49755
50162
50180
50249
50444
50954
51194
51302
51422
51779
51931
52550
53749
53916
54111
54361
54806
56254
56704
57454
58248
58296
58735
58836
59006
59386
60318
60372
61632
61983
61992
62245
63520
64819
64909
65194
66069
66488
67507
67956
68425
68429
Number of cuts: 230

CosmicSans
302
350
632
966
1807
1962
2019
2076
2988
3009
3025
3469
3931
4562
5076
5473
6058
6563
6651
7348
7963
8345
9427
11285
11913
14088
14987
15622
16017
16174
16633
17029
18627
18881
19540
21633
22755
23152
23160
24326
25944
26022
26423
27466
27490
29010
29407
29446
30373
30712
31446
31851
31973
33846
34319
34869
35196
36763
36894
38206
38628
39386
40541
41300
46587
Number of cuts: 65

Dinger
176
302
350
631
963
1803
1958
2015
2072
2102
2984
3005
3021
3465
3927
4558
5072
5469
6544
6632
7055
7329
8341
9022
9391
11255
14957
15592
15987
16144
16603
16999
17854
18597
18851
19510
19666
22738
23135
23143
23249
24310
25928
26006
26396
26407
27269
27450
27474
27868
29073
29468
29507
29541
29853
30242
30581
30953
31315
31720
31842
32502
34452
35011
35338
36905
36949
37036
38348
38770
40684
41444
46608
Number of cuts: 73

DocB7
521
876
2311
8050
11309
13536
15923
23659
24163
25666
27085
27429
32466
34175
35495
40116
41957
42685
43559
46213
47672
49390
51501
51749
51781
52213
53994
54519
56496
62985
64062
67067
68318
69235
70048
70583
70799
70978
71898
Number of cuts: 39

E3
199
700
1445
2340
2365
2588
2930
2940
3009
3016
3059
3552
3595
3676
3698
3807
3903
4600
4865
4924
6007
6408
6570
6709
6853
6973
7168
7372
7592
7643
8100
8210
8247
8546
8684
8704
8748
9260
9329
9520
9700
9712
11180
11286
11963
12089
12467
12545
13077
13171
13412
14381
14507
14573
14616
15054
15086
15175
15329
15382
15455
15595
15955
16050
16086
16264
16271
16311
16565
16690
16864
17181
17331
17663
18128
18240
18722
19068
19502
19722
20259
20446
20646
20846
20946
21004
21077
21118
21361
21895
22472
22529
22811
23047
23242
23702
24064
24166
24208
24402
24473
24887
25654
25706
25743
25920
26182
26268
26865
27294
27444
27486
27645
27702
27727
28380
28419
28803
28988
29085
29345
29702
29722
29996
30077
30292
30377
30430
30644
30788
30957
30968
31217
31411
31441
31517
31845
32777
33479
33665
33819
34545
34688
34935
35069
35275
36425
36618
36631
36741
37029
37050
37119
37230
37477
37775
37863
38241
38490
38813
39050
39425
39504
39672
40743
40788
41391
41545
41870
41901
42024
42219
42356
42677
42929
43124
43596
44109
44257
44836
44978
44996
45460
45496
45797
46047
46199
46263
46614
46626
46816
47497
47810
47877
48069
48112
48258
48803
49003
49170
49333
49573
49633
49945
50015
50022
50134
50218
50353
50659
50692
50854
50917
51668
51759
52630
54111
54120
54362
55010
55085
55570
55866
55935
55979
56618
56724
56730
56788
57063
57146
57559
57733
57995
58003
58042
58213
58246
58427
58618
58859
59780
59847
60432
60983
61045
61584
61752
62041
62617
62656
62732
62808
62911
63022
63085
63667
63951
64225
64303
64327
65134
65414
65492
65798
66247
66271
66283
66514
66566
66583
66809
67724
67955
68225
68261
68788
69174
69237
69294
69522
69618
69687
69772
69864
70048
70150
70158
70365
70477
70569
70903
71430
71480
71503
71726
72069
72353
72873
73380
73585
74017
74439
74589
74673
74745
74935
75564
75573
76222
76389
76692
76745
76871
76946
77198
77224
77369
77620
77678
77996
78406
78451
78827
79009
79247
79438
79531
79618
79696
79746
80115
80370
80458
80666
80905
81007
81558
81732
81976
82536
82581
82947
83099
83202
83269
84327
84468
84519
84895
85517
85619
85703
85710
85829
86042
86400
86834
87217
87238
87299
87976
88884
89380
89425
89715
89845
89863
90721
90760
90899
90973
91143
91785
91932
91938
92127
92229
92537
92827
93646
93724
94099
94663
94755
95619
95682
96012
96116
96150
96159
96277
96489
96603
96683
96928
97700
98157
98234
98400
98479
98599
98983
99079
99205
99673
100544
100598
100719
100996
101105
101198
101226
101396
101513
101703
102792
102951
103002
103287
103497
103554
103613
104114
104590
104729
105104
105115
105290
105400
105823
105880
106267
106301
106465
106496
106570
106651
107093
107186
107533
107570
107654
107814
107865
108296
108532
108578
108754
108864
109098
109367
109915
109925
110410
111320
111494
111696
111763
111989
111998
112525
112749
112854
113153
113269
113321
113534
113804
114033
114072
114400
114686
114919
115152
115784
115800
116184
116321
116577
116712
116997
117589
118417
118495
118788
118869
119019
119154
119940
120243
120539
120548
120665
121036
121553
121583
121748
121772
121859
122397
122547
123029
123486
123691
123921
123936
124035
124133
124633
124973
125333
125482
125640
125772
125812
126092
126529
126890
126981
127140
127328
127584
127668
127692
128029
128146
128377
128521
128901
129029
129479
129619
129868
130147
131006
131058
131232
131514
131717
131820
132119
132194
132394
132665
132742
132751
132922
133319
133507
133574
133613
133627
133689
133813
134258
134278
134299
134601
134680
134695
134797
134821
134891
135322
135526
135628
135694
135844
135913
136088
136427
136596
136652
137088
137229
137492
137604
137693
137825
137951
138332
138527
138647
138994
139710
139753
139897
140054
140144
140223
141303
142369
Number of cuts: 593

Erik
302
350
632
966
1807
1962
2019
2076
2988
3009
3025
4562
5076
5473
6058
6563
6651
7348
7963
8345
9426
11284
11912
14087
14986
15621
16016
16173
16632
17028
18626
18880
19539
21632
22754
23151
23159
24324
25942
26020
26421
27464
27488
29008
29405
29444
29478
30305
30644
30835
31016
31378
31783
31905
33778
34251
34801
35128
36695
36826
38138
38560
39318
40372
41131
46420
Number of cuts: 66

Espica
302
350
632
966
1807
1962
2019
2076
2988
3009
3025
3931
4562
5076
5473
6058
6563
6651
7348
7963
8345
9427
11285
11913
14088
14987
15622
16017
16174
16633
17029
18627
18881
19540
21633
22755
23152
23160
23266
24327
25945
26023
26424
27467
27491
29011
29406
29445
29479
30306
30645
30836
31017
31379
31906
34252
34811
35138
36836
38148
38341
39325
41241
46528
Number of cuts: 64

Finch
351
389
482
686
971
1028
1426
1589
1919
2241
2258
2494
2727
2765
3337
3466
3532
4304
4454
4912
5694
5757
6235
6563
6655
7546
7840
8320
8590
8697
8796
9015
9279
9408
9888
9996
10944
11387
11417
11571
12014
12158
12236
12405
13214
13276
13750
14803
14833
15269
15367
15789
16296
17212
17687
20747
20947
21247
21644
22177
22388
23118
23167
23290
23346
23358
23985
24843
24955
25028
25106
25208
25412
25616
25663
25782
25808
25925
26117
26372
26496
26762
27274
27295
27550
27661
28159
28527
28736
28945
29530
29773
29971
30199
30286
31228
31525
31690
31942
32206
32422
32689
32876
33708
34828
34979
35218
36524
36653
36927
37899
38543
38570
38678
38783
38816
40748
40901
41108
41748
41910
42207
42294
42342
43080
43230
43614
43646
43710
44513
44540
44687
44845
45466
45768
46002
46107
46152
46374
46563
46599
46806
46827
47780
48363
48574
48837
49231
49308
50157
50265
50444
50804
50885
50897
51140
51197
51791
52064
52151
52619
52807
53450
53666
53975
54128
54921
55321
55654
55780
56163
56588
57134
57337
57349
57667
57824
58174
58955
59374
59490
60171
60699
60936
61105
61158
61212
61461
61702
62613
62766
62980
63026
63574
63583
63607
64605
64840
65850
66045
66075
66202
66312
66495
66549
66735
67092
67278
67353
67465
67707
67857
68424
68741
69197
69897
70090
70408
70467
70573
71087
71311
71509
71656
73345
73678
73702
73729
73940
73997
74351
74462
74964
75429
75552
75783
75816
75973
76059
76501
76540
76802
77682
78003
78042
78454
78789
79116
80014
80803
81487
82068
82441
82555
83793
84741
85063
85401
85665
86050
86100
86205
86594
86886
87393
87552
87772
87865
88999
89328
89398
89461
89806
90261
91138
91265
92047
92251
93980
94020
94049
94177
94244
94286
95248
95521
95825
95972
96055
96742
96919
96954
97416
98279
98425
98734
100014
100279
100465
101146
101212
102154
102500
102633
103113
103341
103783
104347
104358
104644
104873
105424
105890
106304
106709
106902
107322
107372
108704
109000
109104
109734
109779
109854
110363
111409
111681
112329
112418
112772
112811
113159
113321
113994
115924
116292
117119
117204
117683
118197
118413
118986
119026
119116
119460
119721
119745
120072
120316
120633
120690
121098
121112
121211
121451
122170
122278
122384
122446
122632
123021
123348
123762
124142
124466
124660
124896
125548
125611
125633
125804
125980
126137
126233
126361
126617
126946
127592
127834
127937
129141
129975
130137
130209
130552
130650
130813
130872
131067
131208
131412
131505
131583
131811
132192
132753
133095
133532
133640
133799
134075
134174
134237
134821
134881
134903
135307
135409
135500
135918
137002
138514
138652
Number of cuts: 413

Gollum
302
350
632
966
1807
1962
2019
2076
2988
3009
3025
3931
4562
5076
5473
6058
6563
6651
7348
7963
8345
9427
11285
11913
14088
14987
15622
16017
16174
16633
17029
17479
18627
19540
21633
22755
23152
23160
23266
24326
25944
26022
26423
27466
27490
29010
29405
29444
29478
30371
30710
31444
31971
34317
34867
35194
36892
38204
38397
39381
40483
41242
46526
Number of cuts: 63

Grayson
1402
2623
3601
5565
6948
8786
8955
13249
17267
19017
19562
40505
52501
53291
59483
66525
72404
77491
82593
84151
89001
93379
101108
102385
104478
106145
106879
108547
115170
118342
118432
119855
120002
120481
121635
122377
124164
124285
124639
128117
130303
131524
Number of cuts: 42

Harlequin
302
350
632
966
1807
1962
2019
2076
2234
2988
3009
3025
3469
3931
4562
5076
5473
6548
6636
7059
7333
8345
8769
9002
9371
11235
11863
12756
14499
14937
15572
15722
15967
16583
16979
17429
17834
18577
18831
19490
23157
23165
23271
24331
25949
26027
26417
26428
27290
27471
27495
29015
29412
29451
29485
30157
30496
30687
30868
31230
31635
31757
34103
34653
34980
36547
37990
40339
41089
46374
Number of cuts: 70

Hiro
302
350
632
966
1807
1962
2019
2076
2234
2988
3009
3025
3469
3931
4562
5076
6315
6548
6636
7059
7333
8345
9002
9371
9814
11229
11857
13029
13836
15025
15243
15878
16273
16430
16889
18140
18883
19137
19796
19952
23405
23409
24586
26204
26282
26672
26683
27545
27726
27750
29270
29667
29706
29740
30633
30972
31344
31706
32111
32233
34579
35129
35456
37023
38466
40505
40801
41560
46845
Number of cuts: 69

Jace
677
1025
1154
1405
1647
1678
1790
2315
2534
2810
2828
2914
3151
3642
4150
4204
4218
5618
5683
5720
6050
6095
6167
6241
6508
6946
7162
7388
7554
7952
8673
9185
9240
9641
9727
10160
10616
10710
10952
11244
11340
11982
12966
13094
13302
13622
14097
14399
14586
14808
15410
15677
15851
16028
16498
16895
17048
17120
17186
17234
18201
18288
19423
20464
20999
21051
21437
22386
23083
23393
23448
24471
24737
25078
25097
25237
25840
25999
26497
26648
26750
27088
27178
27495
28000
28137
28240
29629
30295
30316
30756
31223
31621
31902
32105
32195
32333
32551
32712
32819
33059
33544
33646
33690
34359
34757
34779
34924
34978
35368
35549
35634
35787
35879
36052
36570
36997
37306
37496
37743
38180
38359
38413
39225
39329
39461
39505
40017
40347
40663
40708
40747
40856
41090
41116
41675
41823
41908
42409
42626
42842
43869
44018
44122
44475
44518
44538
44695
44778
44793
44893
45307
45612
46413
46650
46734
46799
47822
48108
48612
49219
49499
49639
49983
50118
50788
50911
51130
51301
51346
51390
52198
52431
52530
52596
52632
52755
53725
Number of cuts: 178

Jester
302
350
632
966
1807
1962
2019
2076
2234
2988
3009
3025
3469
3931
4562
5076
5473
6548
6636
7059
7333
8345
8769
9002
9371
11229
11857
12183
12364
14713
14931
15566
15961
16118
16577
17828
18571
18825
19484
23088
23096
23202
24262
25880
25958
26348
26359
27221
27402
27426
28946
29343
29382
29416
30088
30427
30618
30799
31161
31566
31688
34034
34584
34911
36478
37921
40270
41020
46305
Number of cuts: 69

Krishelle
302
350
632
966
1807
1962
2019
2076
2988
3009
3025
3931
4562
5076
5473
6058
6563
6651
7348
8360
9017
9386
9829
11244
11872
13044
13851
15040
15258
15893
16288
16445
16904
17750
18155
18898
19152
19624
19811
19967
23456
23460
24610
26228
26306
26696
26707
27569
27750
27774
28168
29373
29767
29806
30733
31072
31806
32211
32333
34206
34679
35229
35556
37132
37263
38575
38997
39755
40910
41669
46976
Number of cuts: 71

Lillie
302
350
632
966
1807
1962
2019
2076
2988
3009
3025
3469
3931
4562
5076
5473
6058
6563
6651
7348
7963
8345
9427
11285
11913
14088
14987
15622
16017
16174
16633
17029
18627
18881
19540
21633
22755
23152
23160
24326
25944
26022
26423
27466
27490
29010
29407
29446
30373
30712
31446
31851
31973
33846
34319
34869
35196
36763
36894
38206
38628
39386
40541
41300
46587
Number of cuts: 65

Mahdia
146
216
243
274
282
406
465
507
544
560
742
750
1328
1490
1502
1593
1743
1751
1844
1920
1958
2155
2381
2533
2555
2633
2717
2993
3117
3168
3206
3374
3559
3605
3691
3737
3748
4027
4042
4063
4082
4144
4354
4393
4441
4592
4752
4904
5084
5286
5306
5351
5399
5478
5517
5729
5768
5777
5881
6084
6150
6232
6357
6462
6474
6480
6558
6894
6958
6966
6990
7023
7140
7202
7238
7346
7356
7793
7973
7991
8209
8317
8478
8578
8622
8685
8742
8751
8769
9014
9107
9124
9215
9269
9416
9499
9694
9785
9840
9852
9899
9929
9962
10106
10169
10241
10271
10292
10328
10547
10652
10754
10895
10905
10967
10985
11096
11246
11264
11423
11444
11705
12089
12210
12293
12341
12383
12413
12753
12833
13253
13337
13535
13562
13823
13874
13904
13919
13988
14035
14207
14447
14480
14684
14905
14969
15161
15383
15509
15689
15730
15908
15920
15950
16028
16343
16492
16533
16584
16705
16801
17005
17014
17035
17053
17188
17380
17578
17704
17780
17830
17894
17906
17962
17974
18039
18110
18205
18214
18241
18299
18620
18784
18796
18841
18926
19149
19203
19305
19433
19544
19729
19748
19767
19855
19963
19972
20640
21073
21112
21233
21339
21378
21408
21715
21732
21807
21819
21928
22023
22029
22177
22239
22263
22430
22495
22507
22531
22591
22852
23214
23235
23344
23387
23481
23556
23613
23655
23835
23862
23898
23940
23975
24080
24147
24168
24397
24539
24592
24667
24689
24873
25011
25108
25285
25556
25580
25682
25799
25841
25937
26178
26191
26372
26378
26507
26546
26564
26740
26783
26876
26963
27010
27035
27086
27220
27466
27703
27727
27826
28012
28135
28310
28320
28424
28484
28622
28634
28721
28805
28930
29105
29115
29366
29480
29570
29600
29672
29819
29924
29952
30152
30254
30346
30479
30530
30586
30611
30698
30899
31289
31455
31503
31557
31737
31767
31779
31854
31872
31890
32040
32171
32218
32225
32255
32287
32387
32410
32496
32504
32688
32831
32933
32995
33104
33164
33184
33194
33215
33314
33433
33440
33478
33530
33560
33610
33627
33635
33716
33905
33968
34025
34100
34187
34264
34340
34415
34472
34604
34706
34799
34910
34925
35039
35143
35250
35663
35703
35748
36056
36161
36209
36221
36233
36351
36372
36444
36573
36633
36732
37114
37236
37266
37302
37446
37492
37564
37699
37728
37960
37981
38017
38122
38153
38176
38388
38415
38665
38831
39129
39253
39304
39346
39360
39663
39753
39786
40244
40276
40302
40365
40506
40542
40734
40745
40901
41105
41118
41169
41220
41425
41599
41818
41915
42019
42030
42186
42332
Number of cuts: 418

Naiad
302
350
632
966
1807
1962
2019
2076
2988
3009
3025
3931
4562
5076
5473
6058
6563
6651
7348
7963
8345
9427
11285
11913
14088
14987
15622
16017
16174
16633
17029
18627
18881
19540
21633
22768
23165
23173
23279
24339
25957
26035
26425
26436
27060
27479
27503
29023
29420
29459
30386
30725
31459
31864
31986
33859
34332
34882
35209
36785
36916
38228
38650
39408
40563
41322
46610
Number of cuts: 67

Nancinator
302
350
632
966
1807
1962
2019
2076
2988
3009
3025
3931
4562
5076
5473
6058
6563
6651
7348
7963
8345
9427
11285
11913
14088
14987
15622
16017
16174
16633
17029
18627
18881
19540
21633
22755
23152
23160
23266
24327
25945
26023
26424
27467
27491
29011
29406
29445
29479
30306
30645
30836
31017
31379
31906
34252
34811
35138
36836
38148
38341
39325
39880
40639
45927
Number of cuts: 65

Natosaleda
302
350
632
966
1807
1962
2019
2076
2988
3009
3025
3931
4562
5076
5473
6058
6563
6651
7348
7963
8345
9427
11285
11913
14088
14987
15622
16017
16174
16633
17029
18627
18881
19540
21633
22755
23152
23160
23266
24326
25944
26022
26423
27466
27490
29010
29405
29444
29478
30305
30644
30835
31016
31378
31905
34251
34810
35137
36835
38147
38340
39324
41240
46518
Number of cuts: 64

Partridge
176
302
350
629
961
1866
2021
2078
2135
2165
3047
3068
3084
3528
3990
4621
5135
5532
6607
6695
7118
7392
8404
9085
9454
11318
15020
15655
16050
16207
16666
17062
17917
18660
18914
19573
19729
22801
23198
23206
23312
24373
26027
26105
26495
26506
27368
27549
27573
27967
29172
29567
29606
29640
30533
30872
31244
31606
32011
32133
32727
32793
35167
35494
37061
37105
37192
38505
40841
41601
42750
46953
Number of cuts: 72

Pepy6
5003
5578
5728
5919
7064
9068
9392
9416
10020
10500
11617
17592
18634
19045
19715
22441
22852
23001
23271
23517
23775
25566
25614
25911
26705
26845
27359
28297
28450
29903
31515
32103
32301
32340
33042
33117
34059
34722
35888
38348
39020
39143
40067
41522
43184
43929
44112
44717
45561
45675
45932
47539
49179
49353
49950
51085
52487
52519
54021
54025
54691
56143
56468
57714
58788
59261
59394
60191
60232
60660
62416
62788
63570
65147
65539
65583
67565
68111
70495
70978
71501
72237
73307
76349
Number of cuts: 84

Peregrin
1425
2660
5397
8100
8269
12563
14330
18569
19114
26011
35587
39285
49972
51284
57850
61028
64017
64950
70814
72599
74369
80088
92359
95502
98153
99935
99988
102787
104882
106566
107155
111684
115774
119118
119208
120886
121291
121914
122684
123740
126010
126133
126487
129335
131494
132729
Number of cuts: 46

Phrankenstein
302
350
632
966
1807
1962
2019
2076
2988
3009
3025
3931
4562
5076
5473
6058
6563
6651
7348
7963
8345
9427
11285
11913
14088
14987
15622
16017
16174
16633
17029
18627
18881
19540
21579
22701
23098
23106
24272
25890
25968
26369
27412
27436
28956
29353
29392
29426
30319
30658
30849
31030
31392
31919
33792
34265
34815
35142
36709
36840
38152
38574
39332
40487
41246
46531
Number of cuts: 66

Pine5
223
436
632
679
805
877
947
1448
1469
1537
1652
1800
2240
2707
2882
3039
3605
4024
4697
5728
6423
6577
6691
7150
7851
7884
8166
8245
8396
8511
8577
8762
9117
9351
9546
9639
9748
10186
10198
10330
10575
10672
11276
11432
11591
11862
11987
12100
12507
12599
12722
12749
13476
14149
14206
14895
15015
15350
15973
16199
16279
16834
17028
17144
17685
17859
17909
18016
18142
18323
18340
18525
19315
19653
19918
19986
20506
20762
20807
20819
20840
20867
20924
21257
21984
22864
23886
23985
23993
24111
24576
26773
27070
27189
27207
27406
27510
27934
28347
28582
29307
29860
30569
30830
31097
31483
31499
31520
31555
32146
32499
32949
33025
33507
33653
34869
35197
35583
35686
36546
36737
36910
37071
37139
37655
37875
37925
37948
38688
38799
38921
39153
39306
39445
39508
39675
40016
40047
40436
40464
40515
40589
41204
41259
41320
41538
41811
42080
42430
42468
42607
42679
42748
42807
42827
42879
42886
42924
43076
43543
43779
43852
44506
44559
44733
45366
45563
46542
47284
47298
47323
47494
47941
47974
48714
48778
48846
48956
49142
49450
49763
50256
50555
50725
51065
51521
51962
52575
52774
53117
53255
53424
53699
53808
53812
53865
53958
54592
54724
55201
55252
55405
55639
55854
56021
56130
56322
56411
56430
56528
57252
57908
58115
58145
58381
58483
58526
Number of cuts: 217

Poco6
27
52
999
3577
5659
6303
8783
9223
10954
12499
12564
12847
12965
13451
13502
18528
19162
20786
23137
23236
24495
25017
25083
25284
27924
28135
28858
29303
29550
29782
30975
31014
31597
31922
32403
33285
34128
34986
35067
35142
36084
37910
39683
39818
40370
41165
43582
43879
45948
48460
49345
50058
50779
51067
51462
51557
53995
54027
55529
55533
57651
57976
58197
58384
58723
59398
60440
60482
61212
61392
61433
61875
63336
63351
63852
64739
65298
67230
68972
70714
70852
72241
73499
74311
74569
77383
77617
Number of cuts: 87

Rasputin
302
350
632
966
1807
1962
2019
2076
2988
3009
3025
3931
4562
5076
6315
6548
6636
7059
7333
8346
9027
9396
10778
11254
11882
12775
14518
14956
15591
15741
15986
16602
16998
17448
17853
18596
18850
19509
22725
23122
23130
23236
24297
25915
25993
26394
27437
27461
28981
29378
29417
29451
30344
30683
30874
31417
31822
31944
33817
34290
34840
35167
36734
36865
38177
38599
39357
40512
41271
46560
Number of cuts: 70

RER2
302
350
632
966
1807
1962
2019
2076
2988
3009
3025
3469
3931
4562
5076
5473
6058
6563
6651
7348
7963
8345
9427
11285
11913
14088
14987
15622
16017
16174
16633
18627
18881
19540
21633
22755
23152
23160
23266
24326
25944
26022
26412
26423
27285
27466
27490
29010
29407
29446
29480
30373
30712
31446
31851
31973
33846
34319
34869
35196
36763
36894
38206
38628
39386
40541
41300
46587
Number of cuts: 68

RexFury
302
350
632
997
1838
1993
2050
2107
3019
3056
3962
4593
5107
5504
6089
6594
6682
7379
7994
8376
9458
11316
11944
14119
15018
15653
16048
16205
16664
17060
18658
18912
19571
21664
22786
23183
23297
24357
25975
26053
26454
27497
27521
29041
29438
29477
29511
30404
30743
30934
31477
32004
33877
34350
34900
35227
36925
38237
38430
39414
41330
46618
Number of cuts: 62

RGL3
173
308
608
621
837
952
1275
1806
1961
2075
2105
2732
2990
3011
3933
4564
5078
5225
5585
6644
7953
8335
8854
9160
9393
9836
10610
11256
11511
12100
12463
12623
13408
13459
13642
14473
14927
15676
15693
15705
15786
17534
18045
18789
19031
19323
19494
19687
20254
21192
21297
22682
22713
23070
23345
23626
23630
23993
25011
25366
26794
26798
26999
27683
28191
28272
28477
28679
29377
29644
30353
30914
32521
33279
33870
35155
35268
35704
37889
38959
38981
41426
42384
42729
43928
45308
46529
48063
Number of cuts: 88

Rhodalysa
302
350
632
966
1807
1962
2019
2076
2988
3009
3025
3469
3931
4562
5076
5473
6058
6563
6651
7348
7963
8345
9427
11285
11913
14088
14987
15622
16017
16174
16633
17029
18627
18881
19540
21633
22755
23152
23160
24326
25944
26022
26423
27466
27490
29010
29407
29446
30373
30712
31446
31851
31973
33846
34319
34869
35196
36763
36894
38206
38628
39386
40541
41300
46587
Number of cuts: 65

StCroix
302
350
632
966
1807
1962
2019
2076
2988
3009
3025
3931
4562
5076
5473
6058
6563
6651
7348
7963
8345
9427
11285
11913
14088
14987
15622
16017
16174
16633
17029
18627
18881
19540
21633
22768
23165
23173
23279
24339
25957
26035
26425
26436
27060
27479
27503
29023
29420
29459
30386
30725
31459
31864
31986
33859
34332
34882
35209
36785
36916
38228
38650
39408
40563
41322
46610
Number of cuts: 67

Swann
302
350
632
966
1807
1962
2019
2076
2988
3009
3025
3469
3931
4562
5076
5473
6058
6563
6651
7348
7963
8345
9427
11285
11913
14088
14987
15622
16017
16174
16633
17029
18627
18881
19540
21633
22755
23152
23160
24326
25944
26022
26423
27466
27490
29010
29405
29444
29478
30371
30710
31444
31849
31971
33844
34317
34867
35194
36761
36892
38204
38626
39384
40539
41298
46587
Number of cuts: 66

Takoda
176
302
350
629
961
1799
1954
2011
2068
2098
2226
3001
3017
3461
3923
4554
5068
5465
6540
6628
7051
7325
8337
9018
9387
11245
11873
12766
13795
14947
15582
15977
16134
16593
17439
17844
18587
18841
19500
19656
20597
21092
22727
23124
23132
23238
24299
25917
25995
26385
26396
27020
27258
27439
27463
28983
29380
29419
29453
30280
30619
30991
31353
31758
31880
32474
32540
33727
34493
35052
35379
36946
37077
38389
38811
40725
41484
41780
46798
Number of cuts: 79

Trina
1194
1888
2302
3520
5699
7997
11121
11934
12244
15581
21160
21744
23410
26132
26972
38431
40431
47102
47609
53720
58856
81592
82296
82872
86580
87095
90716
95950
98268
98328
99500
100660
102040
105355
106038
106127
107246
110756
113093
113858
114662
120610
128726
134873
136077
136107
136189
137596
138290
138704
Number of cuts: 50

TWAMP
302
350
632
966
1807
1962
2019
2076
2988
3009
3025
3469
3931
4562
5076
5473
6058
6563
6651
7348
7963
8345
9427
11285
11913
14088
14987
15622
16017
16174
16633
17029
18627
18881
19540
21633
22755
23152
23160
24326
25944
26022
26423
27466
27490
29010
29407
29446
30373
30712
31446
31851
31973
33846
34319
34869
35196
36763
36894
38206
38628
39386
40541
41300
46587
Number of cuts: 65

UhSalsa
302
350
632
966
1807
1962
2019
2076
2988
3009
3025
3931
4562
5076
5473
6058
6563
6651
7348
7963
8345
9427
11285
11913
14088
14987
15622
16017
16174
16633
17029
18627
18881
19540
21633
22755
23152
23160
23266
24327
25945
26023
26424
27467
27491
29011
29406
29445
29479
30306
30645
30836
31017
31379
31906
34252
34811
35138
36836
38148
38341
39325
41241
46530
Number of cuts: 64

Weasels2
4851
5457
13587
14624
19133
23046
27163
44579
52068
60596
79478
81197
86335
87894
96851
97398
97905
107453
109840
114049
117843
119942
125987
126189
130124
131532
Number of cuts: 26

Yogi
302
350
632
966
1807
1962
2019
2076
2234
2988
3009
3025
3469
3931
4562
5076
6315
6548
6636
7059
7333
8345
9026
9395
11259
11887
12780
14523
14961
15596
15746
15991
16148
16607
17003
17453
17858
18601
18855
19514
22729
23126
23134
23240
24300
25918
25996
26386
26397
27021
27259
27440
27464
28984
29381
29420
29454
30347
30686
30877
31058
31420
31825
31947
34840
35167
37114
37245
38557
40892
41651
46921
Number of cuts: 72

Yoncess
302
350
632
966
1807
1962
2019
2076
2234
2988
3009
3025
3469
3931
4562
5076
6315
6548
6636
7059
7333
8345
9026
9395
11259
11887
12780
14523
14961
15596
15746
15991
16148
16607
17003
17858
18601
18855
19514
23127
23135
23241
24301
25919
25997
26387
26398
27260
27465
28985
29382
29421
29455
30127
30466
30838
31200
31605
31727
34073
34623
34950
36517
37960
40295
41054
46344
Number of cuts: 67

