Alatin
33913
35263
46664
Number of cuts:  3

Alpacados
35165
46484
Number of cuts:  2

AngryOrchard
35325
46588
Number of cuts:  2

AppleCloud
19661
34990
46380
Number of cuts:  3

Belenaria
35138
46529
Number of cuts:  2

BobbyDazzler
35242
46632
Number of cuts:  2

Bonanza
35167
46923
Number of cuts:  2

Bradshaw
33846
35196
46597
Number of cuts:  3

Bryce
34950
46338
Number of cuts:  2

ChewyVIII
277
975
2497
3004
3104
3693
4211
5010
7258
7770
8279
11041
11793
11910
12001
12453
13718
14108
14917
15061
15615
16364
17663
18002
18557
19687
20236
20387
21053
22026
22699
23177
23376
23450
24598
25369
25833
25916
26064
26714
28095
28603
28675
30367
32916
33027
33877
34501
34729
34803
35119
35304
35880
35938
36697
37065
38353
38458
40661
42090
42390
42394
42470
44060
44417
44777
45757
46532
46889
47107
50180
50954
51931
53749
53916
54111
54361
54806
58735
61983
63520
64909
68425
Number of cuts: 83

CosmicSans
33846
35196
46587
Number of cuts:  3

Dinger
35338
46608
Number of cuts:  2

DocB7
41957
69235
Number of cuts:  2

E3
199
1445
2365
2588
2930
3676
3698
3903
4600
4865
6973
7372
7643
8210
8247
8748
9329
9700
11180
11963
13171
13412
14616
15595
16086
16264
16311
16565
16864
17181
18128
18240
18722
20446
20646
20846
20946
21004
22811
23702
24064
24208
24402
25706
25920
26182
27645
27702
28380
28419
28988
29722
30077
30292
30430
30788
30957
33479
33819
36631
36741
37029
37050
37477
37775
38241
39050
41545
42219
42356
42929
43124
43596
44109
44996
45460
46047
46816
47497
47877
48803
49573
49633
50022
51668
52630
55866
56618
56724
56788
57063
57146
57995
58042
58213
58859
59780
59847
61584
62041
62617
62911
63022
63085
64225
65134
66283
67955
69237
69294
69618
69687
70365
70477
70569
71430
71480
71726
72069
73380
74017
74439
75573
76222
76692
76745
77198
77620
77678
77996
78827
79009
79247
79438
79531
80370
80666
81732
81976
82581
84327
86042
86400
87976
89380
89425
90721
90760
90899
91143
91785
91938
94755
95619
96116
96150
96277
96489
97700
98157
98400
98479
98599
99205
100598
100996
101105
101396
101703
103613
105104
105115
105880
106267
106301
106651
107093
107654
107814
108296
108578
109098
109925
111696
111763
111998
112749
112854
113804
114033
114919
115784
116184
116997
117589
118788
119019
119154
120539
120548
121036
121553
121772
121859
122397
123691
124633
124973
125333
125482
125812
126092
126529
127328
127584
127668
128377
128521
129479
129868
131006
131232
131820
132194
132394
132751
133574
133689
133813
134278
134695
135322
135526
135844
136427
136596
137492
137604
137693
138527
138994
139753
140054
140223
141303
Number of cuts: 245

Erik
33778
35128
46420
Number of cuts:  3

Espica
35138
46528
Number of cuts:  2

Finch
351
2241
2258
5757
10944
11571
12236
17212
17687
23358
23985
25616
25782
26117
26372
30199
34979
41748
43614
48574
50897
56588
60171
60699
61461
62766
63583
65850
67707
68424
69197
71087
73678
75973
78789
79116
83793
89328
91138
91265
92251
94020
94049
101146
103341
104358
106304
109000
113321
118413
119460
123021
125633
125980
131208
131505
131583
135409
135918
Number of cuts: 59

Gollum
35194
46526
Number of cuts:  2

Grayson
3601
72404
124164
Number of cuts:  3

Harlequin
34980
46374
Number of cuts:  2

Hiro
35456
46845
Number of cuts:  2

Jace
677
1025
1154
1647
1678
2534
2828
4204
5683
6050
6167
6241
7554
7952
13094
13302
14097
14399
14586
14808
15851
16028
16895
17048
17234
20464
20999
21051
21437
23083
25078
25237
25999
27178
27495
31223
31902
33646
33690
35368
35549
36997
37306
38180
39225
39329
40663
41116
41823
41908
42842
43869
44018
44475
44518
44538
44695
44793
44893
45307
46413
46799
49639
50788
50911
51301
52431
52596
52755
Number of cuts: 69

Jester
34911
46305
Number of cuts:  2

Krishelle
19967
34206
35556
46976
Number of cuts:  4

Lillie
33846
35196
46587
Number of cuts:  3

Mahdia
146
216
544
560
742
750
1502
1593
2155
2533
3168
3206
3374
4042
4354
4393
4441
6150
6462
6474
6958
7356
8317
8742
8769
9014
9107
9416
9694
10106
10169
10754
10967
11264
12293
12341
12753
13253
13823
13904
13919
14207
14905
14969
15689
16343
16705
16801
17014
17035
17053
17704
17780
17830
18110
18205
18299
18620
19433
19767
21073
21233
21339
21715
21732
21807
22239
22430
22531
22852
23387
23556
23975
24147
24168
24397
24539
24592
24873
25108
25285
25841
25937
26178
26191
26740
27086
27703
27727
27826
28310
28320
29366
29480
29570
29952
30586
30698
30899
31289
31455
31503
32255
32287
32387
32496
32504
33433
33478
33610
33635
34025
34264
34706
35039
35703
35748
36233
36444
37492
38153
38176
38665
38831
39129
39346
40244
40365
40506
40734
41425
41818
42030
Number of cuts: 133

Naiad
33859
35209
46610
Number of cuts:  3

Nancinator
35138
45927
Number of cuts:  2

Natosaleda
35137
46518
Number of cuts:  2

Partridge
35494
46953
Number of cuts:  2

Pepy6
5919
11617
23001
23517
23775
25566
25614
27359
40067
45675
45932
47539
49179
52487
52519
54691
60660
65539
65583
70495
76349
Number of cuts: 21

Peregrin
35587
70814
126010
Number of cuts:  3

Phrankenstein
33792
35142
46531
Number of cuts:  3

Pine5
632
877
947
1448
1469
1652
2707
2882
3039
3605
6423
6577
7851
8245
8396
8577
9117
9748
10186
10330
10672
11276
11591
11862
11987
12507
12722
12749
14149
14206
15973
16199
16279
17144
17859
18016
18142
18340
19315
19918
19986
20506
20924
21257
21984
22864
23993
24576
26773
27070
27189
27406
27934
28347
28582
29307
29860
30830
31097
31483
31555
32146
32499
32949
33507
34869
35686
36737
36910
37139
37925
37948
38921
39153
39675
40016
40464
40589
41204
41320
42468
42679
42827
42879
42924
43779
43852
44733
45366
45563
46542
47298
47323
47974
48956
49450
50555
51065
51521
51962
52575
53117
53808
53812
53865
53958
54724
55252
55405
55639
55854
56021
56322
56411
56430
57252
58145
58483
Number of cuts: 118

Poco6
999
9223
12564
12965
23137
23236
25017
25083
29550
29782
39818
48460
50779
53995
54027
58384
58723
64739
65298
77617
Number of cuts: 20

Rasputin
33817
35167
46560
Number of cuts:  3

RER2
33846
35196
46587
Number of cuts:  3

RexFury
33877
35227
46618
Number of cuts:  3

RGL3
42729
48063
Number of cuts:  2

Rhodalysa
33846
35196
46587
Number of cuts:  3

StCroix
33859
35209
46610
Number of cuts:  3

Swann
33844
35194
46587
Number of cuts:  3

Takoda
35379
46798
Number of cuts:  2

Trina
40431
47609
110756
134873
Number of cuts:  4

TWAMP
33846
35196
46587
Number of cuts:  3

UhSalsa
35138
46530
Number of cuts:  2

Weasels2
4851
60596
114049
Number of cuts:  3

Yogi
35167
46921
Number of cuts:  2

Yoncess
34950
46344
Number of cuts:  2

