Alatin
1045
3609
4243
5913
5943
8968
10307
22360
22369
24250
24356
24701
27779
29926
31870
34386
35116
35264
35361
36257
37627
37783
38705
39239
39783
40213
41040
41148
42232
42750
42948
43020
43449
43797
43920
43986
44166
44370
44389
45119
Number of cuts: 40

Alpacados
1045
3571
4205
5875
5905
7616
10237
10516
12340
19097
22238
24119
24225
24570
26707
27684
29831
31775
34291
35018
35166
35263
37520
37676
38598
38835
39132
39676
40036
42573
42771
42843
43272
43743
43809
44193
44212
44942
Number of cuts: 38

AngryOrchard
1038
3554
4188
5858
5888
6158
7599
8881
10220
10499
12323
19080
22224
22233
24115
24221
24542
24566
26666
27643
31668
34451
35178
35326
35423
37680
37836
38425
38758
38986
39547
39838
40268
41094
42993
43466
43839
43962
44412
Number of cuts: 39

AppleCloud
440
838
3318
3952
5622
5652
5922
7363
8621
9960
12645
16672
19126
24231
24576
26114
26253
26677
27654
31600
33970
34407
34843
34991
35088
37345
37501
38145
38423
38957
39498
39928
40757
40865
41949
42467
42665
42737
43166
43514
43637
43703
43883
44087
44106
44836
Number of cuts: 46

Belenaria
1045
3609
4243
5913
5943
8968
10307
22302
24184
24290
24635
26736
27713
30037
31736
34252
34991
35139
35236
37493
37649
38293
38571
39105
39646
40076
40905
41013
42097
42615
42813
42885
43314
43662
43785
43851
44031
44235
44254
44984
Number of cuts: 40

BobbyDazzler
1045
3680
4314
5984
6014
7725
9007
10346
10625
12449
19206
22348
24229
24335
24656
24680
26781
27758
29905
31849
34365
35095
35243
35340
37597
37753
38675
38912
39209
39753
40183
42203
42721
42919
42991
43420
43768
43891
44137
44341
44360
45090
Number of cuts: 42

Bonanza
1045
3609
4243
5913
5943
7654
10275
10554
12378
19135
22276
24157
24263
24608
26709
27686
29833
31777
34293
35020
35168
35265
37902
38058
38980
40058
40488
43025
43223
43295
43724
44195
44261
44645
44664
45394
Number of cuts: 36

Bradshaw
1045
3609
4243
5913
5943
8968
10307
22302
24183
24289
24634
26735
27712
29859
31803
34319
35049
35197
35294
36190
37560
37716
38638
39172
39716
40146
40973
41081
42165
42683
42881
42953
43382
43730
43853
43919
44099
44303
44322
45052
Number of cuts: 40

Bryce
1045
3609
4243
5913
5943
7654
8936
10275
10554
12378
19135
22277
24158
24264
24585
24609
26710
27687
31557
34073
34803
34951
35048
37305
37461
38383
38620
38917
39461
39891
41911
42429
42627
42699
43128
43476
43599
43845
44049
44068
44798
Number of cuts: 41

ChewyVIII
1634
1994
2207
3124
5427
5820
8646
9180
9336
9733
10435
11149
11663
12299
12476
12707
13852
14044
14232
14448
14937
15311
15663
16223
18079
19786
22233
23579
23807
23885
23909
25217
25880
26161
26800
27280
32034
33324
34089
34202
34604
35304
37946
39150
39672
41657
42701
43837
44386
44722
45534
46779
47184
47631
49190
53121
55378
55751
57762
57953
58054
59427
60997
61022
62852
65200
66207
Number of cuts: 67

CosmicSans
1045
3609
4243
5913
5943
8968
10307
22302
24183
24289
24634
26735
27712
29859
31803
34319
35049
35197
35294
37551
37707
38629
39163
39707
40137
42156
42674
42872
42944
43373
43721
43844
43910
44090
44294
44313
45043
Number of cuts: 37

Dinger
1040
3605
4239
5909
5939
6209
7650
8765
8932
10271
12374
19131
22276
22285
24167
24594
24618
26156
26295
26719
27696
29973
31672
34452
35191
35339
35436
37693
37849
38438
38771
39008
39305
39560
39851
40281
41216
43011
43484
43857
43980
44430
Number of cuts: 42

DocB7
1379
4446
4998
6564
10145
14689
15267
15450
15575
15737
15854
16874
17008
17469
17511
19929
22558
23382
25460
26715
28853
30062
31313
31522
33918
34591
34859
35077
36635
37096
37102
38332
38526
38972
39112
39904
40737
40902
41498
43005
43350
44770
44979
47107
47623
50650
51072
51148
56561
57464
58413
59015
59301
60382
61942
62291
70639
71413
72134
72905
73043
74450
Number of cuts: 62

E3
5267
6207
10945
12489
17824
19047
21142
21361
25037
32828
34283
35147
35811
40027
41564
46036
48615
50769
51129
54687
55365
56158
60086
60696
68061
68299
74327
74912
78339
84027
84307
85618
91175
91520
93583
94508
96841
98353
98710
101458
101846
105333
105436
108534
109420
110806
115820
117924
119207
121238
121882
123636
129297
130055
139521
Number of cuts: 55

Erik
1045
3609
4243
5913
5943
8967
10306
22301
24181
24287
24632
26733
27710
30036
31735
34251
34981
35129
35226
37483
37639
38561
39095
39639
40069
41987
42505
42703
42775
43204
43552
43675
43741
43921
44125
44144
44874
Number of cuts: 37

Espica
1045
3609
4243
5913
5943
8968
10307
22302
24184
24290
24635
26736
27713
30037
31736
34252
34991
35139
35236
37493
37649
38293
38571
39105
39646
40076
40905
41013
42097
42615
42813
42885
43314
43662
43785
43851
44031
44235
44254
44984
Number of cuts: 40

Finch
788
2201
5425
7951
10422
11351
12504
16547
16922
17036
17423
17560
18215
18779
19410
20072
20436
20518
20647
23130
24870
29401
29559
29959
30295
33910
34130
36887
36958
37606
39383
43283
43727
45273
49770
52953
57448
57508
59309
62209
63316
63673
63678
65963
67497
69575
71838
72002
73097
73534
75591
76867
77183
77696
79193
79379
80658
81082
81400
87414
88365
89505
90390
93617
100635
101380
104104
104111
105540
107931
108049
109596
114314
115649
115677
116608
119254
120277
121237
122103
122872
126458
129215
131444
136124
137944
138735
Number of cuts: 87

Gollum
1045
3609
4243
5913
5943
8968
10307
22302
24183
24289
24634
26735
27712
29857
31801
34317
35047
35195
35292
37549
37705
38349
38627
39161
39702
40079
42098
42616
42814
42886
43315
43663
43786
43852
44032
44236
44255
44985
Number of cuts: 38

Grayson
393
1835
3451
3911
5111
5982
6045
7243
7324
7701
8182
8474
9042
11317
12928
12944
13951
13987
14189
14904
17585
17651
19587
19641
19816
21179
22415
25261
25297
26050
26113
28373
29462
30187
30899
34288
36144
38900
39420
39780
39858
39876
40005
40047
41452
41566
42111
44268
44393
47739
51883
53486
55898
56818
56917
58086
59341
60545
60566
60838
61801
62322
65230
66032
67286
69370
70848
72654
73587
74530
82563
83113
83220
83652
84505
84553
85763
91958
92193
93980
94257
99196
99527
99627
101585
101780
104135
105146
105435
106215
111484
111851
112775
120154
122686
125683
127436
127842
128212
129294
130736
Number of cuts: 101

Harlequin
1045
3609
4243
5913
5943
6213
7654
8912
10251
10530
12354
19111
22307
24188
24294
24615
24639
26740
27717
31587
34103
34833
34981
35078
37335
37491
38057
38293
38413
38947
39493
39923
41946
42464
42662
42734
43163
43511
43634
43880
44084
44103
44833
Number of cuts: 43

Hiro
1045
3609
4243
5913
5943
7654
8912
10251
12936
16963
19417
24443
24549
24870
24894
26995
27972
30119
32063
34579
35309
35457
35554
37811
37967
38889
39967
40397
42417
42935
43133
43205
43634
43982
44105
44351
44555
44574
45304
Number of cuts: 39

Jace
13454
13589
13850
18474
21555
21949
26815
27687
28902
28907
28924
36558
45195
Number of cuts: 13

Jester
1045
3609
4243
5913
5943
6213
7654
8912
10251
16651
19105
22238
24119
24225
24546
24570
26671
27648
31518
34034
34764
34912
35009
37266
37422
37988
38224
38344
38878
39424
39854
41877
42395
42593
42665
43094
43442
43565
43811
44015
44034
44764
Number of cuts: 42

Krishelle
1045
3609
4243
5913
5943
8927
10266
12951
16978
19432
24573
24918
26456
26595
27019
27996
30219
32163
34679
35409
35557
35654
36550
37920
38076
38998
39532
40076
40506
41333
41441
42525
43043
43241
43313
43742
44090
44213
44279
44459
44663
44682
45412
Number of cuts: 43

Lillie
1045
3609
4243
5913
5943
8968
10307
22302
24183
24289
24634
26735
27712
29859
31803
34319
35049
35197
35294
37551
37707
38629
39163
39707
40137
42156
42674
42872
42944
43373
43721
43844
43910
44090
44294
44313
45043
Number of cuts: 37

Mahdia
Number of cuts:  0

Naiad
1045
3609
4243
5913
5943
8968
10307
22306
22315
24196
24302
24647
27725
29872
31816
34332
35062
35210
35307
36203
37573
37729
38651
39185
39729
40159
40986
41094
42178
42696
42894
42966
43395
43743
43866
43932
44112
44316
44335
45065
Number of cuts: 40

Nancinator
1045
3609
4243
5913
5943
8968
10307
22302
24184
24290
24635
26736
27713
30037
31736
34252
34991
35139
35236
37493
37649
38293
38571
39105
39476
41495
42013
42211
42283
42712
43060
43183
43249
43429
43633
43652
44382
Number of cuts: 37

Natosaleda
1045
3609
4243
5913
5943
8968
10307
22302
24183
24289
24634
26735
27712
30036
31735
34251
34990
35138
35235
37492
37648
38292
38570
39104
39645
40075
40904
41012
42096
42614
42812
42884
43313
43661
43784
43850
44030
44234
44253
44983
Number of cuts: 40

Partridge
1038
3668
4302
5972
6002
6272
7713
8828
8995
10334
12437
19194
22339
22348
24230
24657
24681
26255
26394
27795
30019
31963
34468
35347
35495
35592
37850
38006
38595
38928
39165
39462
39717
40008
40438
41373
42733
43357
43830
44203
44326
44776
Number of cuts: 42

Pepy6
386
559
760
2230
2389
3632
4222
5139
7089
8463
8614
9600
10467
10629
10718
10783
11663
12705
13218
13398
13515
13848
13956
14079
14686
15586
16009
16935
17840
17971
19511
20560
20932
21223
21343
21452
21685
21768
21830
22590
22815
23328
23585
24159
24242
25820
25988
26256
26641
27686
27880
28748
29314
31076
31742
31865
34205
34334
34868
35076
35340
35496
35696
36259
40601
41732
43968
44481
45024
45056
45357
46741
47902
48160
49409
50095
50207
50623
50680
51007
51142
51214
51466
53134
54480
54633
55623
55890
55891
56250
57070
57810
58340
59483
60464
60661
60829
60899
60957
61163
61355
61953
62626
64157
65171
66020
66626
66808
67174
67195
67403
67757
68162
70549
71700
72473
73829
74728
75306
75686
Number of cuts: 120

Peregrin
453
965
3190
3939
5883
7042
7751
7785
7850
10631
12242
12258
13389
13521
16137
17184
17482
19139
19193
19368
19703
21733
21887
24835
24871
28976
29868
31735
33070
35323
37682
38201
38561
38609
38639
38657
38786
38828
40232
40346
40891
43048
43173
45853
47104
49702
50666
56453
57708
58912
58933
59205
60168
60689
61389
61476
62528
62868
64450
65111
65472
67795
68223
69249
69258
71064
71997
72739
73285
73591
73651
74507
76548
77016
77303
79227
79900
82839
82866
83465
83882
84392
85682
86829
91389
91624
92434
93205
94154
96838
97642
97973
98073
98327
98624
99298
100938
101972
102110
102146
102930
104540
105651
108141
111747
111794
112479
113718
115713
121548
122484
123104
127583
128472
129061
130522
131034
Number of cuts: 117

Phrankenstein
1045
3609
4243
5913
5943
8968
10307
22248
24129
24235
24580
26681
27658
29805
31749
34265
34995
35143
35240
37497
37653
38575
39109
39653
40083
42102
42620
42818
42890
43319
43667
43790
43856
44036
44240
44259
44989
Number of cuts: 37

Pine5
11315
Number of cuts:  1

Poco6
2963
3013
3489
11399
11894
12840
13113
13897
14059
14148
14213
14325
16156
16669
16849
17299
17407
18346
21004
22582
22954
23245
23365
23474
23707
23790
23852
24435
24615
24825
25341
25598
26172
26255
27833
28009
28654
29705
33101
33464
33566
33767
33890
34941
35279
36230
36611
36890
37098
37434
37518
37718
40780
41030
41569
42427
42571
42776
42868
44163
45795
45834
46071
46206
46317
46969
47208
47863
48387
48943
50918
52195
52534
52657
52723
54642
55672
55948
55988
56141
56870
57131
57398
57399
58956
59535
59747
60012
61139
61579
61665
61862
61920
62437
62499
62577
62875
65038
65174
65506
65897
65918
66331
67014
68828
69302
69565
70564
71442
72963
73735
75990
76452
Number of cuts: 113

Rasputin
1045
3609
4243
5913
5943
7654
8937
10276
10997
12373
19130
22272
24154
24581
24605
26706
29830
31774
34290
35020
35168
35265
37522
37678
38600
39134
39678
40108
42127
42645
42843
42915
43344
43692
43815
43881
44061
44265
44284
45014
Number of cuts: 40

RER2
1045
3609
4243
5913
5943
8968
10307
22302
24183
24289
24634
26735
27712
29859
31803
34319
35049
35197
35294
37551
37707
38629
39163
39707
40137
42156
42674
42872
42944
43373
43721
43844
43910
44090
44294
44313
45043
Number of cuts: 37

RexFury
676
1076
3640
4274
5944
5974
8999
10338
22333
24214
24320
24665
26766
27743
29890
31834
34350
35080
35228
35325
37582
37738
38382
38660
39194
39735
40165
40994
41102
42186
42704
42902
42974
43403
43751
43874
43940
44120
44324
44343
45073
Number of cuts: 41

RGL3
588
3611
5330
5392
6345
7033
8931
9299
10276
11484
15496
15589
16871
18830
19085
21768
24671
25104
25815
26020
26497
26970
27850
28699
29323
29390
32473
34004
34938
35893
36162
37680
38034
39275
39657
40201
41512
42401
42995
43136
44184
44367
44772
44871
44974
45097
45408
45429
45675
45684
45837
46623
46881
Number of cuts: 53

Rhodalysa
1045
3609
4243
5913
5943
8968
10307
22302
24183
24289
24634
26735
27712
29859
31803
34319
35049
35197
35294
37551
37707
38629
39163
39707
40137
42156
42674
42872
42944
43373
43721
43844
43910
44090
44294
44313
45043
Number of cuts: 37

StCroix
1045
3609
4243
5913
5943
8968
10307
22306
22315
24196
24302
24647
27725
29872
31816
34332
35062
35210
35307
36203
37573
37729
38651
39185
39729
40159
40986
41094
42178
42696
42894
42966
43395
43743
43866
43932
44112
44316
44335
45065
Number of cuts: 40

Swann
1045
3609
4243
5913
5943
8968
10307
22302
24183
24289
24634
26735
27712
29857
31801
34317
35047
35195
35292
37549
37705
38627
39161
39705
40135
42154
42672
42870
42942
43371
43719
43842
43908
44088
44292
44311
45041
Number of cuts: 37

Takoda
1038
3601
4235
5905
5935
6205
7646
8928
10267
10546
12364
19121
22265
22274
24156
24583
24607
26284
26708
27685
30011
31710
34493
35232
35380
35477
37734
37890
38479
38812
39040
39601
39892
40322
41148
42410
43047
43674
43702
44047
44170
44620
Number of cuts: 42

Trina
3088
7989
8427
9483
12559
13124
14907
15060
15528
18623
18752
19146
20834
24109
27099
27820
33214
33703
36775
36796
37492
38037
38775
40798
43281
43891
50696
50934
51087
55147
59999
60119
64266
65835
67677
68548
68976
69576
71884
73277
73684
74360
77219
78518
79397
84448
84786
84843
85245
86249
88515
88649
88662
89744
94546
97069
100363
101151
101270
101635
101904
102941
105727
105907
106792
107342
108124
110821
114995
115542
117582
117920
121402
121420
121471
121897
122168
122509
124333
125488
129238
Number of cuts: 81

TWAMP
1045
3609
4243
5913
5943
8968
10307
22302
24183
24289
24634
26735
27712
29859
31803
34319
35049
35197
35294
37551
37707
38629
39163
39707
40137
42156
42674
42872
42944
43373
43721
43844
43910
44090
44294
44313
45043
Number of cuts: 37

UhSalsa
1045
3609
4243
5913
5943
8968
10307
22302
24184
24290
24635
26736
27713
30037
31736
34252
34991
35139
35236
37493
37649
38293
38571
39105
39646
40076
40905
41013
42097
42615
42813
42885
43314
43662
43785
43851
44031
44235
44254
44984
Number of cuts: 40

Weasels2
230
4758
8198
10808
11561
12559
12834
13291
14307
14394
14523
15172
16829
17430
18141
19712
21356
23352
24841
24877
25630
25693
27886
28975
29700
33897
35753
39542
41396
41746
42557
43571
44249
46539
46985
50468
51447
53053
54422
57928
58858
58957
59514
60086
60307
61352
62841
63282
65281
66777
67123
67875
69512
69654
69788
72898
73043
73390
73657
74838
74939
75299
76572
78167
78434
80497
82081
82285
82445
83336
83657
85630
86117
87141
87792
88929
93485
99813
100177
100826
101399
101515
102899
103046
104022
105321
105974
108596
109420
112650
113141
113655
114195
115205
118771
119401
123452
127176
127282
128999
129020
129318
131045
131935
Number of cuts: 104

Yogi
1045
3609
4243
5913
5943
7654
10275
10554
12378
19135
22276
24157
24263
24608
26709
27686
29833
31777
34293
35020
35168
35265
37902
38058
38980
40058
40488
43025
43223
43295
43724
44195
44261
44645
44664
45394
Number of cuts: 36

Yoncess
1045
3609
4243
5913
5943
7654
8936
10275
10554
12378
19135
22277
24158
24264
24585
24609
26710
27687
31557
34073
34803
34951
35048
37305
37461
38383
38620
38917
39461
39891
41914
42432
42630
42702
43132
43480
43603
43849
44053
44072
44802
Number of cuts: 41

