Alatin
888
5060
7096
7201
8750
10609
11294
11306
11513
11688
16209
16936
24241
27943
28608
35207
37831
38236
Number of cuts: 18

Alpacados
730
888
5022
5789
7043
7148
8680
11230
11242
11449
11624
16145
18763
24110
26976
28142
28513
35109
37724
38129
38377
38586
38600
42759
Number of cuts: 24

AngryOrchard
725
883
5005
5772
7026
7131
8663
10522
11213
11225
11432
11607
16128
22124
22688
26010
26332
37884
38289
38537
39316
40195
42630
43547
45067
45512
Number of cuts: 26

AppleCloud
683
6895
10947
10959
18792
28112
29474
31519
34934
37549
37954
38202
38411
39627
39855
Number of cuts: 15

Belenaria
888
5060
7096
7201
8750
10609
11294
11306
11513
11688
16209
16936
24175
27877
28542
29691
35082
37697
38102
38350
38559
39775
40003
Number of cuts: 23

BobbyDazzler
730
888
5131
5898
7152
7257
8789
11339
11351
11558
11733
16254
18872
24220
28028
35186
37801
38206
38454
38663
38677
Number of cuts: 21

Bonanza
730
888
5060
5827
7081
7186
8718
11268
11280
11487
11662
16183
18801
24148
26978
28144
28515
35111
38106
38511
38759
38968
38982
45944
Number of cuts: 24

Bradshaw
730
888
5060
7096
7201
8750
10609
11294
11306
11513
11688
16209
16936
24174
27876
28541
35140
37764
38169
Number of cuts: 19

Bryce
730
888
5060
5827
7081
7186
8718
11268
11280
11487
11662
16183
18801
24149
27957
29431
34894
37509
37914
38162
38371
38385
42615
Number of cuts: 23

ChewyVIII
2183
2566
2788
5381
6835
7191
9654
12559
12778
13135
13753
15915
17534
18625
19536
21224
22676
22767
24055
25054
25278
26164
26179
27065
28041
28939
29337
29938
35573
36137
37095
37866
38203
38687
41368
42098
42301
45902
46488
47019
49632
52183
55017
56517
57825
57848
58509
60738
60745
66929
66955
68276
68503
Number of cuts: 53

CosmicSans
730
888
5060
7096
7201
8750
10609
11294
11306
11513
11688
16209
16936
24174
27876
28541
35140
37755
38160
Number of cuts: 19

Dinger
727
885
5056
5823
7077
7182
8714
10573
11264
11276
11483
11658
16179
24158
28154
29517
37897
38302
38550
42648
43565
45529
Number of cuts: 22

DocB7
7516
9390
10988
14701
16049
16079
16816
17186
17537
19287
23686
25329
25402
25576
27546
33073
33384
33983
34082
36095
36923
37800
40270
43672
48632
50538
50934
52064
53511
54089
54363
58792
61579
63419
64144
65270
68442
74876
Number of cuts: 38

E3
488
1335
1597
1648
2763
3841
4125
4307
4810
5043
5700
6185
6744
7789
7869
8452
10869
11402
11698
11800
11835
11968
12837
13134
13965
14251
14515
14802
17018
18900
19351
20228
23625
25405
26297
26525
27523
29972
30282
30848
30909
31443
31618
31716
31877
33016
34567
35301
36169
36433
36527
38162
38849
40541
40563
40648
45303
45965
46024
46267
46780
47573
47634
48263
48432
48440
50442
51374
51560
51821
51876
52581
53343
53912
54680
56137
57559
57617
59506
61155
61277
61615
61854
63189
63751
63898
65804
66741
66969
67100
68559
68769
68870
69038
69090
69386
69570
70543
71909
75465
75544
76482
78651
79219
82820
83330
84068
84099
85219
85394
86158
86920
87057
87582
88387
88417
89028
92229
93057
93819
93921
95024
95735
95776
95788
95866
96338
98718
101864
104826
105560
108125
108530
109848
110426
111315
111492
114146
114487
114511
115582
116329
117864
118122
118199
119065
120643
123180
125107
125721
127550
128583
129783
130350
131191
132918
135444
135991
137383
138287
138655
138932
139618
141289
141384
141517
142489
Number of cuts: 167

Erik
730
888
5060
7096
7201
8749
10608
11293
11305
11512
11687
16208
16935
24172
27874
28539
35072
37687
38092
Number of cuts: 19

Espica
888
5060
7096
7201
8750
10609
11294
11306
11513
11688
16209
16936
24175
27877
28542
29691
35082
37697
38102
38350
38559
39775
40003
Number of cuts: 23

Finch
1018
2023
2355
3396
3597
5780
7181
8172
8205
8644
11004
12137
12484
12756
13253
13569
13695
13698
13997
16384
17662
17974
18703
18980
19185
20782
23699
23834
24955
26458
26833
27079
27422
28295
29308
30198
30346
30463
31001
32196
33564
35311
36370
36631
36645
36781
37261
37388
37942
38111
38531
38955
39159
40205
42558
43147
43616
44374
46263
46268
47621
48182
48638
49094
49253
50994
51909
52848
53508
54578
54872
55290
56430
56788
57387
58178
60283
60796
61262
62468
63197
63877
66583
66601
67004
68603
69580
69718
70788
72900
72960
75347
75884
77201
77344
77895
77957
78358
81680
83062
83489
84098
84336
84395
84422
84552
85468
85968
87276
87778
88932
90165
90466
90619
92509
93649
93784
94832
94910
95855
96399
97388
100523
101856
102344
102401
103381
104534
105337
105401
106593
107518
108391
110270
110800
111573
113594
114744
116190
116209
117616
118322
118620
122980
123614
123978
124100
124398
124591
125833
126247
127821
129477
132185
132508
132979
133759
133897
134697
135254
135326
136324
137959
138161
138191
Number of cuts: 165

Gollum
730
888
5060
7096
7201
8750
10609
11294
11306
11688
16209
16936
24174
27876
28541
35138
37753
38158
38406
38615
Number of cuts: 20

Grayson
193
1852
6009
13547
20613
28601
35292
43463
58831
59713
66380
77017
93688
102689
105283
107074
110752
113944
118114
118375
120967
127148
129094
130753
Number of cuts: 24

Harlequin
730
888
7081
7186
11244
11256
11463
11638
16159
18777
24179
27987
29461
34924
37539
38192
38401
39850
42650
Number of cuts: 19

Hiro
730
888
5060
5827
7081
7186
11238
11250
24434
28430
35400
38015
38668
38877
38891
43121
Number of cuts: 16

Jace
5561
6477
10659
11355
12841
13333
21041
21517
26544
27325
28885
29018
29216
29639
30459
31159
33776
35455
36683
37651
37717
39408
40138
41423
42465
44304
46443
46456
48074
Number of cuts: 29

Jester
730
888
7081
7186
10553
11238
11250
11632
18771
24110
27918
29392
34855
37470
38123
38332
39781
42581
Number of cuts: 18

Krishelle
888
5060
7096
7201
11253
11265
19098
28454
35500
38124
38529
Number of cuts: 11

Lillie
730
888
5060
7096
7201
8750
10609
11294
11306
11513
11688
16209
16936
24174
27876
28541
35140
37755
38160
Number of cuts: 19

Mahdia
2683
3087
3445
4295
6184
6632
6846
9570
9638
9751
10045
10199
13944
14842
15256
16559
16619
18040
18106
19075
19714
21473
22077
22248
23536
23764
24394
24733
25274
25769
27171
27945
29038
29622
29820
30477
30924
31000
31346
31391
32458
32616
32774
33084
33828
34598
34889
35009
35123
35296
38550
39589
40749
40972
41327
41483
42455
Number of cuts: 57

Naiad
888
5060
7096
7201
8750
10609
11294
11306
11513
11688
16209
16936
24187
27889
28554
35153
37777
38182
Number of cuts: 18

Nancinator
888
5060
7096
7201
8750
10609
11294
11306
11513
11688
16209
16936
24175
27877
28542
29691
35082
37697
38102
38350
38559
Number of cuts: 21

Natosaleda
730
888
5060
7096
7201
8750
10609
11294
11306
11513
11688
16209
16936
24174
27876
28541
29690
35081
37696
38101
38349
38558
39774
40002
Number of cuts: 24

Partridge
725
883
5119
5886
7140
7245
8777
10636
11327
11339
11546
11721
16242
24221
28253
29616
38054
38459
38707
42994
43911
45874
Number of cuts: 22

Pepy6
2460
4481
6373
6382
7546
9475
9502
9957
10423
11786
14066
14507
15509
16566
17169
18582
18806
19769
22873
25142
27464
27674
28687
28996
29107
29530
29938
31545
31662
33126
34305
34434
35696
36354
37759
39076
42104
45015
45829
47161
47701
47875
48624
49314
49473
51886
52158
52596
56051
57364
57768
58905
62251
64061
64794
65168
66437
66470
66704
Number of cuts: 59

Peregrin
183
1875
5847
18925
28115
34074
36343
42243
57198
82171
88987
107349
111296
113943
114182
115988
124605
125445
128548
130252
131944
Number of cuts: 21

Phrankenstein
730
888
5060
7096
7201
8750
10609
11294
11306
11513
11688
16209
16936
24120
27822
28487
35086
37701
38106
42806
Number of cuts: 20

Pine5
929
1057
1879
2472
2618
3095
4367
4654
5295
5364
5712
5727
5876
6797
7128
7189
7373
7535
8057
8061
8429
9821
10391
10563
10600
10697
10742
10768
10850
11004
11183
11527
11860
12070
13122
13860
14208
14395
14451
14773
14785
15303
15435
15551
17276
17291
17398
17649
18293
19133
19991
20880
21897
22207
22579
22605
22987
23065
23475
24217
24880
25562
25622
25640
26487
26948
26961
27101
27418
28361
28535
28707
29221
29346
29389
29540
30139
30342
31304
31452
32262
32271
32525
32776
33127
33285
33622
34308
35934
36074
36373
37078
37168
37399
37630
37708
38023
38293
39100
40020
40568
41042
41883
41958
41964
42377
42855
43403
44717
44811
45249
45374
45708
46439
47360
47472
47801
48613
48764
49103
49293
50652
50789
53540
53709
53770
53895
53908
54300
55309
55399
57345
57814
58458
58837
Number of cuts: 135

Poco6
357
3233
3468
4249
7489
9716
10723
11755
13388
15201
15213
18997
19445
22716
27155
27455
29477
29605
31015
31371
31957
36456
39266
39347
39421
40019
41735
42908
47451
49874
53395
53667
54104
54792
55320
58944
59282
60081
63171
64910
65915
66208
Number of cuts: 42

Rasputin
730
888
5060
5827
7081
7186
8719
10578
11263
11275
11657
16178
18796
24145
27847
28512
35111
37726
38131
Number of cuts: 19

RER2
730
888
5060
7096
7201
8750
10609
11294
11306
11513
11688
16209
16936
24174
28170
28541
35140
37755
38160
Number of cuts: 19

RexFury
761
919
5091
7127
7232
8781
10640
11325
11337
11544
11719
16240
16967
24205
27907
28572
35171
37786
38191
38439
38648
39864
40092
Number of cuts: 23

RGL3
361
716
874
1092
2173
2506
4250
5062
5250
6074
7086
7192
8740
11265
11278
12527
15513
16252
18977
21502
24385
25248
25626
27125
28621
29158
31014
34563
34611
35298
36096
36439
36869
38764
39020
39422
40366
43183
43854
45027
45114
Number of cuts: 41

Rhodalysa
730
888
5060
7096
7201
8750
10609
11294
11306
11513
11688
16209
16936
24174
27876
28541
35140
37755
38160
Number of cuts: 19

StCroix
888
5060
7096
7201
8750
10609
11294
11306
11513
11688
16209
16936
24187
27889
28554
35153
37777
38182
Number of cuts: 18

Swann
888
5060
7096
7201
8750
10609
11294
11306
11513
11688
16209
16936
24174
27876
28541
35138
37753
38158
Number of cuts: 18

Takoda
725
883
5052
5819
7073
7178
8710
10569
11254
11266
11473
11648
16169
22729
35323
37938
38343
38591
40249
42684
43755
45275
45720
Number of cuts: 23

Trina
1133
81614
94100
102934
103250
108769
122078
133844
134979
137535
Number of cuts: 10

TWAMP
730
888
5060
7096
7201
8750
10609
11294
11306
11513
11688
16209
16936
24174
27876
28541
35140
37755
38160
Number of cuts: 19

UhSalsa
888
5060
7096
7201
8750
10609
11294
11306
11513
11688
16209
16936
24175
27877
28542
29691
35082
37697
38102
38350
38559
39775
40003
Number of cuts: 23

Weasels2
5115
7550
12784
18405
37225
43058
49277
58875
82675
91139
96216
103177
112842
127993
Number of cuts: 14

Yogi
730
888
5060
5827
7081
7186
8718
11268
11280
11487
11662
16183
18801
24148
26978
28144
28515
35111
38106
38511
38759
38968
38982
45944
Number of cuts: 24

Yoncess
730
888
5060
5827
7081
7186
8718
11268
11280
11487
11662
16183
18801
24149
27957
29431
34894
37509
37914
38162
38371
38385
42618
Number of cuts: 23

