Alatin
3709
5312
6133
6364
7993
9227
10186
10839
12280
14679
16106
16465
16477
16717
18411
22854
23241
23610
25330
25736
25838
26607
27126
32407
36979
38182
39262
40958
41183
41239
41987
42804
43459
43913
44399
44646
Number of cuts: 36

Alpacados
5066
5274
6095
7940
8463
10775
12216
14615
15389
16042
16234
16401
16413
16653
17874
18347
23110
23479
25199
25641
25743
26167
26512
27031
32312
36872
38075
39080
41006
41062
41810
42627
43736
44222
44469
Number of cuts: 35

AngryOrchard
3654
5049
5292
6078
6294
7923
8446
9780
10602
10758
12199
14598
16025
16217
16384
16396
16636
18330
21340
22718
23105
23474
25195
25601
25703
26115
26148
26175
26471
33898
37032
38235
39240
41012
41237
41293
42040
42852
43363
43955
44441
44688
44911
Number of cuts: 43

AppleCloud
83
3418
5056
5842
6058
7687
8210
9520
9839
10492
12145
14644
16071
16263
16430
16442
16682
18376
21171
22243
25205
25557
25611
25713
32137
33557
36697
37900
40675
40900
40956
41704
42521
43176
43630
44116
44363
Number of cuts: 37

Belenaria
3709
5312
6133
6364
7993
9227
10186
10839
12280
14679
16106
16465
16477
16717
18411
22787
23174
23543
25264
25772
26541
27060
32273
36845
38048
40823
41048
41104
41852
42669
43324
43778
44264
44511
Number of cuts: 34

BobbyDazzler
5175
5383
6204
8049
8572
10884
12325
14724
15498
16151
16343
16510
16522
16762
17983
18456
20579
21251
23220
23589
25309
25715
25817
26241
26586
27105
32386
36949
38152
39157
41153
41209
41958
42775
43289
43430
43884
44370
44617
Number of cuts: 39

Bonanza
5104
5312
6133
7978
8501
10813
12254
14653
15427
16080
16272
16439
16451
16691
17912
18385
23148
23517
25237
25643
25745
26169
26514
27033
32314
37254
38457
39462
41458
41514
42262
43079
44188
44674
44921
Number of cuts: 35

Bradshaw
3709
5312
6133
6364
7993
9227
10186
10839
12280
14679
16106
16465
16477
16717
18411
22787
23174
23543
25263
25669
25771
26540
27059
32340
36912
38115
39195
40891
41116
41172
41920
42737
43392
43846
44332
44579
Number of cuts: 36

Bryce
5104
5312
6133
7978
8501
10813
12254
14653
15427
16080
16272
16439
16451
16691
17912
18385
20508
23149
23518
25238
25644
25746
26170
26515
27034
32094
36657
37860
38865
40861
40917
41666
42483
43138
43592
44078
44325
Number of cuts: 37

ChewyVIII
370
713
960
1324
3462
6412
10955
11741
13800
14956
20295
23373
26466
29351
32786
45782
48536
51629
53569
54550
59021
62703
Number of cuts: 22

CosmicSans
3709
5312
6133
6364
7993
9227
10186
10839
12280
14679
16106
16465
16477
16717
18411
22787
23174
23543
25263
26540
27059
32340
36903
38106
39186
41107
41163
41911
42728
43383
43837
44323
44570
Number of cuts: 33

Dinger
3705
5100
5343
5574
6345
6480
7974
8497
10653
10809
12250
14649
16076
16268
16435
16447
16687
18381
20561
21176
22770
23157
23526
25247
25599
25653
25755
26278
27590
32209
33899
37045
38248
41026
41251
41307
42058
42870
43381
43973
44459
44706
44929
Number of cuts: 43

DocB7
Number of cuts:  0

E3
2517
2665
2713
3216
5307
6821
7710
7896
9548
9722
11134
11293
11410
12006
13037
14679
15276
15354
15998
18158
19126
19422
20562
20765
21371
24357
24554
26515
31487
33726
35613
36218
37621
38017
39354
39702
41644
42906
43738
44500
45887
48643
51382
53333
53496
53789
54288
54465
54680
57722
59061
59067
59232
59502
61189
63002
65995
66001
66725
67396
68292
68552
68678
68956
70324
71733
72111
74824
74905
76662
78087
78884
79786
80800
84248
84742
85685
86002
93743
93851
95327
95399
97884
98037
99200
99431
99896
101085
101917
104069
104296
104450
105158
106580
106724
106754
109065
110116
110284
112140
112514
113039
113708
114298
116055
116133
117350
118900
119362
119578
121740
122439
122845
123188
123886
124099
124707
125435
127255
127720
127956
128534
129126
133316
134545
137892
142175
Number of cuts: 127

Erik
3709
5312
6133
6364
7993
9226
10185
10838
12279
14678
16105
16464
16476
16716
18410
22786
23173
23541
25261
25769
26538
27057
32272
36835
38038
39118
40938
40994
41742
42559
43214
43668
44154
44401
Number of cuts: 34

Espica
3709
5312
6133
6364
7993
9227
10186
10839
12280
14679
16106
16465
16477
16717
18411
22787
23174
23543
25264
25772
26541
27060
32273
36845
38048
40823
41048
41104
41852
42669
43324
43778
44264
44511
Number of cuts: 34

Finch
591
695
2592
3587
4180
6353
6599
6913
7625
10568
10706
10755
11811
13940
14020
14255
15711
15891
16098
16491
16647
16743
17478
19964
20199
20897
20978
21374
24401
25128
25632
29609
29796
31745
33073
33690
33797
33903
34474
34736
35008
35528
36197
36348
36483
36882
37601
37749
38963
41716
42576
42961
43807
45178
46774
47010
48428
51242
51378
51606
53905
54218
55478
57090
58003
58163
58490
59765
60105
60361
60390
60925
61165
62321
63569
64155
65083
67144
67507
69684
69819
70456
71082
71995
72040
72688
73274
75301
76697
77647
78988
79632
79704
79761
82208
82352
82640
82870
82897
83441
83474
84005
84697
85843
86656
87538
89325
89549
90253
91504
93192
93387
94017
94980
96821
97396
100220
100376
101974
102254
103527
104801
104841
105420
105559
107196
107478
107522
107941
110736
111602
112099
114770
115968
116139
116886
117031
119196
119623
120628
120879
121422
121710
122199
122627
122639
125151
126857
129166
129529
130291
130764
134090
135870
136661
Number of cuts: 155

Gollum
3709
5312
6133
6364
7993
9227
10186
10839
12280
14679
16106
16298
16465
16477
16717
18411
22787
23174
23543
25263
25669
26540
27059
32338
36901
38104
41049
41105
41853
42670
43325
43779
44265
44512
Number of cuts: 34

Grayson
Number of cuts:  0

Harlequin
3709
5347
6349
7978
8501
10789
12230
14629
15403
16056
16248
16415
16427
16667
17888
18361
20484
23179
23548
25268
25674
25776
26200
26545
27064
32124
36687
37890
39979
40671
40896
40952
41701
42518
43173
43627
44113
44360
Number of cuts: 38

Hiro
5104
5312
6133
7978
8501
9811
10130
10783
12436
14935
16362
16554
16721
16733
16973
18667
21462
22534
25523
25929
26031
26455
26800
27319
32600
37163
38366
39371
41367
41423
42172
42989
43503
43644
44098
44584
44831
Number of cuts: 37

Jace
24329
36280
Number of cuts:  2

Jester
3709
5347
6349
7978
8501
9811
12224
14623
16050
16242
16409
16421
16661
17882
18355
20478
23110
23479
25199
25605
25707
26131
26476
26995
32055
36618
37821
39910
40602
40827
40883
41632
42449
43104
43558
44044
44291
Number of cuts: 37

Krishelle
3709
5312
6133
6364
7993
8516
9826
10145
10798
12451
14950
16377
16569
16736
16748
16988
18682
21477
22585
25547
25899
25953
26055
32700
37272
38475
39555
41251
41476
41532
42280
43097
43752
44206
44692
44939
Number of cuts: 36

Lillie
3709
5312
6133
6364
7993
9227
10186
10839
12280
14679
16106
16465
16477
16717
18411
22787
23174
23543
25263
26540
27059
32340
36903
38106
39186
41107
41163
41911
42728
43383
43837
44323
44570
Number of cuts: 33

Mahdia
630
738
1086
1510
1771
1827
1853
1899
2922
3959
3968
4625
4713
4761
6400
7097
7105
8575
9096
9999
10063
10200
10668
12402
17042
18569
21358
21388
21587
22340
22633
23442
24087
24126
24602
24955
25435
25444
26981
27687
29493
30314
31525
31593
31720
32157
32300
33410
33644
33743
35161
35206
35376
35775
36975
37681
38249
38283
39750
40441
40483
40556
40667
40848
40941
42158
Number of cuts: 66

Naiad
3709
5312
6133
6364
7993
9227
10186
10839
12280
14679
16106
16465
16477
16717
18411
22800
23187
23556
25276
25682
25784
26553
27072
32353
36925
38128
39208
40904
41129
41185
41933
42750
43405
43859
44345
44592
Number of cuts: 36

Nancinator
3709
5312
6133
6364
7993
9227
10186
10839
12280
14679
16106
16465
16477
16717
18411
22787
23174
23543
25264
25772
26541
27060
32273
36845
38048
40446
40502
41250
42067
42722
43176
43662
43909
Number of cuts: 33

Natosaleda
3709
5312
6133
6364
7993
9227
10186
10839
12280
14679
16106
16465
16477
16717
18411
22787
23174
23543
25263
25771
26540
27059
32272
36844
38047
40822
41047
41103
41851
42668
43323
43777
44263
44510
Number of cuts: 34

Partridge
3768
5163
5406
6408
8037
8560
10716
10872
12313
14712
16139
16331
16498
16510
16750
18444
21239
22833
23589
25310
25698
25752
25854
27689
34055
37201
38405
41183
41408
41464
42212
43216
43727
44319
44805
45052
45275
Number of cuts: 37

Pepy6
3288
4728
5514
6902
11982
13837
14535
14593
15687
15816
21429
27041
29843
32584
36909
41610
43734
44035
44491
45110
45137
52294
52817
54929
60155
60980
61032
61173
61963
62711
63667
67686
73983
74496
74745
74988
Number of cuts: 36

Peregrin
Number of cuts:  0

Phrankenstein
3709
5312
6133
6364
7993
9227
10186
10839
12280
14679
16106
16465
16477
16717
18411
22733
23120
23489
25209
26486
27005
32286
36849
38052
39132
41053
41109
41857
42674
43329
43783
44269
44516
Number of cuts: 33

Pine5
Number of cuts:  0

Poco6
293
3247
5535
9660
13524
15430
17288
18447
23358
23451
24607
25054
29054
29428
32776
33094
34609
38931
42769
42990
46327
46962
46989
49576
53803
54325
55549
56437
58085
59962
60696
62233
62288
62674
63138
63610
64027
68838
69321
74357
75245
75758
76007
76256
76417
76577
Number of cuts: 46

Rasputin
3709
5104
5312
6133
7978
8502
9836
10808
12249
14648
15422
16075
16267
16434
16446
16686
17907
18380
20503
21175
23144
23513
25234
25586
25640
25742
26511
27030
32311
36874
38077
39157
41078
41134
41882
42699
43354
43808
44294
44541
Number of cuts: 40

RER2
3709
5312
6133
6364
7993
9227
10186
10839
12280
14679
16106
16298
16465
16477
16717
18411
23174
23543
25263
25669
25771
26195
26540
27059
32340
36903
38106
39186
41107
41163
41911
42728
43383
43837
44323
44570
Number of cuts: 36

RexFury
3740
5343
6164
6395
8024
9258
10217
10870
12311
14710
16137
16329
16496
16508
16748
18442
22818
23205
23574
25294
25646
25700
25802
26571
27090
32371
36934
38137
40912
41137
41193
41941
42758
43413
43867
44353
44600
Number of cuts: 37

RGL3
4042
4992
5580
6476
6754
7130
7983
8191
8509
10155
10814
11536
11548
14194
16270
16462
16629
16641
16881
17259
18099
19095
20409
20662
21457
21825
22755
24787
25132
26117
26583
26823
27515
27903
28188
28465
28593
29307
29452
29968
30770
31751
33439
34709
35002
37028
37084
37898
39095
40635
41475
41514
41942
42131
Number of cuts: 54

Rhodalysa
3709
5312
6133
6364
7993
9227
10186
10839
12280
14679
16106
16465
16477
16717
18411
22787
23174
23543
25263
26540
27059
32340
36903
38106
39186
41107
41163
41911
42728
43383
43837
44323
44570
Number of cuts: 33

StCroix
3709
5312
6133
6364
7993
9227
10186
10839
12280
14679
16106
16465
16477
16717
18411
22800
23187
23556
25276
25682
25784
26553
27072
32353
36925
38128
39208
40904
41129
41185
41933
42750
43405
43859
44345
44592
Number of cuts: 36

Swann
3709
5312
6133
6364
7993
9227
10186
10839
12280
14679
16106
16465
16477
16717
18411
22787
23174
23543
25263
25615
25669
25771
26540
27059
32338
36901
38104
39184
41105
41161
41909
42726
43381
43835
44321
44568
Number of cuts: 36

Takoda
3701
5096
5339
6125
6341
7970
8493
9827
10799
12240
14639
16066
16258
16425
16437
16677
18371
21381
22759
23146
23515
25236
25642
25744
26513
33940
37086
38289
39294
41066
41291
41347
42094
42906
43571
43712
44163
44649
44896
45119
Number of cuts: 40

Trina
Number of cuts:  0

TWAMP
3709
5312
6133
6364
7993
9227
10186
10839
12280
14679
16106
16465
16477
16717
18411
22787
23174
23543
25263
26540
27059
32340
36903
38106
39186
41107
41163
41911
42728
43383
43837
44323
44570
Number of cuts: 33

UhSalsa
3709
5312
6133
6364
7993
9227
10186
10839
12280
14679
16106
16465
16477
16717
18411
22787
23174
23543
25264
25772
26541
27060
32273
36845
38048
40823
41048
41104
41852
42669
43324
43778
44264
44511
Number of cuts: 34

Weasels2
Number of cuts:  0

Yogi
5104
5312
6133
7978
8501
10813
12254
14653
15427
16080
16272
16439
16451
16691
17912
18385
23148
23517
25237
25643
25745
26169
26514
27033
32314
37254
38457
39462
41458
41514
42262
43079
44188
44674
44921
Number of cuts: 35

Yoncess
5104
5312
6133
7978
8501
10813
12254
14653
15427
16080
16272
16439
16451
16691
17912
18385
20508
21180
23149
23518
25238
25644
25746
26170
26515
27034
32094
36657
37860
38865
40861
40917
41606
41669
42486
43001
43142
43596
44082
44329
Number of cuts: 40

