Alatin
4173
7929
14923
20741
23398
27680
29653
31806
36806
40216
40558
43944
45289
Number of cuts: 13

Alpacados
3177
4135
7876
9931
14100
14859
17018
21298
22160
23267
27585
29558
31711
36699
36733
36864
39217
40039
40381
41357
43767
43986
Number of cuts: 22

AngryOrchard
3160
4118
7859
9914
14842
21281
23262
27544
28622
29517
31604
36859
37024
39377
40271
40612
40810
40965
41588
44205
Number of cuts: 20

AppleCloud
2924
3882
7623
9654
14888
29604
36524
36558
36689
39931
40275
41251
43661
45006
Number of cuts: 14

Belenaria
4173
7929
14923
22224
23331
25632
27614
29585
31672
36672
36706
36837
40079
40423
41399
43809
45154
Number of cuts: 17

BobbyDazzler
3286
4244
7985
10040
14209
14968
17127
21407
22270
23377
27659
29632
31785
36776
36810
36941
39294
40186
40528
41504
43915
45260
Number of cuts: 22

Bonanza
3215
4173
7914
9969
14138
14897
17056
21336
22198
23305
27587
29560
31713
37081
37115
37246
39599
40491
40833
41809
44219
44438
Number of cuts: 22

Bradshaw
4173
7929
14923
22224
23331
27613
29586
31739
36739
40149
40491
43877
45222
Number of cuts: 13

Bryce
3215
4173
7914
9969
14897
17056
21336
22199
23306
27588
29561
31493
36484
36518
36649
39002
39894
40236
41212
43623
44968
45166
Number of cuts: 22

ChewyVIII
2242
2392
4428
5817
8759
10165
10965
11258
12101
15662
18304
21666
22482
24205
24951
25033
25771
25885
26797
27171
29250
31755
36335
40056
45531
45894
46515
46962
46974
48950
49158
52584
53391
55284
55474
55885
55948
57581
59432
62156
62369
64446
64749
65956
68216
Number of cuts: 45

CosmicSans
4173
7929
14923
22224
23331
25631
27613
28691
29586
31739
36730
40140
40482
41458
43868
45213
Number of cuts: 16

Dinger
3211
4169
7910
9965
14134
14893
23314
29647
31608
36872
37037
39390
40284
40625
42479
44223
Number of cuts: 16

DocB7
11406
21465
24006
39543
41935
45066
56828
Number of cuts:  7

E3
1046
1474
2876
3233
4186
7077
8686
9621
10487
15828
18422
19370
20249
21405
21632
24077
24729
26444
31557
32469
32767
34801
34969
35047
35250
35650
36680
37715
39223
40210
41165
41968
42847
43206
43323
43562
44426
46477
48409
48618
51126
52847
53000
55924
60876
63348
63693
65799
66423
67169
67454
67655
72533
73199
73979
74090
76343
80963
82085
83636
83853
84129
85504
86797
87785
88929
89609
91877
94381
94468
95079
96193
96223
96859
100391
100895
102308
108049
108727
113004
113250
113571
115907
116242
116341
116564
118167
118640
118688
120173
122660
122943
124022
133209
137413
138583
141088
Number of cuts: 97

Erik
4173
7929
14922
22223
23330
25629
27611
29584
31671
36662
40072
40313
41289
43699
45044
Number of cuts: 15

Espica
4173
7929
14923
22224
23331
25632
27614
29585
31672
36672
36706
36837
40079
40423
41399
43809
45154
Number of cuts: 17

Finch
1075
1774
2608
3222
5855
5924
6291
8822
9632
11482
13548
16510
17557
19203
19326
19539
20010
20357
20402
22487
23471
24372
25534
28274
28807
29667
30003
37482
38479
39181
46109
49948
50572
51064
52573
55064
55302
55740
56122
59956
60382
60884
61031
62343
65444
65894
67214
68387
73245
74785
75203
75857
78884
81399
82080
82512
84120
84508
85633
86959
88212
88239
88399
91119
94151
95205
98445
98871
100335
100347
100707
101301
103279
104224
110412
112380
114597
114786
117121
118703
119379
119543
121126
121369
121669
126442
130178
134524
135799
137338
137938
Number of cuts: 91

Gollum
4173
7929
14923
22224
23331
27613
29584
31737
36728
36762
36893
40082
40424
41400
43810
45155
Number of cuts: 16

Grayson
2600
4120
9675
10729
10857
21791
23331
26241
33719
41490
48483
48537
51332
52682
56451
59898
62043
62915
63327
64158
72113
74736
91356
105343
117505
117710
123485
131501
Number of cuts: 28

Harlequin
3215
4173
7914
9945
14873
17032
21312
22229
23336
27618
29591
31523
36514
36548
36679
39926
40270
41247
43658
45003
45201
Number of cuts: 21

Hiro
3215
4173
7914
9945
15179
27873
29846
31999
36990
37024
37155
39508
40400
40742
41718
44129
45474
Number of cuts: 17

Jace
1329
8515
8632
20321
25144
27311
29367
30384
36966
37191
42332
42871
44190
46990
47367
50164
Number of cuts: 16

Jester
3215
4173
7914
9945
14867
21306
22160
23267
27549
29522
31454
36445
36479
36610
39857
40201
41178
43589
44934
45132
Number of cuts: 20

Krishelle
4173
7929
9960
15194
29946
32099
37099
40509
40851
44237
45582
Number of cuts: 11

Lillie
4173
7929
14923
22224
23331
25631
27613
28691
29586
31739
36730
40140
40482
41458
43868
45213
Number of cuts: 16

Mahdia
2488
2986
4329
4570
5865
6098
6446
6772
7130
7879
8331
11350
12175
15847
15997
17202
18384
18555
20217
22583
24229
25244
25427
25950
26007
26277
27486
31873
32328
33510
35335
37475
41369
42367
Number of cuts: 34

Naiad
4173
7929
14923
20741
23344
27626
29599
31752
36752
40162
40504
43890
45235
Number of cuts: 13

Nancinator
4173
7929
14923
22224
23331
25632
27614
29585
31672
36672
36706
36837
39479
39821
40797
43207
44552
Number of cuts: 17

Natosaleda
4173
7929
14923
22224
23331
25631
27613
29584
31671
36671
36705
36836
40078
40422
41398
43808
45153
Number of cuts: 17

Partridge
3274
4232
7973
10028
14197
14956
23377
29746
30006
31899
37028
37193
39547
40441
40782
42633
44569
Number of cuts: 17

Pepy6
2866
3998
7764
8426
10975
12845
13469
18065
24418
26262
30026
31139
31679
32759
34523
35195
38936
39431
40240
40366
40505
40877
41586
41815
41937
42586
46368
48690
48715
48791
52322
56157
67534
Number of cuts: 33

Peregrin
22497
24906
25818
26690
32501
40270
47263
47317
50115
58265
60410
61694
62525
65713
70523
74882
87704
90787
100588
105521
105764
111318
118313
118518
120361
124397
125152
Number of cuts: 27

Phrankenstein
4173
7929
14923
22170
23277
25577
27559
29532
31685
36676
36841
40086
40428
41404
43814
45159
Number of cuts: 16

Pine5
438
1293
1431
1695
2197
2923
4016
7226
7616
9173
13553
18951
19361
20611
21103
23332
27140
28043
29669
30982
34035
36958
37090
37201
38482
43730
44621
44885
44900
47954
48470
49111
53372
57146
59004
Number of cuts: 35

Poco6
9457
11857
14405
15092
15311
16296
16920
24314
26431
32045
33629
33827
33995
34784
38335
40958
41452
42326
42822
43388
43617
43753
44380
44717
44766
48049
48229
48569
48649
50306
53831
56702
61462
64292
64654
66051
69373
72599
Number of cuts: 38

Rasputin
4173
7914
9970
14133
14892
17051
22194
23301
27584
29557
31710
36701
40111
40453
41429
43839
45184
Number of cuts: 17

RER2
4173
7929
14923
22224
23331
27613
29586
31739
36730
40140
40482
41458
43868
45213
Number of cuts: 14

RexFury
4204
7960
14954
22255
23362
27644
29617
31770
36761
36795
36926
40168
40512
41488
43898
45243
Number of cuts: 16

RGL3
3217
4175
4349
4619
8198
9304
14052
15081
19313
19931
21221
21500
30484
30846
35156
36980
37890
38031
39144
41644
42470
43141
43789
45084
45472
45972
46885
47692
Number of cuts: 28

Rhodalysa
4173
7929
14923
22224
23331
25631
27613
28691
29586
31739
36730
40140
40482
41458
43868
45213
Number of cuts: 16

StCroix
4173
7929
14923
20741
23344
27626
29599
31752
36752
40162
40504
43890
45235
Number of cuts: 13

Swann
4173
7929
14923
20741
22224
23331
27613
29584
31737
36728
40138
40480
41456
43866
45211
Number of cuts: 15

Takoda
3207
4165
7906
9961
14883
23303
27586
28664
29559
31646
36913
37078
39431
40325
40666
40864
41642
44413
Number of cuts: 18

Trina
314
2740
3122
11724
22310
23691
29040
44377
54632
68610
74242
76929
78229
79919
82081
83073
89639
90067
95397
109837
111111
111381
130473
131115
134504
136716
139142
Number of cuts: 27

TWAMP
4173
7929
14923
22224
23331
25631
27613
28691
29586
31739
36730
40140
40482
41458
43868
45213
Number of cuts: 16

UhSalsa
4173
7929
14923
22224
23331
25632
27614
29585
31672
36672
36706
36837
40079
40423
41399
43809
45154
Number of cuts: 17

Weasels2
10785
11012
11902
18476
21466
21648
23799
23860
31332
31449
32615
35173
41313
46312
52819
54720
55821
55992
61553
76067
76608
79893
81983
94824
102126
107359
128981
129120
130198
Number of cuts: 29

Yogi
3215
4173
7914
9969
14138
14897
17056
21336
22198
23305
27587
29560
31713
37081
37115
37246
39599
40491
40833
41809
44219
44438
Number of cuts: 22

Yoncess
3215
4173
7914
9969
14897
17056
21336
22199
23306
27588
29561
31493
36484
36518
36649
39002
39894
40236
41212
43627
44972
Number of cuts: 21

