Alatin
10006
12231
40124
Number of cuts:  3

Alpacados
12167
19455
21190
Number of cuts:  3

AngryOrchard
12150
20096
40970
Number of cuts:  3

AppleCloud
13097
21219
29273
Number of cuts:  3

Belenaria
10006
12231
Number of cuts:  2

BobbyDazzler
12276
21299
30179
40094
Number of cuts:  4

Bonanza
12205
19493
40399
Number of cuts:  3

Bradshaw
10006
12231
40057
Number of cuts:  3

Bryce
12205
39802
Number of cuts:  2

ChewyVIII
416
1564
2385
2595
7451
10170
10286
11006
11454
13229
14801
15607
15673
17640
17793
18018
19072
20178
22223
24986
26937
28817
29486
30686
31917
33742
34183
37837
38001
40317
40371
42199
43543
43848
43862
45419
46967
47984
49269
49881
50708
54117
54318
54630
54813
55833
58338
59049
64335
64684
66889
Number of cuts: 51

CosmicSans
10006
12231
40048
Number of cuts:  3

Dinger
12201
20147
29316
46436
Number of cuts:  4

DocB7
1915
4132
5287
11399
12905
16536
17676
19031
23090
23687
25829
26012
28336
29510
31673
32771
33275
38669
38721
40166
42203
45245
46782
52150
52539
52950
55290
55533
60027
61583
69669
69670
70604
71430
71456
73955
74226
75111
Number of cuts: 38

E3
1222
2629
3460
4474
5957
10102
13397
14175
16412
17888
18035
18044
18074
19138
23655
25363
25660
27007
29195
30401
31431
32717
34806
34974
35447
35480
35990
37000
37273
37993
38170
38457
39120
39294
40392
43038
43491
43567
43624
44293
44322
46386
46409
48719
51206
51341
52528
52597
53714
54705
54726
56176
56970
58094
58121
58558
59466
60006
60923
61055
62951
64081
64613
65750
67513
68760
70849
71538
72811
73389
73540
73744
74752
76348
76980
77595
80167
81034
83137
84706
86037
86256
86271
86742
87056
87665
87712
88699
88743
90334
90475
91215
91225
91870
92029
92164
93926
94284
94374
95231
95390
96438
96879
97860
98253
98879
98921
100750
100840
102187
102301
102313
102340
102829
103203
103311
103683
104270
104369
106592
106865
108258
109182
109586
112173
113069
114809
115142
115241
116632
117164
117488
118645
119197
120717
120841
122229
122972
123418
123946
124003
124030
125312
125441
126310
126469
126839
126857
127409
127968
130699
131676
133058
133595
137004
138600
139496
Number of cuts: 157

Erik
10005
12230
39980
Number of cuts:  3

Espica
10006
12231
Number of cuts:  2

Finch
915
1068
2718
2874
3134
3227
3575
3844
5848
6704
9448
10536
10869
11304
13469
13553
14915
14993
15771
16542
16660
21305
22271
24098
24117
24178
24419
25500
26352
28127
28438
31265
31595
32060
34244
36030
36775
37358
38285
38465
38646
39192
39644
41476
41656
41998
42091
42370
42510
42703
42910
44028
45031
45258
45520
48038
51465
52194
53106
53492
54377
55057
55622
55700
56115
56196
56595
57254
58571
60490
62336
64642
67273
68065
69936
74168
74199
75038
75832
76075
77236
81166
81906
82085
83685
84552
86167
87610
88813
89131
89344
89427
89541
89900
93900
93996
94144
95070
97944
99007
99964
100340
100352
102003
102319
102510
102518
102906
104518
105002
105616
107016
108603
109765
109926
110312
112599
112896
113115
113133
115413
119358
120437
120649
121021
122477
122684
124096
124313
124358
124523
125844
126210
126519
127733
127742
128096
131017
132226
133554
134207
136692
137496
137619
Number of cuts: 144

Gollum
10006
12231
39990
Number of cuts:  3

Grayson
3024
27188
36515
52603
94290
100470
102982
117579
Number of cuts:  8

Harlequin
12181
Number of cuts:  1

Hiro
13388
21510
40308
Number of cuts:  3

Jace
4429
8625
10725
12381
14289
16175
16574
21287
21312
21313
25580
29802
40122
47567
48427
53074
Number of cuts: 16

Jester
12175
Number of cuts:  1

Krishelle
13403
21525
29615
40417
Number of cuts:  4

Lillie
10006
12231
40048
Number of cuts:  3

Mahdia
115
927
1890
2780
3504
3570
3812
3929
4022
4166
4259
4482
4563
5193
6014
6864
7120
8381
8390
8710
9210
9425
9637
10025
10218
10353
10707
10962
11586
13083
13284
13344
13437
13529
13593
14112
14279
14565
14727
15278
16090
16733
16769
16833
17264
17359
17435
17817
17969
18659
19248
19871
20042
20131
20222
20342
20755
21275
21328
21592
21706
22071
22110
22188
22425
22450
23536
23776
23856
24183
24462
25264
25300
25671
25847
26000
26012
26282
26300
26684
26765
27764
27805
28007
28449
28697
28760
29171
29615
30201
30320
30383
30704
31866
31999
32074
32777
33020
33263
33707
34254
34436
34829
35244
35566
35598
35896
36240
36526
37014
37366
37625
37636
38271
38481
38660
38864
38969
39265
39329
39627
39796
41362
41951
42014
42193
42303
Number of cuts: 127

Naiad
10006
12231
40070
Number of cuts:  3

Nancinator
10006
12231
Number of cuts:  2

Natosaleda
10006
12231
Number of cuts:  2

Partridge
12264
20210
23220
29415
35961
Number of cuts:  5

Pepy6
4945
10466
18558
19605
22633
23023
30031
33091
34345
35971
38070
39219
41942
44228
44585
47925
52416
55079
61222
66232
69870
Number of cuts: 21

Peregrin
3065
23448
23829
24899
32950
39884
70203
70204
80662
82888
103384
114996
Number of cuts: 12

Phrankenstein
10006
12231
39994
Number of cuts:  3

Pine5
713
833
1746
2274
2634
2635
2818
3879
4177
4287
4485
5029
5464
5565
6643
7216
7573
7774
8713
9001
9166
9270
9305
9769
10690
10970
11952
12501
12585
13465
13506
13943
14080
15669
15878
17947
18115
18232
19774
19897
20294
20604
21108
21489
21752
22104
23025
23550
23610
23899
24510
24858
25680
25784
26135
26528
26992
27690
28875
29662
31214
31505
31609
31762
31938
32592
32868
32937
33015
33597
35092
35413
35572
35990
36963
37095
37206
37326
37414
38898
39033
39276
39624
39858
42802
43294
43735
43981
44578
44626
44815
45645
46176
46345
46824
46945
47080
48083
48475
48721
49736
50657
51365
52222
52627
53239
53611
53946
53964
54100
54571
54710
55481
56241
57245
57289
57502
58997
Number of cuts: 118

Poco6
11004
11916
13896
15436
24733
24868
27073
32050
35116
35443
41241
46421
48654
50033
50156
50311
50631
53924
56896
59737
60849
65775
67016
71191
73491
Number of cuts: 25

Rasputin
12200
19488
21223
40019
Number of cuts:  4

RER2
10006
12231
40048
Number of cuts:  3

RexFury
10037
12262
Number of cuts:  2

RGL3
4066
4360
12206
14768
17792
19366
19624
20110
21383
25208
26562
27069
28311
30345
36556
43054
47532
Number of cuts: 17

Rhodalysa
10006
12231
40048
Number of cuts:  3

StCroix
10006
12231
40070
Number of cuts:  3

Swann
10006
12231
40046
Number of cuts:  3

Takoda
12191
20137
Number of cuts:  2

Trina
2510
6445
8402
17109
106422
117674
126438
138912
Number of cuts:  8

TWAMP
10006
12231
40048
Number of cuts:  3

UhSalsa
10006
12231
Number of cuts:  2

Weasels2
19125
36124
48522
56896
123751
125651
126004
129045
Number of cuts:  8

Yogi
12205
19493
40399
Number of cuts:  3

Yoncess
12205
21228
39802
Number of cuts:  3

