Alatin
5744
6568
7851
12114
12320
12833
12959
13957
14342
14495
16785
18932
19602
20103
24722
26941
28399
28859
37920
39602
42998
46559
Number of cuts: 22

Alpacados
4400
5706
7798
12050
12256
12895
14278
14431
18323
19538
20039
20765
24591
24776
26846
37813
38408
39495
41028
42821
45031
46379
Number of cuts: 22

AngryOrchard
5689
7781
12033
12239
12878
13876
14261
18851
20022
28263
28723
37973
39655
46483
Number of cuts: 14

AppleCloud
3969
4147
5453
7545
11767
12288
12981
13922
14307
19567
20068
22904
25372
26405
28387
28390
32024
37638
38233
39317
42715
46275
Number of cuts: 22

Belenaria
5744
6568
7851
12114
12320
12833
12959
13957
14342
14495
16785
18932
19602
20103
24656
26875
28333
37786
38381
39465
42863
46424
Number of cuts: 22

BobbyDazzler
5815
7907
12159
12365
13004
14387
14540
18432
19647
20148
20874
24886
28378
37890
38485
39572
41175
42969
46527
Number of cuts: 19

Bonanza
4438
5744
7836
12088
12294
12933
14316
14469
18361
19576
20077
20803
24629
24814
26848
38195
38790
39877
41480
43273
45483
46818
Number of cuts: 22

Bradshaw
4438
5744
6568
7851
12114
12320
12833
12959
13957
14342
14495
16785
18932
19602
20103
24655
26874
28332
28792
37853
39535
42931
46492
Number of cuts: 23

Bryce
5744
7836
12088
12294
12933
14316
14469
18361
19576
20803
24815
26849
28307
37598
38193
39280
40883
42677
46233
Number of cuts: 19

ChewyVIII
321
5517
6974
7283
7774
9874
11540
16734
16879
18087
19858
22746
23047
23050
23121
24202
24345
27835
29358
31206
31567
32932
35692
35965
36317
36656
37267
37860
38441
38768
39244
41527
41765
41768
42083
42086
42101
45043
45133
45702
48289
49293
52284
52659
53039
53847
55314
55371
55374
55910
55971
56404
56804
59977
60250
61353
61356
61827
61860
62672
62995
63065
63241
63297
Number of cuts: 64

CosmicSans
4438
5744
6568
7851
12114
12320
12833
12959
13957
14342
14495
16785
18932
19602
20103
24655
26874
28332
28792
37844
39526
41129
42922
46482
Number of cuts: 24

Dinger
4434
5740
7832
12084
12290
12803
12929
13927
14312
18902
20073
25414
26447
28429
28432
37986
39668
46503
Number of cuts: 18

DocB7
418
1126
2565
3092
3095
3754
4675
4787
4934
5201
5989
6082
6334
6472
6583
6736
6739
6972
10089
10977
11610
11628
12689
13939
17489
19182
20265
20302
20305
20475
20973
21240
21288
21371
21698
22563
22566
22569
22626
22923
24300
25005
25008
26292
26531
26958
28488
29171
29492
30066
32175
33461
33476
33543
35376
35827
40629
42362
42930
43325
44630
44849
50261
51258
54397
55821
56322
60081
60638
62994
63728
63731
63985
64070
64789
64957
66247
66439
66821
67796
70260
72104
72525
73788
74508
Number of cuts: 85

E3
1660
1706
1919
2177
2180
3904
4561
4816
5185
5838
6230
6583
6650
7132
7809
8102
8354
10248
10456
10646
11335
11763
12387
14073
15017
16989
17157
19509
19527
19840
20013
20401
20761
20965
21125
21264
21329
21763
21944
22524
23718
24029
24801
29062
29273
30146
30408
34122
34249
34456
34459
34498
34501
34615
34624
34651
34803
35219
35225
35367
35570
36504
38354
40078
40621
42238
45149
46149
46206
46648
46786
47567
50228
50972
51534
52517
52951
54454
54721
57219
58094
59835
59855
60382
61649
62840
63197
64127
65250
66843
68407
68615
68999
70160
70358
71514
72070
72260
73220
75125
75744
75861
77019
78849
78878
79058
79073
81715
84850
87666
87946
88565
89969
90002
90005
90802
91046
91181
92324
92388
92655
93172
93798
93834
95378
96079
96193
96196
98214
98355
98523
98592
99153
99158
99641
103381
103477
103543
103558
103561
103573
103576
103600
103681
103708
103720
103723
103732
103735
103744
103747
103750
103903
104222
105473
105837
106130
106376
108608
109086
109662
110498
111070
113568
113571
113655
113995
115273
116265
117105
117152
117873
118170
119905
120188
121551
124052
124784
124986
125740
126833
127169
127333
127459
127660
128386
129134
131442
131445
133820
134780
135731
135746
136122
136256
137382
138453
138763
138798
139674
140385
140529
140842
140985
141931
Number of cuts: 205

Erik
5744
7851
8896
12113
12319
12832
12958
13956
14341
14494
16784
18931
19601
20102
24653
26872
28330
37776
39458
40960
42753
46315
Number of cuts: 22

Espica
5744
6568
7851
12114
12320
12833
12959
13957
14342
14495
16785
18932
19602
20103
24656
26875
28333
37786
38381
39465
42863
46423
Number of cuts: 22

Finch
43
1719
2068
2956
2959
3033
4563
5536
7605
8475
10785
11319
12001
13538
13659
13904
14193
14209
15405
16259
18289
18517
21147
22475
23314
23415
23980
24257
24434
26400
27492
28039
29920
30187
30350
30872
32187
32910
33756
33778
34413
34971
35109
35400
35809
36583
37794
38290
38299
38344
41130
41693
41720
41966
42050
42169
42587
43956
45180
48625
48805
48841
49467
50941
51163
52056
52421
52637
53141
53531
54021
54308
54797
55258
55514
58085
58629
59865
59910
60051
60426
60878
62536
63645
63660
63771
64466
66358
66631
68515
68516
68519
70208
70246
71279
71646
73722
74273
74340
75242
76975
79818
79899
79902
81284
81694
81925
82801
84732
86424
87683
87708
88519
90526
90532
90944
91188
91822
93240
93843
96059
97264
97330
97444
98214
99617
99895
101372
102240
102302
102534
102734
104172
104494
105788
106139
107461
107575
107700
108167
110620
112711
112714
113253
113263
114125
114607
115064
115438
116411
116699
117164
117863
117925
118064
118264
118877
119502
119587
119802
122036
122497
122588
122591
123332
123870
124882
125235
125916
128779
129733
130516
131035
132229
133268
133471
133928
133942
134188
134880
136369
Number of cuts: 181

Gollum
5744
6568
7851
12114
12320
12833
12959
13957
14342
14495
16785
18932
19602
20103
24655
26874
28332
37842
38437
39521
41071
42864
46421
Number of cuts: 23

Grayson
4118
7906
8329
8547
10218
10920
11039
11718
11913
15916
19836
21294
23767
24499
25342
25366
25477
25675
26623
27310
28097
28172
28211
28912
31416
31542
32631
32663
33531
33759
34446
34626
34797
35016
35019
35082
35502
35505
35730
35955
35982
36132
38310
38313
38542
38554
38697
41085
45246
46287
46440
46557
46707
48221
48543
49311
49314
49334
49665
49728
50123
50679
50876
50949
51026
51282
51818
53576
53657
54227
54256
58432
58663
59041
60410
60643
61908
63685
63705
64332
64384
64921
66629
67298
67384
67387
67840
72411
74004
74824
75267
76334
77661
80915
80936
82076
82268
83849
84172
85544
89116
89870
89897
90903
90912
90915
91065
93658
94493
94728
98320
99172
103419
103828
105918
109075
109341
111754
112123
112126
112378
112509
113764
116772
Number of cuts: 124

Harlequin
4260
4438
5744
7836
12064
12270
12909
14292
14445
18337
19552
20779
24845
26879
28337
37628
39310
40918
42712
46269
Number of cuts: 20

Hiro
5744
7836
12058
12579
13272
14213
14598
19188
19858
20359
23195
25100
38104
38699
39786
41389
43183
46740
Number of cuts: 18

Jace
818
1751
1769
2226
2428
3972
4124
4562
4565
4607
4772
4914
4923
4932
4947
4950
4959
6179
7250
7443
7835
9538
9541
9833
10120
10132
10521
11166
11662
11914
12175
13293
13378
15056
15710
15713
16154
17447
17625
17948
17957
18029
19678
20183
21394
21766
21783
21991
22003
22021
22030
22827
23373
23503
24560
26093
26096
26604
27105
27457
27630
28299
28802
29253
29446
30029
30097
30284
30739
31713
31857
32827
35838
35847
36520
38555
39186
39760
39993
40051
40054
40336
40988
41299
43072
43082
43173
45459
45975
46105
47265
47562
47860
49044
50644
50647
51347
51370
51815
52121
53499
Number of cuts: 101

Jester
4260
4438
5744
7836
12058
12264
12376
12777
12903
14439
19546
20773
24776
26810
28268
37559
39241
40849
42643
46200
Number of cuts: 20

Krishelle
5744
6568
7851
12073
12594
13287
14228
14613
19873
20374
23246
25714
26747
28729
28732
38213
39895
43291
Number of cuts: 18

Lillie
4438
5744
6568
7851
12114
12320
12833
12959
13957
14342
14495
16785
18932
19602
20103
24655
26874
28332
28792
37844
39526
41129
42922
46482
Number of cuts: 24

Mahdia
10960
11320
11323
16435
16438
17361
17364
24660
27270
34347
Number of cuts: 10

Naiad
5744
6568
7851
12114
12320
12833
12959
13957
14342
14495
16785
18932
19602
20103
24668
26887
28345
28805
37866
39548
42944
46505
Number of cuts: 22

Nancinator
5744
6568
7851
12114
12320
12833
12959
13957
14342
14495
16785
18932
19602
20103
24656
26875
28333
37786
38381
39465
40468
42261
45822
Number of cuts: 23

Natosaleda
5744
6568
7851
12114
12320
12833
12959
13957
14342
14495
16785
18932
19602
20103
24655
26874
28332
37785
38380
39464
42862
46413
Number of cuts: 22

Partridge
5803
7895
12147
12353
12866
12992
13990
14375
18965
20136
25477
26546
28528
28531
38143
39825
46848
Number of cuts: 17

Pepy6
2025
2583
3135
3442
3632
4485
4665
7127
10975
11371
12046
14484
15484
15957
16006
16413
17699
17918
18496
21162
21466
21757
21883
22703
22706
22715
22856
23692
25253
26307
29226
29511
30608
30962
31368
32134
32577
33037
35519
36147
39649
40012
40577
40645
40945
42996
44112
47229
47706
47877
48231
50626
50662
51150
52902
54610
54834
54982
58085
60212
62769
63604
64571
67393
72234
74716
75271
76186
Number of cuts: 68

Peregrin
4215
6417
7216
7633
8380
9532
10518
11032
11227
14612
15274
19388
20460
22933
24073
24916
25051
25252
25644
26200
26824
27227
27611
27686
27725
30060
30240
30477
30921
31107
31128
31233
31350
31413
31445
32541
32748
32793
32862
32865
32868
33039
33408
33579
33798
33801
33864
34284
34287
34737
34764
35079
35235
35403
35559
35634
37092
37095
37324
37327
37336
37479
39865
42078
44026
44842
45067
45220
45487
46099
47236
48091
48094
48114
48445
48832
48906
49462
49659
49776
50065
50601
52359
52869
52872
53010
53039
55908
56799
57030
57408
59010
60275
62052
62072
62699
63084
63339
64766
65723
66265
68972
72712
75274
76512
76813
77871
81446
81467
85463
85786
89304
90334
90343
90346
90496
93089
96766
97618
102650
103821
104230
106339
106342
108834
109100
112081
113414
113760
117580
127422
127558
Number of cuts: 132

Phrankenstein
4438
5744
7851
12114
12320
12833
12959
13957
14342
14495
16785
18932
19602
20103
24601
26820
28278
37790
39472
41075
42868
46426
Number of cuts: 22

Pine5
21214
38217
38877
44870
Number of cuts:  4

Poco6
2746
2866
4218
5709
7080
8893
8982
9057
10090
10287
11776
12783
15494
17645
17707
18244
18717
18927
19566
19936
20062
20788
21313
21756
22758
23488
23905
24728
24731
25705
25760
27266
31143
32411
32606
32642
34145
40671
45716
48691
49169
49697
49919
50108
52024
52177
52785
52788
54410
56342
56490
58743
60811
61413
62378
65420
71895
75978
76539
76557
77454
Number of cuts: 61

Rasputin
5744
7836
12083
12289
12928
14311
14464
18356
19571
20072
20798
26845
28303
37815
39497
41100
42893
46455
Number of cuts: 18

RER2
4438
5744
6568
7851
12114
12320
12833
12959
13957
14342
14495
16785
18932
19602
20103
20829
24655
24840
26874
37844
39526
41129
42922
46482
Number of cuts: 24

RexFury
5775
7882
8928
12145
12351
12864
12990
13988
14373
14526
16816
18963
19633
20134
24686
26905
28363
37875
38470
39554
42952
46513
Number of cuts: 22

RGL3
1265
5746
6112
7841
9976
12089
12295
12644
12923
13620
18118
18539
30396
39264
46160
46216
Number of cuts: 16

Rhodalysa
4438
5744
6568
7851
12114
12320
12833
12959
13957
14342
14495
16785
18932
19602
20103
24655
26874
28332
28792
37844
39526
41129
42922
46482
Number of cuts: 24

StCroix
5744
6568
7851
12114
12320
12833
12959
13957
14342
14495
16785
18932
19602
20103
24668
26887
28345
28805
37866
39548
42944
46505
Number of cuts: 22

Swann
4438
5744
6568
7851
12114
12320
12833
12959
13957
14342
14495
16785
18932
19602
20103
24655
26874
28332
37842
39524
41127
42920
46482
Number of cuts: 23

Takoda
5736
7828
12074
12280
12919
13917
14302
18892
20063
28305
28765
38027
39709
46693
Number of cuts: 14

Trina
2973
3114
3204
3568
3983
4591
4632
6150
9143
9293
10344
11392
12261
13516
16607
17126
18429
18453
18456
20546
24469
24730
24733
25017
26356
26359
27049
27214
28755
28932
29235
29331
29451
29578
30156
31731
32791
33196
33604
34485
35227
35615
35694
37201
37335
37458
37861
38441
40106
40109
40897
41432
41645
42024
42072
42075
42078
42351
43858
43937
45079
45355
45475
45823
45919
45937
45940
46003
46114
46159
46378
46561
46720
46732
47293
47893
47941
49378
49537
49741
50284
51415
51888
53726
54336
56050
56407
56828
57149
57170
57290
58113
58193
58460
58757
58856
59165
59674
60541
60569
62284
63023
64820
66164
70028
70640
70773
72455
73292
73954
74537
75237
75777
76791
77456
79147
81976
82518
83509
84870
85494
85506
86078
86799
86945
86957
86987
87705
88458
88473
88572
89004
89040
89494
91560
92121
92124
92841
93910
93958
94529
95004
95389
95536
97466
97469
98676
99094
99294
102077
103185
103591
104794
106691
106993
107451
110113
110272
110503
112256
112483
112486
113602
113791
114565
116767
116843
117825
118209
118796
119894
120877
121075
121078
122646
122662
125067
125143
126700
128087
128191
130017
130093
133082
135806
Number of cuts: 185

TWAMP
4438
5744
6568
7851
12114
12320
12833
12959
13957
14342
14495
16785
18932
19602
20103
24655
26874
28332
28792
37844
39526
41129
42922
46482
Number of cuts: 24

UhSalsa
5744
6568
7851
12114
12320
12833
12959
13957
14342
14495
16785
18932
19602
20103
24656
26875
28333
37786
38381
39465
42863
46425
Number of cuts: 22

Weasels2
3606
8861
10486
12059
12623
16217
16426
16435
18915
24976
25255
25647
26203
26823
26826
27374
27610
27685
27724
28425
31500
31560
31737
32094
32248
33077
33308
33368
33695
34055
34079
34406
34625
34628
35111
35114
35546
35564
35741
37156
37249
37324
37822
37941
38017
38158
38170
38173
38182
38325
39611
42994
43060
44050
44185
45671
45935
46082
47248
48863
48866
48886
50575
50816
51382
51798
52186
53143
54345
55935
58765
59930
62408
62426
62429
62787
62790
63201
63900
66246
69984
70068
70844
75283
75529
76769
76980
79199
79202
84378
84755
87742
88499
89033
92724
94371
94380
94383
94533
94866
98373
101057
101060
106432
110273
110599
111835
111922
112110
112511
114342
115609
116455
117302
118801
123306
Number of cuts: 116

Yogi
4438
5744
7836
12088
12294
12933
14316
14469
18361
19576
20077
20803
24629
24814
26848
38195
38790
39877
41480
43273
45483
46816
Number of cuts: 22

Yoncess
5744
7836
8865
12088
12933
14316
14469
18361
19576
20077
20803
24815
26849
28307
37598
38193
39280
40883
42680
46239
Number of cuts: 20

