Alatin
267
353
454
971
1405
2024
2639
2752
2762
2894
3210
3796
4123
5073
5553
5670
5679
5754
5912
6039
6096
6165
6171
6407
6554
6956
7550
7843
7945
7987
8035
8090
8705
8914
9169
9253
9333
10281
10313
10376
10928
10934
11057
11347
11647
11722
12836
12953
12959
13127
13259
13268
13361
13445
13590
13688
13901
14513
14519
14921
14984
15059
15251
15425
15478
15751
15878
15889
16702
16836
17550
17986
18013
18181
18758
18785
19007
19401
19632
21677
21781
22203
22670
22946
23133
23679
24632
25160
25577
25963
26413
26482
26612
26641
26956
27109
27147
27487
28242
28622
28972
29436
30967
31178
31814
32255
32542
32551
33046
33145
33396
34221
34362
34726
35038
35158
35163
35360
35570
35623
36405
36593
36604
36610
37177
37317
37572
37832
38306
38398
38538
38574
38583
39244
39326
39469
39758
39917
39938
39949
39959
40489
41165
41272
41585
41746
41791
41800
41842
41896
41901
42307
42383
42478
42764
42882
42989
43054
43106
43127
43411
43438
43482
43603
43826
44068
44078
44327
44504
44516
44947
45016
45198
45244
45461
45522
45931
46097
Number of cuts: 178

Alpacados
267
353
454
971
1405
1977
2601
2714
2724
2856
3103
4085
5375
5515
5632
5641
5716
6001
6058
6127
6133
6354
6501
6903
7497
7790
7892
7982
8635
8844
9099
9183
9263
10211
10243
10306
10864
10870
10993
11283
11658
12733
12895
13063
13195
13204
13246
13297
13381
13531
13624
13801
13837
14293
14455
14716
14857
14995
15187
15361
15414
15687
15814
15825
16638
16772
16859
17486
17922
17949
18117
18694
18721
18943
19337
19568
21559
22480
22539
22572
22785
22815
23002
23548
24501
25029
25868
26106
26318
26387
26517
26546
26861
27014
27503
28147
28297
28527
28877
29341
30872
31083
31719
32160
32447
32456
32951
33050
33136
33301
34126
34628
34940
35060
35065
35262
35363
35472
36486
36497
36503
37070
37210
37465
37725
38199
38291
38431
38476
39362
39651
39810
39831
39842
39852
40312
40988
41095
41408
41569
41614
41623
41665
41719
41724
42130
42206
42301
42587
42705
42812
42877
42929
42950
43234
43305
43426
43649
43891
43901
43928
43977
44150
44327
44339
44770
44839
45021
45067
45284
45345
45754
45920
Number of cuts: 173

AngryOrchard
267
353
454
636
904
966
978
1398
1969
2263
2584
2678
2697
2707
2839
4068
5498
5615
5624
5699
5984
6041
6110
6116
6484
6886
7480
7773
7875
7965
8618
8827
9082
9166
9246
10194
10226
10289
10847
10853
10976
11266
11641
12755
12878
13046
13178
13187
13280
13364
13439
13607
13820
14276
14699
14840
14978
15170
15344
15397
15670
15808
16621
16755
16827
16842
17469
17905
17932
18100
18677
18704
18926
19320
19551
21048
21542
21614
22157
22534
22810
22997
23543
24355
24497
25025
25442
25828
26010
26277
26346
26414
26505
26801
26820
27011
27351
27377
27462
28106
28256
28486
28836
28854
29300
29726
29794
29839
30765
30976
31612
32053
32175
32762
32841
32940
33026
33191
33610
33634
33706
34286
34788
35100
35220
35225
35422
35523
35632
35685
36271
36458
36646
36657
37230
37370
37625
37885
38359
38451
38591
38627
38636
39297
39522
39813
39993
40004
40014
41219
41326
41638
41799
41844
41853
41895
41949
41954
42284
42315
42668
43034
43151
43483
43648
43772
43868
44110
44147
44196
44369
44546
44558
44989
45416
45477
45859
46025
46160
Number of cuts: 179

AppleCloud
704
766
1198
1733
2348
2461
2471
2603
3505
3832
4782
5262
5379
5748
5805
5874
5880
6248
6523
6650
7244
7537
7639
7729
7784
8382
8822
8906
8986
9019
9966
10029
10581
10587
10710
11000
11375
12354
12918
12924
13224
13233
13326
13485
13494
13653
13830
14322
14484
14745
14886
14949
15024
15099
15216
15443
15716
15854
16667
16801
16873
16888
17515
17951
17978
18146
18723
18750
18972
19366
19597
20926
21025
21144
21588
22237
22398
22441
22569
22654
22717
22843
23918
24365
24507
25035
25452
25838
26020
26076
26288
26357
26516
26812
26831
26984
27022
27362
27473
27566
28117
28576
28926
29387
29813
30697
30898
30908
31535
31985
32281
32776
32875
34409
34453
34765
34885
34890
35087
35297
36123
36311
36322
36895
37035
37290
37550
38024
38116
38256
38292
38301
38756
38962
39184
39632
39653
39664
39674
40002
40882
40989
41302
41463
41508
41517
41559
41613
41618
42024
42100
42195
42481
42599
42706
42771
42823
42844
43128
43155
43199
43320
43543
43785
43795
44044
44221
44233
44664
44733
44915
44961
45178
45239
45648
45814
Number of cuts: 176

Belenaria
267
353
454
971
1405
2024
2639
2752
2762
2894
3210
3796
4123
5073
5553
5670
5679
5754
5912
6039
6096
6165
6171
6407
6554
6956
7550
7843
7945
7987
8035
8090
8705
8914
9169
9253
9333
10281
10313
10376
10928
10934
11057
11347
11722
12836
12953
12959
13127
13259
13268
13361
13445
13590
13688
13901
14513
14519
14921
14984
15059
15251
15425
15478
15751
15878
15889
16702
16836
17550
17986
18013
18181
18758
18785
19007
19401
19632
21623
22544
22603
22636
22879
23066
23612
24566
25094
25511
25897
26135
26347
26416
26546
26575
26890
27043
27081
27421
28176
28326
28556
28906
29368
30833
31044
31680
32121
32408
32417
32912
33011
33262
34087
34228
34601
34913
35033
35038
35235
35445
35498
36271
36459
36470
37043
37183
37438
37698
38172
38264
38404
38440
38449
38904
39110
39332
39780
39801
39812
39822
40150
41030
41137
41450
41611
41656
41665
41707
41761
41766
42172
42248
42343
42629
42747
42854
42919
42971
42992
43276
43303
43347
43468
43691
43933
43943
44192
44369
44381
44812
44881
45063
45109
45315
45326
45387
45796
45962
Number of cuts: 178

BobbyDazzler
267
353
454
971
1405
2089
2710
2823
2833
2965
4194
5484
5624
5741
5750
5825
6110
6167
6236
6242
6463
6610
7012
7606
7899
8001
8091
8744
8953
9208
9292
9372
10320
10352
10415
10973
10979
11102
11392
11767
12842
13004
13172
13304
13313
13355
13406
13490
13574
13640
13733
13910
13946
14402
14564
14825
14966
15104
15296
15470
15523
15796
15923
15934
16747
16881
16968
17595
18031
18058
18226
18803
18830
19052
19446
19677
21668
22590
22649
22682
22895
22925
23112
23658
24611
25139
25556
25942
26180
26392
26461
26591
26620
26916
26935
27577
28221
28371
28601
28951
29415
30946
31157
31793
32234
32521
32530
33025
33124
33210
33375
34200
34705
35017
35137
35142
35339
35549
36375
36563
36574
36580
37147
37287
37542
37802
38276
38368
38508
38544
38553
39439
39728
39887
39908
39919
39929
40459
41135
41242
41556
41717
41762
41771
41813
41867
41872
42278
42354
42449
42735
42853
42960
43025
43077
43098
43382
43409
43453
43574
43797
44039
44049
44298
44475
44487
44816
44918
44987
45169
45215
45432
45493
45902
46068
Number of cuts: 175

Bonanza
267
353
454
971
1405
2024
2639
2752
2762
2894
4123
5413
5553
5670
5679
5754
6039
6096
6165
6171
6392
6539
6941
7535
7828
7930
8020
8673
8882
9137
9221
9301
9675
10249
10281
10344
10902
10908
11031
11321
11696
12771
12933
13101
13233
13242
13284
13335
13419
13569
13662
13839
13875
14331
14493
14754
14895
15033
15225
15399
15452
15725
15852
15863
16676
16810
16897
17524
17960
17987
18155
18732
18759
18981
19375
19606
21597
22518
22577
22610
22853
23040
23586
24539
25067
25484
25870
26108
26320
26389
26519
26548
26844
26863
27016
27505
28149
28299
28529
28879
29343
30874
31085
31721
32162
32449
32458
32953
33052
33138
33303
34128
34630
34942
35062
35067
35264
35474
36191
36300
36813
36868
36879
36885
37452
37592
37847
38107
38581
38673
38813
38858
39744
40033
40192
40213
40224
40234
40764
41440
41547
41860
42021
42066
42075
42117
42171
42176
42582
42658
42753
43039
43157
43264
43329
43381
43402
43686
43713
43757
43878
44101
44343
44380
44429
44602
44779
44791
45222
45291
45473
45519
45736
45797
46062
46191
46357
Number of cuts: 177

Bradshaw
267
353
454
971
1405
2024
2639
2752
2762
2894
3210
3796
4123
4197
5073
5413
5553
5670
5679
5754
5912
6039
6096
6165
6171
6554
6956
7550
7843
7945
7987
8035
8090
8705
8914
9169
9253
9333
10281
10313
10376
10928
10934
11057
11347
11647
11722
12836
12953
12959
13127
13259
13268
13361
13445
13590
13688
13901
14513
14519
14921
14984
15059
15251
15425
15478
15751
15889
16702
16836
17550
17986
18013
18181
18758
18785
19007
19401
19632
21623
21727
22544
22603
22636
22879
23066
23612
24565
25093
25510
25896
26346
26415
26545
26574
26889
27042
27080
27420
28175
28555
28905
29369
30900
31111
31747
32188
32475
32484
32979
33078
33329
34154
34295
34659
34971
35091
35096
35293
35503
35556
36338
36526
36537
36543
37110
37250
37505
37765
38239
38331
38471
38507
38516
39177
39259
39402
39691
39850
39871
39882
39892
40422
41098
41205
41518
41679
41724
41733
41775
41829
41834
42240
42316
42411
42697
42815
42922
42987
43039
43060
43344
43371
43415
43536
43759
44001
44011
44260
44437
44449
44880
44949
45131
45177
45394
45455
45864
46030
Number of cuts: 179

Bryce
267
353
454
971
1405
2024
2639
2752
2762
2894
4123
5413
5553
5670
5679
5754
6039
6096
6165
6171
6392
6539
6941
7535
7828
7930
8020
8673
8882
9137
9221
9301
10249
10281
10344
10902
10908
11031
11321
11696
12771
12933
13101
13233
13242
13284
13335
13419
13503
13569
13662
13839
13875
14331
14493
14895
15033
15225
15399
15452
15725
15852
15863
16676
16810
16897
17524
17960
17987
18155
18732
18759
18981
19375
19606
21597
22519
22578
22611
22824
22854
23041
23587
24540
25068
25485
25871
26053
26109
26321
26390
26520
26549
26845
26864
27395
27506
28150
28300
28530
28880
29344
30654
30865
31501
31942
32229
32238
32733
32832
32918
33083
33908
34413
34725
34845
34850
35047
35257
36083
36271
36282
36288
36855
36995
37250
37510
37984
38076
38216
38252
38261
38922
39147
39436
39595
39616
39627
39637
40167
40843
40950
41264
41425
41470
41479
41521
41575
41580
41986
42062
42157
42443
42561
42668
42733
42785
42806
43090
43117
43161
43282
43505
43747
43757
44006
44183
44195
44626
44695
44877
44923
45140
45201
45610
45776
Number of cuts: 176

ChewyVIII
139
349
457
693
744
992
1072
1678
2186
2301
2685
2736
2834
3010
3175
3292
3610
3645
4008
4164
4367
4403
4557
5151
5411
5462
5558
5761
6008
6285
6313
6507
6889
7375
7546
7756
8191
8266
8458
8494
8708
8736
9786
10037
10186
10627
10738
11017
11214
11556
11865
12320
12998
13485
13616
13664
14083
14140
14167
14406
14599
14827
15273
15528
15537
15788
15959
16064
16115
16673
16718
18182
19242
19754
20633
20678
21116
21308
21521
21793
21928
22411
22441
22786
22897
22921
23309
23315
23981
24433
25134
26420
27133
27334
27386
27744
28106
28244
28798
29281
29293
29362
29692
29704
30061
30082
30394
30475
30643
30766
30937
31102
31762
31992
32130
32280
32730
33099
33111
33294
33312
34239
34344
34713
34944
34956
35409
35457
35553
35580
35736
35784
35808
35833
36237
36252
36465
36522
37167
37826
38084
38123
38187
38298
38547
38571
38700
38751
39336
39579
39696
39919
39979
40606
40642
40902
41414
41561
41766
42969
43452
43753
43933
44422
44668
44875
45539
45812
45980
46076
46525
46811
47033
47093
47276
47774
49329
49620
50405
50531
50855
51032
51149
51230
51390
51416
52452
53123
53411
54489
54759
54918
55497
55536
55599
55623
55854
56242
56257
56521
56779
57056
57283
57324
57708
57730
57958
58821
58833
59509
59605
59760
60774
62049
62662
63582
63781
63928
64330
64555
65320
65718
66266
66338
66485
66642
67032
67131
67192
67332
67390
67446
67565
67571
67959
68206
68241
68545
68568
68702
68711
68754
68802
69051
69061
69071
Number of cuts: 246

CosmicSans
267
353
454
971
1405
2024
2639
2752
2762
2894
3210
3796
4123
4197
5073
5413
5553
5670
5679
5754
5912
6039
6096
6165
6171
6554
6956
7550
7843
7945
7987
8035
8090
8705
8914
9169
9253
9333
10281
10313
10376
10928
10934
11057
11347
11647
11722
12836
12953
12959
13127
13259
13268
13361
13445
13590
13688
13901
14513
14519
14921
14984
15059
15251
15425
15478
15751
15889
16702
16836
17550
17986
18013
18181
18758
18785
19007
19401
19632
21623
21727
22544
22603
22636
22879
23066
23612
24565
25093
25510
25896
26346
26415
26545
26574
26889
27080
27420
28175
28325
28555
28905
29369
30900
31111
31747
32188
32475
32484
32979
33078
33329
34154
34295
34659
34971
35091
35096
35293
35503
35556
36329
36517
36528
36534
37101
37241
37496
37756
38230
38322
38462
38498
38507
39168
39250
39393
39682
39841
39862
39873
39883
40413
41089
41196
41509
41670
41715
41724
41766
41820
41825
42231
42307
42402
42688
42806
42913
42978
43030
43051
43335
43362
43406
43527
43750
43992
44002
44251
44428
44440
44871
44940
45122
45168
45385
45446
45855
46021
Number of cuts: 179

Dinger
353
638
906
968
1400
2020
2314
2635
2748
2758
2890
3792
4119
5549
5666
5675
5750
6035
6092
6161
6167
6535
6937
7531
7824
7926
8016
8669
8878
9133
9217
9297
10245
10277
10340
10898
10904
11027
11317
11692
12806
12929
13097
13229
13238
13280
13331
13415
13499
13658
13835
13871
14327
14750
14891
15029
15221
15395
15448
15721
15859
16672
16806
16878
16893
17520
17956
17983
18151
18728
18755
18977
19602
21322
21593
22119
22862
23049
23595
24407
24549
25077
25494
25880
26062
26118
26330
26399
26558
26854
26873
27026
27064
27404
27515
27608
28159
28618
28968
29430
30769
30980
31616
32057
32677
32848
32947
33033
33617
33713
34184
34287
34428
34801
35113
35233
35238
35435
35645
36303
36471
36659
36670
36676
37243
37383
37638
37898
38372
38464
38604
38640
38649
39535
39826
40006
40017
40027
40351
40775
40838
41219
41233
41340
41436
41653
41814
41859
41868
41910
41967
41972
42302
42338
42686
43052
43169
43501
43666
43790
43886
44138
44165
44214
44387
44564
44576
45007
45433
45494
46044
Number of cuts: 171

DocB7
150
245
288
570
717
789
867
952
984
1091
1172
1274
1367
1698
1758
1830
1887
1962
2265
2337
2346
2361
2391
2676
2713
2721
2755
2808
2812
2853
3306
3888
3927
3936
4038
4248
4305
4506
4518
4710
4833
4992
5373
5400
5513
5639
6372
7189
7585
8067
8133
8235
8400
8600
8697
8975
9176
9201
9619
9657
9903
10011
10158
10164
10202
10373
10693
10720
10735
11038
11137
11645
11677
12078
12171
12294
12451
12792
12963
13002
13443
13461
13487
14009
14099
14411
14421
14959
15033
15164
16265
16565
17046
17121
17247
17666
17693
18156
18469
18517
18649
18832
18946
19264
19399
19600
19627
19918
20401
20693
20941
20971
21073
21382
21556
21598
21763
21874
21928
21946
21985
22066
22303
22312
22369
22375
22468
22549
22609
23110
23278
23464
23656
23767
24127
24160
24175
24328
24505
25078
25363
25552
25612
25762
26230
26797
26875
26926
26947
27609
28019
28119
28503
28659
28743
29338
29523
29610
29628
29851
30329
30800
30944
31007
31346
31492
31636
31759
32039
32110
32469
32853
33229
33802
34118
34347
34569
34590
34647
34716
34806
34993
35042
35477
35573
35582
36329
36661
36733
36745
37134
37151
37181
37201
37216
37246
37251
37717
37896
37942
38164
38200
38326
38681
38787
39040
39171
39279
39338
40011
40161
40709
40736
41143
41168
41398
41704
41836
42101
42212
42433
42449
42479
42809
42971
42983
43160
43715
43952
43979
44045
44138
44191
44261
44411
44426
44468
44954
45512
45854
45910
45918
46075
46153
46180
46216
46351
46388
46439
46490
46517
46559
46610
46718
46812
46965
47351
47502
47604
47817
48319
48377
48385
48530
48608
48936
49375
49564
49841
50036
50121
50355
50496
50598
50908
51098
51269
51299
51336
51839
51881
51932
52387
52800
52821
52911
52980
53000
53221
53315
53381
53405
53475
53841
53862
53916
54024
54033
54207
54262
54531
54537
54642
54750
54858
54933
55014
55212
55758
55869
55878
56097
56310
56559
56571
56711
56785
56986
57055
57270
57315
57421
57430
57607
57899
58136
58276
58485
58553
58643
58673
58687
59356
59449
59464
59469
59682
59807
59928
59969
60072
60239
60405
60678
62375
62434
62465
62560
62669
62733
62763
62943
63125
63243
63261
63348
63382
63404
63950
63987
63993
64070
64121
64194
64288
64354
64601
64695
64944
64968
65056
65123
65441
65759
65984
66029
66116
67135
67207
67504
68605
68628
69089
69489
70329
70351
70580
70640
70677
70912
71121
71140
71472
71792
71857
72061
72088
72300
72334
72352
72466
72538
72907
72951
73000
73254
73342
73591
73600
73668
73850
73941
73995
74075
74153
74169
74268
74304
74478
74654
74825
75027
75183
75352
Number of cuts: 424

E3
233
284
308
400
583
796
877
1394
1659
1774
1851
2001
2064
2286
2343
2385
2391
2412
2790
3006
3165
3477
3603
3612
4037
4284
4416
4527
4850
4916
5066
5425
5893
6637
6794
8072
8090
8116
8286
9418
10185
10244
10319
10412
11160
11382
11394
11615
11780
12470
13015
13195
13969
14096
14205
14378
14438
14468
14570
14979
15685
15979
16373
16793
16843
16882
17971
18172
18516
18931
19152
19176
19481
19499
19592
19719
19821
20094
20121
20651
20696
21239
21529
21592
22153
23044
23791
25087
25127
25314
25375
26061
26082
26295
26457
27085
27168
27351
27378
27396
27489
27711
28086
28167
28940
28976
29060
29215
30335
30569
30589
30649
30754
31438
31588
31826
31835
31982
32189
32270
32611
32906
33110
33167
33323
33572
33596
33746
33779
33875
34349
34514
34535
34556
34766
34892
34946
34952
35012
35133
35212
35594
35794
35932
36137
36145
36386
36392
37218
37236
37332
37482
37578
37626
38223
38918
39326
39512
39647
40184
40511
40640
41310
41316
41616
41888
41909
42185
42203
42263
42656
42674
42857
43497
43863
44005
45756
46417
47371
47439
48081
48432
48991
49093
49561
50758
50914
51948
52621
52954
53028
54012
54191
54622
54820
55712
58000
58546
58721
60276
60682
61163
62824
63073
63241
63268
63472
63571
63655
63721
63760
63790
64478
64586
64960
65680
66343
66463
66574
66823
67182
67227
67605
67644
68369
68431
69096
69171
69348
69450
69495
69807
69861
69867
69909
69969
69990
70014
70176
70404
70419
71181
71492
71510
71624
71669
72177
72339
72831
72933
72954
73179
74121
74133
74143
74706
74739
74772
74826
74847
74895
74916
75069
75224
76386
76466
77366
77642
78475
78589
78598
78706
79567
79942
80070
80382
80394
80919
81216
81225
81573
81939
82467
82857
83043
83777
83863
84290
84735
84799
84921
85256
85330
85429
85514
86783
87313
87378
87731
87759
87795
88046
88715
88800
89081
89288
89449
90097
90238
90976
91000
91295
91883
92317
92830
92893
93113
93176
94612
94642
94765
95173
95559
95571
95775
95805
96236
96269
96843
97570
97579
97627
98192
98300
98501
98785
98803
98962
99076
99553
99598
99913
100947
100983
101022
101249
101342
101582
101964
102262
102596
102860
103391
104452
104491
104557
104749
105088
105550
105559
105670
106362
106438
106471
106918
107510
107528
107561
107774
108170
108191
108977
108989
109468
109543
110046
110759
110964
111005
111203
111530
112061
112387
112499
112807
113011
113128
113236
113611
114048
114689
115246
115252
115527
115689
115803
115887
115928
116363
116574
117031
117157
117235
117385
117463
117550
117670
118333
118441
118597
118650
119304
119879
120390
120426
120587
120846
121082
121320
121925
122282
122550
122580
122631
122712
122953
123405
123732
123990
124065
124967
125027
125125
125139
125384
125506
125521
125674
125701
126075
126207
126504
126820
127444
127530
127903
128057
128244
128537
128940
129323
129337
129945
130509
130560
130850
131048
131321
131597
132296
132997
133135
133144
133174
133492
133622
133645
133960
134347
134524
135340
135850
136601
136913
137258
137429
137834
137915
138002
138128
138506
139084
139951
140030
140062
140201
141543
141671
141767
142079
Number of cuts: 490

Erik
267
353
454
971
1405
2024
2639
2752
2762
2894
3210
3796
4123
5073
5553
5670
5679
5754
5912
6039
6096
6165
6171
6407
6554
6956
7550
7843
7945
7987
8035
8090
8704
8913
9168
9252
9332
10280
10312
10375
10927
10933
11056
11346
11646
11721
12835
12952
12958
13126
13258
13267
13360
13444
13589
13687
13900
14512
14518
14920
14983
15058
15250
15424
15477
15750
15888
16701
16835
17549
17985
18012
18180
18757
18784
19006
19400
19631
21622
22543
22602
22635
22878
23065
23610
24563
25091
25508
25894
26132
26344
26413
26543
26572
26887
27040
27078
27418
28173
28323
28553
28903
29367
30832
31043
31679
32120
32407
32416
32911
33010
33096
33261
34086
34227
34591
34903
35023
35028
35225
35435
35488
36261
36449
36460
36466
37033
37173
37428
37688
38162
38254
38394
38430
38439
39100
39182
39325
39614
39773
39794
39805
39815
40244
40920
41027
41340
41501
41546
41555
41597
41651
41656
42062
42138
42233
42519
42637
42744
42809
42861
42882
43166
43193
43237
43358
43581
43823
43833
44082
44259
44271
44702
44771
44953
44999
45216
45277
45686
45852
Number of cuts: 180

Espica
267
353
454
971
1405
2024
2639
2752
2762
2894
3210
3796
4123
5073
5553
5670
5679
5754
5912
6039
6096
6165
6171
6407
6554
6956
7550
7843
7945
7987
8035
8090
8705
8914
9169
9253
9333
10281
10313
10376
10928
10934
11057
11347
11722
12836
12953
12959
13127
13259
13268
13361
13445
13590
13688
13901
14513
14519
14921
14984
15059
15251
15425
15478
15751
15878
15889
16702
16836
17550
17986
18013
18181
18758
18785
19007
19401
19632
21623
22544
22603
22636
22879
23066
23612
24566
25094
25511
25897
26135
26347
26416
26546
26575
26890
27043
27081
27421
28176
28326
28556
28906
29368
30833
31044
31680
32121
32408
32417
32912
33011
33097
33262
34087
34228
34601
34913
35033
35038
35235
35445
36271
36459
36470
37043
37183
37438
37698
38172
38264
38404
38440
38449
38904
39110
39332
39780
39801
39812
39822
40150
41030
41137
41450
41611
41656
41665
41707
41761
41766
42172
42248
42343
42629
42747
42854
42919
42971
42992
43276
43303
43347
43468
43691
43933
43943
44192
44369
44381
44812
44881
45063
45109
45326
45387
45796
45962
Number of cuts: 177

Finch
410
689
758
1148
1253
1431
1583
1667
2012
2069
2282
2392
2549
2753
3307
3830
3950
4024
4116
4301
4703
4723
4885
5077
5233
5556
5589
5646
5700
5943
6020
6103
6313
6355
6535
7219
7792
8152
8296
8308
8389
8467
8593
9048
9081
9195
9372
9516
9786
10093
10640
10700
10904
11132
11498
11531
11627
11635
11861
12131
12275
12290
12680
12686
12911
13150
13720
13729
14077
14285
14359
14806
15277
15578
15977
15986
15996
16031
16046
16580
16775
17641
18473
18504
18642
19024
19210
19339
19486
19504
19633
19831
19894
19954
19972
20247
20391
20602
20618
20687
20902
22327
22534
22717
22884
23229
23349
23445
23700
24325
25117
25442
25556
26456
26480
26885
26954
27028
27172
28826
28942
29199
29350
29617
29821
29884
30427
30775
31033
31540
31780
31939
31945
32110
32143
32296
32356
32488
32521
32565
32758
33195
33456
33626
33716
33938
35033
35449
35744
36010
36116
36180
36374
36656
36902
37369
37438
37628
37760
37862
37907
38027
38364
38510
38618
38681
38720
38780
39083
39581
39743
40026
40248
40842
41010
41072
41273
41853
41961
41976
42525
42711
42747
43017
43197
43503
43524
43698
43725
43773
43782
43893
43940
44015
44291
44507
44857
44901
45058
45157
45582
45753
46020
46182
46734
46839
47280
47491
47559
48315
48372
48543
50356
51194
51338
51626
51926
52541
52942
53135
53189
53438
53447
53453
53846
53891
54026
54110
54149
54242
54494
54689
55005
55216
55423
55522
55564
55846
56234
56357
56375
56456
56480
56726
56756
57131
57197
57241
57334
57414
57742
58024
58060
58234
58252
58432
58714
58912
59130
59229
59415
59996
60062
60687
60732
60801
61218
61274
61386
61533
61687
61699
61963
62050
62221
62619
62727
62829
63165
63376
63396
63571
63655
63698
64776
65058
65460
65523
65646
65796
65856
65976
66000
66165
66222
66249
66471
66561
66567
66778
67008
67125
67311
67462
67494
67656
67692
67890
68130
68480
68522
68882
69065
69098
69179
69341
69698
69839
70102
70332
70458
70535
70622
70802
70823
70832
71000
71018
71030
71126
71557
71751
71772
71790
72240
72871
73609
73726
73816
74147
74327
74470
74567
74630
75072
75153
75279
75513
75762
75822
76411
76534
76729
76792
76894
77046
77220
77242
77470
77485
77723
78723
79213
79698
79816
79936
80011
80104
80214
80412
80643
81088
81319
81694
81887
81892
81980
82060
82152
82342
82492
82510
82609
82630
82788
83060
83174
83212
83266
83275
83362
83416
83934
84256
84360
84613
85749
85878
86214
86228
86378
86906
86948
87390
87619
87902
87949
88067
88082
88189
88294
88356
88685
89193
89319
89632
89671
90043
90351
90380
90407
90668
91080
91183
91371
91820
92044
92140
92376
92630
92810
93146
93698
95301
95508
96202
96739
96840
97256
97610
97802
97835
98174
98264
98276
100138
100287
100309
100390
100669
100930
101116
101128
101837
102681
102714
103124
103266
103401
103685
103774
103976
104112
104313
104795
104933
105237
105321
105365
105453
105462
105893
106878
106931
107319
107375
107456
107791
108131
108515
109485
109731
109773
109818
109886
110093
110189
110495
110654
110738
110854
110975
111268
111487
111779
111974
112314
112332
112415
112769
112970
113397
113744
114219
114344
114553
114628
115083
115620
115848
115857
115941
116033
116831
117191
117259
118263
118311
118521
118551
118563
118584
119119
119220
119412
119850
119888
120069
120298
120499
120513
120666
120764
121115
121310
121391
121464
122107
122464
123065
123126
123189
123222
123237
123270
123321
123468
123690
123919
124162
124198
125417
125570
126152
126355
126578
127165
127174
127285
127318
127378
127465
127660
127999
128014
128107
128187
128576
128702
128885
129066
129678
130020
130058
130104
130563
130665
130881
131970
132921
133274
133670
134009
134039
134435
134717
134740
135135
135448
135929
136002
136562
136994
137060
137483
137997
138337
Number of cuts: 597

Gollum
267
353
454
971
1405
2024
2639
2752
2762
2894
3210
3796
4123
5073
5553
5670
5679
5754
5912
6039
6096
6165
6171
6407
6554
6956
7550
7843
7945
7987
8035
8090
8705
8914
9169
9253
9333
10281
10313
10376
10928
10934
11057
11347
11647
11722
12836
12953
12959
13127
13259
13268
13361
13445
13590
13688
13901
14513
14519
14921
14984
15059
15251
15425
15478
15751
15878
15889
16702
16836
17550
17986
18013
18181
18758
18785
19007
19401
19632
21623
22544
22603
22636
22879
23066
23612
24565
25093
25510
25896
26346
26415
26545
26574
26889
27080
27420
28175
28325
28555
28905
29367
30898
31109
31745
32186
32473
32482
32977
33076
33162
33327
34152
34293
34657
34969
35089
35094
35291
35501
36327
36515
36526
36532
37099
37239
37494
37754
38228
38320
38460
38496
38505
38960
39166
39388
39783
39804
39815
39825
40355
41031
41138
41451
41612
41657
41666
41708
41762
41767
42173
42249
42344
42630
42748
42855
42920
42972
42993
43277
43304
43348
43469
43692
43934
43944
44193
44370
44382
44813
44882
45064
45110
45327
45388
45797
45963
Number of cuts: 177

Grayson
1050
1614
2120
2353
2641
4489
4519
4750
4790
5094
5464
6180
6334
7906
7994
8727
8739
8974
9099
9516
9604
10085
11135
11762
12690
12942
12984
13760
14166
14193
14224
14308
14364
15404
15896
16680
16725
16929
17116
18164
18490
18610
18980
19316
20627
20690
20748
21022
21278
22606
22712
23516
24239
24254
24610
24626
24734
24908
25058
25812
26133
26884
27021
27082
27214
27501
27641
27926
28358
28500
29179
30096
30104
30289
30733
30936
30949
32746
32951
33210
33253
33271
33283
33913
34072
34729
34867
35369
35858
36164
36198
37454
37460
37840
39187
39265
39432
40258
40341
40437
40834
42463
42984
43040
43113
43152
43331
43719
43776
43843
44569
44776
45058
45964
46197
47307
49839
50433
50724
51123
52344
52960
53806
53914
55697
55782
56442
57057
57498
57851
57964
58413
58478
59150
59188
59239
59436
59515
59991
60443
60734
61125
62091
62155
62232
62239
62349
62863
63076
63128
63243
64571
64793
65044
65143
65459
65676
65814
66443
66925
67273
67551
67948
68002
68053
68311
68493
68627
68708
68857
69124
70545
71097
71376
72010
72121
72348
72914
72925
73146
73171
73359
74346
75095
75310
76037
76129
76141
76628
77562
77710
78007
78419
78737
79344
79527
79574
79583
79835
79898
81151
81354
82991
83833
83850
84045
84182
84196
84886
85273
85530
85836
86749
87121
88435
88649
88673
88787
88820
89036
89075
89216
89252
89266
89278
90318
90835
90997
91265
91913
92902
93090
93277
93472
93505
93921
93948
94162
94439
94500
94922
95072
95269
95832
96164
96343
96553
96755
96821
97045
97892
98137
99303
99375
99421
99604
100151
100393
100508
100783
100797
100908
101014
101655
102149
102735
103155
103433
104011
104244
104592
104853
106142
106768
107010
107293
108117
108336
108363
108436
108530
109459
110213
110329
110495
111555
112313
112698
112812
112974
113228
113601
113615
114181
114545
114686
115109
115336
116083
116301
116458
116756
116841
116945
117148
117729
117801
118147
118771
119350
119377
120005
120010
120053
120182
120980
121006
121063
121415
121468
121638
121789
122698
122849
123796
124478
124701
126006
126232
127099
129951
130515
131021
131254
131542
Number of cuts: 335

Harlequin
353
454
971
1405
2024
2639
2752
2762
2894
3796
4123
5073
5553
5670
5679
5754
6039
6096
6165
6171
6539
6941
7535
7828
7930
8020
8673
9113
9197
9277
9310
10225
10257
10320
10878
10884
11007
11297
11672
12747
12909
13077
13209
13218
13260
13311
13395
13479
13545
13638
13815
13851
14307
14469
14871
15009
15201
15375
15428
15701
15828
15839
16652
16786
16873
17500
17936
17963
18131
18708
18735
18957
19351
19582
21627
22549
22608
22641
22854
22884
23071
23617
24570
25098
25515
25901
26083
26139
26351
26420
26550
26579
26875
26894
27425
27536
28180
28330
28560
28910
29374
30684
30895
31531
31972
32259
32268
32763
32862
32948
33113
33938
34443
34755
34875
34880
35077
35287
36113
36301
36312
36318
36885
37025
37280
37540
38014
38106
38282
38291
39177
39468
39627
39648
39659
39669
40225
40878
40985
41299
41460
41505
41514
41556
41610
41615
42021
42097
42192
42478
42596
42703
42768
42820
42841
43125
43152
43196
43317
43540
43782
43792
44041
44218
44230
44661
44730
44912
44958
45175
45236
45645
45811
Number of cuts: 173

Hiro
267
353
454
971
1405
2024
2639
2752
2762
2894
4123
5413
5553
5670
5679
5754
6039
6096
6165
6171
6392
6539
6941
7535
7828
7930
8020
8075
8673
9113
9197
9277
9310
10257
10320
10872
10878
11001
11291
11666
12645
13209
13215
13515
13524
13566
13617
13776
13785
13944
14121
14613
14775
15036
15177
15240
15315
15390
15507
15734
16007
16145
16958
17092
17164
17179
17806
18242
18269
18437
19014
19041
19263
19888
21217
21316
21435
21879
22528
22689
22732
22860
22945
23008
23134
24825
25353
25770
26156
26394
26606
26675
26805
26834
27130
27149
27791
28435
28585
28815
29165
29629
31160
31371
32007
32448
32735
32744
33239
33338
33424
33589
34414
34555
34919
35231
35351
35356
35553
35763
36589
36777
36788
36794
37361
37501
37756
38016
38490
38582
38722
38758
38767
39653
39942
40101
40122
40133
40143
40673
41349
41456
41770
41931
41976
41985
42027
42081
42086
42492
42568
42663
42949
43067
43174
43239
43291
43312
43596
43623
43667
43788
44011
44253
44263
44512
44689
44701
45132
45201
45383
45429
45646
45707
46116
46282
Number of cuts: 176

Jace
6
269
332
503
572
856
1084
1159
1243
1468
1537
1933
2050
2110
2734
2863
3148
3505
3852
4212
4407
7159
7186
7237
7828
8151
8387
9182
9332
9407
9914
9980
10157
10295
10634
11117
11222
11291
11546
11552
11777
11903
11966
12029
12242
12857
13262
14060
14303
14824
14911
15118
15304
15316
15478
16054
16135
16585
17537
18594
18912
19656
19683
19971
19977
20138
20193
21585
21648
22286
22913
23092
23784
24140
24358
24370
24509
24519
24653
24766
24776
24929
25105
25192
25662
25791
25932
26130
26353
26476
26500
26542
26608
26845
27022
27061
27079
27648
27727
27933
28510
29134
29196
29448
29520
29622
29990
30174
30205
30268
30593
30812
31246
31632
31713
31966
31987
33488
33857
34004
34236
34530
34569
34584
34710
34800
34812
34992
35170
35519
35988
36258
37203
37257
37299
37362
37455
37619
37712
37781
38410
38655
38739
38844
39146
39599
39611
40186
40258
40410
40603
41042
41168
41261
41498
41539
42207
42911
43677
43713
43722
43859
43962
44356
44383
44454
44601
45048
45273
45312
45753
46421
46478
47557
47640
47655
47973
48064
48363
48950
49126
50121
50189
50231
50447
50563
50641
50806
52201
52316
52803
52923
53016
53162
53888
Number of cuts: 195

Jester
353
454
971
1405
2024
2639
2752
2762
2894
3796
4123
5073
5553
5670
5679
5754
6039
6096
6165
6171
6539
6941
7535
7828
7930
8020
8673
9113
9197
9277
9310
9651
10225
10257
10320
10872
10878
11001
11291
11666
12669
12780
12903
13071
13203
13212
13254
13305
13389
13473
13539
13632
13809
13845
14463
14724
14865
14928
15003
15078
15195
15422
15695
15833
16646
16780
16852
16867
17374
17494
17930
17957
18125
18702
18729
18951
19345
19576
21567
22480
22539
22572
22785
22815
23002
23548
24501
25029
25446
25832
26014
26070
26282
26351
26481
26510
26806
26825
27356
27467
28111
28261
28491
28841
29305
30615
30826
31462
31903
32190
32199
32694
32793
32879
33044
33869
34374
34686
34806
34811
35008
35218
36044
36232
36243
36249
36816
36956
37211
37471
37945
38037
38213
38222
39108
39399
39558
39579
39590
39600
40156
40809
40916
41230
41391
41436
41445
41487
41541
41546
41952
42028
42123
42409
42527
42634
42699
42751
42772
43056
43083
43127
43248
43471
43713
43723
43972
44149
44161
44592
44661
44843
44889
45106
45167
45576
45742
Number of cuts: 177

Krishelle
267
353
454
971
1405
2024
2639
2752
2762
2894
3210
3796
4123
5073
5553
5670
5679
5754
5912
6039
6096
6165
6171
6407
6554
6956
7550
7843
7945
8035
8090
8688
9128
9212
9292
9325
10272
10335
10887
10893
11016
11306
11681
12660
13224
13230
13530
13539
13632
13791
13800
13959
14136
14628
14790
15051
15192
15255
15330
15405
15522
15749
16022
16160
16973
17107
17179
17194
17821
18257
18284
18452
19029
19056
19278
19672
19903
21232
21331
21450
21930
22579
22740
22783
22911
22996
23059
23185
24260
24707
24849
25377
25794
26180
26362
26418
26630
26699
26858
27154
27173
27326
27364
27704
27815
27908
28459
28918
29268
29729
31260
31471
32107
32548
32835
32844
33339
33438
33689
34514
34655
35019
35331
35451
35456
35653
35863
35916
36698
36886
36897
36903
37470
37610
37865
38125
38599
38691
38831
38867
38876
39537
39619
39762
40051
40210
40231
40242
40252
40782
41458
41565
41878
42039
42084
42093
42135
42189
42194
42600
42676
42771
43057
43175
43282
43347
43399
43420
43704
43731
43775
43896
44119
44361
44371
44620
44797
44809
45240
45309
45491
45537
45754
45815
46214
Number of cuts: 185

Lillie
267
353
454
971
1405
2024
2639
2752
2762
2894
3210
3796
4123
4197
5073
5413
5553
5670
5679
5754
5912
6039
6096
6165
6171
6554
6956
7550
7843
7945
7987
8035
8090
8705
8914
9169
9253
9333
10281
10313
10376
10928
10934
11057
11347
11647
11722
12836
12953
12959
13127
13259
13268
13361
13445
13590
13688
13901
14513
14519
14921
14984
15059
15251
15425
15478
15751
15889
16702
16836
17550
17986
18013
18181
18758
18785
19007
19401
19632
21623
21727
22544
22603
22636
22879
23066
23612
24565
25093
25510
25896
26346
26415
26545
26574
26889
27080
27420
28175
28325
28555
28905
29369
30900
31111
31747
32188
32475
32484
32979
33078
33329
34154
34295
34659
34971
35091
35096
35293
35503
35556
36329
36517
36528
36534
37101
37241
37496
37756
38230
38322
38462
38498
38507
39168
39250
39393
39682
39841
39862
39873
39883
40413
41089
41196
41509
41670
41715
41724
41766
41820
41825
42231
42307
42402
42688
42806
42913
42978
43030
43051
43335
43362
43406
43527
43750
43992
44002
44251
44428
44440
44871
44940
45122
45168
45385
45446
45855
46021
Number of cuts: 179

Mahdia
87
537
855
971
1111
1199
1241
1325
1478
1637
1955
2052
2486
2507
3020
3131
3146
3263
3360
3526
3745
4447
4471
5006
5171
5381
5531
5887
6160
6507
6587
6665
6806
6891
7077
7349
7538
7591
7861
8066
9041
9089
9466
10298
10337
10415
10577
10622
10655
10826
10949
11075
11336
11390
11570
11603
11735
11870
11891
12020
12069
12110
12323
12528
12647
13418
13461
13522
13544
13610
13808
14043
14054
14393
14780
14795
14816
14825
14856
14932
15263
15461
15486
15566
15653
15722
15854
15866
16037
16078
16370
16434
16675
17044
17101
17245
17288
17389
17602
18133
18326
19008
19140
19195
19651
19762
20098
20658
20740
20747
20872
21225
21681
21822
22026
22618
22750
23049
23269
23380
23398
23565
23592
23760
24107
24557
24653
25321
25361
25528
25598
26120
26375
26450
26474
26510
26585
26705
26858
26999
27098
27277
27403
27457
27607
28132
28266
28524
28574
28598
28955
29012
29162
29191
29300
29621
29744
30030
30048
30527
30533
30614
30845
31106
31159
31192
31812
31950
32084
32097
32228
32240
32465
32528
32747
32822
33101
33167
33191
33317
33494
33818
33848
33918
33971
34061
34145
34168
34196
34397
34577
34751
34805
35208
35403
35505
35585
35850
35868
35925
36312
36580
36591
36657
37077
37780
38125
38884
39166
39274
39408
39635
39806
40062
40154
40218
40452
41145
41689
41716
41794
42105
42179
42257
42329
Number of cuts: 225

Naiad
267
353
454
971
1405
2024
2639
2752
2762
2894
3210
3796
4123
5073
5553
5670
5679
5754
5912
6039
6096
6165
6171
6407
6554
6956
7550
7843
7945
7987
8035
8090
8705
8914
9169
9253
9333
10281
10313
10376
10928
10934
11057
11347
11647
11722
12836
12953
12959
13127
13259
13268
13361
13445
13590
13688
13901
14513
14519
14921
14984
15059
15251
15425
15478
15751
15878
15889
16702
16836
17550
17986
18013
18181
18758
18785
19007
19401
19632
21623
21727
22149
22616
22892
23079
23625
24578
25106
25523
25909
26359
26428
26558
26587
26902
27055
27093
27433
28188
28568
28918
29382
30913
31124
31760
32201
32488
32497
32992
33091
33342
34167
34308
34672
34984
35104
35109
35306
35516
35569
36351
36539
36550
36556
37123
37263
37518
37778
38252
38344
38484
38520
38529
39190
39272
39415
39704
39863
39884
39895
39905
40435
41111
41218
41531
41692
41737
41746
41788
41842
41847
42253
42329
42424
42710
42828
42935
43000
43052
43073
43357
43384
43428
43549
43772
44014
44024
44273
44450
44462
44893
44962
45144
45190
45407
45468
45877
46043
Number of cuts: 178

Nancinator
267
353
454
971
1405
2024
2639
2752
2762
2894
3210
3796
4123
5073
5553
5670
5679
5754
5912
6039
6096
6165
6171
6407
6554
6956
7550
7843
7945
7987
8035
8090
8705
8914
9169
9253
9333
10281
10313
10376
10928
10934
11057
11347
11722
12836
12953
12959
13127
13259
13268
13361
13445
13590
13688
13901
14513
14519
14921
14984
15059
15251
15425
15478
15751
15878
15889
16702
16836
17550
17986
18013
18181
18758
18785
19007
19401
19632
21623
22544
22603
22636
22879
23066
23612
24566
25094
25511
25897
26135
26347
26416
26546
26575
26890
27043
27081
27421
28176
28326
28556
28906
29368
30833
31044
31680
32121
32408
32417
32912
33011
33097
33262
34087
34228
34601
34913
35033
35038
35235
35445
36271
36459
36470
37043
37183
37438
37698
38172
38264
38404
38440
38449
38904
39110
39332
39752
40428
40535
40848
41009
41054
41063
41105
41159
41164
41570
41646
41741
42027
42145
42252
42317
42369
42390
42674
42701
42745
42866
43089
43331
43341
43590
43767
43779
44210
44279
44461
44507
44724
44785
45194
45360
Number of cuts: 173

Natosaleda
267
353
454
971
1405
2024
2639
2752
2762
2894
3210
3796
4123
5073
5553
5670
5679
5754
5912
6039
6096
6165
6171
6407
6554
6956
7550
7843
7945
7987
8035
8090
8705
8914
9169
9253
9333
10281
10313
10376
10928
10934
11057
11347
11722
12836
12953
12959
13127
13259
13268
13361
13445
13590
13688
13901
14513
14519
14921
14984
15059
15251
15425
15478
15751
15878
15889
16702
16836
17550
17986
18013
18181
18758
18785
19007
19401
19632
21623
22544
22603
22636
22879
23066
23612
24565
25093
25510
25896
26134
26346
26415
26545
26574
26889
27042
27080
27420
28175
28325
28555
28905
29367
30832
31043
31679
32120
32407
32416
32911
33010
33096
33261
34086
34227
34600
34912
35032
35037
35234
35444
36270
36458
36469
37042
37182
37437
37697
38171
38263
38403
38439
38448
38903
39109
39331
39779
39800
39811
39821
40149
41029
41136
41449
41610
41655
41664
41706
41760
41765
42171
42247
42342
42628
42746
42853
42918
42970
42991
43275
43302
43346
43467
43690
43932
43942
44191
44368
44380
44811
44880
45062
45108
45325
45386
45560
45787
45953
46088
Number of cuts: 179

Partridge
353
636
904
966
1398
2083
2377
2698
2811
2821
2953
3855
4182
5612
5729
5738
5813
6098
6155
6224
6230
6598
7000
7594
7887
7989
8079
8134
8732
8941
9196
9280
9360
10308
10340
10403
10961
10967
11090
11380
11755
12869
12992
13160
13292
13301
13343
13394
13478
13562
13721
13898
13934
14390
14813
14954
15092
15284
15458
15511
15784
15922
16735
16869
16941
16956
17583
18019
18046
18214
18791
18818
19040
19665
21385
21656
22182
22925
23112
23658
24470
24612
25140
25583
25593
25979
26161
26217
26429
26498
26657
26953
26972
27125
27163
27503
27614
27707
28258
28717
29067
29529
31060
31271
31907
32348
33136
33235
33321
33905
34001
34584
34957
35269
35389
35394
35591
35801
36518
36627
36815
36826
36832
37399
37540
37795
38055
38529
38621
38761
38797
38806
39692
39983
40163
40174
40184
40508
40609
40932
40995
41376
41390
41497
41593
41810
41971
42016
42025
42067
42121
42126
42456
42492
42710
42715
42888
42894
43032
43398
43515
43847
44012
44136
44232
44484
44511
44560
44733
44910
44922
45353
45778
45839
46389
Number of cuts: 175

Pepy6
113
308
506
897
1100
1311
1786
1824
2665
2960
3528
3930
3984
4155
4254
4447
4935
5341
5533
5575
6349
6399
7264
7336
7633
7705
7861
7891
8496
8779
9239
9469
9520
9620
9643
9742
10014
10056
10335
10482
10679
10766
10836
11037
11132
11243
11589
11699
11900
12384
12765
12939
13986
14396
14587
14815
14902
15076
15116
15160
15269
15383
16331
16679
16858
16903
16921
17008
19652
19838
20036
20395
20498
20533
20626
20794
21154
21378
21713
21976
22070
22125
22221
22279
22308
22351
22516
22605
22618
22812
22845
22965
23223
23322
23466
23814
23847
24255
24698
24921
25908
27230
27560
28211
28357
28466
28483
28825
29164
29509
29638
29890
30015
30090
30120
30183
30381
30483
30654
30699
30825
31173
31218
31510
31875
32010
32106
32271
32337
32433
32568
32604
32646
32829
32856
32901
32910
32967
33021
33045
33255
33432
33906
34087
34296
34584
34848
34896
35625
35800
35864
36542
37373
37682
37889
38143
38280
38334
38477
38674
39176
39398
39536
39855
40011
40253
40290
40343
40889
41108
41431
41530
41553
41597
42120
42598
42652
42787
42880
43256
43346
43821
44109
44115
44538
44648
45088
45181
45480
45652
45712
45769
45788
45962
46179
46192
46380
46918
46948
47008
47071
47177
47455
47566
47599
47611
47623
48002
48052
48208
49281
49362
49638
49683
49756
50000
50021
50042
50054
50396
50696
50793
50890
51340
52177
52337
52354
52633
52806
53203
54400
54775
54919
55576
55621
55967
56375
56492
56498
56558
57367
57499
57529
57612
57711
57871
58119
58210
58221
58550
58656
58968
59433
59528
59908
60635
60884
61094
61375
61438
61887
62106
62638
62894
62950
62971
63190
63690
63911
63924
63995
64043
64189
64208
64477
64607
65482
65605
65725
65773
65865
65904
65976
66210
66323
66347
66411
66850
67072
67105
67343
67385
69036
69157
69820
70573
70702
70936
70953
70975
70999
71225
71335
71470
72089
72419
72482
72521
72607
72775
72898
72907
73098
73281
73358
73454
73655
73811
73892
74756
74849
74961
75278
75926
75933
76265
76277
76490
76524
76627
Number of cuts: 330

Peregrin
350
1075
1637
2149
2382
2491
2508
2678
2720
3076
3837
4347
4363
4578
4922
5044
6169
6469
7304
7520
7769
8053
8119
8259
8288
8413
8639
8830
9827
10449
11076
11738
12004
12256
12298
13074
13640
13696
14333
14762
14768
15000
15254
16158
16279
16324
16715
17757
18162
18532
18868
20179
20332
20466
21581
21772
21878
22682
23405
23420
23492
24184
24200
24308
24482
24632
25261
25389
25710
26461
26598
26648
27015
27440
27872
28014
28693
29607
29615
29821
29993
30529
31528
31733
31992
32035
32053
32065
32409
32695
33511
33649
34151
34640
35100
36697
37968
38046
38213
38414
39039
39121
39217
39614
41243
41764
41893
41932
42111
42499
42623
43349
43556
43838
44242
44744
44845
46087
48622
49216
49906
51127
54565
55424
55865
56218
56331
56643
56729
56780
56845
57466
57555
57606
57803
57882
58358
58810
58934
59492
60458
60522
60599
60606
60716
60862
61230
61495
61610
61792
62946
62989
63211
63462
63561
64094
64232
64868
65350
65698
65976
66373
66427
66478
66918
67029
67052
67133
67282
67549
68125
68955
69507
69786
70365
70420
70531
70584
70758
70788
71324
71335
71556
71581
71769
72169
72288
73114
73313
73326
74323
75072
75311
75966
76058
76070
76536
76548
76902
77038
77390
77459
77772
77920
78217
78627
79867
80064
80357
81022
81681
81885
82231
82521
82883
83720
83737
83932
84069
84083
84648
84773
85126
85449
86668
87040
88597
89127
89211
89749
90266
90428
90696
91344
92333
92936
93138
93353
93644
93937
93996
94124
94321
94594
94871
95197
95376
95788
95854
96960
97749
97821
97867
98283
98759
99006
99524
99572
100046
100458
101176
101190
101301
101407
101852
103137
103557
103835
104413
104649
104684
104996
105259
105813
106563
107044
107285
107566
109218
109473
109874
109990
110156
111112
111174
112316
112819
113597
113611
114084
114148
114549
114690
115100
115148
116468
116635
116789
116798
116904
117109
117266
117649
117753
118298
118537
118609
119287
120034
120613
121483
121615
122590
122799
123255
123356
123743
124270
125404
125636
125643
126326
126513
126549
128136
130419
131144
131706
132218
132451
132560
132577
132747
132789
Number of cuts: 334

Phrankenstein
267
353
454
971
1405
2024
2639
2752
2762
2894
3210
3796
4123
4197
5073
5413
5553
5670
5679
5754
5912
6039
6096
6165
6171
6407
6554
6956
7550
7843
7945
7987
8035
8090
8705
8914
9169
9253
9333
10281
10313
10376
10928
10934
11057
11347
11647
11722
12836
12953
12959
13127
13259
13268
13361
13445
13590
13688
13901
14513
14519
14921
14984
15059
15251
15425
15478
15751
15889
16702
16836
17550
17986
18013
18181
18758
18785
19007
19401
19632
21569
22490
22549
22582
22825
23012
23558
24511
25039
25456
25842
26292
26361
26491
26520
26835
26988
27026
27366
28121
28271
28501
28851
29315
30846
31057
31693
32134
32421
32430
32925
33024
33275
34100
34241
34605
34917
35037
35042
35239
35449
35502
36275
36463
36474
37047
37187
37442
37702
38176
38268
38408
38444
38453
39114
39196
39339
39628
39787
39808
39819
39829
40359
41035
41142
41455
41616
41661
41670
41712
41766
41771
42177
42253
42348
42634
42752
42859
42924
42976
42997
43281
43308
43352
43473
43696
43938
43948
44197
44374
44386
44817
44886
45068
45114
45331
45392
45801
45967
Number of cuts: 179

Pine5
13
73
220
325
457
676
1351
1917
1968
2031
2749
3785
4168
4242
4473
4802
5056
5287
6001
6030
6084
7695
7881
8377
8503
9648
9684
9714
9786
9951
9987
10626
10722
10827
10870
11157
11240
12329
12386
12473
12569
13179
13293
13629
13951
14365
14640
14910
15292
15393
15460
15558
16578
17892
19182
20482
20636
20693
21191
21359
21554
21848
22187
22259
22300
22334
22355
22757
23258
23507
23681
23816
24479
24650
25259
25325
25340
25346
25646
26631
26704
28172
28244
28406
28445
28532
28649
28679
28811
28836
28902
29463
29727
30065
30707
30896
31388
32291
32380
32405
32822
33068
33311
34568
34660
34996
35104
35179
36170
36255
36495
36636
36651
37191
37799
37872
38568
38598
38802
38889
38958
39084
39765
40791
40827
40941
41091
41835
41900
42179
42244
42265
42319
42556
42751
42796
43213
43258
43639
43753
43966
44391
44853
44875
44960
45121
45172
45458
45470
46651
46971
47432
48076
48203
48243
48260
48331
48340
48403
48917
49001
49431
49826
50447
50831
51194
51394
51436
51933
52253
52479
52509
53023
53654
53760
53974
53998
54532
54952
55093
55754
55826
56960
57415
57890
57911
58034
58077
58512
58607
58652
58987
59147
59207
Number of cuts: 194

Poco6
113
308
590
815
1769
2157
2273
2624
2727
2784
3096
3272
4018
4033
4460
4619
5183
5207
6231
6501
6694
7219
7268
7588
8192
8380
8572
10516
10898
10951
11036
11080
11448
12210
12586
12670
12900
12951
12990
13074
13078
13095
13173
13487
13765
14196
14266
14456
14562
15114
16216
17083
17437
17861
17927
18143
19261
20681
20783
21080
21674
22025
22208
22417
22555
22648
22816
23176
23735
23998
24092
24150
24237
24246
24304
24333
24541
24630
24643
24822
24855
24981
25236
25335
25479
25827
25860
25869
26268
26519
26934
27921
28967
29243
29579
30230
30502
30844
31183
31220
31372
31434
31477
31657
31717
31909
32139
32400
32517
32688
32733
33108
33138
33309
33535
33900
33984
34131
34287
34296
34362
34671
34683
34842
34854
34881
34935
34992
35013
35046
35070
35382
35931
36112
36135
36150
36870
36918
37822
37886
38471
38717
39191
39395
39666
39704
39863
39911
40189
40302
40356
40499
40696
41198
41554
41707
41934
42067
42217
42340
42638
42836
43233
43332
43399
43577
43765
44392
44446
44700
44790
44868
45079
45283
45645
45819
45945
45951
46305
46488
46572
46636
47412
47439
47472
47539
47769
48394
48440
49120
49210
49695
49806
49839
49851
49863
49899
49971
50067
50232
50790
50871
51147
51192
51243
51512
51533
51554
51560
51566
52166
52277
52328
52340
52417
52849
52996
53686
53846
53863
54141
54314
54711
55908
56283
56427
56730
57129
57829
57883
57961
58000
58006
58066
58091
58161
58269
58378
59035
59050
59095
59125
59208
59244
59260
59310
59470
59565
59835
59910
59976
60144
60641
61079
61215
61283
62295
62770
62841
63026
63092
63645
64254
64470
64844
64892
65326
65591
65607
65681
66125
66623
66671
66805
66982
67138
67149
67760
67985
68868
69164
69278
69935
70471
70483
70537
70711
70858
70984
71390
71447
71965
72199
72262
72488
72532
72598
73351
73681
73744
73783
73869
74037
74169
74329
74455
74620
74716
74911
74917
75073
75154
75256
75823
76018
76111
76229
76546
76931
77201
77533
77545
77758
77790
Number of cuts: 324

Rasputin
267
353
454
971
1405
2024
2639
2752
2762
2894
3210
3796
4123
5413
5553
5670
5679
5754
6039
6096
6165
6171
6392
6539
6941
7535
7828
7930
8020
8674
8883
9138
9222
9302
9676
10250
10282
10345
10897
10903
11026
11316
11691
12766
12805
12928
13096
13228
13237
13279
13330
13414
13498
13564
13657
13834
13870
14326
14488
14749
14890
15028
15220
15394
15447
15720
15847
15858
16671
16805
16892
17519
17955
17982
18150
18727
18754
18976
19601
21592
22514
22573
22606
22849
23036
23582
24394
24536
25064
25867
26105
26317
26386
26516
26545
26860
27051
27391
27502
28146
28296
28526
28876
29095
29340
30871
30907
31082
31718
32159
32446
32455
32950
33049
33300
34125
34266
34630
34942
35062
35067
35264
35474
35527
36300
36488
36499
36505
37072
37212
37467
37727
38201
38293
38433
38469
38478
39139
39221
39364
39653
39812
39833
39844
39854
40384
41060
41167
41480
41641
41686
41695
41737
41791
41796
42202
42278
42373
42659
42777
42884
42949
43001
43022
43306
43333
43377
43498
43721
43963
43973
44222
44399
44411
44842
44911
45093
45139
45356
45417
45826
45992
Number of cuts: 182

RER2
267
353
454
971
1405
2024
2639
2752
2762
2894
3210
3796
4123
4197
5073
5413
5553
5670
5679
5754
5912
6039
6096
6165
6171
6554
6956
7550
7843
7945
7987
8035
8090
8705
8914
9169
9179
9253
9333
10281
10313
10376
10928
10934
11057
11347
11647
11722
12836
12953
12959
13127
13259
13268
13361
13445
13590
13688
13901
14513
14519
14921
14984
15059
15251
15425
15478
15751
15878
15889
16702
16836
16908
17550
17986
18013
18181
18758
18785
19007
19401
19632
21623
22544
22603
22636
22849
22879
23066
23612
24565
25093
25510
25896
26134
26346
26415
26545
26574
26870
26889
27531
28175
28325
28555
28905
29369
30900
31111
31747
32188
32475
32484
32979
33078
33329
34154
34295
34659
34971
35091
35096
35293
35503
35556
36161
36220
36329
36517
36528
37101
37241
37496
37756
38230
38322
38462
38498
38507
39168
39250
39393
39682
39841
39862
39873
39883
40413
41089
41196
41509
41670
41715
41724
41766
41820
41825
42231
42307
42402
42688
42806
42913
42978
43030
43051
43335
43362
43406
43527
43750
43992
44002
44251
44428
44440
44871
44940
45122
45168
45385
45446
45855
46021
Number of cuts: 184

RexFury
267
353
454
1002
1436
2055
2670
2783
2793
2925
3241
3827
4154
5104
5584
5701
5710
5785
5943
6070
6127
6196
6202
6438
6585
6987
7581
7874
7976
8018
8066
8121
8736
8945
9200
9284
9364
10312
10344
10407
10959
10965
11088
11378
11678
11753
12294
12867
12984
12990
13158
13290
13299
13341
13392
13476
13621
13719
13932
14544
14550
14952
15015
15090
15282
15456
15509
15782
15909
15920
16733
16867
17581
18017
18044
18212
18789
18816
19038
19432
19663
21654
22575
22634
22667
22910
23097
23643
24596
25124
25927
26165
26377
26446
26576
26605
26920
27073
27111
27451
28206
28356
28586
28936
29155
29400
30931
30967
31142
31778
32219
32506
32515
33010
33109
33360
34185
34326
34690
35002
35122
35127
35324
35534
36360
36548
36559
37132
37272
37527
37787
38261
38353
38493
38529
38538
38993
39199
39421
39869
39890
39901
39911
40239
41119
41226
41539
41700
41745
41754
41796
41850
41855
42261
42337
42432
42718
42836
42943
43008
43060
43081
43365
43392
43436
43557
43780
44022
44032
44281
44458
44470
44901
44970
45152
45198
45415
45476
45885
46051
Number of cuts: 180

RGL3
1272
1386
1789
2023
2641
2764
2896
4125
4199
4557
4794
5555
5672
5914
6041
6098
6173
6361
6547
6946
7833
7886
7935
7977
8025
8325
8880
9135
9219
9257
9464
9736
10250
10282
10345
10903
10909
11032
11319
11622
11697
12238
12433
12568
12717
12835
13024
13252
13393
13435
13570
13645
13654
13720
13783
13813
14263
14479
14515
14677
14793
14938
15079
15217
15409
15589
15642
16053
17072
17633
17711
18147
18174
18870
19157
19383
19551
19713
19779
19857
20151
20325
20532
20763
20820
21051
21189
21267
21512
21651
21666
21805
21986
22749
22910
23166
23355
23487
24093
24235
24463
24821
24936
25014
25053
25420
25584
25999
26867
27276
27291
27390
27549
27864
28017
28407
28602
28611
28755
29163
29515
29647
29998
30276
30681
30812
31925
32408
32417
32582
32718
33121
33130
33307
33625
33724
33769
33889
33963
33975
34327
34400
35828
35927
36047
36052
36459
36742
37258
37512
37523
37529
37844
38009
38021
38132
38253
38427
38508
38513
38526
39107
39199
39327
39608
40041
40126
40176
40488
40668
40679
40689
41396
41969
42086
42182
42298
42307
42523
42664
43329
43533
43545
43608
43983
44125
44377
44387
44608
44726
44936
45128
45497
45736
45839
46028
46242
46329
46434
46664
46893
47371
47489
Number of cuts: 203

Rhodalysa
267
353
454
971
1405
2024
2639
2752
2762
2894
3210
3796
4123
4197
5073
5413
5553
5670
5679
5754
5912
6039
6096
6165
6171
6554
6956
7550
7843
7945
7987
8035
8090
8705
8914
9169
9253
9333
10281
10313
10376
10928
10934
11057
11347
11647
11722
12836
12953
12959
13127
13259
13268
13361
13445
13590
13688
13901
14513
14519
14921
14984
15059
15251
15425
15478
15751
15889
16702
16836
17550
17986
18013
18181
18758
18785
19007
19401
19632
21623
21727
22544
22603
22636
22879
23066
23612
24565
25093
25510
25896
26346
26415
26545
26574
26889
27080
27420
28175
28325
28555
28905
29369
30900
31111
31747
32188
32475
32484
32979
33078
33329
34154
34295
34659
34971
35091
35096
35293
35503
35556
36329
36517
36528
36534
37101
37241
37496
37756
38230
38322
38462
38498
38507
39168
39250
39393
39682
39841
39862
39873
39883
40413
41089
41196
41509
41670
41715
41724
41766
41820
41825
42231
42307
42402
42688
42806
42913
42978
43030
43051
43335
43362
43406
43527
43750
43992
44002
44251
44428
44440
44871
44940
45122
45168
45385
45446
45855
46021
Number of cuts: 179

StCroix
267
353
454
971
1405
2024
2639
2752
2762
2894
3210
3796
4123
5073
5553
5670
5679
5754
5912
6039
6096
6165
6171
6407
6554
6956
7550
7843
7945
7987
8035
8090
8705
8914
9169
9253
9333
10281
10313
10376
10928
10934
11057
11347
11647
11722
12836
12953
12959
13127
13259
13268
13361
13445
13590
13688
13901
14513
14519
14921
14984
15059
15251
15425
15478
15751
15878
15889
16702
16836
17550
17986
18013
18181
18758
18785
19007
19401
19632
21623
21727
22149
22616
22892
23079
23625
24578
25106
25523
25909
26359
26428
26558
26587
26902
27055
27093
27433
28188
28568
28918
29382
30913
31124
31760
32201
32488
32497
32992
33091
33342
34167
34308
34672
34984
35104
35109
35306
35516
35569
36351
36539
36550
36556
37123
37263
37518
37778
38252
38344
38484
38520
38529
39190
39272
39415
39704
39863
39884
39895
39905
40435
41111
41218
41531
41692
41737
41746
41788
41842
41847
42253
42329
42424
42710
42828
42935
43000
43052
43073
43357
43384
43428
43549
43772
44014
44024
44273
44450
44462
44893
44962
45144
45190
45407
45468
45877
46043
Number of cuts: 178

Swann
267
353
454
971
1405
2024
2639
2752
2762
2894
3210
3796
4123
4197
5073
5413
5553
5670
5679
5754
5912
6039
6096
6165
6171
6554
6956
7550
7843
7945
7987
8035
8090
8705
8914
9169
9253
9333
10281
10313
10376
10928
10934
11057
11347
11647
11722
12836
12953
12959
13127
13259
13268
13361
13445
13590
13688
13901
14513
14519
14921
14984
15059
15251
15425
15478
15751
15889
16702
16836
17550
17986
18013
18181
18758
18785
19007
19401
19632
21623
22544
22603
22636
22879
23066
23612
24565
25093
25510
25896
26134
26346
26415
26545
26574
26889
27042
27080
27420
28175
28325
28555
28905
29367
30898
31109
31745
32186
32473
32482
32977
33076
33327
34152
34293
34657
34969
35089
35094
35291
35501
35554
36159
36218
36327
36515
36526
37099
37239
37494
37754
38228
38320
38460
38496
38505
39166
39248
39391
39680
39839
39860
39871
39881
40411
41087
41194
41507
41668
41713
41722
41764
41818
41823
42229
42305
42400
42686
42804
42911
42976
43028
43049
43333
43360
43404
43525
43748
43990
44000
44249
44426
44438
44869
44938
45120
45166
45383
45444
45853
46019
Number of cuts: 181

Takoda
267
353
454
636
904
966
1398
2016
2310
2631
2744
2754
2886
4115
5545
5662
5671
5746
6031
6088
6157
6163
6531
6933
7527
7820
7922
8012
8665
8874
9129
9213
9293
10241
10273
10336
10888
10894
11017
11307
11682
12796
12919
13087
13219
13228
13321
13405
13480
13648
13861
14317
14740
14881
15019
15211
15385
15438
15711
15849
16428
16662
16796
16868
16883
17510
17946
17973
18141
18718
18745
18967
19361
19592
21089
21583
21655
22198
22575
22851
23038
23584
24396
24538
25066
25483
25869
26051
26107
26319
26388
26456
26518
26547
26843
26862
27015
27053
27393
27419
27504
28148
28298
28528
28878
29097
29342
30807
31018
32095
32217
32883
32982
33068
33233
33652
33676
33748
34328
34469
34842
35154
35274
35279
35476
35686
35739
36403
36512
36700
36711
37284
37424
37679
37939
38413
38505
38645
38681
38690
39351
39576
39867
40047
40058
40068
41273
41380
41692
41853
41898
41907
41949
42003
42008
42338
42369
42722
43088
43205
43691
43856
43980
44076
44318
44355
44404
44577
44754
44766
45197
45624
45685
45939
46068
46234
Number of cuts: 176

Trina
409
460
483
801
834
1125
1463
1828
2191
2230
2571
3379
3621
3886
4163
4363
4427
5154
5253
5689
5783
5821
5829
6117
6355
6386
6875
9692
9881
10206
10337
10588
10603
11347
11820
12149
13198
13694
14773
15168
15272
15377
15461
15740
16364
16569
16739
16876
17242
17505
17793
18574
19124
19837
20018
21065
21334
21608
22691
22868
22882
23162
23344
24710
24722
25741
26170
26656
27144
27474
28325
28830
30386
31215
31772
32120
33062
33634
33880
33906
34200
35049
35114
36542
36985
37706
38776
38948
40215
43344
43589
43922
43976
44264
44476
44612
44942
44996
45656
46424
46688
46700
47642
47708
47750
48590
49109
49355
49689
49779
51202
51211
52246
53022
53919
54056
54089
54149
56070
57524
58625
59997
60378
61878
61941
62020
62039
62268
62327
62430
63236
63517
63591
63742
63825
64242
64533
64931
65488
65749
66139
66368
66494
66931
67121
68371
70299
70642
71103
71311
71535
71857
72366
73206
73310
73593
73894
74573
75028
75613
77474
79715
79815
81145
81339
81512
81738
82415
82545
82699
82819
83412
83701
83807
83842
83929
84181
84325
84526
84534
85322
86485
86577
87517
87700
88110
88785
88945
89885
90499
90759
90989
92016
93663
94444
94671
95142
95689
96055
96299
96309
96395
96711
97430
97696
97985
99507
99609
99679
99802
99832
100891
101434
102080
102685
102929
103713
103758
103824
104288
104331
104507
104516
104673
104785
104949
105123
105508
106031
106046
107109
107448
107656
108045
108123
108716
110740
111301
111588
111858
112201
112305
112611
112705
112847
112909
112976
113444
113989
114345
114567
115084
115244
115367
115811
116216
116236
116273
116525
116672
117706
117883
118034
118465
118737
118811
119722
119744
120421
120866
121088
121213
121217
122034
122599
122727
122760
123082
123158
123911
124295
124402
124669
125845
126149
126613
126705
127122
127209
127659
127699
127909
127998
130603
130633
130864
131510
133403
133440
133801
134408
134688
134839
135872
136811
136862
136885
137203
137236
137527
137865
138230
138593
138632
138973
Number of cuts: 315

TWAMP
267
353
454
971
1405
2024
2639
2752
2762
2894
3210
3796
4123
4197
5073
5413
5553
5670
5679
5754
5912
6039
6096
6165
6171
6554
6956
7550
7843
7945
7987
8035
8090
8705
8914
9169
9253
9333
10281
10313
10376
10928
10934
11057
11347
11647
11722
12836
12953
12959
13127
13259
13268
13361
13445
13590
13688
13901
14513
14519
14921
14984
15059
15251
15425
15478
15751
15889
16702
16836
17550
17986
18013
18181
18758
18785
19007
19401
19632
21623
21727
22544
22603
22636
22879
23066
23612
24565
25093
25510
25896
26346
26415
26545
26574
26889
27080
27420
28175
28325
28555
28905
29369
30900
31111
31747
32188
32475
32484
32979
33078
33329
34154
34295
34659
34971
35091
35096
35293
35503
35556
36329
36517
36528
36534
37101
37241
37496
37756
38230
38322
38462
38498
38507
39168
39250
39393
39682
39841
39862
39873
39883
40413
41089
41196
41509
41670
41715
41724
41766
41820
41825
42231
42307
42402
42688
42806
42913
42978
43030
43051
43335
43362
43406
43527
43750
43992
44002
44251
44428
44440
44871
44940
45122
45168
45385
45446
45855
46021
Number of cuts: 179

UhSalsa
267
353
454
971
1405
2024
2639
2752
2762
2894
3210
3796
4123
5073
5553
5670
5679
5754
5912
6039
6096
6165
6171
6407
6554
6956
7550
7843
7945
7987
8035
8090
8705
8914
9169
9253
9333
10281
10313
10376
10928
10934
11057
11347
11722
12836
12953
12959
13127
13259
13268
13361
13445
13590
13688
13901
14513
14519
14921
14984
15059
15251
15425
15478
15751
15878
15889
16702
16836
17550
17986
18013
18181
18758
18785
19007
19401
19632
21623
22544
22603
22636
22879
23066
23612
24566
25094
25511
25897
26135
26347
26416
26546
26575
26890
27043
27081
27421
28176
28326
28556
28906
29368
30833
31044
31680
32121
32408
32417
32912
33011
33097
33262
34087
34228
34601
34913
35033
35038
35235
35445
36271
36459
36470
37043
37183
37438
37698
38172
38264
38404
38440
38449
38904
39110
39332
39780
39801
39812
39822
40150
41030
41137
41450
41611
41656
41665
41707
41761
41766
42172
42248
42343
42629
42747
42854
42919
42971
42992
43276
43303
43347
43468
43691
43933
43943
44192
44369
44381
44812
44881
45063
45109
45326
45387
45796
45962
Number of cuts: 177

Weasels2
1431
1545
1827
2341
2606
2612
2639
2757
2763
2878
2985
2998
3042
3053
3063
3077
3178
3203
3337
3753
4342
4444
4546
4562
4643
4674
4741
4949
5019
5685
6386
6974
7680
7732
7992
8115
8298
8505
8942
9042
9054
10036
10225
11203
11440
11467
11616
11646
11652
11668
12029
12186
12878
13310
13919
14039
14080
14146
14500
15270
15705
15865
16197
16971
17016
17532
17841
18726
18855
19167
19366
19441
19972
20005
20203
20208
20720
20816
21993
22195
22511
22798
22918
23089
23383
23668
23817
23833
24190
24206
24314
24488
24638
25178
25264
25392
25713
26011
26306
26464
26607
26666
26858
27439
27871
28013
29609
29617
29805
30077
31169
32044
32495
32559
32771
32862
32892
34326
34338
34476
35773
35807
37000
37246
38309
39062
39216
39654
40061
40086
40136
41693
41783
41795
43358
43482
43541
43646
43859
44484
45294
45326
45405
46394
46652
47797
48326
49388
49982
50672
51911
52527
52833
53373
53481
54386
55007
55028
55323
55717
56137
56249
56579
56762
57342
57589
58073
58667
58747
58756
58953
58969
59455
59515
59709
60036
60087
60239
60648
60743
60996
61604
61924
62008
62111
63009
63144
64315
64422
64978
65154
65195
65358
65450
66243
66364
66391
66484
67056
67364
67421
67523
67806
67906
67921
68032
68348
69315
69726
70103
70797
71778
72100
72498
72505
72683
73643
73832
73865
73906
74382
74409
74697
74784
76564
76838
77829
77948
78148
78225
78346
78468
78480
78903
78917
79100
79248
79412
80797
81034
81443
81586
81778
81950
81957
82003
82637
83562
84048
84406
84598
85098
86554
86576
86618
87553
87594
87725
87940
88453
88696
90965
91576
92257
92520
92547
92878
93088
93214
93465
94733
95320
95378
96064
96085
97109
97491
97649
98001
98108
98214
98536
98729
100052
101135
101141
101896
102281
102414
102500
102687
103331
103536
103774
103849
104111
104381
104454
104516
104641
105598
105662
105975
106467
106675
106819
106898
106908
106991
107123
107499
107682
107834
108207
108278
108284
108639
108898
108963
109040
109441
110345
110490
110722
110813
110894
111182
111256
111344
112170
112874
113193
113637
113845
113966
114109
114170
114240
114532
114785
115171
115194
115349
115687
115771
115804
115892
116035
116223
116265
116765
116899
117782
118306
118350
118432
118473
119128
119289
119439
119462
119594
119716
120180
120632
120705
120777
121020
121209
121320
121979
122543
122657
122682
123264
123318
123578
124115
124394
124771
125240
125561
125597
126295
126381
126489
126601
127887
128242
128417
128676
128831
129106
129232
129237
129488
129714
129875
130036
130533
130603
130909
131116
131267
131504
133136
133250
133532
134046
134311
134317
134344
134462
134468
134583
134690
134703
134747
134758
134768
134782
134883
134908
Number of cuts: 423

Yogi
267
353
454
971
1405
2024
2639
2752
2762
2894
4123
5413
5553
5670
5679
5754
6039
6096
6165
6171
6392
6539
6941
7535
7828
7930
8020
8673
8882
9137
9221
9301
9675
10249
10281
10344
10902
10908
11031
11321
11696
12771
12933
13101
13233
13242
13284
13335
13419
13569
13662
13839
13875
14331
14493
14754
14895
15033
15225
15399
15452
15725
15852
15863
16676
16810
16897
17524
17960
17987
18155
18732
18759
18981
19375
19606
21597
22518
22577
22610
22853
23040
23586
24539
25067
25484
25870
26108
26320
26389
26519
26548
26844
26863
27016
27505
28149
28299
28529
28879
29343
30874
31085
31721
32162
32449
32458
32953
33052
33138
33303
34128
34630
34942
35062
35067
35264
35474
36191
36300
36813
36868
36879
36885
37452
37592
37847
38107
38581
38673
38813
38858
39744
40033
40192
40213
40224
40234
40764
41440
41547
41860
42021
42066
42075
42117
42171
42176
42582
42658
42753
43039
43157
43264
43329
43381
43402
43686
43713
43757
43878
44101
44343
44380
44429
44602
44779
44791
45222
45291
45473
45519
45736
45797
46062
46191
46357
Number of cuts: 177

Yoncess
267
353
454
971
1405
2024
2639
2752
2762
2894
4123
5413
5553
5670
5679
5754
6039
6096
6165
6171
6392
6539
6941
7535
7828
7930
8020
8673
8882
9137
9221
9301
10249
10281
10344
10902
10908
11031
11321
11696
12771
12933
13101
13233
13242
13284
13335
13419
13503
13569
13662
13839
13875
14331
14493
14754
14895
15033
15225
15399
15452
15725
15852
15863
16676
16810
16897
17524
17960
17987
18155
18732
18759
18981
19375
19606
21597
22519
22578
22611
22824
22854
23041
23587
24540
25068
25485
25871
26109
26321
26390
26520
26549
26845
26864
27314
27395
27506
28150
28300
28530
28880
29344
30654
30865
31501
31942
32229
32238
32733
32832
32918
33083
33908
34413
34725
34845
34850
35047
35257
36083
36271
36282
36288
36855
36995
37250
37510
37984
38076
38216
38252
38261
39147
39436
39595
39616
39627
39637
40167
40843
40950
41264
41425
41470
41479
41521
41578
41583
41989
42065
42160
42446
42564
42671
42736
42788
42809
43094
43121
43165
43286
43509
43751
43761
44010
44187
44199
44630
44699
44881
44927
45144
45205
45614
45780
Number of cuts: 176

