Alatin
132
160
485
971
1150
1535
1681
1682
1825
2624
3007
3195
3311
3546
3594
3721
4947
5226
5552
6046
6423
7486
7598
7610
7839
8372
8841
11720
11945
12261
12352
12542
12668
12815
12842
12896
12973
13143
13407
14075
14294
14547
15080
15813
16659
17450
17529
18365
18805
19054
19059
20242
21839
21952
22358
23138
23317
23800
23948
24300
24844
25427
25963
26134
26231
26732
26737
26757
27126
27225
27966
28833
29034
29542
29787
29794
31907
31917
33338
33508
33519
33796
35169
35444
35822
36142
37487
37854
38000
38069
38502
40354
40800
41093
42171
42400
42417
42695
43233
44816
45475
45589
45802
45821
46285
Number of cuts: 105

Alpacados
132
160
485
971
1150
1203
1535
1602
1627
1778
2094
2586
2969
3157
3273
3556
4360
4909
5188
5514
5933
6008
6197
6370
7545
7557
8022
8109
8771
9448
9660
11656
11803
12238
12478
12751
12778
12832
12909
13079
13164
13343
14011
14230
14537
15016
15160
15749
16136
16257
16993
17386
17465
18301
18990
18995
19190
19590
20178
20780
20817
21273
21721
22227
22266
22642
23007
23186
23669
23817
24169
24713
26136
26199
26637
26642
27031
27130
28939
29692
29699
31812
31822
33243
33413
33424
33701
35071
35346
35724
36044
37380
37747
37893
37962
38322
38375
40177
40632
40783
40916
41994
42223
42240
42518
43056
44639
45298
45412
45625
45644
46108
Number of cuts: 112

AngryOrchard
132
966
1143
1196
1528
1595
1620
1770
2569
2952
3140
3256
3539
3666
3933
4892
5340
5916
5991
6353
7416
7528
7540
7769
8005
8092
8733
8754
9431
9643
11639
11978
12221
12734
12761
12815
12892
13147
13326
13994
14213
14520
15143
15259
15732
16119
16240
17369
17448
18284
18724
18973
18978
20594
20800
20975
21704
22361
22905
23002
23664
23813
24165
24709
25999
26096
26596
26601
26621
26990
27089
27290
27830
28697
28898
29651
29658
31715
32075
32310
33133
33303
33861
35231
35506
35884
36204
36576
37540
37907
38053
38122
38232
38482
38672
39746
39864
40028
40973
42419
43278
45430
46213
Number of cuts: 103

AppleCloud
164
179
249
706
766
943
1388
1389
1534
1850
2333
2716
2904
3020
3303
3430
4656
4935
5261
5307
5680
5755
5944
6520
7292
7304
7856
8405
9036
9171
10386
11373
11928
12162
12273
12673
12982
13036
13193
13372
14040
14259
14314
14512
14566
15088
15189
15744
16165
17415
17494
18330
19019
19024
19219
20207
20230
20846
21750
21863
22802
23216
23702
23851
24719
26009
26106
26169
26607
26612
26632
27001
27010
27100
27841
28988
29732
29738
31647
31932
32007
32397
33068
33238
34285
34896
35171
35549
35869
37205
37572
37718
37787
39066
40069
40810
41888
42117
42134
42412
42950
44533
45192
45306
45519
45538
46002
Number of cuts: 107

Belenaria
132
160
485
971
1150
1535
1681
1682
1825
2624
3007
3195
3311
3546
3594
3721
4947
5226
5552
6046
6423
7486
7598
7610
7839
8372
8841
11720
12261
12352
12542
12668
12815
12842
12896
12973
13143
13407
14075
14294
14547
15080
15813
16659
16808
17450
17529
18365
18805
19054
19059
20242
21056
21785
22291
22330
22697
22706
23071
23250
23733
23881
24234
24778
25361
26068
26165
26666
26671
26783
27060
27159
27900
28968
29476
29713
29719
31783
33204
33374
33385
34555
35044
35319
35697
36017
37353
37720
37866
37935
39214
40217
40958
42036
42265
42282
42560
43098
44681
45340
45454
45667
45686
46150
Number of cuts: 104

BobbyDazzler
132
160
485
971
1150
1443
1492
1602
1627
1746
1890
2695
3078
3266
3382
3665
4469
5018
5297
5623
6117
6306
6479
7654
7666
8131
8218
8880
9557
9769
11765
11912
12347
12587
12860
12887
12941
13018
13273
13452
14120
14339
14646
15125
15269
15858
16245
16366
17102
17495
17574
18410
19099
19104
19299
19699
20287
20889
20926
21382
21830
22337
22743
22821
23117
23296
23779
23927
24279
24823
25942
26210
26273
26711
26716
27105
27204
29013
29760
29766
29773
31886
31896
33317
33498
33775
35148
35423
35614
36121
37457
37824
37970
38039
38399
38452
38589
40324
40779
40930
41063
41577
42142
42371
42388
42666
43204
45446
45560
45773
45792
46256
Number of cuts: 112

Bonanza
132
160
485
971
1150
1535
1682
1825
2624
3007
3195
3311
3594
4398
4947
5226
5552
5971
6046
6235
6408
7583
7595
8060
8147
8809
9486
9698
11694
11841
12276
12516
12789
12816
12870
12947
13117
13202
13381
14049
14268
14575
15054
15198
15787
16174
16295
17031
17424
17503
18339
19028
19033
19228
19628
20216
20818
20855
21030
21759
22265
22304
22680
22948
22979
23045
23707
23855
24207
24380
24751
26138
26201
26639
26644
27033
27132
28941
29688
29694
29701
31814
31824
33245
33415
33426
33703
35073
35348
35726
36046
36388
36637
37762
38129
38275
38344
38704
38757
40629
41084
41235
41368
42446
42675
42692
42970
45091
45750
45864
46545
Number of cuts: 111

Bradshaw
132
160
485
971
1150
1535
1681
1682
1825
2624
3007
3195
3311
3546
3594
3721
4947
5226
5552
6046
6423
7486
7598
7610
7839
8372
8841
11720
12261
12352
12542
12668
12815
12842
12896
12973
13143
13407
14075
14294
14547
15080
15813
16659
17450
17529
18365
18805
19054
19059
20242
21056
21785
21898
22291
22330
22697
22706
23071
23250
23733
23881
24233
24777
25360
25896
26067
26164
26665
26670
26782
27059
27158
27899
28766
28967
29475
29720
29727
31840
31850
33271
33441
33452
33729
35102
35377
35755
36075
37420
37787
37933
38002
38435
40287
40733
41026
42104
42333
42350
42628
43166
44749
45408
45522
45735
45754
46206
46218
Number of cuts: 109

Bryce
132
160
485
971
1150
1535
1682
2624
3007
3195
3311
3594
4398
4947
5226
5552
5971
6046
6235
6408
7471
7583
7595
8060
8147
8809
9486
9698
11694
11841
12276
12516
12789
12816
12870
12947
13117
13202
13381
14049
14268
15054
15198
15787
16174
16295
17031
17424
17503
18339
19028
19033
19228
19628
20216
20818
20855
21030
21759
22266
22672
22750
23046
23225
23708
23856
24208
24752
25871
26139
26202
26640
26645
26736
26757
27034
27133
27334
28942
29689
29695
29702
31594
31604
33025
33206
33483
34856
35322
35509
35829
37165
37532
37678
37747
38107
38160
38297
40032
40487
40638
40771
41285
41850
42079
42096
42374
42912
45154
45268
45481
45500
45964
Number of cuts: 113

ChewyVIII
327
577
675
1237
1262
1445
1641
1835
1910
2496
2930
3164
3233
3309
3321
3863
4025
4123
4260
4392
4550
4774
4956
5104
5674
5768
5792
6227
6991
7067
7500
7507
7672
8960
9071
9086
9499
10237
11444
11835
12736
13795
14164
14183
14364
14536
15306
15619
15946
16024
16168
16540
16642
16894
17185
17318
17330
18004
18088
18136
18246
18471
18707
18993
19439
19669
20051
20212
20415
21348
21736
22003
22417
22596
22994
23238
23602
23954
24341
24593
26284
26340
26733
26796
27523
27939
28141
28162
29171
30206
30276
30454
30834
30910
31180
32434
32574
33408
34538
34919
35435
35915
36020
37256
37507
37748
37984
38062
38377
38766
38904
40287
40328
40466
40549
40917
41577
41697
41749
42474
42724
42770
42853
42880
43248
43264
43689
43913
43996
44125
44136
44308
44492
44803
44975
45741
46577
47410
47422
47579
47686
47973
49244
49375
49776
49871
50191
50571
50647
50683
50697
51017
51263
51275
51478
51695
52029
52196
52433
52676
52698
53849
54307
54404
54507
54619
54714
54829
54986
55789
55823
55892
56176
57477
57621
57766
57963
58197
58470
58564
58680
58962
59227
59239
59526
59954
59997
60351
60464
60797
60882
61076
61749
62405
64138
64361
64630
65591
65604
65752
67272
67612
68053
69112
Number of cuts: 204

CosmicSans
132
160
485
971
1150
1535
1681
1682
1825
2624
3007
3195
3311
3546
3594
3721
4947
5226
5552
6046
6423
7486
7598
7610
7839
8372
8841
11720
12261
12352
12542
12668
12815
12842
12896
12973
13143
13407
14075
14294
14547
15080
15813
16659
17450
17529
18365
18805
19054
19059
20242
21785
21898
22291
22330
22697
22706
23071
23250
23733
23881
24233
24777
26067
26164
26665
26670
26782
27059
27158
27899
28766
28967
29475
29720
29727
31840
31850
33271
33441
33452
33729
35102
35377
35755
36075
37411
37778
37924
37993
38426
40278
40733
40884
41017
42095
42324
42341
42619
43157
44740
45399
45513
45726
45745
46209
Number of cuts: 106

Dinger
132
968
1145
1198
1530
1677
1678
1821
2169
2620
2962
3003
3191
3307
3450
3590
3717
4943
5222
5548
5967
6042
6404
7467
7579
7591
8143
8784
8805
9482
11690
12029
12272
12512
12785
12812
12866
12943
12987
13113
13198
13377
13545
14045
14264
14517
14571
15194
15310
15783
16170
16291
16751
17420
17499
18335
18775
19024
19224
20212
20235
20283
20851
21026
21307
21755
21868
22116
22957
22988
23054
23233
23716
23865
24217
24761
26051
26148
26211
26649
26654
26674
27043
27052
27142
27883
29030
29781
31719
33140
33310
35244
35519
35897
36217
37553
37920
38066
38135
38245
38685
39877
40041
40422
41161
42437
45447
45990
46232
Number of cuts: 109

DocB7
90
321
639
779
1229
1623
1926
3625
3686
4305
4428
5723
6193
7751
8611
8727
9202
9763
9775
9819
11039
11072
11570
13446
13971
14576
14749
14858
14933
19142
20968
23145
24544
24780
25076
25472
25749
26100
27469
27875
30223
31469
32162
32830
32855
32931
33014
33032
33170
33173
33961
35419
36720
37420
37463
38057
38121
38473
39239
40419
40576
40879
41095
41544
41994
42397
42474
42489
42908
44416
44495
44531
45829
46693
47016
47247
47750
48608
48974
50778
52100
53177
53266
53348
53501
54337
54416
54424
54900
55202
55267
55523
56546
56650
57847
58192
58302
58670
58749
58783
58961
59586
59955
60507
62192
62657
63479
64351
64776
65415
66263
66721
67545
67888
68120
68240
68252
68874
69600
69860
70230
70323
70585
71310
71420
72674
73731
74452
74635
75011
75595
Number of cuts: 131

E3
322
720
1466
1992
2313
2442
2913
3042
3138
3644
4052
4059
4147
4231
4349
4389
4515
4561
4744
4793
5157
5275
5356
5751
6427
6538
6624
6912
7176
7295
7391
7537
7747
7835
8375
8397
8651
9048
9052
9206
9292
9519
9549
9580
9652
9658
9930
9974
10159
10210
10274
10344
10928
11303
11364
11493
11554
11558
11726
12068
12127
12171
12196
12219
12244
12434
12617
12673
12745
12858
12872
12947
13259
13330
13662
13915
14194
14330
14647
14707
14775
15060
15115
15187
15382
15410
15723
16140
16423
16472
16524
16649
17195
17261
17397
17689
17703
17731
18076
18186
18461
18712
19205
19213
19245
19450
19917
20410
20945
21136
21189
21430
21577
21701
22002
22131
22180
22238
22297
22336
22353
22367
22384
22402
22508
22947
22989
23118
23468
23492
23742
23750
24103
24417
24489
24664
25380
25456
25560
26008
26057
26087
26237
26299
26480
26836
26846
26853
26903
27043
27278
27514
27596
27789
28281
28368
28740
28869
28894
29193
29254
29379
29473
29483
30412
30463
30753
30790
30830
30907
30997
31012
31123
31190
31281
31443
31579
31651
31715
31727
31796
31865
31872
31979
32019
32193
32395
32603
32728
32788
32892
32920
33077
33207
33927
34403
34859
34936
35584
36076
36221
36487
36813
37181
37982
38004
38859
39082
39727
40108
40354
40627
40709
40746
41095
41165
41569
41605
41962
42315
42419
42548
42698
42757
42928
42943
42997
43001
43190
43419
43452
43461
43476
43610
43804
43806
43897
43931
43973
44271
44370
44402
44542
44815
44977
44999
45179
45223
45356
45362
45569
45629
46127
46219
46308
46410
46524
46670
47082
47145
47182
47189
47381
47681
48031
48131
48163
48193
48302
48307
48330
48872
48900
49020
49475
49635
49658
49739
50461
50722
50934
51092
51308
51401
51813
51989
52242
52518
52585
52667
52743
52919
52937
52992
53420
53658
53821
54210
54236
54314
54863
55210
55411
55560
55589
55832
55903
55954
56036
56048
56197
56371
56475
56991
57481
57698
58132
58187
58251
58304
58304
58641
58641
58786
58902
59041
59298
59323
59362
59374
59528
59548
59557
59641
59693
59723
59836
60096
60190
60583
60701
60956
61138
61350
61424
61536
61751
61804
62083
62341
62428
62632
62699
62829
62972
63111
63346
63443
63978
64445
64536
64772
64960
65272
65533
65679
66024
66106
66163
66262
66341
66501
66631
66688
67287
67767
68025
68539
68831
68840
69345
69544
69567
69730
69905
70093
70592
70701
71149
71295
71310
71554
71692
71832
72116
72124
72601
72630
73105
73162
73518
73612
73740
73744
73803
74267
74602
75059
75093
75101
75241
75627
76296
76480
76794
76991
77055
77355
77749
77837
78346
78586
78877
79081
79390
79646
79823
80405
80502
80634
81066
81264
81598
81937
82069
82168
82213
82286
82354
82837
82992
83690
83907
83932
84090
84506
84539
84910
84941
85160
85290
86028
86320
86381
86469
86565
86754
86951
86969
87162
87209
87325
87935
88095
88102
88126
88147
88447
88847
89225
89263
89367
89639
89766
90268
90279
90324
90406
90942
91074
91185
91194
91836
91982
92063
92095
92417
92470
92871
92907
92922
92958
93320
93679
93938
94196
94293
94585
94698
95145
95421
95547
95672
95908
95980
96304
96571
96791
96856
96877
97074
97197
97872
97927
98470
98683
98966
99004
99064
99276
99493
99792
99913
100098
100166
100356
100479
100545
100574
100965
101017
101398
101429
101524
101873
101877
102226
103352
103427
103448
103469
103490
103595
103634
103694
103894
104052
104194
104617
104961
105250
105369
105385
105573
105581
105842
105968
106264
106446
106708
106786
106920
107279
107704
108143
108355
108501
108793
108849
109151
109175
109349
109394
109876
110138
110369
110578
110732
110784
111519
111571
111713
112160
112184
112725
113122
113182
113729
114363
114382
114739
114906
115632
115670
115736
115835
115864
115941
116102
116425
116666
116705
116939
117178
117201
117578
118351
118933
119049
119088
119381
119494
119549
119749
119771
120029
120087
120219
120229
120267
120579
120772
120940
121405
121643
121694
122295
122487
122991
123387
123471
123783
124464
124534
124637
124664
124677
124757
124890
124922
125036
125091
125130
125308
125410
125535
125553
125751
126041
126165
126173
126184
126211
126298
126332
126379
126451
126516
126552
126615
126961
127038
127141
127420
127916
128033
128174
128365
128853
129031
129092
129211
129371
129477
129750
129797
129965
130182
130795
130814
130875
130978
131126
131143
131283
131381
131386
131586
131631
131677
131679
131729
131747
132008
132035
132086
132580
132888
132900
133606
134323
134426
134451
134579
134777
134864
134951
135098
135482
135574
135597
135846
136235
136760
136862
137023
137273
137493
137716
138038
138402
138479
138548
138798
138970
139057
139245
139864
139965
140300
140752
140954
140988
141211
141635
141685
141756
141845
142149
142395
Number of cuts: 740

Erik
132
160
485
971
1150
1535
1681
1682
1825
2624
3007
3195
3311
3546
3594
3721
4947
5226
5552
6046
6423
7486
7598
7610
7839
8372
8840
11719
12260
12351
12541
12667
12814
12841
12895
12972
13142
13406
14074
14293
14546
15079
15812
16658
17449
17528
18364
18804
19053
19058
20241
21055
21784
22290
22329
22696
22705
23070
23249
23731
23879
24231
24775
25358
26065
26162
26663
26668
26780
27057
27156
27897
28965
29475
29718
29725
31772
31782
33203
33373
33384
33661
35034
35309
35687
36007
37343
37710
37856
37925
38358
40210
40564
40715
40848
41926
42155
42172
42450
42988
44571
45230
45344
45557
45576
46040
Number of cuts: 106

Espica
132
160
485
971
1150
1535
1681
1682
1825
2624
3007
3195
3311
3546
3594
3721
4947
5226
5552
6046
6423
7486
7598
7610
7839
8372
8841
11720
12261
12352
12542
12668
12815
12842
12896
12973
13143
13407
14075
14294
14547
15080
15813
16659
17450
17529
18365
18805
19054
19059
20242
21056
21785
22291
22330
22697
22706
23071
23250
23733
23881
24234
24778
25361
26068
26165
26666
26671
26783
27060
27159
27900
28968
29476
29713
29719
31783
33204
33374
33385
34555
35044
35319
35697
36017
37353
37720
37866
37935
39214
40217
40958
42036
42265
42282
42560
43098
44681
45340
45454
45667
45686
Number of cuts: 102

Finch
338
570
1181
1307
1502
2029
2603
2813
3208
3517
3913
3973
4293
4915
5145
5204
5356
5465
5806
5904
6333
7808
8416
8599
8963
9337
9959
10817
10847
10880
11327
11497
11596
11893
12478
13369
13381
13608
14223
14389
15046
15417
16125
16235
16697
17009
17064
17776
18163
18349
18417
18561
18656
19613
19683
20341
20390
20425
20556
20794
21104
21286
21453
21481
21631
21746
22941
24130
24554
25498
25755
25943
26189
26233
26270
26652
26914
27339
27534
27606
28038
28042
28353
28813
28907
29087
29492
30062
30499
30959
31690
31866
31989
32563
32779
33051
33154
33160
33800
34557
35196
35681
35823
36815
36890
37480
37873
38154
38719
40199
40503
40507
40597
40772
41273
41292
41835
41893
42145
42461
42466
42655
44082
45548
45742
45826
46080
46665
46944
47026
47389
47397
47860
48396
48624
48690
49332
49472
50072
50281
50558
50626
50802
50873
51163
52443
52538
52707
54046
54091
55458
55479
55682
55918
58019
58324
58548
59158
59696
60009
60327
60501
61179
61360
61430
61857
62081
62152
62181
62657
62744
63171
63211
63310
63458
63466
63754
64206
64247
65246
65275
66015
66102
66290
66494
66651
66729
66737
66812
66981
67571
68091
68118
68325
68860
68907
69151
69397
69791
69810
70058
70736
70844
70903
71179
71228
73525
73869
74064
74369
74436
74473
74768
74856
75300
75452
76371
76715
76774
77545
77569
78048
79085
79123
80132
80287
81979
82040
82190
82690
82921
83271
83273
84102
84533
84822
84829
84994
85104
85152
85164
85533
85564
85972
85990
86590
87067
87174
87434
87471
87643
87681
87852
88138
88373
88572
88632
88654
88696
88840
88998
89063
89121
89618
89757
89783
89937
89961
90001
90238
90870
91079
91347
91360
91699
91962
92106
92794
92807
92933
92947
93206
93579
93845
93851
93922
94643
94854
94921
95132
95321
95785
96002
96185
96456
96504
96607
96639
96852
97452
97890
97975
98127
98366
98776
98820
99441
99843
99893
99927
100364
100614
100764
100825
100954
100958
101677
101869
102439
102547
102566
103134
103722
103736
104138
104563
104611
104710
105510
106183
106258
106273
106462
106569
107393
107686
108100
108361
109628
110112
110124
110185
110382
110756
111381
111766
112640
112649
113256
113432
113702
113702
113935
114245
115388
115474
115813
115893
116192
116492
116700
116707
117190
117259
117514
117989
118852
119591
119948
119962
120232
120331
120670
120673
121202
122568
122899
122906
123551
123693
124144
124483
124866
125137
125177
125421
125950
126052
126703
126712
126775
127038
127226
127885
128207
128320
128423
128753
128764
128790
128928
130154
130262
130466
130870
131253
131294
131330
131679
131833
132076
132132
132385
132991
133639
133779
134074
134286
134659
135093
135155
135223
135644
136010
136040
136055
136592
136610
136817
136824
137135
137194
137240
138164
138313
138373
138385
Number of cuts: 437

Gollum
132
160
485
971
1150
1203
1535
1681
1682
1825
2624
3007
3195
3311
3546
3594
3721
4947
5226
5552
6046
6423
7486
7598
7610
7839
8372
8841
11720
11945
12261
12352
12542
12668
12815
12842
12896
12973
13143
13407
14075
14294
14547
15080
15813
16200
16659
17450
17529
18365
18805
19054
19059
20242
21056
21785
22291
22330
22697
22706
23071
23250
23733
23881
24233
24777
25360
25896
26067
26164
26665
26670
26782
27059
27158
27899
28967
29718
29725
31848
33269
33439
33450
35100
35375
35753
36073
37409
37776
37922
37991
39270
40220
40675
40826
40959
42037
42266
42283
42561
43099
44682
45341
45455
45668
45687
46151
Number of cuts: 107

Grayson
882
2876
5149
6203
7395
8011
9313
11536
14533
15873
17499
17688
19311
19351
21437
21442
27317
31682
32687
32726
36424
38174
42046
44846
48127
51868
54054
54781
55484
56898
58238
58967
60123
61023
65835
69645
74278
75092
75833
77996
79806
80759
81736
81829
86317
86322
89840
91174
91667
92329
93475
93809
94288
96297
98823
100713
100812
101400
101934
101951
103202
103312
103330
104379
105116
105535
107227
108434
110058
112973
113681
113792
115270
116632
118553
121098
121230
121233
122201
126900
127170
129783
131777
Number of cuts: 83

Harlequin
132
160
485
971
1150
1535
1682
2624
3007
3195
3311
3594
3721
5552
5971
6046
6408
7471
7583
7595
8060
8147
8696
9462
9674
11670
11817
12252
12492
12765
12792
12846
12923
13093
13178
13357
14025
14244
15030
15174
15763
16150
16271
17007
17400
17479
18315
19004
19009
19204
19604
20192
20794
20831
21006
21789
22296
22702
22780
23076
23255
23738
23886
24238
24782
25901
26169
26232
26670
26675
26766
26787
27064
27163
27364
28972
29719
29725
29732
31624
31634
33055
33236
33513
34886
35352
35539
35859
37195
37562
37708
37777
38137
38327
38393
39683
40064
40632
40806
41320
41885
42114
42131
42409
42947
45189
45303
45516
45535
45999
Number of cuts: 110

Hiro
132
160
485
971
1150
1535
1682
1825
2624
3007
3195
3311
3594
4398
4947
5226
5552
5971
6046
6235
6408
7583
7595
8147
8696
9327
9462
10677
11664
12219
12453
12564
12964
13273
13484
13663
14331
14550
14605
14803
14857
15379
15480
16035
16456
17706
17785
18621
19061
19310
19315
19510
20498
20521
21137
22041
22154
23093
23507
23993
24141
24493
25037
26156
26424
26487
26925
26930
27319
27418
29227
29974
29980
29987
32100
32110
33531
33712
33989
35362
35828
36015
36335
37671
38038
38184
38253
38613
38666
40993
41144
41277
41791
42356
42585
42602
42880
43418
45001
45660
45774
45987
46006
46470
Number of cuts: 104

Jace
31
185
468
538
621
646
746
789
879
1217
1706
2313
2682
2689
2853
2907
3765
3773
3777
3896
3989
4085
4124
4518
4547
4625
4631
4652
4686
4760
4778
4783
4813
4817
4977
5016
5251
5963
6002
6248
6539
6548
6755
7065
7083
7191
7250
7498
7594
7826
7950
7969
8251
8320
8327
8452
8928
8937
8939
9031
9204
9268
9564
9637
9680
9819
9877
10919
11091
11139
11520
11535
11712
11949
12099
12503
12817
13030
13145
13194
13267
13789
13949
14029
14172
14176
14275
14382
14647
14771
14902
15083
15321
15571
15694
15839
16116
16186
16279
16784
16790
17385
17552
17676
17750
17756
17984
18265
18344
18891
19311
19382
19647
19991
20175
20189
20371
20423
20443
20802
20847
20911
20922
21156
21161
21423
21510
21687
21754
21859
22145
22573
22619
22708
23059
23353
23406
23658
24399
24493
24993
25020
25054
25176
25561
26399
26456
26781
27154
27244
27333
27472
27543
27592
27669
27750
27810
28164
28169
28218
28287
28334
28378
28526
29006
29018
29298
29313
29363
29564
29837
29855
29874
29923
30007
30309
30465
30504
30549
30610
30655
30841
30955
31080
31263
31359
31571
31659
31817
31852
31873
31918
32038
32073
32150
32193
32549
32607
32628
32832
33305
33568
33652
33942
34026
34202
34401
34549
34563
34571
34601
34745
34760
34909
34965
35042
35456
35929
36000
36242
36434
36665
37014
37027
37095
37147
37151
37217
37331
37591
37858
37909
37915
38206
38266
38520
38602
38614
39127
39401
39554
39574
39581
39637
39655
39672
39806
39901
39973
40221
40425
40589
40688
40878
40902
41086
41223
41256
41693
41712
41867
42052
42082
42090
42147
42318
42409
42547
42737
42767
42855
43238
43430
43609
43761
44148
44241
44256
44316
44540
44642
44846
44954
45026
45218
45267
45781
45856
45937
46191
46371
46465
46511
47016
47100
47201
47628
47631
47926
47987
48219
48386
48523
48674
49046
49169
49400
49429
49474
49759
49784
49847
50059
50207
50214
50328
50406
50423
50703
50713
50830
51277
51315
51696
51808
51930
52108
52147
52252
52293
52483
52513
52579
52847
53062
53271
53626
53861
53888
Number of cuts: 339

Jester
132
160
485
971
1150
1535
1682
2624
3007
3195
3311
3594
3721
5552
5971
6046
6408
7471
7583
7595
8060
8147
8696
9462
9674
11664
12246
12486
12612
12786
12917
12961
13087
13172
13351
14238
14293
14491
14545
15067
15168
15723
16144
17394
17473
18309
18998
19003
19198
19598
20186
20788
20825
21000
21729
22227
22633
22711
23007
23186
23669
23817
24169
24713
25832
26100
26163
26601
26606
26697
26718
26995
27094
27295
28903
29650
29656
29663
31555
31565
32986
33167
33444
34817
35283
35470
35790
37126
37493
37639
37708
38068
38258
38324
39614
39995
40563
40737
41251
41816
42045
42062
42340
42878
45120
45234
45447
45466
45930
Number of cuts: 109

Krishelle
132
160
485
971
1150
1535
1681
1682
1825
2624
3007
3195
3311
3546
3594
3721
4947
5226
5552
6046
6423
7486
7598
7610
8162
8711
9342
9477
10692
11679
12234
12468
12579
12979
13288
13342
13499
13678
14346
14565
14620
14818
14872
15394
15495
16050
16471
17721
17800
18636
19325
19330
19525
20513
20536
21152
22092
22205
23144
23558
24044
24193
25061
26351
26448
26511
26949
26954
26974
27343
27352
27442
28183
29330
29835
30080
30087
32200
32210
33631
33801
33812
34089
35462
35737
36115
36435
37780
38147
38293
38362
38795
40647
41093
41386
42464
42693
42710
42988
43526
45109
45768
45882
46142
46309
Number of cuts: 105

Lillie
132
160
485
971
1150
1535
1681
1682
1825
2624
3007
3195
3311
3546
3594
3721
4947
5226
5552
6046
6423
7486
7598
7610
7839
8372
8841
11720
12261
12352
12542
12668
12815
12842
12896
12973
13143
13407
14075
14294
14547
15080
15813
16659
17450
17529
18365
18805
19054
19059
20242
21785
21898
22291
22330
22697
22706
23071
23250
23733
23881
24233
24777
26067
26164
26665
26670
26782
27059
27158
27899
28766
28967
29475
29720
29727
31840
31850
33271
33441
33452
33729
35102
35377
35755
36075
37411
37778
37924
37993
38426
40278
40733
40884
41017
42095
42324
42341
42619
43157
44740
45399
45513
45726
45745
46209
Number of cuts: 106

Mahdia
330
623
796
814
958
959
1038
1196
1205
1246
1679
1845
2384
2489
2683
2805
2906
3107
3308
3733
4180
4423
4443
4935
5444
5488
6026
6169
6871
6883
7525
7719
7918
8007
8317
8852
9188
9200
9817
10015
10036
10275
10652
10893
10894
10936
10967
11164
11193
11231
11244
11301
11411
12175
12463
12478
12608
12835
13149
13662
13680
14554
14578
14720
15593
15622
16509
16666
16759
16759
16770
16844
16860
17213
17293
17349
17736
17812
18010
18427
18721
19077
19339
19354
19540
19664
19732
19910
19980
20176
20554
20774
20982
21032
21114
21604
21640
21689
21772
22084
22100
22282
22295
22931
22952
22976
23376
23579
23695
24298
24321
24413
24419
24608
24652
24777
24832
25077
25102
25142
25151
25509
25544
25857
25910
25919
25989
26396
26777
26840
26931
26993
27160
27351
27545
27620
27624
27817
27892
28168
28653
28922
28984
29255
29409
29446
29535
29866
29988
30194
30217
30301
30916
30956
31087
31161
31580
31600
31938
32125
32627
32806
32913
33095
33218
33387
33559
33794
33806
33850
34210
34462
34520
34582
34713
34871
34933
35125
35487
36025
36401
36422
36453
36477
36519
36552
36835
36909
36948
36966
37016
37339
37494
37500
37597
37701
37981
38154
38295
38558
38797
38807
38850
38927
38939
38951
39091
39189
39319
39483
39507
39903
39939
39945
39977
40392
40411
40478
40572
40578
41050
41301
41467
41625
41874
42212
42257
Number of cuts: 227

Naiad
132
160
485
971
1150
1535
1681
1682
1825
2624
3007
3195
3311
3546
3594
3721
4947
5226
5552
6046
6423
7486
7598
7610
7839
8372
8841
11720
11945
12261
12352
12542
12668
12815
12842
12896
12973
13143
13407
14075
14294
14547
15080
15813
16659
17450
17529
18365
18805
19054
19059
20242
21785
21898
22304
23084
23263
23746
23894
24246
24790
25373
25909
26080
26177
26678
26683
26703
27072
27171
27912
28779
28980
29488
29733
29740
31853
31863
33284
33454
33465
33742
35115
35390
35768
36088
37433
37800
37946
38015
38448
40300
40746
41039
42117
42346
42363
42641
43179
44762
45421
45535
45748
45767
46231
Number of cuts: 105

Nancinator
132
160
485
971
1150
1535
1681
1682
1825
2624
3007
3195
3311
3546
3594
3721
4947
5226
5552
6046
6423
7486
7598
7610
7839
8372
8841
11720
12261
12352
12542
12668
12815
12842
12896
12973
13143
13407
14075
14294
14547
15080
15813
16659
17450
17529
18365
18805
19054
19059
20242
21056
21785
22291
22330
22697
22706
23071
23250
23733
23881
24234
24778
25361
26068
26165
26666
26671
26783
27060
27159
27900
28968
29476
29713
29719
31783
33204
33374
33385
34555
35044
35319
35697
36017
37353
37720
37866
37935
39214
39617
40072
40223
40356
41434
41663
41680
41958
42496
44079
44738
44852
45065
45084
45548
Number of cuts: 105

Natosaleda
132
160
485
971
1150
1535
1681
1682
1825
2624
3007
3195
3311
3546
3594
3721
4947
5226
5552
6046
6423
7486
7598
7610
7839
8372
8841
11720
12261
12352
12542
12668
12815
12842
12896
12973
13143
13407
14075
14294
14547
15080
15813
16659
17450
17529
18365
18805
19054
19059
20242
21056
21785
22291
22330
22697
22706
23071
23250
23733
23881
24233
24777
25360
26067
26164
26665
26670
26782
27059
27158
27899
28967
29475
29712
29718
31782
33203
33373
33384
34554
35043
35318
35696
36016
37352
37719
37865
37934
39213
40216
40957
42035
42264
42281
42559
43097
44680
45339
45453
45714
46141
Number of cuts: 102

Partridge
132
966
1143
1196
1528
1595
1620
1740
1884
2232
2683
3066
3254
3370
3513
3653
3780
5006
5285
5611
6030
6105
6467
7530
7642
7654
8206
8847
8868
9545
11753
12092
12335
12575
12848
12875
12929
13006
13050
13176
13440
14108
14327
14580
14634
15257
15373
15846
16233
16354
16814
17483
17562
18398
18838
19087
19092
19287
20275
20298
20346
20914
21089
21370
21818
21931
22179
23020
23051
23117
23296
23779
23928
24280
24824
26150
26247
26310
26748
26753
26773
27142
27151
27241
27982
29129
29874
29880
32010
32068
32839
33428
33598
35400
35675
35866
36053
36373
37710
38077
38223
38292
38402
38842
40034
40198
40579
41318
42591
45792
46335
46565
46577
Number of cuts: 113

Pepy6
438
1518
1847
2648
3859
4381
5780
7682
7953
9218
10600
10733
11333
11337
11821
12251
14439
15948
16179
19184
19617
20392
22136
23261
23303
23376
24578
25092
27797
29496
29927
29963
31263
32288
32320
32857
33336
33601
34749
37975
38023
38614
38858
39464
42028
42830
43307
43885
45656
46448
47732
47773
48353
48928
49086
49357
52087
52621
53176
53302
57182
61771
64523
65623
65811
67808
68366
68523
70061
70733
73746
76177
76506
Number of cuts: 73

Peregrin
907
2913
6041
6733
7321
7520
8627
10850
13865
15231
17098
17423
18863
18932
19943
20605
20610
24440
26831
30209
31469
31508
36956
38664
40826
43626
46907
47288
48476
50651
51790
52633
53564
54267
54456
56605
58490
58754
62871
64253
66813
68070
70101
72341
72402
73728
74255
75069
76486
78206
81290
82326
82433
83997
86241
87517
87906
87910
89274
90605
91098
91760
93241
93485
95330
97269
98174
98369
99124
99155
99303
99956
101106
102338
103019
103714
103732
104783
105956
108135
109719
110184
111458
112818
113608
113788
114194
117440
119816
122478
122965
122968
124009
125380
130976
132982
Number of cuts: 96

Phrankenstein
132
160
485
971
1150
1535
1681
1682
1825
2624
3007
3195
3311
3546
3594
3721
4947
5226
5552
6046
6423
7486
7598
7610
7839
8372
8841
11720
12261
12352
12542
12668
12815
12842
12896
12973
13143
13407
14075
14294
14547
15080
15813
16659
17450
17529
18365
18805
19054
19059
20242
21056
21731
22237
22276
22643
22652
23017
23196
23679
23827
24179
24723
26013
26110
26611
26616
26728
27005
27104
27845
28913
29666
29673
31796
33217
33387
33398
33675
35048
35323
35701
36021
37357
37724
37870
37939
38372
40224
40679
40830
40963
42041
42270
42287
42565
43103
44686
45345
45459
45672
45691
46155
Number of cuts: 103

Pine5
218
473
792
849
951
1136
1339
1464
1743
1802
1874
2117
2303
2912
3237
3621
3710
3916
3947
3949
4341
4440
4534
4548
5004
5106
5420
5431
5470
5482
5694
6293
6468
6866
7091
7558
7737
8122
8195
8226
8410
8801
8981
9316
9687
10037
10527
10609
10671
11773
12646
12685
12844
12926
12938
13077
13428
13496
13517
13616
13831
13965
14117
14124
14254
14415
14453
14550
14713
14821
15557
16303
16505
16774
16823
16865
17098
17298
17312
17581
17635
17713
17828
17882
17959
18056
18176
18409
18488
18509
18858
19023
19202
19247
19278
19487
19502
19562
19868
20049
20118
20626
20643
21004
21165
21267
21333
21570
22049
22145
22170
23466
24024
24290
24500
24647
24749
24839
25249
25270
25464
25485
25840
25911
26212
26363
26429
26662
26737
26958
26970
27004
27069
27073
27319
27440
27906
28143
28208
28282
28939
29052
29239
29247
29267
29755
29790
30127
30213
30222
30355
30418
30823
30966
31042
31078
31204
31261
31284
31477
31826
31848
31928
31985
32037
32577
32617
32693
33055
33185
33288
33438
33536
33653
34115
34377
34389
34437
35341
35752
35817
35983
36081
36243
36273
36477
37111
37255
37496
37596
38063
38553
38565
38776
39074
39337
39531
39739
39891
40127
40214
40221
40319
40355
40493
40531
40553
40629
40738
40892
41373
41576
41587
41638
41714
41942
42014
42085
42249
42303
42852
43005
43246
43539
44099
44169
44241
44250
44827
45314
45355
45508
45570
45766
45813
45973
46883
47096
47183
47220
47257
47686
48551
49138
49429
49657
49857
50664
50953
50962
51562
51690
51748
51951
52522
52544
52554
52661
52737
53219
53715
53793
53976
54133
54211
54561
54660
54664
54700
54767
54779
55083
55149
55328
55385
55571
55633
55705
56602
56650
56817
57205
57271
57301
57836
58007
58011
58316
58481
58508
58604
58880
58975
Number of cuts: 293

Poco6
438
1515
6106
7436
9512
10310
11030
13324
14163
14307
14748
16966
17214
18708
19681
23431
24161
25100
25389
26164
28866
30564
30827
31237
31946
31982
32212
32878
33288
33532
34057
34342
35361
35626
35819
36358
36771
37241
39204
39719
40045
40880
41634
41992
43002
43191
44846
45709
47409
47608
50443
50689
50866
51822
53596
54129
54576
54684
56007
56080
58382
58402
59158
59973
62504
62542
63149
64758
65722
66709
67119
67559
69296
69654
69679
72574
74705
75207
77445
77774
Number of cuts: 80

Rasputin
132
160
485
971
1150
1535
1681
1682
1825
2624
3007
3195
3311
3546
3594
3721
4398
4947
5226
5552
5971
6046
6235
6408
7583
7595
8060
8148
8810
9487
9699
10561
11008
11689
11836
12271
12511
12784
12811
12865
12942
13112
13197
13376
14044
14263
14570
15049
15193
15782
16169
16290
17026
17419
17498
18334
19023
19028
19223
19623
20211
20813
20850
21306
21754
22261
22667
22676
22944
22975
23041
23220
23703
23852
24204
24748
25867
26038
26135
26636
26641
26753
27030
27129
27870
28938
29691
29698
31811
31821
33242
33412
33423
33700
35073
35348
35726
36046
37382
37749
37895
37964
38397
40249
40704
40855
40988
42066
42295
42312
42590
43128
44711
45370
45484
45697
45716
46180
Number of cuts: 118

RER2
132
160
485
971
1150
1535
1681
1682
1825
2624
3007
3195
3311
3546
3594
3721
4947
5226
5552
6046
6423
7486
7598
7610
7839
8372
8841
11720
12261
12352
12542
12668
12815
12842
12896
12973
13143
13407
14075
14294
14547
15080
15813
16659
17450
17529
18365
18805
19054
19059
20242
20844
20881
21785
22291
22330
22706
23071
23250
23733
23881
24233
24777
26164
26227
26665
26670
27059
27158
28967
29714
29720
29727
31840
31850
33271
33441
33452
33729
35102
35377
35755
36075
37411
37778
37924
37993
38426
40278
40733
40884
41017
42095
42324
42341
42619
43157
44740
45399
45513
45726
45745
46209
Number of cuts: 103

RexFury
132
160
485
1002
1181
1566
1712
1713
1856
2655
3038
3226
3342
3577
3625
3752
4978
5257
5583
6077
6454
7517
7629
7641
7870
8403
8872
11751
12292
12383
12570
12573
12699
12846
12873
12927
13004
13174
13259
13438
14106
14325
14578
15111
15844
16690
17481
17560
18396
18836
19085
19090
20273
21816
22361
22728
22737
23102
23281
23764
23912
24264
24808
25927
26098
26195
26696
26701
26813
27090
27189
27930
28998
29751
29758
31881
33302
33472
33483
33760
35133
35408
35786
36106
37442
37809
37955
38024
39303
40306
41047
42125
42354
42371
42649
43187
44770
45429
45543
45756
45775
46239
Number of cuts: 102

RGL3
157
717
738
897
1131
1682
1860
1916
2763
2810
3009
3197
3313
3456
3596
3619
4002
4949
5810
5973
6431
6563
7589
7601
7660
7829
8065
8362
8810
9019
9484
9507
10221
11695
11906
12277
12346
12465
12549
12715
12853
13604
14452
14507
14727
14960
14987
15382
15498
15812
15825
16487
16795
18861
18936
19381
20981
21684
21745
21851
22174
22272
22589
23103
23241
23249
23314
23455
23661
24139
24206
24214
24239
24294
24365
24718
26048
26331
27499
27525
27817
28034
28085
28133
28166
28308
28616
28633
28706
29572
29584
29906
29995
30002
30335
30571
30612
32520
32578
32635
32781
33246
33426
34098
34588
34626
34781
36333
36615
36679
36691
36762
36860
37022
37076
37328
37399
38058
38787
38908
39002
39112
39532
39806
40237
41294
41896
42213
42414
44419
44749
46087
46327
47219
47233
47237
Number of cuts: 136

Rhodalysa
132
160
485
971
1150
1535
1681
1682
1825
2624
3007
3195
3311
3546
3594
3721
4947
5226
5552
6046
6423
7486
7598
7610
7839
8372
8841
11720
12261
12352
12542
12668
12815
12842
12896
12973
13143
13407
14075
14294
14547
15080
15813
16659
17450
17529
18365
18805
19054
19059
20242
21785
21898
22291
22330
22697
22706
23071
23250
23733
23881
24233
24777
26067
26164
26665
26670
26782
27059
27158
27899
28766
28967
29475
29720
29727
31840
31850
33271
33441
33452
33729
35102
35377
35755
36075
37411
37778
37924
37993
38426
40278
40733
40884
41017
42095
42324
42341
42619
43157
44740
45399
45513
45726
45745
46209
Number of cuts: 106

StCroix
132
160
485
971
1150
1535
1681
1682
1825
2624
3007
3195
3311
3546
3594
3721
4947
5226
5552
6046
6423
7486
7598
7610
7839
8372
8841
11720
11945
12261
12352
12542
12668
12815
12842
12896
12973
13143
13407
14075
14294
14547
15080
15813
16659
17450
17529
18365
18805
19054
19059
20242
21785
21898
22304
23084
23263
23746
23894
24246
24790
25373
25909
26080
26177
26678
26683
26703
27072
27171
27912
28779
28980
29488
29733
29740
31853
31863
33284
33454
33465
33742
35115
35390
35768
36088
37433
37800
37946
38015
38448
40300
40746
41039
42117
42346
42363
42641
43179
44762
45421
45535
45748
45767
46231
Number of cuts: 105

Swann
132
160
485
971
1150
1535
1681
1682
1825
2624
3007
3195
3311
3546
3594
3721
4947
5226
5552
6046
6423
7486
7598
7610
7839
8372
8841
11720
12261
12352
12542
12668
12815
12842
12896
12973
13143
13407
14075
14294
14547
15080
15813
16659
17450
17529
18365
18805
19054
19059
20242
21785
22291
22330
22697
22706
23071
23250
23733
23881
24233
24777
25896
26067
26164
26665
26670
26782
27059
27158
27899
28967
29475
29718
29725
31838
31848
33269
33439
33450
33727
35100
35375
35753
36073
37409
37776
37922
37991
38424
40276
40731
40882
41015
42093
42322
42339
42617
43155
44738
45397
45511
45724
45743
46208
Number of cuts: 105

Takoda
132
966
1143
1196
1528
1673
1678
1817
2616
2999
3187
3303
3586
3713
4939
5387
5544
5963
6038
6400
7463
7575
7587
7816
8052
8139
8780
8801
9478
9690
11680
12502
12775
12802
12856
12933
13103
13188
13367
14035
14507
14561
15184
15773
16160
16281
17410
17489
18325
18765
19014
19019
20635
20841
21016
21745
22946
23043
23705
23854
24206
24750
26040
26137
26200
26638
26643
27032
27131
27332
27872
28739
28940
29693
29700
31757
32117
32352
33175
33345
33903
35285
35560
35938
36258
36630
37594
37961
38107
38176
38286
38536
38726
39455
39800
40082
40463
41027
42419
42473
43486
45638
46422
Number of cuts: 103

Trina
803
1633
1940
4272
4426
5944
7254
7463
8640
8964
9510
10149
11174
11281
11287
12033
12522
12843
13158
13609
13933
15624
16600
16615
17019
17058
17102
17889
18936
20343
22539
23603
23702
23801
23858
25064
25175
27029
27377
27377
27884
29380
30445
31300
32648
33864
34133
34324
35863
39613
42607
42647
43842
46068
46404
47814
47862
49920
51280
51636
54881
55580
58192
60513
61013
62625
65877
66415
66615
69427
69568
74206
74740
76607
77547
78141
78322
79261
79611
79925
80600
80821
81006
83527
83787
85202
85642
85999
86308
86365
87267
89708
90521
90817
91597
91688
92092
92848
93346
96392
96910
97019
97777
98752
99275
99400
99480
99840
100938
101858
102602
103385
104109
107095
107930
109243
110657
112636
112914
113379
114036
114692
115314
115693
115963
116292
119017
119428
119444
120462
120949
121627
122157
124982
125090
128082
130194
131401
131468
133735
134642
135635
137205
138035
138342
Number of cuts: 145

TWAMP
132
160
485
971
1150
1535
1681
1682
1825
2624
3007
3195
3311
3546
3594
3721
4947
5226
5552
6046
6423
7486
7598
7610
7839
8372
8841
11720
12261
12352
12542
12668
12815
12842
12896
12973
13143
13407
14075
14294
14547
15080
15813
16659
17450
17529
18365
18805
19054
19059
20242
21785
21898
22291
22330
22697
22706
23071
23250
23733
23881
24233
24777
26067
26164
26665
26670
26782
27059
27158
27899
28766
28967
29475
29720
29727
31840
31850
33271
33441
33452
33729
35102
35377
35755
36075
37411
37778
37924
37993
38426
40278
40733
40884
41017
42095
42324
42341
42619
43157
44740
45399
45513
45726
45745
46209
Number of cuts: 106

UhSalsa
132
160
485
971
1150
1535
1681
1682
1825
2624
3007
3195
3311
3546
3594
3721
4947
5226
5552
6046
6423
7486
7598
7610
7839
8372
8841
11720
12261
12352
12542
12668
12815
12842
12896
12973
13143
13407
14075
14294
14547
15080
15813
16659
17450
17529
18365
18805
19054
19059
20242
21056
21785
22291
22330
22697
22706
23071
23250
23733
23881
24234
24778
25361
26068
26165
26666
26671
26783
27060
27159
27900
28968
29476
29713
29719
31783
33204
33374
33385
34555
35044
35319
35697
36017
37353
37720
37866
37935
39214
40217
40958
42036
42265
42282
42560
43098
44681
45340
45454
45667
45686
46150
Number of cuts: 103

Weasels2
212
1017
1295
1733
4158
6940
7154
9105
9530
9983
11363
12503
14867
16174
17841
18377
18617
19436
19476
21687
23732
24157
24699
31396
35007
36033
41887
41900
42923
44554
44795
46287
49242
56421
57605
66250
67754
68686
73722
73947
75574
80073
81714
82323
83010
83452
85249
85665
89483
89488
90642
91228
91287
92234
92694
94642
95135
97858
100074
100527
101428
101552
101585
101863
102820
102841
104534
105684
107420
107990
108453
114559
117534
117698
119216
121142
122481
125333
128277
131917
132722
133000
133438
Number of cuts: 83

Yogi
132
160
485
971
1150
1535
1682
1825
2624
3007
3195
3311
3594
4398
4947
5226
5552
5971
6046
6235
6408
7583
7595
8060
8147
8809
9486
9698
11694
11841
12276
12516
12789
12816
12870
12947
13117
13202
13381
14049
14268
14575
15054
15198
15787
16174
16295
17031
17424
17503
18339
19028
19033
19228
19628
20216
20818
20855
21030
21759
22265
22304
22680
22948
22979
23045
23707
23855
24207
24380
24751
26138
26201
26639
26644
27033
27132
28941
29688
29694
29701
31814
31824
33245
33415
33426
33703
35073
35348
35726
36046
36388
36637
37762
38129
38275
38344
38704
38757
40629
41084
41235
41368
42446
42675
42692
42970
45091
45750
45864
46545
Number of cuts: 111

Yoncess
132
160
485
971
1150
1535
1682
2624
3007
3195
3311
3594
4398
4947
5226
5552
5971
6046
6235
6408
7583
7595
8060
8147
8809
9486
9698
11694
11841
12276
12516
12789
12816
12870
12947
13117
13202
13381
13549
14049
14268
14575
15054
15198
15787
16174
16295
17031
17424
17503
18339
19028
19033
19228
19628
20216
20818
20855
21311
21759
22266
22672
22750
23046
23225
23708
23856
24208
24752
25871
26139
26202
26640
26645
26736
26757
27034
27133
28942
29689
29695
29702
31594
31604
33025
33195
33206
33483
34856
35131
35322
35509
35829
37165
37532
37678
37747
38107
38160
38297
40032
40487
40638
40771
41285
41853
42082
42099
42377
42916
44499
45158
45272
45485
45504
45968
Number of cuts: 116

