Alatin
684
1086
1132
3131
3445
3701
4206
4933
5342
5557
5633
6056
6812
7102
7890
8256
8319
8337
9057
9114
9228
11094
11098
11544
11550
12462
12642
13030
13315
14212
14797
15810
16873
16936
17228
17276
17295
18294
19047
19241
20015
20167
20713
20738
20924
22204
22982
22996
23533
24417
24438
24507
25009
25549
25734
25876
26369
26936
27048
27983
28614
29747
29812
30204
30517
30606
30774
30813
31290
31293
31715
32046
32349
32774
33732
34668
34778
35131
35661
36319
36690
37741
37861
38201
38456
38465
38790
39067
39159
39846
40379
42057
43537
43609
43762
44431
44805
45197
45459
45554
46028
Number of cuts: 101

Alpacados
684
724
1086
1132
3093
3236
3407
4965
5109
5304
5519
5595
6018
6759
7049
8281
8299
8984
8987
9044
10261
11030
11034
11486
12398
12578
12966
13251
13607
14759
15746
16587
16773
16809
16939
17164
17212
17231
17745
17913
18825
18983
19191
20649
22830
22851
22865
23402
24286
24307
24376
24878
25418
25781
26274
26953
28086
28519
29652
29717
30422
30511
30679
30718
30871
31195
31198
31620
31951
32254
32679
34570
34680
35033
35563
36583
38094
38349
38358
38683
38960
39052
40202
40689
40799
40956
41880
43360
43432
43585
44254
44628
45020
45282
45377
45851
Number of cuts: 96

AngryOrchard
679
719
1079
1125
2645
3076
3646
4151
4878
4948
5176
5287
5578
5607
5787
6001
6678
6742
7499
8264
8282
8970
9027
10029
10085
10244
11013
11017
11463
11469
12381
12561
12949
13234
13590
13797
14716
15729
16792
17147
17195
17896
18966
20632
20657
21371
21890
22846
22860
23021
23137
23481
24021
24282
24303
24372
24697
24874
25246
25741
26912
28045
29611
29856
30315
30404
30572
30611
30764
31088
31091
31513
31844
32398
32645
34730
34840
35193
36288
36561
36743
37299
37794
38254
38518
38843
38980
39120
39212
40434
40584
41037
42341
42394
42530
43582
43654
43804
44049
44473
44847
45129
45148
45414
45956
Number of cuts: 105

AppleCloud
479
519
879
925
2840
2983
3154
3915
4712
5051
5342
5765
6109
6506
6650
6796
8028
8046
8710
8767
8797
9825
11197
11203
12449
12995
13423
15053
15098
15775
16175
16838
17241
17260
17942
18854
19012
19206
20586
20678
20889
21054
22713
23013
23452
24292
24313
24382
24884
25424
25751
26244
26811
26923
28056
29698
29934
30247
30336
30504
30543
30696
31020
31023
31413
31445
32079
32441
32577
34505
34858
35388
36408
37459
37579
37919
38508
38877
39561
41774
43254
43326
43479
44148
44522
44914
45176
45271
45745
Number of cuts: 89

Belenaria
684
1086
1132
3131
3445
3701
4206
4933
5342
5557
5633
6056
6812
7102
7890
8256
8319
8337
9057
9114
9228
11094
11098
11544
11550
12462
12642
13030
13315
14212
14797
15810
16873
16936
17228
17276
17295
18294
19047
19241
20015
20167
20713
20924
21792
22915
22929
23466
24351
24372
24441
24943
25483
25810
26303
26870
26982
27191
27917
28548
29679
29942
30383
30472
30640
30679
30832
31156
31159
31581
31912
32215
32640
33598
34543
34653
35006
35536
36556
37607
37727
38067
38656
39025
39709
41922
43402
43474
43627
44296
44670
45062
45324
45419
45893
Number of cuts: 95

BobbyDazzler
684
724
1086
1132
3202
3345
3516
5074
5413
5628
5704
6127
6868
7158
8390
8408
9096
9153
10155
10370
11139
11143
11595
12507
12687
13075
13360
14868
15855
16696
16882
16918
17048
17273
17321
17854
18022
18934
19092
19300
20668
20758
22195
22940
22961
22975
24396
24417
24486
24811
24988
25528
25743
25855
26348
27027
28160
28593
29726
29791
30496
30585
30753
30792
30945
31269
31272
31694
32025
32328
32753
34647
34757
35110
35640
36660
37831
38171
38426
38435
38760
39037
39129
39152
40836
40946
41103
42028
43508
43580
43733
44402
44776
45168
45430
45525
45999
Number of cuts: 97

Bonanza
684
724
1086
1132
1617
3131
3274
3445
5003
5147
5342
5557
5633
6056
6797
7087
8319
8337
9022
9025
9082
10299
11068
11072
11524
12314
12436
12616
13004
13289
13645
14797
15784
16625
16811
16847
16977
17202
17250
17269
17783
17951
18863
19021
19229
20687
21426
22889
22903
23440
23911
24324
24345
24414
24916
25456
25783
26276
26955
28088
28521
29654
29719
30424
30513
30681
30720
30873
31197
31200
31622
31953
32256
32681
34572
34682
35035
35565
36368
36730
36965
38136
38476
38731
38740
39065
39342
39382
40654
40974
41141
41251
41408
42332
43812
43884
44037
44706
45080
45472
45734
45829
46288
Number of cuts: 103

Bradshaw
684
724
1086
1132
2599
2700
2770
3131
3701
4206
4933
5342
5557
5633
6056
6415
6812
7102
7890
8256
8319
8337
9057
9114
9228
11094
11098
11544
11550
12462
12642
13030
13315
14212
14797
15810
16873
16936
17228
17276
17295
18294
19047
19241
20015
20141
20167
20713
20924
22915
22929
23466
24350
24371
24440
24942
25482
25667
25809
26302
26869
26981
27916
28547
29680
29745
30137
30450
30539
30707
30746
31223
31226
31648
31979
32282
32707
33665
34601
34711
35064
35594
36252
36623
37674
37794
38134
38389
38398
38723
39000
39092
39779
40312
41990
43470
43542
43695
44364
44738
45130
45487
Number of cuts: 102

Bryce
684
724
1086
1132
1617
3131
3274
3445
5003
5342
5557
5633
6056
6797
7087
8319
8337
9022
9025
9082
10084
10299
11068
11072
11524
12436
12616
13004
13289
13645
14797
15784
16625
16811
16847
16977
17202
17250
17269
17783
17951
18863
19021
19229
20687
22124
22869
22890
22904
24325
24346
24415
24740
24917
25457
25672
25784
26277
26844
26956
28089
28522
29655
29720
30204
30293
30461
30500
30653
30977
30980
31402
31733
32036
32461
34355
34465
34818
35348
36368
37539
37879
38134
38143
38468
38745
38837
40057
40544
40654
40811
41736
43216
43288
43441
44110
44484
44876
45138
45233
45707
Number of cuts: 101

ChewyVIII
103
363
661
1077
1098
1132
1420
1728
2166
2239
2339
3123
3471
3554
3781
4004
4236
4410
4768
4965
6617
6776
6829
7170
7880
8097
8318
8322
8377
8738
9029
9257
9811
9862
10290
10764
10776
11771
12014
12262
12277
12334
12379
12598
12778
13041
13194
13460
13798
14016
14452
14488
15119
15281
15595
15868
16056
16363
16795
16839
17335
17362
17511
17533
17611
18310
18460
18722
18890
19579
19909
20156
20235
21016
21198
21378
21489
22142
22220
22377
22520
22638
22775
22853
23436
23550
23943
24969
26671
26929
27243
27303
27494
27824
27881
28041
28830
29249
29910
30168
30279
30626
30656
32063
32318
32484
32699
32984
33395
34097
34285
34532
34596
34783
35183
35333
35518
36206
36674
36997
37468
37576
37639
37866
38056
38411
38630
38821
39981
40157
40524
40906
41025
41539
41954
42098
42231
42818
43281
43898
44443
44570
45081
46173
46488
47283
47382
47385
47529
48372
48387
49026
49545
49869
50271
50340
50773
50860
51090
51107
51647
52324
52391
52647
53254
54116
54197
55011
55210
55435
55510
55915
56207
56327
56343
56827
56934
57262
58534
58758
58798
58843
58847
58873
58912
58984
59807
59953
60355
60547
60559
60799
61041
61360
61553
61779
61963
62069
63128
63251
65659
66634
67022
Number of cuts: 203

CosmicSans
684
724
1086
1132
2599
2700
2770
3131
3701
4206
4933
5342
5557
5633
6056
6415
6812
7102
7890
8256
8319
8337
9057
9114
9228
11094
11098
11544
11550
12462
12642
13030
13315
14212
14797
15810
16873
16936
17228
17276
17295
18294
19047
19241
20015
20167
20713
20924
22915
22929
23466
24350
24371
24440
24942
25314
25482
25809
26302
26869
26981
27916
28547
29680
29745
30137
30450
30539
30707
30746
31223
31226
31648
31979
32282
32707
33665
34601
34711
35064
35594
36614
37665
37785
38125
38380
38389
38714
38991
39083
39770
40303
40790
40900
41057
41981
43461
43533
43686
44355
44729
45121
45383
45478
45952
Number of cuts: 105

Dinger
681
721
1081
1127
3127
3441
4202
4929
5338
6052
6793
8315
8333
9021
9078
10080
10295
11064
11068
11514
11520
12432
12612
13000
13285
15780
16843
17198
17246
17265
17947
19017
20591
20683
20708
21422
21942
22120
22898
22912
23189
23533
23921
24334
24355
24424
24926
25466
25793
26286
26853
26965
28098
29741
30319
30408
30576
30615
30768
31092
31095
31517
31848
32151
32229
32336
32649
34743
34853
35206
35736
36756
37312
37807
38267
38531
38856
39133
39225
40447
40597
41201
42412
42548
43600
43672
43822
44491
44865
45147
45166
Number of cuts: 91

DocB7
46
491
635
1656
2144
3305
3389
3647
3885
3898
4024
4666
4786
4808
7117
7209
7477
7885
8018
8627
8634
8948
9325
9494
9810
10056
10713
10789
10794
10848
10917
11322
11511
12152
12331
12383
12545
12722
12775
13223
13280
13615
14035
14520
14701
15467
15712
16834
17464
17913
18666
18849
18942
19365
19809
19818
20079
20399
20909
22020
22691
23070
23544
23637
23931
23961
24159
24324
24753
25240
25477
25860
26001
26013
26391
26430
26712
27533
27602
28403
28433
28796
29099
29351
29402
29411
29675
30499
30561
31198
31986
32056
33051
33378
33426
33767
33902
33909
34344
35460
35499
35634
35730
36412
36698
36816
36979
37031
37266
37620
37694
38041
38424
39435
39543
39780
40172
40218
40554
41095
41106
41208
41284
42300
42361
42696
42939
43858
43904
43913
44195
44331
44982
45495
46585
47135
47783
47917
48072
48084
48302
48966
48995
49496
49955
50077
51237
51252
51395
51554
51686
52394
52514
53360
53428
53449
53521
53605
53779
53782
53899
54060
54130
54235
54358
54898
55036
55114
55359
55741
56266
56478
56894
57789
57817
58482
58842
59580
59731
59854
59978
61183
61354
62073
62212
62713
62843
63871
64330
65836
66328
66706
69945
71102
71120
71813
72281
72503
72750
72752
73544
73638
74366
Number of cuts: 203

E3
1155
1585
1930
2237
2495
2678
2908
3245
3682
3788
3899
4090
4159
4701
5619
5781
5907
6018
6108
6179
7277
8440
8446
8895
9143
9747
9971
10066
10184
10743
10847
10918
10976
11938
11962
12235
12370
13404
13896
14329
15183
16560
16637
16902
17057
17516
18012
18894
19289
19327
19904
20098
21166
22187
22195
22310
24780
25979
27082
27615
28217
29193
29796
29898
31316
32040
32241
32506
32578
32628
32971
33457
33646
34218
34258
35008
35229
35403
35490
36376
36530
36743
37004
37364
38162
38764
38770
39985
40206
40684
41207
41633
41657
42022
42523
43302
43851
43949
44078
44775
45117
46189
46317
46712
47501
47675
47736
47833
48302
48567
49076
49218
51034
51107
52324
52488
52949
53141
53395
55738
55957
56383
56407
57450
58855
59263
60838
61113
62130
62294
62336
62403
62577
62652
63314
64184
64693
64705
64786
65240
65574
65600
66543
67164
67957
68215
68553
68763
69232
69493
71836
72269
72281
72407
72905
74075
74458
74668
75125
75159
75289
75433
76486
77299
77305
77914
78265
78597
79978
80050
80174
80516
80969
81140
81451
81641
81806
81815
81913
82373
83649
83702
83742
84108
84950
85196
85366
85388
86584
86722
87248
88039
89212
89264
89352
91324
91774
91784
91901
92014
93304
93519
94035
94116
94131
94673
95178
95247
95406
95902
96541
96594
97001
97888
98336
98518
99083
99600
100214
100748
100864
100988
101539
101887
102673
102691
104789
104930
105360
105524
106021
106059
107097
107106
107179
107254
107320
107833
108594
108997
109109
109246
109357
109369
109758
110057
110829
111163
111294
111458
112884
113013
113037
113127
113709
113981
114140
114669
114765
114848
115136
115142
115877
115886
116160
116194
116422
118535
118805
119074
120487
121390
122415
122461
123027
124310
124888
125176
125268
125650
125800
125830
126119
128122
128412
128820
128875
129211
129375
129384
129705
129978
130119
130763
131794
131815
132006
132495
132538
132912
133718
133748
135405
136017
136122
136125
136386
136662
136837
138322
138643
139080
139308
139784
139854
139887
141343
141883
142500
Number of cuts: 319

Erik
684
724
1086
1132
3131
3445
3701
4206
4933
5342
5557
5633
6056
6812
7102
7890
8256
8319
8337
9056
9113
9227
11093
11097
11543
11549
12461
12641
13029
13314
14211
14796
15809
16872
16935
17227
17275
17294
18293
19046
19240
20014
20166
20712
20923
21791
22914
22928
23465
24348
24369
24438
24940
25480
25807
26300
26867
26979
27188
27914
28545
29678
29743
29941
30382
30471
30639
30678
30831
31155
31158
31580
31911
32214
32639
33597
34533
34643
34996
35526
36546
37597
37717
38057
38312
38321
38646
38923
39015
39702
40621
40731
40888
41812
43292
43364
43517
44186
44560
44952
45214
45309
45783
Number of cuts: 103

Espica
684
1086
1132
3131
3445
3701
4206
4933
5342
5557
5633
6056
6812
7102
7890
8256
8319
8337
9057
9114
9228
11094
11098
11544
11550
12462
12642
13030
13315
14212
14797
15810
16873
16936
17228
17276
17295
18294
19047
19241
20015
20167
20713
20924
21792
22915
22929
23466
24351
24372
24441
24943
25483
25810
26303
26870
26982
27191
27917
28548
29679
29942
30383
30472
30640
30679
30832
31156
31159
31581
31912
32215
32640
33598
34543
34653
35006
35536
36556
37607
37727
38067
38656
39025
39709
41922
43402
43474
43627
44296
44670
45062
45324
45419
45893
Number of cuts: 95

Finch
236
370
481
511
583
841
1321
1911
2349
2644
2748
2841
3296
3767
3874
3928
4201
4229
4348
4579
5428
5647
6150
6660
6967
7131
7164
8564
8576
10654
10711
10794
11398
12010
12415
12613
12625
12846
13194
13380
13449
13788
13990
14070
14120
14840
15069
15832
16915
17434
17577
17902
17986
18258
18364
18965
19061
19152
19176
19236
19989
20048
20776
21519
21848
22219
22677
22834
25028
25348
25578
26488
26563
26704
26887
27953
28301
28547
28592
29011
29332
29637
29964
30276
30837
31853
32672
32724
33024
33357
33407
34015
34365
34710
36127
36474
36958
36985
37179
37389
37681
38284
39100
40205
40642
41518
41539
41875
42191
42266
42377
42722
44056
44738
44940
44975
45565
45997
46118
47195
47679
47835
50119
50206
50848
51481
51517
51856
52018
52045
52312
53488
53572
53583
55123
55220
55281
55842
55857
56242
56251
56353
56632
56941
57819
58188
58248
58256
58260
58299
58704
58951
59094
59637
60223
60547
60800
60815
61291
61453
61532
61734
62315
62516
62921
63097
63359
63720
64270
65497
65666
65779
66077
66476
66809
67112
67178
67514
67976
68030
68291
68607
68860
69379
69574
69629
70673
70801
70828
70918
71056
71152
71385
71671
72211
72293
72682
72718
72805
72960
73791
73833
74226
74612
75404
75632
75878
75905
75920
75971
76345
76467
76836
77009
77468
77550
78279
78405
78413
78491
79293
79482
79951
80016
80663
81051
81137
81375
81557
82470
82747
82771
83219
83558
83588
83869
84087
84416
84590
84866
84947
85356
85892
85942
86093
86224
86378
86860
87154
87243
87306
87473
87542
87762
87828
87967
88719
88913
89282
89447
89757
90063
90850
90921
91048
91242
91942
92022
92251
92653
92746
93229
94169
94357
94488
94527
94768
95159
95199
96054
96316
96456
96582
96714
96815
96891
96956
97207
97255
97302
97324
97363
98424
98580
99145
99473
99728
100075
100440
100596
101810
101894
101926
102270
103145
103207
103254
103449
103856
103893
104461
104474
104528
104623
105128
105422
106331
106446
106546
107272
107289
107628
108639
108828
108897
108944
109294
109651
109924
110637
110779
110880
111024
111127
111131
112365
112477
112663
113161
113320
114527
114576
115196
115856
116089
116253
116752
116926
117196
117316
117397
118406
119081
120053
120306
120348
120440
120733
120766
121525
122142
123300
123436
123643
123914
124601
124769
125161
125305
125896
126016
126079
126226
126402
126577
127191
128371
129456
130289
130744
131114
131228
131691
132107
132290
132320
132686
133016
133498
134284
134389
135663
135760
136045
136429
136591
136714
136804
136918
136995
137012
137053
137233
137551
137771
137777
138046
138348
138423
138855
Number of cuts: 410

Gollum
684
724
1086
1132
3131
3445
3701
4206
4933
5342
5557
5633
6056
6812
7102
7890
8256
8319
8337
9057
9114
9228
11094
11098
11544
11550
12462
12642
13030
13315
14212
14797
15810
16873
16936
17228
17276
18294
19047
19241
20015
20141
20167
20713
20924
21792
22915
22929
23206
23466
24350
24371
24440
24942
25809
26302
26869
26981
27916
28547
29678
29743
30135
30448
30537
30705
30744
31221
31224
31646
31977
32280
32705
33663
34599
34709
35062
35592
36612
37663
37783
38123
38712
39081
39765
40245
40732
40842
40999
41923
43403
43475
43628
44297
44671
45063
45325
45420
45894
Number of cuts: 99

Grayson
354
584
1296
1718
1947
2050
2226
2299
2500
2719
2906
2910
3619
4233
4933
5417
5745
5937
6190
6536
8385
9312
9874
9887
11444
11896
11912
12152
13771
13915
13968
14036
14486
15223
15235
15474
15591
16079
17722
17794
19581
19602
20319
20607
20933
21130
21385
23327
23968
24909
27223
32521
33827
34550
35033
35852
36228
37410
38094
38424
39260
42187
42640
42689
43349
44885
44969
45341
45479
47069
48585
49070
52012
52075
52154
52165
53105
53224
53645
55025
55110
55719
55776
55850
57408
57834
58543
59205
59406
60150
60257
60306
60889
61036
63936
64484
66739
67568
68725
68766
70059
72060
72065
72491
72805
72976
73533
74637
77354
79379
79534
81292
81799
82411
83249
83714
84457
86795
87860
88083
88350
89019
91901
92083
92171
93071
93680
93726
93832
94840
96126
96801
97243
97759
97959
98952
100227
100887
102662
103965
104482
105597
105820
105866
106055
106755
106850
107509
107842
108030
108468
108749
109486
109704
110566
110711
111103
111167
111251
111573
112630
113208
113303
114739
115411
115573
115710
115823
116402
118321
119278
119873
120738
121462
122239
123193
124213
129255
129485
130197
130619
130848
130951
131127
131200
131401
131620
Number of cuts: 187

Harlequin
684
724
1086
1132
1617
3131
3274
3445
4206
4933
5003
5342
5557
5633
6056
6797
8319
8337
9001
9058
9088
10060
10275
11044
11048
11500
12412
12592
12980
13265
13621
14773
15760
16601
16787
16823
16953
17178
17226
17245
17759
17927
18839
18997
19205
20663
22154
22899
22920
22934
24355
24376
24445
24770
24947
25487
25702
25814
26307
26874
26986
28119
28552
29685
29750
30234
30323
30491
30530
30683
31007
31010
31432
31763
32066
32491
34385
34495
34848
35378
36398
37569
37909
38173
38498
38867
39556
40696
40846
41771
43251
43323
43476
44145
44519
44911
45173
45268
45742
Number of cuts: 99

Hiro
684
724
1086
1132
1617
3131
3274
3445
5003
5342
5557
5633
6056
6797
7087
8319
8337
9001
9058
9088
10116
11488
11494
12740
13286
13714
15344
15389
16066
16466
17093
17129
17532
17551
18233
19303
20877
20969
21180
21345
23004
23304
23743
24610
24631
24700
25202
25742
25957
26069
26562
27241
28374
28807
29940
30005
30710
30799
30967
31006
31159
31483
31486
31908
32239
32542
32967
34861
34971
35324
35854
36874
38045
38385
38640
38649
38974
39251
40563
41050
41160
41317
42242
43722
43794
43947
44616
44990
45382
45644
45739
46213
Number of cuts: 92

Jace
122
764
804
1077
1122
2502
2664
2757
2889
3048
4263
4661
5274
6438
6793
7245
7808
8457
9088
9363
11265
12478
12862
13093
13383
13849
13927
14553
14557
14750
15230
15605
15630
15707
17453
18365
18407
18625
18905
19031
19559
19925
20513
21935
22387
22426
22543
22711
22738
22750
22996
24624
25354
25426
25979
26283
27383
27517
28665
29142
29222
29973
30973
30991
31153
31341
31628
32124
32193
33204
33396
34012
34165
35039
35262
36151
36996
38089
38263
38477
39402
39834
40185
40447
40926
42293
44599
44703
45337
45755
46834
47606
48718
49644
50071
50373
50733
50954
51252
52847
53085
53423
53589
Number of cuts: 103

Jester
684
724
1086
1132
1617
3131
3274
3445
4206
4933
5003
5342
5557
5633
6056
6797
8319
8337
9001
9058
9088
11488
11494
12406
12586
12974
15032
15077
15754
16781
16817
17220
17239
17921
18833
18991
19199
20657
22085
22830
22851
22865
24286
24307
24376
24701
24878
25418
25633
25745
26238
26805
26917
28050
28483
29616
29681
30165
30254
30422
30461
30614
30938
30941
31363
31694
31997
32422
34316
34426
34779
35309
36329
37500
37840
38104
38429
38798
39487
40627
40777
41702
43182
43254
43407
44076
44450
44842
45104
45199
45673
Number of cuts: 91

Krishelle
684
1086
1132
3131
3445
3701
4206
4933
5342
5557
5633
6056
6812
7102
8334
8352
9016
9073
9103
10131
11503
11509
12755
13301
13729
15359
15404
16081
16481
17144
17547
17566
18248
19160
19318
19512
20892
20984
21195
21360
23055
23355
23794
24634
24655
24724
25226
25766
26093
26586
27153
27265
28398
30040
30105
30497
30810
30899
31067
31106
31583
31586
32008
32339
32642
33067
34025
34961
35071
35424
35954
36612
36983
38034
38154
38494
38749
38758
39083
39360
39452
40139
40672
42350
43830
43902
44055
44724
45098
45490
45847
Number of cuts: 91

Lillie
684
724
1086
1132
2599
2700
2770
3131
3701
4206
4933
5342
5557
5633
6056
6415
6812
7102
7890
8256
8319
8337
9057
9114
9228
11094
11098
11544
11550
12462
12642
13030
13315
14212
14797
15810
16873
16936
17228
17276
17295
18294
19047
19241
20015
20167
20713
20924
22915
22929
23466
24350
24371
24440
24942
25314
25482
25809
26302
26869
26981
27916
28547
29680
29745
30137
30450
30539
30707
30746
31223
31226
31648
31979
32282
32707
33665
34601
34711
35064
35594
36614
37665
37785
38125
38380
38389
38714
38991
39083
39770
40303
40790
40900
41057
41981
43461
43533
43686
44355
44729
45121
45383
45478
45952
Number of cuts: 105

Mahdia
105
709
850
969
1093
1144
1280
1339
1354
1358
1438
1948
2611
2620
2629
2669
2680
2928
3087
3142
3708
3762
4064
4200
4206
4212
4257
5281
5416
5584
6116
6118
6192
6215
6864
6899
7291
7351
7705
7789
8385
8662
9058
9061
9088
9160
9390
9464
9489
9595
10798
11118
11362
11715
11932
11941
12109
12847
13876
14087
14137
14314
14665
14703
14938
15004
15088
15118
15401
15724
15773
16114
16704
16734
17121
17226
18255
19004
19040
19142
19227
19231
19546
19615
19714
19719
19836
19848
20601
21628
22004
22147
22772
22796
23236
23524
23614
23734
23839
24049
25464
25763
26568
26790
26886
28349
28485
28815
28842
28914
28959
29094
29551
29643
29875
29880
29990
30033
30048
30159
30183
30240
31142
31184
31441
31588
32547
32616
32901
33100
33415
33482
33576
33908
34506
34554
34608
35225
35386
35428
35491
35566
35948
36134
36487
36757
36804
36871
37063
37844
37958
38547
38658
38715
38766
38884
39323
39391
40966
41499
41532
41968
Number of cuts: 162

Naiad
684
1086
1132
3131
3445
3701
4206
4933
5342
5557
5633
6056
6812
7102
7890
8256
8319
8337
9057
9114
9228
11094
11098
11544
11550
12462
12642
13030
13315
14212
14797
15810
16873
16936
17228
17276
17295
18294
19047
19241
20015
20167
20713
20738
20924
22150
22928
22942
23479
24363
24384
24453
24955
25495
25680
25822
26315
26882
26994
27929
28560
29693
29758
30150
30463
30552
30720
30759
31236
31239
31661
31992
32295
32720
33678
34614
34724
35077
35607
36265
36636
37687
37807
38147
38402
38411
38736
39013
39105
39792
40325
42003
43483
43555
43708
44377
44751
45143
45405
45500
45974
Number of cuts: 101

Nancinator
684
1086
1132
3131
3445
3701
4206
4933
5342
5557
5633
6056
6812
7102
7890
8256
8319
8337
9057
9114
9228
11094
11098
11544
11550
12462
12642
13030
13315
14212
14797
15810
16873
16936
17228
17276
17295
18294
19047
19241
20015
20167
20713
20924
21792
22915
22929
23466
24351
24372
24441
24943
25483
25810
26303
26870
26982
27191
27917
28548
29679
29942
30383
30472
30640
30679
30832
31156
31159
31581
31912
32215
32640
33598
34543
34653
35006
35536
36556
37607
37727
38067
38656
39025
39642
40129
40239
40396
41320
42800
42872
43025
43694
44068
44460
44722
44817
45291
Number of cuts: 98

Natosaleda
684
724
1086
1132
2599
2700
3131
3445
3701
4206
4933
5342
5557
5633
6056
6812
7102
7890
8256
8319
8337
9057
9114
9228
11094
11098
11544
11550
12462
12642
13030
13315
14212
14797
15810
16873
16936
17228
17276
17295
18294
19047
19241
20015
20167
20713
20924
21792
22915
22929
23466
24350
24371
24440
24942
25482
25809
26302
26869
26981
27190
27916
28547
29678
29941
30382
30471
30639
30678
30831
31155
31158
31580
31911
32214
32639
33597
34542
34652
35005
35535
36555
37606
37726
38066
38655
39024
39708
41921
43401
43473
43626
44295
44669
45061
45323
45418
45884
Number of cuts: 98

Partridge
679
719
1079
1125
3190
3504
4265
4992
5062
5401
5692
6115
6856
8378
8396
9084
9141
10143
10358
11127
11131
11577
11583
12495
12675
13063
13348
15843
16906
17261
17309
17328
18010
19080
20746
20771
21485
22005
22183
22961
22975
23252
23596
23984
24397
24418
24487
24989
25529
25892
26385
26952
27064
28197
29840
30610
30699
30867
30906
31059
31383
31386
31808
32139
32442
32520
32804
32940
34899
35009
35362
35892
36912
37469
37964
38424
39013
39290
39382
40604
40754
41358
42566
43946
44018
44168
44837
45211
45492
45511
Number of cuts: 90

Pepy6
2043
2208
2334
3321
3417
3627
3851
3897
4757
5226
6018
6825
7898
8091
8223
8405
8862
9024
9125
9363
9496
9708
9920
10106
10187
10505
10807
12015
12564
13013
13145
13316
13673
14006
14648
14683
15792
17025
17275
17326
17377
18806
19141
19161
19411
19711
19923
20211
20610
20619
22129
22175
22229
23537
23690
23846
24263
24631
24980
25196
25508
25567
26210
26426
27743
27965
29058
29129
29464
29711
32933
33164
33617
34622
35356
36731
38007
38874
39566
41763
42185
42429
43665
44508
44771
44843
44917
45964
46078
46118
46220
47967
48497
49778
50338
50608
50848
50866
51307
51445
51832
52030
52524
52902
52950
53260
54162
55315
55326
55497
55713
55849
55851
56339
56470
57647
58433
59331
60709
60790
60972
62252
62526
63613
64609
65509
65849
65914
66023
66531
67246
67287
67560
67751
68134
68380
68539
68589
68615
68947
69395
69510
69627
70037
70178
70209
70715
70920
72117
72244
72340
72757
72786
73289
73960
74007
74042
74191
74200
74272
74278
74536
74830
74860
74993
75058
75106
75601
75670
76198
76282
76569
Number of cuts: 172

Peregrin
1741
2255
2328
2532
2943
2947
4088
6028
7371
9188
9201
10113
10319
10758
11210
11226
11466
12964
13213
13282
13350
13401
14140
14593
14832
14949
15437
15966
17393
18935
19133
19154
19739
19871
20296
20551
21598
22493
23134
23851
24483
24543
25704
29127
30050
30323
31222
32519
33332
34634
35016
35181
35526
36192
36876
37206
37298
37647
38041
40967
41420
41469
42129
43665
43749
44259
47365
48282
50858
50937
50948
51888
52428
52774
53808
53893
54559
55775
56201
56910
57572
57773
58624
58673
59403
60311
62141
65164
65993
67150
67191
67623
68190
68626
70475
71215
71386
71943
72915
73095
74441
75250
76735
78939
79902
80106
81823
83142
83607
84064
84630
86413
87976
88324
88512
91332
91514
91602
92502
92661
93111
93264
94983
95159
95430
95652
95834
96218
97982
98341
98638
99237
99412
102028
102205
103064
104367
104886
105992
106018
106241
106476
107031
107126
107782
108115
108303
108506
109305
109660
110227
110372
110828
110912
111542
111577
111619
111769
112958
113201
113885
114743
115560
117056
118441
119175
119392
120541
121218
121309
122171
123198
123403
124041
124605
126059
127075
127685
131810
132324
132397
132601
Number of cuts: 182

Phrankenstein
684
724
1086
1132
3131
3445
3701
4206
4933
5342
5557
5633
6056
6812
7102
7890
8256
8319
8337
9057
9114
9228
11094
11098
11544
11550
12462
12642
13030
13315
14212
14797
15810
16873
16936
17228
17276
17295
18294
19047
19241
20015
20167
20713
20924
21738
22861
22875
23412
24296
24317
24386
24888
25260
25428
25755
26248
26815
26927
27862
28493
29626
29691
30083
30396
30485
30653
30692
30845
31169
31172
31594
31925
32228
32653
33611
34547
34657
35010
35540
36560
37611
37731
38071
38326
38335
38660
38937
39029
39716
40249
40736
40846
41003
41927
42890
43407
43479
43632
44301
44675
45067
45329
45424
45898
Number of cuts: 105

Pine5
48
136
279
396
756
858
1682
1754
2539
2555
3103
3195
3283
4055
5156
5718
5760
6113
6242
6285
6941
7088
7526
8074
8096
8359
8947
8996
10929
11108
12064
12886
13130
13646
14343
14699
14798
14844
15000
15068
15072
15093
16574
17291
18084
19190
19297
19658
19859
19935
19985
20274
20850
21628
21934
22105
22570
22708
22846
22888
22981
23059
23158
23221
23305
23509
23721
24286
24409
24558
25744
25905
26139
26213
26291
26322
26661
26754
26819
27059
27695
27734
27836
27884
27944
29060
29264
29393
29534
29542
29915
30510
30628
30790
30895
31104
31570
31658
31671
31754
32126
32177
32635
32867
33070
33133
33395
33635
33769
33845
34156
34308
34611
34796
34937
35079
35343
35465
35740
36066
36475
36694
36970
37006
37360
37702
37795
37909
38012
38018
38048
38678
38705
38800
39836
40014
40080
40370
40496
40516
41411
42278
42704
42928
43575
43829
44005
44293
44435
45029
45170
45243
45699
45708
46215
46583
46964
47135
47245
47689
48145
48523
48571
48656
48960
49110
49167
49563
50113
50636
50789
50861
51034
51238
51246
51514
51852
52615
52922
53137
53489
53606
53767
54000
54602
54810
54900
55235
56762
57026
57331
57723
57951
57974
58490
58831
59089
Number of cuts: 197

Poco6
2197
2490
4065
4328
4470
4614
5091
5568
5874
6098
6139
7200
7359
7410
7800
8088
8265
8656
9129
9843
10205
10860
11380
11836
11977
12293
12455
12556
12794
13016
13139
13351
13393
13935
14237
14348
14423
15110
15560
15584
16464
16502
16596
16767
17457
17697
18007
18552
19025
20561
20780
20989
21049
21544
21733
21945
22632
23298
24154
24200
24581
25184
25550
26078
26276
26993
27209
27580
27653
27806
28223
28439
29326
29762
31148
31371
32366
32441
33194
33806
35189
35642
36590
36644
36653
37378
38260
38753
38932
39070
39415
40029
40211
40896
42144
43565
44001
44223
44954
44963
45150
45491
45605
46547
46769
47278
47489
47573
47604
48422
48951
49939
50198
51760
51808
51853
52123
52375
52393
52647
52816
53085
53341
53539
53550
54032
54410
54458
54768
55838
55900
56823
56834
57357
57359
57443
57569
57847
57906
58599
59996
60251
60368
60472
61120
61910
61991
62173
62998
63172
63224
63446
64250
64547
65458
65506
66747
67786
68371
68474
68680
68821
69073
69358
69604
69634
69851
71475
71538
72078
72102
72168
73379
73602
74048
74551
75304
75462
75534
75798
76092
76326
76869
76938
77106
77207
77292
77315
77466
77550
Number of cuts: 190

Rasputin
684
724
1086
1132
3131
3445
3701
4206
5003
5342
5557
5633
6056
6797
7087
7554
8320
8338
9023
9026
9083
11067
11513
11519
12309
12431
12611
13284
14792
15779
16620
16806
16842
16972
17197
17245
17778
17946
18858
19016
19224
20682
22119
22885
22899
23176
23520
23908
24321
24342
24411
24913
25453
25780
26273
26840
26952
27161
28518
29651
29716
30108
30510
30678
30717
30870
31194
31197
31619
31950
32253
32678
33636
34572
34682
35035
35565
36585
37636
37756
38096
38351
38360
38685
38962
39054
39741
40274
40761
40871
41028
41952
43432
43504
43657
44326
44700
45092
45354
45449
45923
Number of cuts: 101

RER2
684
724
1086
1132
2599
2700
2770
3131
3701
4206
4933
5342
5557
5633
6056
6415
6812
7102
7890
8256
8319
8337
9057
9114
9228
11094
11098
11544
11550
12462
12642
13030
13315
14212
14797
15810
16873
16936
17228
17276
17295
18294
19047
19241
20015
20167
20713
21792
22894
22915
22929
24350
24371
24440
24942
25482
25809
26302
26981
28114
28547
29680
29745
30450
30539
30707
30746
31223
31226
31648
31979
32282
32707
33665
34601
34711
35064
35594
36614
37665
37785
38125
38380
38389
38714
38991
39083
39770
40303
40790
40900
41057
41981
43461
43533
43686
44355
44729
45121
45383
45478
45952
Number of cuts: 102

RexFury
715
755
1117
1163
3162
3476
3732
4237
4964
5373
5588
5664
6087
6843
7133
7921
8287
8350
8368
9088
9145
9259
11125
11129
11575
11581
12493
12673
13061
13346
14243
14828
15841
16904
16967
17259
17307
18325
19078
19272
20046
20172
20198
20744
20955
21823
22946
22960
23497
24381
24402
24471
24973
25513
25840
26333
26900
27012
27947
28578
29711
29776
30168
30570
30738
30777
30930
31254
31257
31679
32010
32313
32738
33696
34632
34742
35095
35625
36645
37696
37816
38156
38745
39114
39798
42011
43491
43563
43716
44385
44759
45151
45413
45508
45982
Number of cuts: 95

RGL3
265
710
868
1025
1067
1113
1471
2772
3133
3276
3447
3703
4100
4412
4935
5233
6058
6802
6923
7880
8309
8327
8597
8972
9023
9213
9481
9801
10952
11073
11525
12560
12752
14330
14427
14595
14774
15959
16815
16876
17037
17456
17460
17890
18138
18332
19197
19488
19489
19781
21253
21659
21867
21898
22663
22709
22747
23225
23726
24838
25424
26184
26454
27259
27956
28015
28505
29101
29891
30129
31209
31416
31438
31799
31809
31893
31896
32883
33179
35217
35379
35667
35883
35981
36638
38674
38684
39505
40576
40634
41188
42089
42658
43225
43309
43459
43566
43825
43835
44799
44811
44950
45062
45402
46022
46759
47280
Number of cuts: 107

Rhodalysa
684
724
1086
1132
2599
2700
2770
3131
3701
4206
4933
5342
5557
5633
6056
6415
6812
7102
7890
8256
8319
8337
9057
9114
9228
11094
11098
11544
11550
12462
12642
13030
13315
14212
14797
15810
16873
16936
17228
17276
17295
18294
19047
19241
20015
20167
20713
20924
22915
22929
23466
24350
24371
24440
24942
25314
25482
25809
26302
26869
26981
27916
28547
29680
29745
30137
30450
30539
30707
30746
31223
31226
31648
31979
32282
32707
33665
34601
34711
35064
35594
36614
37665
37785
38125
38380
38389
38714
38991
39083
39770
40303
40790
40900
41057
41981
43461
43533
43686
44355
44729
45121
45383
45478
45952
Number of cuts: 105

StCroix
684
1086
1132
3131
3445
3701
4206
4933
5342
5557
5633
6056
6812
7102
7890
8256
8319
8337
9057
9114
9228
11094
11098
11544
11550
12462
12642
13030
13315
14212
14797
15810
16873
16936
17228
17276
17295
18294
19047
19241
20015
20167
20713
20738
20924
22150
22928
22942
23479
24363
24384
24453
24955
25495
25680
25822
26315
26882
26994
27929
28560
29693
29758
30150
30463
30552
30720
30759
31236
31239
31661
31992
32295
32720
33678
34614
34724
35077
35607
36265
36636
37687
37807
38147
38402
38411
38736
39013
39105
39792
40325
42003
43483
43555
43708
44377
44751
45143
45405
45500
45974
Number of cuts: 101

Swann
684
1086
1132
3131
3701
4206
4933
5342
5557
5633
6056
6415
6812
7102
7890
8256
8319
8337
9057
9114
9228
11094
11098
11544
11550
12462
12642
13030
13315
14212
14797
15810
16873
16936
17228
17276
17295
18294
19047
19241
20015
20167
20713
20738
20924
21792
22915
22929
23466
24350
24371
24440
24942
25482
25809
26302
26869
26981
27916
28547
29678
29743
30135
30448
30537
30705
30744
31221
31224
31646
31977
32280
32705
33663
34599
34709
35062
35592
36612
37663
37783
38123
38378
38387
38712
38989
39081
39768
40301
40788
40898
41055
41979
43459
43531
43684
44353
44727
45119
45381
45476
45950
Number of cuts: 102

Takoda
679
719
1079
1125
2692
3123
3693
4198
4925
4995
5223
5334
5625
5654
6048
6725
6789
7546
8311
8329
9017
9074
10132
10291
11054
11058
11504
11510
12422
12602
12990
13275
13631
13838
14757
15770
16833
17188
17236
17937
19007
20673
20698
21049
21412
21931
22887
22901
24323
24344
24413
24738
25287
25455
25670
25782
26275
26954
27829
28087
28197
29653
29916
30357
30446
30614
30653
30806
31130
31133
31555
31886
32440
32687
34784
34894
35247
36615
36797
37353
37848
38308
38572
38897
39034
39174
39266
39955
40488
40638
41091
42448
42584
43308
43790
43862
44012
44681
45055
45337
45356
46165
Number of cuts: 102

Trina
1127
1507
5899
5967
6480
6728
7277
7561
7893
11148
11360
11752
11920
13927
14119
17660
17853
18012
19045
21314
21903
22829
23297
25645
25860
26734
27556
28120
29576
32269
33666
34652
35983
37118
37272
37365
37831
38626
40369
40411
43271
44455
44725
46966
48058
48223
48784
50533
50929
51748
52517
53039
53420
55224
55261
58692
58749
59029
60145
60437
61267
62497
62555
62688
62871
63138
64839
65149
65752
65924
66014
67154
67803
68806
69014
69951
71058
71388
71945
72277
72721
73573
74679
75358
75571
78184
79603
80644
80652
81274
82891
83890
84603
85152
85506
87252
88860
89113
90023
90291
92249
92859
94387
94800
95764
97333
97487
97587
98734
100607
101037
101763
103476
104517
105791
107178
108783
112878
113047
114070
115871
116719
116993
117187
117297
119358
119420
119893
120362
120494
121745
122777
124356
124381
125782
126780
127876
128295
130259
131938
132429
132544
133683
134624
135552
136099
137529
137909
Number of cuts: 148

TWAMP
684
724
1086
1132
2599
2700
2770
3131
3701
4206
4933
5342
5557
5633
6056
6415
6812
7102
7890
8256
8319
8337
9057
9114
9228
11094
11098
11544
11550
12462
12642
13030
13315
14212
14797
15810
16873
16936
17228
17276
17295
18294
19047
19241
20015
20167
20713
20924
22915
22929
23466
24350
24371
24440
24942
25314
25482
25809
26302
26869
26981
27916
28547
29680
29745
30137
30450
30539
30707
30746
31223
31226
31648
31979
32282
32707
33665
34601
34711
35064
35594
36614
37665
37785
38125
38380
38389
38714
38991
39083
39770
40303
40790
40900
41057
41981
43461
43533
43686
44355
44729
45121
45383
45478
45952
Number of cuts: 105

UhSalsa
684
1086
1132
3131
3445
3701
4206
4933
5342
5557
5633
6056
6812
7102
7890
8256
8319
8337
9057
9114
9228
11094
11098
11544
11550
12462
12642
13030
13315
14212
14797
15810
16873
16936
17228
17276
17295
18294
19047
19241
20015
20167
20713
20924
21792
22915
22929
23466
24351
24372
24441
24943
25483
25810
26303
26870
26982
27191
27917
28548
29679
29942
30383
30472
30640
30679
30832
31156
31159
31581
31912
32215
32640
33598
34543
34653
35006
35536
36556
37607
37727
38067
38656
39025
39709
41922
43402
43474
43627
44296
44670
45062
45324
45419
45893
Number of cuts: 95

Weasels2
568
1378
1652
1664
1782
3935
5173
7049
7403
7861
8109
8267
9889
10196
10385
10613
11793
11855
11881
12237
12493
12986
14219
14403
14682
15413
15775
15892
16380
18405
19068
19701
19727
21528
21627
22900
23015
23541
29658
31260
31388
31615
32470
32726
33172
33382
33436
35578
35837
37617
38030
38052
39586
40656
41137
41598
42278
42915
42987
43879
45466
46574
46639
47173
47653
49054
51579
51642
51721
52672
53212
53451
54566
54906
55317
55408
55451
55721
56143
57020
57554
58632
58635
61330
62113
63077
63956
65330
66262
68194
68354
68899
69403
71921
72121
72122
72744
72989
73985
74056
74939
75129
75795
77416
77568
78209
79529
79566
81215
81467
84191
84216
84839
85136
88163
88633
89881
89901
90093
90171
90982
91190
91240
92872
92876
93456
93671
95279
95941
97090
97541
98256
100385
100581
101287
101335
101452
102157
102278
102767
103721
104075
104735
106735
107454
108113
109247
109335
109593
110113
110211
110774
111133
111280
112643
113037
114188
115137
115429
115621
115777
116791
116812
117095
117231
119193
119711
121256
121473
122991
123989
124317
125371
125412
125656
125703
125871
126636
127834
128460
128914
129099
129763
129949
130472
131072
132273
133083
133357
133369
133487
Number of cuts: 191

Yogi
684
724
1086
1132
1617
3131
3274
3445
5003
5147
5342
5557
5633
6056
6797
7087
8319
8337
9022
9025
9082
10299
11068
11072
11524
12314
12436
12616
13004
13289
13645
14797
15784
16625
16811
16847
16977
17202
17250
17269
17783
17951
18863
19021
19229
20687
21426
22889
22903
23440
23911
24324
24345
24414
24916
25456
25783
26276
26955
28088
28521
29654
29719
30424
30513
30681
30720
30873
31197
31200
31622
31953
32256
32681
34572
34682
35035
35565
36368
36730
36965
38136
38476
38731
38740
39065
39342
39382
40654
41141
41251
41408
42332
43812
43884
44037
44706
45080
45472
45734
45829
46288
Number of cuts: 102

Yoncess
684
724
1086
1132
1617
3131
3274
3445
5003
5342
5557
5633
6056
6797
7087
7554
8319
8337
9025
9082
10084
10299
11068
11072
11524
12436
12616
13004
13289
13645
14797
15784
16625
16811
16847
16977
17202
17250
17783
17951
18863
19021
19229
20687
22124
22869
22890
22904
24325
24346
24415
24740
24917
25457
25672
25784
26277
26956
28089
28522
29655
29720
30204
30293
30461
30500
30653
30977
30980
31402
31733
32036
32461
34355
34465
34818
35348
36368
37539
37879
38134
38143
38468
38745
38837
40057
40544
40654
40811
41739
43220
43292
43445
43993
44114
44488
44880
45142
45237
45711
Number of cuts: 100

