Alatin
5
107
274
304
352
397
618
622
634
968
982
1188
1384
1673
1692
1771
1809
1924
1964
2021
2048
2074
2078
2308
2552
2990
3011
3027
3082
3206
3391
3460
3468
3484
3831
3933
4045
4306
4495
4511
4564
4716
5078
5084
5475
5543
5675
5793
6023
6060
6500
6565
6653
6893
6928
7020
7151
7350
7356
7464
7696
7965
8347
8406
8458
8860
9429
9561
9715
10008
10151
10462
10607
10621
10628
10664
11230
11287
11541
11915
11983
12043
12061
12080
12233
12241
12656
13117
13818
13850
13877
13963
13971
14044
14090
14140
14431
14779
14989
15080
15161
15535
15624
16019
16176
16578
16635
16794
17031
17184
17555
17615
17673
18059
18312
18572
18629
18633
18770
18883
19542
19549
20358
21116
21134
21159
21317
21339
21429
21689
21773
22037
22202
22339
22412
22457
22824
23217
23221
23229
23335
23561
23668
23782
23856
23919
24243
24395
24792
25058
25383
25453
25529
25612
25765
25846
26013
26091
26467
26481
26492
26723
27116
27216
27535
27559
27782
27918
29051
29079
29476
29515
29895
29908
29993
30359
30418
30442
30781
31480
31515
31786
31920
32042
32072
32192
33039
33143
33413
33450
33915
34388
34870
34938
35265
35777
36053
36245
36636
36818
36841
36893
36972
37036
37417
37990
38233
38236
38245
38284
38706
39319
39464
39522
39532
40125
40619
41378
41623
41657
42084
42526
42912
43436
44900
45315
45455
45620
45883
46088
46243
46570
46666
Number of cuts: 233

Alpacados
5
107
274
304
352
397
618
622
634
968
982
1188
1384
1723
1762
1877
1917
2001
2027
2031
2270
2514
2952
2973
2989
3044
3168
3353
3422
3430
3433
3446
3574
3699
3793
3845
3895
3917
4007
4268
4276
4457
4473
4526
4678
5040
5232
5505
5637
5725
5755
6279
6447
6512
6600
6840
6967
7023
7098
7297
7303
7411
8117
8309
8402
8716
8790
8990
9359
9853
10081
10537
10594
10881
11166
11223
11477
11851
11919
11979
12016
12169
12177
12744
13546
13754
13899
13907
13980
14076
14367
14487
14715
14925
15471
15560
15710
15955
16112
16230
16571
16730
16967
17417
17551
17609
17822
17995
18565
18569
18706
18819
18867
19406
19457
19478
19485
19591
20294
20509
20893
21052
21095
21192
21253
21275
21365
21920
22326
22693
23086
23090
23098
23430
23537
23594
23651
23725
23788
24112
24264
24661
24927
25252
25312
25385
25398
25517
25670
25751
25918
25996
26204
26386
26397
26598
27021
27121
27259
27440
27464
27687
27823
28618
28657
28984
29381
29420
29454
29499
29800
29898
30264
30323
30347
30686
30859
30877
30913
31058
31303
31385
31420
31691
31825
31947
31977
32097
32944
33092
33318
33355
33836
33845
34772
34840
35167
35679
36529
36711
36734
36786
36840
36929
37310
37883
38126
38129
38177
38335
38546
38724
39212
39415
39425
39803
40442
41201
41446
41480
41907
42349
42735
43259
44723
45138
45278
45706
45911
46066
46390
46486
Number of cuts: 232

AngryOrchard
5
107
178
274
304
352
397
615
619
631
963
977
1181
1267
1377
1716
1754
1795
1869
1909
1993
2019
2023
2053
2181
2253
2497
2608
2956
2972
3151
3255
3336
3405
3413
3416
3429
3776
3878
4251
4440
4456
4509
4661
5023
5215
5420
5488
5708
5738
5968
6430
6495
6583
6823
6858
6950
7006
7081
7089
7280
7286
7394
8100
8292
8385
8583
8699
8725
8773
8973
9342
9474
9836
10064
10520
10541
10577
10864
11149
11206
11460
11834
11902
11962
11999
12152
12160
12727
12838
13136
13529
13737
13756
13763
13890
13963
14059
14698
14908
15454
15543
15938
16095
16213
16497
16554
16714
17400
17474
17534
17592
17805
17978
18491
18548
18552
18802
18839
19389
19461
19468
19617
20098
20454
20558
20739
20876
21035
21053
21078
21258
21348
21550
21903
22074
22203
22276
22321
22688
23081
23085
23093
23199
23293
23425
23532
23646
24108
24260
24339
24657
24923
25308
25318
25394
25477
25630
25711
25878
25956
26270
26356
26372
26980
27080
27218
27399
27423
27449
27646
27782
27869
28943
29340
29379
29413
29913
30157
30216
30240
30579
30806
30951
31278
31313
31718
31840
31870
31990
32434
32500
32834
32938
33208
33245
33687
33735
33757
33996
34453
35000
35327
35839
36111
36689
36871
36894
36946
37025
37423
37470
38043
38286
38289
38759
38910
39372
39575
39585
39965
40673
40972
41432
41676
41728
42137
44169
44756
44942
45069
45270
46016
46590
Number of cuts: 234

AppleCloud
74
95
144
382
386
398
763
777
981
1067
1177
1380
1399
1478
1518
1633
1655
1673
1730
1757
1783
1787
1817
1945
2017
2167
2261
2699
2720
2736
2791
2915
3060
3100
3169
3177
3180
3193
3321
3540
3642
3664
3754
4015
4220
4273
4715
4787
4979
5184
5252
5472
5502
6259
6347
6622
6845
6853
7044
7050
7158
7864
8056
8149
8525
8713
9082
9444
9525
9804
10115
10232
10260
10317
10883
10940
11194
11258
11388
11568
11696
11966
12026
12740
12909
13099
13547
13783
13809
13842
13928
14009
14022
14105
14733
14736
14754
14774
14954
15500
15589
15984
16141
16600
16760
17446
17512
17520
17580
17638
17851
18024
18537
18594
18598
18848
18896
19320
19435
19507
19514
19663
20500
20785
21034
21081
21099
21221
21282
21304
21367
21382
21394
21596
21650
22121
22230
22371
22631
22740
23116
23120
23684
24118
24270
24349
24667
24933
25404
25487
25640
25721
25888
25966
26284
26356
26367
26383
26991
27091
27229
27410
27434
27793
27828
29033
29274
29427
29449
29466
29500
29845
30089
30148
30172
30511
31128
31245
31516
31650
31772
31802
31842
31922
32388
32432
32769
32873
33143
33327
34597
34665
34992
35504
36354
36536
36611
36665
36690
36754
37135
37708
37951
37954
37963
38002
38195
39037
39179
39237
39247
40147
41095
41340
41374
41801
42243
42629
43153
44617
45032
45172
45337
45600
45805
45960
46286
46382
Number of cuts: 228

Belenaria
5
107
274
304
352
397
618
622
634
968
982
1188
1384
1673
1692
1771
1809
1924
1964
2021
2048
2074
2078
2308
2552
2990
3011
3027
3082
3206
3391
3460
3468
3484
3831
3933
4045
4306
4495
4511
4564
4716
5078
5084
5475
5543
5675
5793
6023
6060
6500
6565
6653
6893
6928
7020
7151
7350
7356
7464
7696
7965
8347
8406
8458
8860
9429
9561
9715
10008
10151
10462
10607
10621
10628
10664
11230
11287
11541
11915
11983
12043
12061
12080
12233
12241
12656
13117
13818
13850
13877
13963
13971
14044
14090
14140
14431
14779
14989
15080
15161
15535
15624
16019
16176
16578
16635
16794
17031
17184
17555
17615
17673
18059
18312
18572
18629
18633
18770
18883
19542
19549
20358
21116
21134
21159
21317
21339
21429
21635
21983
22390
22757
23150
23154
23162
23268
23494
23601
23658
23715
23789
23852
24177
24329
24726
24992
25317
25387
25546
25699
25780
25947
26025
26426
26627
27050
27150
27469
27493
27716
27852
28948
29013
29408
29447
29481
29526
29981
30225
30284
30308
30647
30838
30874
31019
31264
31346
31381
31652
31908
31938
32058
32905
33009
33279
33316
33797
34254
34592
34745
34813
35140
35652
36502
36684
36759
36813
36838
36902
37283
37856
38099
38102
38111
38150
38343
39185
39327
39385
39395
40295
41243
41488
41522
41949
42391
42777
43301
44765
45180
45320
45485
45748
45953
46108
46435
46531
Number of cuts: 228

BobbyDazzler
5
107
274
304
352
397
618
622
634
968
982
1188
1384
1737
1756
1835
1874
1989
2029
2113
2139
2143
2173
2307
2379
2623
3061
3082
3098
3153
3277
3462
3531
3539
3542
3555
3683
3808
3902
3954
4004
4116
4377
4385
4566
4582
4635
4787
5149
5341
5614
5746
5864
6388
6556
6621
6709
6949
6984
7076
7132
7207
7406
7412
7520
8226
8418
8511
8825
8899
9021
9099
9468
9962
10190
10646
10703
10990
11275
11332
11586
11960
12028
12088
12125
12278
12286
12853
13349
13655
13863
14008
14016
14089
14185
14476
14596
14824
15034
15580
15669
15819
16064
16221
16339
16680
16839
17076
17526
17660
17718
17931
18104
18674
18678
18815
18928
18976
19515
19587
19700
20226
20403
20618
21002
21161
21179
21204
21301
21362
21384
21474
22029
22391
22436
23196
23200
23208
23215
23314
23540
23647
23704
23761
23835
23898
24222
24374
24771
25037
25422
25744
25825
25992
26070
26278
26460
26471
26672
27095
27195
27333
27514
27538
27761
27897
28692
28731
29030
29058
29455
29494
29528
29874
29887
29972
30181
30338
30397
30421
30760
30987
31132
31377
31459
31494
31765
31899
32021
32051
32171
33018
33166
33392
33429
33910
34367
34849
34917
35244
35756
36606
36788
36811
36863
36917
37006
37387
37960
38203
38206
38254
38412
39289
39492
39502
39880
40095
40589
41348
41594
41628
42055
42497
42883
43407
44871
45286
45426
45821
45854
46059
46214
46538
46634
Number of cuts: 235

Bonanza
5
107
274
304
352
397
618
622
634
968
982
1188
1384
1673
1692
1771
1809
1924
1964
2021
2048
2074
2078
2236
2308
2552
2990
3011
3027
3082
3206
3391
3460
3468
3471
3484
3612
3737
3831
3883
3933
3955
4045
4306
4314
4495
4511
4564
4716
5078
5270
5543
5675
5763
5793
6317
6485
6550
6638
6878
6913
7005
7061
7136
7335
7341
7449
8155
8347
8440
8754
8828
9028
9397
9891
10119
10575
10632
10919
11204
11261
11515
11889
11957
12017
12054
12207
12215
12287
12782
13584
13792
13937
13945
14018
14114
14405
14525
14753
14963
15509
15598
15748
15993
16150
16268
16609
16768
17005
17455
17589
17647
17860
18033
18603
18607
18744
18857
18905
19444
19495
19516
19523
19629
20332
20547
20931
21043
21090
21108
21133
21313
21391
21403
21958
22364
22731
22900
23124
23128
23136
23242
23468
23575
23632
23689
23763
23826
24150
24302
24699
24965
25672
25753
25920
25998
26206
26388
26399
26600
27023
27123
27261
27442
27466
27689
27825
28620
28659
28986
29383
29422
29456
29501
29802
29815
29900
30266
30325
30349
30688
30861
30879
30915
31060
31305
31387
31422
31693
31827
31949
31979
32099
32946
33094
33320
33357
33838
33847
34774
34842
35169
35681
36496
36789
36911
37093
37116
37168
37222
37247
37311
37692
38265
38508
38511
38559
38717
38928
39106
39594
39797
39807
40185
40400
40894
41653
41898
41932
42359
42801
43187
43711
45175
45590
45730
46348
46829
46925
Number of cuts: 239

Bradshaw
5
107
274
304
352
397
618
622
634
968
982
1188
1384
1673
1692
1771
1809
1924
1964
2021
2048
2074
2078
2308
2746
2990
3011
3027
3082
3206
3351
3391
3460
3468
3471
3484
3723
3831
3933
4045
4306
4495
4511
4564
4716
5078
5084
5475
5543
5675
5793
6023
6060
6500
6565
6653
6893
6928
7020
7151
7350
7356
7464
7696
7965
8347
8406
8458
8860
9429
9561
9715
10008
10151
10462
10607
10621
10628
10664
11230
11287
11541
11915
11983
12080
12233
12241
12656
13117
13818
13850
13877
13963
13971
14044
14090
14140
14431
14779
14989
15080
15161
15535
15624
16019
16176
16578
16635
16794
17031
17184
17555
17615
17673
18059
18312
18572
18629
18633
18770
18883
19542
19549
20358
21116
21134
21159
21317
21339
21429
21635
21719
21983
22390
22757
23150
23154
23162
23268
23494
23601
23715
23789
23852
24176
24328
24725
24991
25316
25386
25462
25545
25698
25779
25946
26024
26400
26414
26425
27049
27149
27468
27492
27715
27851
28984
29012
29409
29448
29828
29841
29926
30292
30351
30375
30714
31413
31448
31719
31853
31975
32005
32125
32972
33076
33346
33383
33848
34321
34803
34871
35198
35710
35986
36178
36569
36751
36774
36826
36905
36969
37350
37923
38166
38169
38178
38217
38639
39252
39397
39455
39465
40058
40552
41311
41556
41590
42017
42459
42845
43369
44833
45248
45670
46021
46176
46503
46599
Number of cuts: 228

Bryce
5
107
274
304
352
397
618
622
634
968
982
1188
1384
1673
1692
1771
1809
1924
1964
2021
2048
2074
2078
2236
2308
2552
2990
3011
3027
3082
3206
3391
3460
3468
3471
3484
3612
3737
3831
3883
3933
3955
4045
4306
4314
4495
4511
4564
4716
5078
5270
5543
5675
5793
6317
6485
6550
6638
6878
6913
7005
7061
7136
7335
7341
7449
8155
8347
8440
8754
8828
8950
9028
9397
9891
10119
10575
10632
10919
11204
11261
11515
11889
11957
12017
12054
12207
12215
12782
13584
13792
13937
13945
14018
14032
14114
14405
14525
14753
14963
15509
15598
15748
15993
16268
16609
16768
17005
17455
17589
17647
17860
18033
18603
18607
18744
18857
18905
19444
19516
19629
20155
20332
20547
20931
21043
21090
21133
21313
21403
21958
22320
22365
23125
23129
23137
23144
23243
23469
23576
23633
23690
23764
23827
24151
24303
24700
24966
25351
25673
25754
25921
25999
26207
26389
26400
26601
27024
27124
27262
27443
27467
27690
27826
28621
28660
28959
28987
29384
29423
29457
29802
30046
30105
30129
30468
30641
30659
30695
30840
31085
31167
31202
31607
31729
31759
31879
32726
32874
33100
33137
33618
33627
34075
34557
34625
34952
35464
36314
36496
36519
36571
36625
36714
37095
37668
37911
37914
37962
38120
38509
38794
38997
39200
39210
39588
39803
40297
41056
41302
41336
41763
42205
42591
43115
44579
44994
45134
45562
45767
45922
46244
46340
Number of cuts: 233

ChewyVIII
144
279
289
385
417
493
549
611
662
814
970
977
1188
1206
1520
1826
1920
2206
2288
2386
2417
2499
2543
2570
2654
2814
3006
3094
3106
3214
3224
3634
3695
3821
4060
4213
4530
4571
4624
4676
4733
4814
4849
4940
5012
5322
5410
5428
5557
5584
5613
5695
5866
5901
6013
6086
6231
6442
6453
6828
6982
7138
7260
7291
7366
7452
7477
7772
7786
7902
8259
8281
8442
8451
8499
8580
8793
8997
9278
9525
9791
10028
10120
10124
10136
10171
10202
10296
10317
10366
10405
10554
10584
10680
10730
10884
10960
11007
11043
11058
11226
11234
11387
11482
11715
11795
11834
11874
11912
12003
12157
12216
12259
12362
12455
12490
12518
12748
12790
13069
13137
13439
13720
13808
13863
13903
13915
14110
14117
14214
14282
14376
14459
14767
14919
15017
15063
15278
15284
15506
15518
15617
15674
15898
16092
16244
16349
16366
16507
16723
16792
16973
17032
17243
17321
17393
17462
17642
17665
17681
17795
17840
17891
17902
17941
18004
18131
18169
18230
18559
18718
18779
18918
19286
19308
19557
19570
19689
19864
19893
20088
20128
20179
20238
20311
20389
20397
20509
20692
20705
20756
20854
20911
20972
21038
21055
21500
21819
21832
21850
21873
21942
22014
22028
22212
22224
22546
22569
22701
22791
22914
23041
23073
23179
23203
23263
23378
23407
23452
23980
23998
24062
24076
24170
24245
24313
24361
24600
24651
24723
24801
24987
25025
25128
25139
25209
25344
25371
25400
25473
25514
25520
25565
25766
25777
25805
25810
25835
25865
25918
26000
26066
26260
26275
26500
26671
26716
26764
26989
27210
27268
27620
27665
27879
28067
28097
28118
28132
28220
28340
28544
28605
28677
28818
28881
29347
29436
29466
29508
29935
29944
30076
30114
30342
30369
30384
30442
30465
30486
30570
30688
31107
31204
31350
31386
31919
31979
31988
32324
32393
32462
32516
32812
32909
32918
32952
33029
33059
33200
33268
33320
33419
33503
33677
33701
33809
33879
33996
34101
34290
34364
34503
34563
34678
34696
34731
34805
35121
35241
35264
35306
35440
35471
35592
35684
35766
35882
35940
35963
36330
36362
36465
36474
36699
36729
36830
36950
36963
36992
37067
37124
37151
37373
37414
37475
37516
37559
37651
37667
37719
37747
38032
38134
38152
38277
38349
38355
38460
38560
38583
38621
38876
38889
38997
39027
39428
39916
39937
40026
40309
40361
40372
40384
40505
40663
41053
41067
41103
41113
41285
41362
41581
42044
42092
42368
42392
42396
42465
42472
42691
42725
42735
42774
42807
42842
42906
43040
43077
43190
43494
43732
43780
43788
44025
44062
44085
44140
44292
44419
44717
44779
44831
45007
45033
45228
45367
45436
45506
45643
45684
45759
45852
45900
45979
46098
46144
46210
46264
46327
46486
46510
46534
46600
46650
46674
46724
46787
46828
46891
46921
46969
46980
47086
47109
47134
47167
47212
47322
47388
47509
47706
47888
47895
48139
48219
48337
48634
48685
48803
48815
48941
48969
49137
49270
49317
49487
49549
49658
49757
49852
49867
50014
50164
50182
50251
50446
50524
50686
50731
50956
51173
51196
51282
51304
51424
51429
51462
51511
51719
51781
51933
52043
52067
52215
52279
52285
52552
52596
52896
53162
53318
53403
53491
53751
53918
54058
54113
54227
54259
54325
54363
54530
54605
54725
54808
54814
54941
55015
55036
55111
55259
55460
55480
55510
55711
55781
55835
55891
56189
56256
56295
56301
56415
56706
57100
57105
57456
57490
57565
57738
58208
58250
58298
58340
58403
58562
58601
58691
58737
58838
58913
59008
59050
59096
59142
59265
59296
59385
59388
59542
59965
60320
60374
60392
60398
60427
60782
60860
61195
61220
61308
61338
61448
61634
61715
61742
61786
61853
61985
61994
62214
62229
62247
62451
62472
63040
63102
63149
63522
63886
63897
64337
64486
64504
64580
64614
64821
64830
64911
65196
65223
65380
65517
65602
65680
66071
66183
66224
66457
66490
66496
66820
67263
67444
67509
67600
67718
67948
67958
68012
68225
68417
68427
68431
68861
69018
69040
69154
Number of cuts: 638

CosmicSans
5
107
274
304
352
397
618
622
634
968
982
1188
1384
1673
1692
1771
1809
1924
1964
2021
2048
2074
2078
2308
2746
2990
3011
3027
3082
3206
3351
3391
3460
3468
3471
3484
3723
3831
3933
4045
4306
4495
4511
4564
4716
5078
5084
5475
5543
5675
5793
6023
6060
6500
6565
6653
6893
6928
7020
7151
7350
7356
7464
7696
7965
8347
8406
8458
8860
9429
9561
9715
10008
10151
10462
10607
10621
10628
10664
11230
11287
11541
11915
11983
12080
12233
12241
12656
13117
13818
13850
13877
13963
13971
14044
14090
14140
14431
14779
14989
15080
15161
15535
15624
16019
16176
16578
16635
16794
17031
17184
17555
17615
17673
18059
18312
18572
18629
18633
18770
18883
19542
19549
20358
21116
21134
21159
21317
21339
21429
21635
21719
21983
22390
22757
23150
23154
23162
23494
23601
23715
23789
23852
24176
24328
24991
25279
25376
25386
25462
25545
25698
25779
25946
26024
26425
26626
27049
27149
27468
27492
27715
27851
28984
29012
29409
29448
29828
29841
29926
30292
30351
30375
30714
31413
31448
31719
31853
31975
32005
32125
32972
33076
33346
33383
33848
34321
34803
34871
35198
35710
36560
36742
36765
36817
36896
36960
37341
37914
38157
38160
38169
38208
38630
39243
39388
39446
39456
40049
40543
41302
41547
41581
42008
42450
42836
43360
44824
45239
45379
45544
45807
46012
46167
46493
46589
Number of cuts: 226

Dinger
5
178
274
296
304
352
397
617
621
633
965
979
1183
1269
1379
1669
1688
1767
1805
1846
1920
1942
1960
2017
2044
2070
2074
2104
2116
2161
2304
2548
2986
3007
3023
3078
3202
3387
3456
3464
3467
3480
3827
3929
4302
4491
4507
4560
4712
5074
5266
5471
5539
5671
5759
5789
6019
6546
6634
6874
6909
7001
7057
7132
7140
7331
7337
7445
8151
8343
8436
8824
9024
9393
9887
10115
10543
10571
10628
11068
11200
11257
11511
11953
12013
12050
12203
12211
13187
13788
13847
13941
14027
14110
14738
14959
15505
15594
15989
16146
16264
16548
16605
16765
17001
17525
17585
17643
17856
18029
18542
18599
18603
18853
18890
18901
19238
19440
19512
19519
19668
20149
20505
20605
21086
21104
21287
21309
21601
21655
22118
22255
22328
22373
22740
23133
23137
23145
23251
23477
23584
23698
24160
24312
24391
24709
24975
25446
25529
25682
25763
25930
26008
26326
26398
26409
26425
26610
27033
27133
27271
27452
27476
27835
27870
28723
29075
29317
29470
29509
29543
29855
29917
30220
30244
30583
30955
31282
31317
31722
31844
31874
31994
32504
32841
32945
32989
33215
33546
34454
34945
35013
35340
35852
36163
36702
36884
36907
36951
36959
37013
37038
37239
38056
38299
38302
38350
38772
39385
39588
39598
39978
40686
40956
41010
41446
41691
42155
44774
44960
45581
46035
46190
46438
46610
Number of cuts: 225

DocB7
312
523
534
638
878
1624
1690
1739
1826
2313
3360
3807
4182
4578
4983
5279
5300
5324
5986
6283
6406
7391
7639
7917
8052
8061
8169
8726
9012
9806
10625
11019
11030
11236
11311
11380
11401
12432
12510
12687
12976
13234
13538
14017
14559
14749
14843
15115
15925
16615
16929
16976
17192
17371
18718
18751
18921
19105
19246
19692
19951
20002
20086
20134
20453
20496
20640
20847
20912
21230
21243
21316
21703
22227
22384
22480
22902
23237
23284
23418
23661
23689
23701
24165
24994
25345
25668
25725
25831
26455
27087
27226
27259
27431
27444
27460
27648
27852
27957
28167
28904
29511
30094
30771
32029
32468
32713
32758
32867
32887
33472
33519
33681
33911
34005
34177
34721
35497
36279
36369
36492
37047
37071
37654
38102
38670
38722
38786
38858
38990
39304
39367
39375
40118
40265
40374
41083
41403
41754
41836
41876
41959
41972
42501
42620
42687
43017
43561
43853
44383
44431
44922
45118
45189
45213
45233
45247
46215
46227
46783
47674
47725
47926
48068
48227
48445
48599
48635
49071
49392
49443
49522
51503
51751
51783
51880
52092
52139
52151
52215
52250
52287
52425
53543
53996
54521
55045
55088
55108
56221
56498
56515
56605
56966
57365
57515
57813
58183
58940
58952
59352
59535
59832
60782
60920
61127
61670
61826
61960
61982
62083
62792
62987
63166
63266
63694
63750
63790
64064
64151
65104
67069
67261
68205
68320
68487
68501
68614
69237
69410
69420
69671
69706
70050
70214
70585
70605
70699
70801
70980
71431
71458
71616
71672
71900
72683
72935
72943
72993
74228
75486
75692
75709
Number of cuts: 253

E3
201
702
787
944
1153
1223
1363
1447
1626
1727
1735
2007
2037
2243
2294
2342
2367
2433
2462
2561
2590
2800
2932
2942
3011
3018
3061
3321
3444
3524
3554
3597
3678
3700
3705
3809
3905
4069
4210
4403
4409
4476
4496
4523
4552
4589
4602
4744
4762
4867
4885
4926
4957
5036
5089
5221
5319
5347
5367
5804
5940
6009
6087
6218
6257
6280
6410
6415
6453
6465
6514
6526
6572
6586
6681
6693
6702
6711
6738
6746
6855
6914
6933
6975
7005
7083
7089
7101
7170
7374
7391
7594
7615
7645
7846
7852
7870
8095
8102
8145
8212
8231
8249
8255
8504
8548
8566
8573
8588
8652
8659
8680
8686
8706
8750
9114
9262
9274
9283
9297
9331
9337
9360
9510
9522
9616
9669
9678
9690
9702
9714
9769
9921
9965
10010
10103
10129
10336
10424
10556
10578
10612
10641
10666
10808
10832
10893
10918
11109
11182
11197
11288
11545
11863
11965
12091
12109
12270
12367
12451
12469
12547
12766
12849
12958
13006
13056
13079
13173
13215
13230
13241
13414
13510
13519
13693
13828
13946
14176
14185
14290
14321
14383
14437
14509
14563
14575
14618
14663
14766
14802
14831
14862
14963
15037
15056
15088
15177
15198
15213
15259
15314
15331
15343
15367
15384
15457
15482
15527
15597
15658
15823
15835
15957
15978
16049
16052
16088
16203
16266
16273
16313
16413
16507
16567
16692
16801
16866
16890
17088
17183
17199
17333
17367
17654
17665
17676
17749
17889
17898
18046
18067
18130
18177
18232
18242
18277
18493
18503
18528
18665
18703
18724
18756
18807
18828
18863
19032
19070
19140
19188
19236
19251
19304
19328
19407
19461
19493
19504
19564
19648
19696
19724
19741
20258
20261
20281
20422
20448
20607
20648
20685
20796
20848
20890
20948
21006
21079
21120
21134
21309
21363
21411
21493
21514
21611
21627
21665
21745
21758
21791
21870
21897
21933
22041
22053
22190
22225
22341
22413
22474
22483
22531
22666
22813
22904
22965
22980
22991
23049
23244
23281
23318
23511
23577
23656
23704
23729
23817
23836
24007
24066
24114
24168
24210
24289
24404
24475
24481
24582
24591
24619
24741
24849
24889
24900
25066
25364
25416
25656
25661
25708
25745
25759
25765
25901
25922
25938
25943
26006
26019
26036
26048
26144
26184
26228
26270
26323
26355
26413
26591
26645
26788
26837
26867
27009
27055
27076
27103
27230
27296
27446
27488
27543
27581
27587
27647
27704
27722
27729
27734
27920
27932
27972
28012
28019
28189
28382
28421
28430
28445
28473
28520
28580
28590
28621
28676
28805
28897
28973
28990
29087
29114
29196
29235
29241
29282
29347
29433
29494
29593
29704
29724
29743
29764
29998
30079
30124
30164
30250
30276
30294
30379
30432
30646
30790
30870
30959
30970
31020
31148
31219
31257
31335
31413
31432
31443
31480
31519
31717
31823
31847
31856
31904
31970
32255
32260
32779
32819
32890
33280
33379
33432
33451
33481
33497
33667
33797
33821
33904
33946
34036
34198
34209
34303
34324
34342
34385
34438
34444
34477
34525
34547
34637
34658
34690
34808
34905
34920
34937
35004
35029
35071
35256
35277
35463
35481
35488
35525
35575
35637
35778
35856
35992
36232
36427
36433
36620
36633
36743
36921
37002
37031
37052
37121
37172
37190
37232
37247
37256
37274
37359
37388
37451
37468
37479
37546
37672
37721
37777
37798
37865
37935
38139
38189
38243
38346
38458
38492
38530
38602
38656
38752
38815
38902
38948
38964
39052
39103
39121
39229
39427
39506
39674
39718
40216
40265
40334
40618
40645
40651
40745
40790
40849
40894
41249
41261
41388
41393
41541
41547
41580
41750
41756
41872
41903
41918
42026
42221
42244
42358
42381
42463
42679
42718
42931
43040
43052
43126
43212
43289
43345
43371
43422
43569
43589
43598
43625
43646
43784
43881
43888
44030
44087
44111
44174
44237
44259
44343
44409
44662
44736
44817
44838
44980
44998
45441
45462
45498
45628
45714
45720
45799
45943
45997
46049
46201
46265
46293
46319
46387
46411
46472
46515
46616
46628
46662
46818
46987
47059
47093
47155
47368
47477
47499
47672
47737
47812
47879
47982
48026
48071
48114
48155
48221
48260
48332
48504
48739
48805
48847
48856
48912
49005
49172
49192
49228
49335
49450
49575
49635
49741
49771
49810
49947
50017
50024
50073
50136
50168
50220
50355
50514
50661
50694
50712
50740
50856
50913
50919
51074
51103
51207
51333
51441
51451
51528
51565
51670
51757
51761
51977
51987
52064
52112
52162
52245
52494
52555
52599
52620
52632
52729
52733
52880
53043
53436
53542
53650
53715
53916
53981
54104
54113
54122
54305
54322
54337
54364
54451
54460
54584
54621
54706
54728
54852
54987
55012
55087
55128
55221
55233
55425
55458
55506
55551
55572
55645
55653
55711
55868
55880
55937
55981
56079
56133
56178
56555
56584
56605
56620
56668
56726
56732
56790
56863
56899
56930
56939
56972
57027
57065
57078
57105
57110
57148
57404
57480
57499
57517
57552
57561
57689
57735
57838
57906
57915
57997
58005
58022
58044
58095
58122
58140
58215
58242
58248
58317
58350
58395
58429
58437
58464
58600
58609
58620
58825
58861
58894
58915
59083
59209
59537
59548
59632
59652
59690
59716
59734
59776
59782
59849
59861
59961
59977
60008
60204
60213
60230
60409
60430
60434
60473
60485
60793
60925
60985
60996
61002
61047
61148
61325
61457
61466
61472
61496
61514
61523
61547
61559
61571
61586
61610
61646
61664
61703
61709
61718
61754
61763
61844
61852
62043
62053
62074
62103
62161
62181
62394
62619
62658
62700
62734
62810
62880
62913
62926
63024
63067
63087
63163
63337
63354
63462
63596
63669
63703
63782
63804
63953
64083
64152
64166
64227
64305
64329
64388
64416
64452
64521
64565
64614
64640
64757
64798
65136
65328
65416
65494
65544
65763
65794
65800
65866
66145
66249
66273
66285
66402
66410
66516
66568
66585
66595
66709
66771
66811
66862
67126
67358
67365
67422
67431
67726
67778
67848
67957
67981
68005
68227
68263
68317
68395
68454
68479
68511
68631
68641
68790
68912
69111
69126
69149
69176
69239
69296
69404
69473
69519
69524
69597
69620
69639
69647
69689
69774
69866
70050
70104
70152
70160
70250
70262
70310
70351
70367
70479
70571
70700
70722
70773
70851
70905
71096
71109
71203
71286
71432
71482
71505
71728
71873
71994
72071
72224
72355
72404
72428
72610
72875
73046
73066
73092
73170
73295
73324
73382
73430
73502
73542
73587
73730
73951
74019
74106
74160
74341
74441
74525
74591
74675
74747
74861
74937
75050
75438
75566
75575
75584
75932
75939
75976
76079
76156
76224
76286
76391
76588
76651
76694
76706
76714
76747
76873
76948
77119
77200
77226
77274
77371
77596
77622
77660
77680
77816
77946
77998
78047
78408
78453
78685
78717
78726
78829
79011
79136
79146
79249
79426
79440
79452
79521
79533
79620
79698
79748
79844
80117
80123
80169
80234
80243
80352
80372
80416
80460
80574
80625
80668
80784
80861
80907
80914
81009
81014
81036
81560
81569
81734
81912
81978
82061
82080
82295
82308
82461
82503
82535
82538
82583
82877
82949
83004
83060
83101
83138
83204
83271
83388
83476
83481
83540
83552
83649
84050
84177
84195
84232
84313
84329
84373
84408
84444
84467
84470
84521
84545
84675
84897
84981
85519
85621
85705
85712
85831
85844
86038
86044
86068
86402
86682
86690
86836
86891
86980
87004
87035
87106
87219
87240
87277
87301
87324
87339
87465
87517
87549
87643
87714
87872
87887
87978
88673
88700
88709
88729
88886
88935
89028
89185
89221
89236
89382
89392
89427
89442
89529
89629
89670
89688
89717
89747
89847
89865
90066
90144
90409
90417
90437
90485
90506
90642
90723
90762
90787
90901
90942
90975
91022
91112
91145
91159
91217
91379
91414
91694
91739
91745
91787
91837
91910
91925
91934
91940
92026
92102
92129
92166
92231
92302
92502
92539
92615
92829
92898
92937
92946
93415
93558
93606
93612
93645
93648
93726
93840
93949
94056
94101
94143
94207
94222
94236
94253
94286
94413
94420
94438
94522
94537
94605
94665
94684
94757
94867
94992
95074
95158
95190
95233
95240
95392
95437
95525
95621
95640
95684
95720
95762
95835
95938
95951
96001
96014
96118
96152
96161
96279
96400
96439
96491
96503
96564
96598
96605
96685
96760
96809
96881
96930
97053
97085
97188
97413
97470
97578
97638
97702
97827
98107
98151
98159
98236
98336
98349
98402
98473
98481
98601
98619
98697
98757
98985
99036
99081
99101
99122
99184
99207
99267
99381
99420
99448
99475
99561
99566
99675
99721
99778
100007
100028
100322
100366
100454
100481
100525
100546
100600
100629
100721
100730
100872
100880
100998
101003
101038
101062
101107
101200
101208
101228
101398
101420
101515
101661
101705
101716
101865
101973
101987
102188
102302
102535
102604
102794
102830
102953
102984
103004
103045
103289
103294
103312
103499
103556
103576
103587
103615
103625
103637
103684
104029
104116
104256
104272
104289
104371
104577
104586
104592
104731
104940
105106
105117
105292
105324
105334
105402
105770
105825
105833
105847
105862
105882
105979
106047
106113
106140
106176
106269
106303
106436
106462
106467
106498
106572
106593
106644
106653
106699
106843
107095
107135
107188
107324
107366
107485
107535
107554
107572
107656
107816
107867
107926
108008
108103
108148
108154
108196
108260
108298
108358
108525
108534
108580
108708
108756
108866
109100
109184
109284
109369
109378
109438
109638
109658
109681
109726
109747
109767
109899
109917
109927
110210
110412
110426
110579
110589
110597
110796
110953
111322
111327
111496
111562
111698
111765
111823
111829
111855
111919
111952
111991
112000
112042
112051
112090
112225
112498
112527
112580
112644
112751
112793
112818
112856
113155
113212
113256
113271
113323
113413
113425
113536
113658
113677
113806
113817
114002
114011
114023
114035
114074
114170
114191
114197
114402
114536
114571
114636
114688
114764
114921
114973
114993
115032
115144
115154
115182
115243
115308
115317
115347
115438
115503
115547
115589
115640
115786
115802
115972
115994
116036
116111
116158
116186
116206
116260
116299
116323
116369
116392
116416
116515
116579
116634
116714
116765
116795
116816
116867
116918
116999
117010
117146
117192
117471
117489
117591
117816
118018
118062
118098
118282
118308
118419
118497
118709
118781
118790
118796
118838
118871
119021
119110
119156
119180
119369
119417
119468
119567
119618
119666
119731
119762
119842
119857
119942
120245
120257
120278
120403
120446
120541
120550
120570
120667
120719
120743
120842
120992
121038
121225
121249
121391
121537
121555
121585
121630
121654
121684
121705
121717
121750
121774
121786
121813
121861
121990
122122
122136
122156
122230
122247
122341
122365
122399
122455
122549
123031
123322
123420
123488
123584
123623
123693
123866
123923
123938
124032
124037
124058
124091
124135
124371
124423
124475
124635
124736
124888
124941
124954
124966
124975
125047
125057
125153
125266
125299
125323
125335
125389
125484
125526
125580
125611
125642
125667
125774
125814
125939
125956
126074
126094
126125
126131
126154
126164
126227
126261
126284
126383
126399
126531
126852
126892
126983
127132
127142
127211
127260
127270
127294
127330
127410
127526
127551
127586
127628
127634
127670
127694
127715
127805
127879
127969
128031
128077
128148
128223
128235
128379
128395
128421
128523
128628
128657
128870
128903
128949
129022
129031
129147
129212
129235
129311
129358
129481
129514
129541
129554
129621
129705
129809
129861
129870
129893
129977
130006
130149
130700
130755
130805
130825
130942
131008
131060
131168
131187
131234
131260
131516
131623
131657
131716
131719
131822
131950
132026
132069
132085
132098
132121
132196
132277
132389
132396
132503
132570
132667
132700
132744
132753
132776
132844
132924
132982
133014
133060
133321
133328
133504
133509
133560
133576
133596
133615
133629
133654
133691
133815
134031
134103
134161
134260
134280
134301
134335
134355
134487
134603
134670
134682
134697
134740
134760
134799
134823
134893
134937
135030
135039
135075
135166
135229
135255
135297
135324
135403
135483
135528
135586
135627
135630
135696
135846
135915
136024
136075
136090
136249
136383
136429
136448
136507
136525
136598
136654
136738
136870
137090
137109
137231
137314
137347
137404
137452
137458
137494
137606
137695
137707
137827
137844
137953
138046
138067
138088
138199
138214
138334
138523
138529
138602
138649
138679
138732
138981
138996
139056
139290
139296
139317
139384
139432
139498
139596
139637
139712
139755
139856
139899
139966
140056
140079
140146
140225
140377
140428
140494
140584
140749
140999
141127
141305
141338
141349
141564
141586
141645
141676
141745
141791
141844
141967
142022
142104
142138
142286
142336
142371
142426
142496
Number of cuts: 1932

Erik
5
107
274
304
352
397
618
622
634
968
982
1188
1384
1673
1692
1771
1809
1924
1964
2021
2048
2074
2078
2308
2552
2990
3011
3027
3082
3206
3391
3460
3468
3484
3831
4045
4306
4495
4511
4564
4716
5078
5084
5475
5543
5675
5793
6023
6060
6500
6565
6653
6893
6928
7020
7151
7350
7356
7464
7696
7965
8347
8406
8458
8859
9428
9560
9714
10007
10150
10461
10606
10620
10627
10663
11229
11286
11540
11914
11982
12079
12232
12240
12655
13116
13817
13849
13876
13962
13970
14043
14089
14139
14430
14778
14988
15079
15160
15534
15623
16018
16175
16577
16634
16793
17030
17183
17554
17614
17672
18058
18311
18571
18628
18632
18769
18882
19541
19548
20357
21115
21133
21158
21316
21338
21428
21634
21982
22389
22756
23149
23153
23161
23493
23599
23713
23787
23850
24174
24326
24723
24989
25314
25384
25543
25696
25777
25944
26022
26423
26624
27047
27147
27466
27490
27713
27849
28982
29010
29407
29446
29480
29980
30224
30283
30307
30646
30837
30873
31018
31345
31380
31651
31785
31907
31937
32057
32904
33052
33278
33315
33780
34253
34735
34803
35130
35642
36492
36674
36697
36749
36828
36892
37273
37846
38089
38092
38101
38140
38562
39175
39320
39378
39388
39981
40374
41133
41378
41412
41839
42281
42667
43191
44655
45070
45210
45375
45638
45843
45998
46326
46422
Number of cuts: 222

Espica
5
107
274
304
352
397
618
622
634
968
982
1188
1384
1673
1692
1771
1809
1924
1964
2021
2048
2074
2078
2308
2552
2990
3011
3027
3082
3206
3391
3460
3468
3484
3831
3933
4045
4306
4495
4511
4564
4716
5078
5084
5475
5543
5675
5793
6023
6060
6500
6565
6653
6893
6928
7020
7151
7350
7356
7464
7696
7965
8347
8406
8458
8860
9429
9561
9715
10008
10151
10462
10607
10621
10628
10664
11230
11287
11541
11915
11983
12043
12061
12080
12233
12241
12656
13117
13818
13850
13877
13963
13971
14044
14090
14140
14431
14779
14989
15080
15161
15535
15624
16019
16176
16578
16635
16794
17031
17184
17555
17615
17673
18059
18312
18572
18629
18633
18770
18883
19542
19549
20358
21116
21134
21159
21317
21339
21429
21635
21983
22390
22757
23150
23154
23162
23268
23494
23601
23658
23715
23789
23852
24177
24329
24726
24992
25317
25387
25546
25699
25780
25947
26025
26426
26627
27050
27150
27469
27493
27716
27852
28948
29013
29408
29447
29481
29526
29981
30225
30284
30308
30647
30838
30874
31019
31264
31346
31381
31652
31908
31938
32058
32905
33053
33279
33316
33797
34254
34592
34745
34813
35140
35652
36502
36684
36759
36813
36838
36902
37283
37856
38099
38102
38111
38150
38343
39185
39327
39385
39395
40295
41243
41488
41522
41949
42391
42777
43301
44765
45180
45320
45485
45748
45953
46108
46434
46530
Number of cuts: 228

Finch
205
353
391
436
484
502
584
688
706
808
973
1030
1070
1110
1168
1197
1252
1286
1352
1428
1562
1580
1591
1811
1894
1921
1946
2020
2243
2260
2266
2291
2308
2409
2496
2686
2698
2719
2729
2752
2767
2884
2960
3016
3070
3228
3234
3258
3274
3339
3468
3475
3534
3576
4160
4306
4432
4456
4475
4779
4848
4863
4914
4949
4973
5384
5437
5586
5696
5727
5759
5849
5867
5891
5915
5978
6126
6161
6165
6231
6237
6565
6657
6671
6726
7026
7446
7488
7548
7842
7906
7911
7937
8322
8400
8552
8576
8592
8652
8699
8798
8944
8954
9017
9069
9137
9188
9236
9281
9410
9450
9533
9572
9599
9737
9833
9890
9998
10064
10093
10538
10609
10913
10946
11230
11249
11389
11419
11488
11573
11950
12016
12094
12112
12137
12160
12181
12208
12238
12355
12397
12407
12711
12820
12994
13180
13216
13278
13479
13608
13627
13752
13886
13950
14156
14167
14347
14527
14607
14788
14805
14835
15226
15263
15271
15333
15369
15381
15478
15556
15583
15670
15791
16165
16261
16298
16516
16544
16586
16730
16799
16923
16975
17037
17214
17503
17622
17629
17680
17689
17797
17830
17926
18196
18708
19001
19051
19054
19209
19219
19500
20016
20212
20352
20432
20567
20659
20749
20785
20852
20949
20986
20992
21135
21204
21249
21307
21333
21551
21646
21701
21757
21991
22179
22230
22390
22573
22600
22701
22769
22833
22961
23036
23120
23169
23292
23348
23360
23438
23483
23501
23720
23987
24092
24099
24118
24180
24420
24486
24823
24830
24845
24853
24957
24970
25003
25030
25108
25167
25210
25369
25414
25501
25570
25585
25618
25665
25738
25759
25784
25810
25847
25927
25942
26119
26147
26177
26188
26245
26353
26374
26498
26566
26656
26680
26764
27276
27297
27552
27639
27663
27757
27779
27920
28128
28161
28245
28289
28343
28364
28451
28529
28616
28650
28738
28825
28918
28947
29098
29225
29529
29532
29645
29679
29775
29925
29973
30022
30117
30174
30201
30288
30555
30645
30663
30723
30800
30820
30912
30948
31125
31230
31489
31504
31527
31692
31877
31944
32032
32153
32199
32208
32307
32424
32472
32493
32596
32691
32816
32878
33385
33419
33541
33662
33710
33767
34245
34252
34434
34445
34830
34971
34981
35013
35220
35266
35466
35473
35655
35806
35869
35875
35988
36041
36361
36400
36526
36655
36776
36929
37054
37066
37213
37305
37360
37679
37885
37901
38035
38050
38130
38193
38237
38287
38467
38485
38503
38545
38572
38648
38662
38680
38785
38818
38884
38899
39007
39283
39415
39508
39580
39910
40214
40520
40650
40715
40750
40903
41061
41110
41403
41618
41750
41816
41859
41912
42092
42131
42171
42201
42209
42296
42308
42344
42372
42542
42639
42780
42863
42911
43049
43082
43115
43232
43248
43295
43307
43388
43397
43577
43616
43648
43712
43739
43815
44005
44188
44204
44269
44417
44431
44515
44542
44626
44644
44689
44696
44748
44769
44779
44837
44847
44934
45007
45033
45259
45468
45699
45770
45842
45960
46004
46109
46154
46175
46203
46343
46376
46386
46565
46601
46808
46829
46955
47016
47288
47471
47591
47675
47782
47835
47845
48039
48049
48224
48365
48386
48558
48576
48717
48749
48824
48839
48853
48893
49116
49133
49233
49310
49747
50114
50159
50267
50402
50446
50617
50635
50662
50680
50744
50806
50887
50899
51142
51152
51199
51308
51373
51391
51467
51670
51748
51754
51793
51891
51992
52066
52153
52231
52459
52621
52736
52809
52825
52981
53107
53176
53423
53452
53668
53827
53842
53852
53869
53977
54115
54130
54302
54310
54319
54378
54408
54779
54923
54948
55043
55058
55188
55308
55323
55368
55377
55449
55496
55521
55602
55656
55782
56008
56165
56504
56533
56546
56560
56590
56677
56837
56866
56969
57136
57172
57339
57351
57519
57531
57669
57710
57826
57864
57909
58176
58326
58411
58474
58531
58634
58743
58847
58957
59104
59340
59376
59477
59492
59605
59614
59734
59833
59962
60098
60173
60468
60476
60557
60701
60773
60879
60938
61001
61107
61145
61160
61170
61189
61214
61412
61463
61497
61523
61633
61704
61830
61842
61910
61957
61988
62041
62058
62226
62338
62433
62461
62615
62736
62756
62768
62915
62951
62982
63025
63028
63242
63576
63585
63597
63609
63628
63636
64111
64357
64590
64607
64842
64917
65113
65283
65591
65783
65852
65900
66047
66077
66148
66164
66204
66314
66485
66497
66551
66579
66700
66737
66803
66887
66941
67094
67173
67280
67355
67414
67431
67434
67467
67595
67697
67709
67754
67859
68001
68066
68372
68426
68620
68683
68735
68743
68785
68797
69038
69199
69388
69509
69748
69781
69800
69899
69938
69964
70092
70191
70266
70410
70469
70575
70619
70657
70894
71089
71313
71351
71480
71511
71517
71528
71658
71731
71813
71876
72093
72323
72489
72567
72648
72751
72839
73133
73251
73307
73347
73536
73579
73593
73680
73704
73731
73767
73830
73942
73999
74071
74170
74201
74261
74353
74386
74464
74628
74669
74737
74891
74926
74966
75039
75130
75308
75353
75369
75431
75554
75720
75785
75818
75833
75844
75975
76061
76076
76159
76503
76542
76554
76689
76804
76824
76842
76849
77147
77289
77502
77571
77580
77684
77744
77935
78005
78044
78161
78276
78319
78456
78489
78692
78791
78890
79076
79118
79280
79387
79404
79503
79665
79731
79792
80016
80042
80371
80459
80805
80925
80960
81039
81103
81168
81219
81288
81394
81417
81489
81525
81557
81615
81924
81970
82070
82213
82298
82386
82443
82503
82536
82557
82620
82645
82713
83077
83085
83147
83328
83413
83511
83667
83744
83795
84017
84066
84093
84173
84234
84297
84304
84416
84743
84750
84770
84785
84840
85065
85403
85432
85483
85518
85570
85667
85787
85996
86052
86102
86192
86207
86400
86553
86596
86685
86858
86888
86928
87302
87315
87395
87425
87440
87554
87633
87653
87774
87867
87923
87982
88245
88394
88410
88532
88643
88815
88861
89001
89183
89206
89288
89330
89345
89400
89463
89543
89682
89808
89838
89866
89975
90263
90363
90490
90560
90591
90800
90874
90904
91140
91155
91267
91351
91523
92049
92067
92085
92253
92504
92767
92959
93096
93187
93436
93505
93529
93982
93998
94022
94051
94145
94179
94246
94288
94348
94551
94578
94673
94802
94970
95071
95161
95196
95250
95523
95691
95793
95827
95883
95974
96042
96057
96148
96162
96194
96225
96459
96495
96744
96813
96883
96921
96936
96956
97016
97418
97479
97519
97566
97945
98134
98281
98427
98451
98541
98605
98713
98736
98767
98854
98922
98946
99031
99039
99247
99303
99425
99471
99559
99623
99883
99965
100016
100281
100341
100364
100419
100467
100507
100616
100737
100881
100899
101017
101067
101148
101214
101232
101349
101493
101668
101728
101761
101889
101935
101952
102046
102156
102216
102232
102270
102328
102502
102635
102666
102695
102830
102870
102907
103071
103084
103115
103189
103343
103504
103785
103839
104149
104230
104349
104360
104381
104426
104585
104597
104622
104646
104719
104734
104875
104977
105039
105426
105551
105617
105732
105892
105925
105997
106036
106153
106269
106275
106306
106336
106373
106405
106511
106551
106555
106568
106580
106711
106904
107242
107249
107324
107374
107679
107797
107826
108397
108541
108559
108706
109002
109106
109178
109198
109312
109376
109432
109571
109688
109736
109766
109781
109856
109880
109895
109909
109927
110147
110314
110337
110365
110876
111186
111228
111259
111282
111366
111411
111611
111683
111755
112275
112290
112331
112420
112490
112717
112738
112774
112786
112813
112825
112897
113033
113039
113062
113116
113134
113155
113161
113197
113323
113436
113651
113683
113996
114033
114101
114269
114287
114510
114805
115115
115145
115276
115414
115460
115716
115829
115926
116294
116401
116513
116584
116596
116647
116756
116780
117121
117127
117151
117206
117346
117546
117554
117685
117965
118014
118125
118173
118199
118415
118569
118623
118730
118796
118845
118988
119028
119118
119360
119426
119462
119555
119582
119604
119613
119723
119747
119786
119912
120029
120074
120184
120318
120358
120398
120438
120635
120651
120692
120868
120926
120982
121100
121114
121213
121269
121336
121453
121480
121697
121935
122055
122172
122193
122280
122379
122386
122428
122448
122634
122685
122757
123023
123104
123228
123263
123308
123350
123503
123650
123684
123747
123764
124013
124036
124098
124144
124167
124237
124314
124359
124468
124494
124623
124662
124874
124898
125016
125037
125243
125257
125273
125405
125550
125605
125613
125635
125734
125806
125854
125982
125998
126091
126139
126212
126235
126285
126363
126460
126520
126562
126613
126619
126688
126721
126948
127342
127594
127671
127725
127735
127775
127836
127917
127939
128501
128744
128755
128801
128945
128998
129103
129136
129143
129322
129326
129636
129656
129864
129914
129977
130029
130139
130203
130211
130457
130470
130554
130580
130622
130652
130685
130815
130874
130910
131019
131069
131148
131210
131240
131265
131363
131370
131414
131507
131550
131585
131684
131813
131853
131867
131969
132158
132194
132254
132365
132386
132488
132645
132755
132798
132914
133097
133226
133298
133360
133378
133522
133534
133564
133601
133642
133729
133801
133851
133951
134015
134077
134176
134209
134239
134251
134263
134421
134468
134614
134823
134841
134883
134905
134953
135096
135253
135309
135387
135411
135502
135584
135682
135704
135788
135816
135920
136054
136229
136518
136640
136693
136847
136914
136969
137004
137085
137092
137301
137312
137498
137597
137981
138017
138105
138444
138516
138654
Number of cuts: 1459

Gollum
5
107
274
304
352
397
618
622
634
968
982
1188
1384
1673
1692
1771
1809
1924
1964
2021
2048
2074
2078
2308
2552
2990
3011
3027
3082
3206
3391
3460
3468
3484
3831
3933
4045
4306
4495
4511
4564
4716
5078
5084
5475
5543
5675
5793
6023
6060
6500
6565
6653
6893
6928
7020
7151
7350
7356
7464
7696
7965
8347
8406
8458
8860
9429
9561
9715
10008
10151
10462
10607
10621
10628
10664
11230
11287
11541
11915
11983
12043
12061
12080
12233
12241
12656
13117
13818
13850
13877
13963
13970
14044
14090
14140
14431
14779
14989
15080
15161
15535
15624
16019
16176
16578
16635
16794
17031
17481
17555
17615
17673
18059
18312
18572
18629
18633
18770
19470
19542
19549
20358
21116
21134
21159
21317
21339
21429
21635
21983
22390
22757
23150
23154
23162
23268
23494
23601
23658
23715
23789
23852
24176
24328
24725
24991
25376
25386
25462
25545
25698
25779
25946
26024
26425
26626
27049
27149
27468
27492
27715
27851
28947
29012
29407
29446
29480
29826
29839
29924
30290
30349
30373
30712
31329
31411
31446
31717
31973
32003
32123
32970
33118
33344
33381
33862
34319
34801
34869
35196
35708
36558
36740
36815
36869
36894
36958
37339
37912
38155
38158
38167
38206
38399
39241
39383
39441
39451
39776
39991
40485
41244
41489
41523
41950
42392
42778
43302
44766
45181
45321
45486
45749
45954
46109
46432
46528
Number of cuts: 228

Grayson
1404
2625
2832
3026
3231
3603
3693
3904
4469
4823
5567
6950
7838
8077
8788
8957
9994
10154
10386
12148
12592
13251
13331
14281
15641
15884
15895
17269
17490
19012
19019
19564
22196
23266
24063
25818
26422
27164
27189
27363
29135
29359
29463
30297
30338
33130
34526
35331
36516
39561
40507
40710
43616
43871
44568
44837
45092
45170
45807
46500
47130
48555
50946
52503
52605
52677
53293
53642
56104
57519
59485
60596
62309
62771
64338
65723
66527
67314
67968
69760
71399
72406
74311
75882
75962
77493
78037
78924
80015
81076
82595
83028
84050
84098
84153
86339
88705
89003
90597
93217
93381
94292
94704
99928
100471
101110
102387
102397
102983
103323
104480
106147
106226
106881
107146
108051
108217
108549
108975
111151
111355
111628
112881
114798
115172
115748
116611
116661
117499
118344
118434
119857
120004
120483
121151
121173
121637
121876
122379
122416
124166
124287
124635
124641
125535
128119
128486
128548
128552
128832
130305
131526
131733
Number of cuts: 153

Harlequin
5
107
274
304
352
397
618
622
634
968
982
1188
1384
1673
1692
1771
1809
1924
1964
2021
2048
2074
2078
2236
2308
2552
2990
3011
3027
3082
3206
3391
3460
3468
3471
3484
3612
3831
3933
3955
4306
4511
4564
5006
5078
5270
5475
5543
5675
5763
6485
6550
6638
6878
6913
7005
7061
7136
7144
7335
7341
7449
8155
8347
8440
8771
8816
9004
9373
9867
10095
10551
10608
10895
11180
11237
11491
11865
11933
11993
12030
12183
12191
12758
13560
13768
13913
13921
13994
14008
14090
14381
14501
14729
14939
15485
15574
15724
15969
16244
16585
16744
16981
17431
17565
17623
17836
18009
18579
18583
18720
18833
18881
19420
19492
19605
20131
20308
20523
20907
21019
21066
21109
21289
21379
21988
22350
22395
23155
23159
23167
23174
23273
23499
23606
23663
23720
23794
23857
24181
24333
24730
24996
25381
25703
25784
25951
26029
26237
26419
26430
26631
27054
27154
27292
27473
27497
27720
27856
28651
28690
28989
29017
29414
29453
29487
29832
30076
30135
30159
30498
30671
30689
30725
30870
31115
31197
31232
31637
31759
31789
31909
32756
32904
33130
33167
33648
33657
34105
34587
34655
34982
35494
36344
36526
36549
36601
36655
36744
37125
37698
37944
37992
38539
38564
38824
39027
39230
39240
40341
41091
41337
41371
41798
42240
42626
43150
44614
45029
45169
45597
45802
45957
46280
46376
Number of cuts: 225

Hiro
5
107
274
304
352
397
618
622
634
968
982
1188
1384
1673
1692
1771
1809
1924
1964
2021
2048
2074
2078
2236
2308
2552
2990
3011
3027
3082
3206
3391
3460
3468
3471
3484
3612
3737
3831
3883
3933
4045
4306
4314
4495
4511
4564
4716
5078
5270
5543
5675
5793
6317
6485
6550
6638
6878
6913
7005
7061
7136
7335
7341
7449
8155
8347
8440
8816
9004
9373
9735
9816
10095
10406
10523
10551
10608
11174
11231
11485
11549
11679
11859
11987
12257
12317
13031
13200
13390
13838
14074
14100
14133
14219
14300
14313
14396
15024
15027
15045
15065
15245
15791
15880
16275
16432
16834
16891
17051
17803
17811
17871
17929
18142
18315
18828
18885
18889
19139
19176
19726
19798
19805
19954
20104
20791
21076
21325
21372
21390
21512
21573
21595
21658
21673
21685
21887
21941
22412
22521
22662
22922
23031
23407
23411
23975
24049
24112
24588
24985
25251
25636
25958
26039
26206
26284
26492
26674
26685
26886
27309
27409
27547
27728
27752
27975
28111
28906
28945
29244
29272
29669
29708
29742
29787
30088
30101
30186
30552
30611
30635
30974
31147
31201
31346
31591
31673
31708
31979
32113
32235
32265
32385
33232
33380
33606
33643
34124
34581
35063
35131
35458
35970
36820
37002
37025
37077
37131
37220
37601
38174
38417
38420
38468
38626
38837
39015
39503
39706
39716
40094
40309
40507
40803
41562
41808
41842
42711
43097
43621
45085
45500
45640
46068
46273
46428
46751
46847
Number of cuts: 239

Jace
129
256
265
515
550
637
679
793
1027
1156
1177
1249
1369
1407
1546
1649
1680
1792
1863
2004
2027
2076
2266
2317
2514
2536
2710
2812
2830
2898
2916
2963
3153
3344
3396
3474
3480
3644
3713
3776
3873
3956
4085
4115
4152
4206
4220
4368
4418
4431
4543
4616
4643
4927
4935
4948
4989
5038
5373
5473
5599
5620
5639
5685
5712
5722
5803
5829
5934
6052
6087
6097
6169
6243
6271
6423
6460
6501
6510
6583
6606
6710
6722
6948
7056
7164
7182
7390
7459
7477
7534
7556
7585
7911
7954
8102
8111
8171
8339
8443
8510
8525
8627
8675
8699
9080
9115
9187
9242
9276
9324
9445
9575
9627
9643
9729
9823
9910
10024
10108
10162
10307
10517
10618
10712
10727
10814
10882
10910
10954
11018
11045
11204
11246
11342
11441
11531
11641
11842
11960
11984
12305
12383
12472
12524
12533
12548
12953
12968
13096
13304
13558
13606
13624
13732
13832
13869
14005
14087
14099
14126
14144
14155
14200
14233
14401
14471
14588
14810
14818
14859
15010
15130
15412
15511
15540
15616
15679
15771
15853
15933
16030
16315
16500
16576
16596
16776
16897
17007
17050
17090
17122
17188
17236
17396
17563
17672
17687
17840
18083
18119
18203
18290
18491
18584
18702
18833
19289
19425
19625
19821
20030
20059
20065
20123
20268
20273
20466
20650
20689
20764
20870
21001
21053
21288
21314
21357
21439
21568
21704
21790
22352
22388
22410
22563
22846
22912
23054
23085
23153
23172
23298
23306
23395
23450
23581
23606
23642
23754
23960
24047
24086
24270
24315
24473
24480
24505
24519
24565
24603
24739
24750
24953
24961
25080
25099
25114
25167
25239
25254
25484
25581
25752
25809
25842
25985
26001
26016
26059
26087
26180
26257
26285
26291
26324
26484
26499
26515
26650
26752
26773
26874
26986
26998
27027
27087
27090
27180
27225
27434
27463
27497
27682
27753
27882
27950
27969
28002
28043
28139
28155
28242
28633
28868
29027
29220
29555
29631
29667
29696
29804
30085
30102
30125
30297
30318
30364
30385
30411
30424
30438
30510
30640
30715
30753
30758
31222
31225
31417
31602
31623
31904
32023
32107
32152
32197
32335
32466
32553
32565
32589
32619
32650
32714
32777
32821
33061
33261
33546
33615
33648
33692
33808
33902
34256
34295
34361
34512
34589
34698
34759
34781
34926
34980
35046
35122
35138
35142
35348
35370
35385
35551
35636
35789
35846
35881
35919
36054
36298
36352
36411
36487
36572
36585
36919
36972
36999
37138
37162
37308
37385
37476
37498
37694
37745
37837
37895
37936
37987
38182
38300
38315
38361
38382
38415
38603
38964
38985
39027
39125
39155
39227
39331
39385
39463
39507
39711
39760
39783
39796
39923
40019
40085
40100
40108
40123
40281
40349
40364
40504
40542
40665
40710
40741
40749
40858
40879
41092
41118
41593
41661
41677
41825
41910
41990
42021
42239
42291
42411
42538
42628
42674
42688
42844
42866
42925
43036
43087
43189
43304
43504
43532
43721
43770
43871
43920
43948
44014
44020
44124
44172
44231
44415
44477
44486
44520
44540
44680
44697
44780
44795
44895
44953
45119
45209
45309
45419
45614
45738
45792
45899
46092
46234
46321
46415
46594
46652
46688
46736
46786
46801
46949
47007
47140
47150
47229
47322
47334
47569
47751
47794
47824
47886
47978
48110
48285
48396
48429
48509
48572
48614
48689
48749
48858
48926
48986
49195
49221
49237
49379
49440
49485
49501
49537
49596
49641
49795
49916
49933
49985
50033
50087
50120
50160
50222
50693
50790
50825
50833
50841
50901
50913
51032
51083
51132
51303
51348
51370
51392
51879
51990
52045
52077
52158
52200
52433
52524
52532
52598
52634
52707
52757
53076
53261
53314
53364
53645
53727
Number of cuts: 588

Jester
5
107
274
304
352
397
618
622
634
968
982
1188
1384
1673
1692
1771
1809
1924
1964
2021
2048
2074
2078
2236
2308
2552
2990
3011
3027
3082
3206
3391
3460
3468
3471
3484
3612
3831
3933
3955
4306
4511
4564
5006
5078
5270
5475
5543
5675
5763
6485
6550
6638
6878
6913
7005
7061
7136
7144
7335
7341
7449
8155
8347
8440
8771
8816
9004
9373
9735
9867
10095
10523
10551
10608
11174
11231
11485
11549
11679
11859
11927
11987
12024
12177
12185
12257
12366
13034
13554
13762
13821
13907
13915
13988
14084
14375
14712
14715
14753
14933
15479
15568
15963
16120
16579
16739
17491
17499
17617
17830
18003
18516
18573
18577
18714
18827
18875
19414
19486
19599
20125
20302
20517
20901
21013
21060
21103
21283
21373
21928
22281
22326
23086
23090
23098
23105
23204
23430
23537
23594
23651
23725
23788
24112
24264
24661
24927
25312
25634
25715
25882
25960
26168
26350
26361
26562
26985
27085
27223
27404
27428
27651
27787
28582
28621
28920
28948
29345
29384
29418
29763
30007
30066
30090
30429
30602
30620
30656
30801
31046
31128
31163
31568
31690
31720
31840
32687
32835
33061
33098
33579
33588
34036
34518
34586
34913
35425
36275
36457
36480
36532
36586
36675
37056
37629
37875
37923
38470
38495
38755
38958
39161
39171
40272
41022
41268
41302
41729
42171
42557
43081
44545
44960
45100
45528
45733
45888
46211
46307
Number of cuts: 230

Krishelle
5
107
274
304
352
397
618
622
634
968
982
1188
1384
1673
1692
1771
1809
1924
1964
2021
2048
2074
2078
2308
2552
2990
3011
3027
3082
3206
3391
3460
3468
3484
3831
3933
4045
4306
4495
4511
4564
4716
5078
5084
5475
5543
5675
5793
6023
6060
6500
6565
6653
6893
6928
7020
7151
7350
7356
7464
8170
8362
8455
8831
9019
9388
9750
9831
10110
10421
10538
10566
10623
11189
11246
11500
11564
11694
11874
12002
12272
12332
13046
13215
13405
13853
14089
14115
14148
14234
14315
14328
14411
15039
15042
15060
15080
15260
15806
15895
16290
16447
16906
17066
17752
17818
17826
17886
17944
18157
18330
18843
18900
18904
19154
19202
19626
19741
19813
19820
19969
20806
21091
21340
21387
21405
21527
21588
21610
21673
21688
21700
21938
21992
22463
22572
22713
22973
23082
23458
23462
24026
24460
24612
24691
25009
25275
25746
25829
25982
26063
26230
26308
26626
26698
26709
26725
27333
27433
27571
27752
27776
28135
28170
29375
29616
29769
29808
30188
30201
30286
30652
30711
30735
31074
31773
31808
32079
32213
32335
32365
32485
33332
33436
33706
33743
34208
34681
35163
35231
35558
36070
36346
36538
36929
37111
37134
37186
37265
37329
37710
38283
38526
38529
38538
38577
38999
39612
39757
39815
39825
40418
40912
41671
41916
41950
42377
42819
43205
43729
45193
45608
45849
46371
46978
Number of cuts: 225

Lillie
5
107
274
304
352
397
618
622
634
968
982
1188
1384
1673
1692
1771
1809
1924
1964
2021
2048
2074
2078
2308
2746
2990
3011
3027
3082
3206
3351
3391
3460
3468
3471
3484
3723
3831
3933
4045
4306
4495
4511
4564
4716
5078
5084
5475
5543
5675
5793
6023
6060
6500
6565
6653
6893
6928
7020
7151
7350
7356
7464
7696
7965
8347
8406
8458
8860
9429
9561
9715
10008
10151
10462
10607
10621
10628
10664
11230
11287
11541
11915
11983
12080
12233
12241
12656
13117
13818
13850
13877
13963
13971
14044
14090
14140
14431
14779
14989
15080
15161
15535
15624
16019
16176
16578
16635
16794
17031
17184
17555
17615
17673
18059
18312
18572
18629
18633
18770
18883
19542
19549
20358
21116
21134
21159
21317
21339
21429
21635
21719
21983
22390
22757
23150
23154
23162
23494
23601
23715
23789
23852
24176
24328
24991
25279
25376
25386
25462
25545
25698
25779
25946
26024
26425
26626
27049
27149
27468
27492
27715
27851
28984
29012
29409
29448
29828
29841
29926
30292
30351
30375
30714
31413
31448
31719
31853
31975
32005
32125
32972
33076
33346
33383
33848
34321
34803
34871
35198
35710
36560
36742
36765
36817
36896
36960
37341
37914
38157
38160
38169
38208
38630
39243
39388
39446
39456
40049
40543
41302
41547
41581
42008
42450
42836
43360
44824
45239
45379
45544
45807
46012
46167
46493
46589
Number of cuts: 226

Mahdia
20
100
117
148
218
233
245
276
284
357
408
428
467
473
509
546
562
744
752
787
877
928
1039
1049
1207
1324
1330
1375
1384
1492
1504
1516
1549
1570
1595
1745
1753
1783
1807
1835
1846
1922
1942
1960
2127
2157
2202
2311
2375
2383
2395
2535
2551
2557
2616
2635
2710
2719
2860
2968
2995
3098
3119
3170
3208
3238
3257
3376
3485
3493
3505
3561
3607
3618
3693
3739
3750
3786
3805
3819
3843
3870
3941
4005
4029
4038
4044
4065
4071
4084
4101
4146
4317
4347
4356
4395
4434
4443
4504
4564
4579
4594
4733
4754
4906
4926
4975
5086
5260
5288
5303
5308
5335
5353
5380
5401
5480
5510
5519
5659
5731
5765
5770
5779
5860
5883
5931
5982
6015
6030
6086
6152
6234
6359
6452
6464
6476
6482
6560
6670
6676
6682
6736
6857
6896
6960
6968
6977
6992
7025
7070
7122
7142
7152
7204
7240
7268
7303
7334
7348
7358
7646
7795
7874
7933
7975
7993
8119
8211
8217
8242
8290
8319
8337
8382
8480
8522
8561
8580
8624
8687
8744
8753
8771
8780
9016
9052
9109
9126
9217
9271
9304
9345
9418
9478
9501
9527
9600
9696
9705
9787
9842
9854
9862
9871
9895
9901
9931
9946
9958
9964
9985
10069
10108
10126
10138
10147
10171
10192
10243
10262
10273
10294
10330
10354
10360
10549
10654
10708
10756
10865
10897
10907
10969
10978
10987
11098
11222
11248
11266
11365
11425
11446
11500
11668
11674
11707
11761
11776
11818
11842
11952
12091
12212
12224
12295
12343
12355
12385
12409
12415
12557
12583
12698
12755
12835
12846
13180
13198
13255
13280
13339
13384
13426
13496
13537
13564
13630
13636
13691
13825
13843
13876
13906
13921
13990
14037
14159
14189
14209
14443
14449
14482
14508
14659
14677
14686
14802
14878
14907
14971
15124
15163
15202
15262
15274
15385
15511
15564
15583
15641
15665
15691
15732
15775
15853
15859
15910
15922
15931
15952
15968
15973
16030
16048
16126
16174
16253
16309
16345
16494
16529
16535
16575
16586
16613
16637
16707
16803
16842
16887
17007
17016
17037
17055
17070
17076
17082
17088
17190
17208
17361
17373
17382
17436
17484
17535
17580
17650
17706
17718
17760
17782
17832
17896
17908
17964
17970
17976
18041
18051
18112
18207
18216
18243
18249
18279
18291
18301
18379
18396
18418
18466
18622
18699
18762
18786
18798
18843
18849
18879
18928
18941
18978
19114
19123
19151
19193
19205
19307
19405
19435
19450
19546
19675
19707
19723
19731
19750
19769
19857
19882
19965
19974
20002
20167
20224
20275
20364
20565
20642
20835
20892
20904
20943
21012
21075
21114
21195
21235
21276
21341
21366
21380
21396
21410
21465
21522
21539
21594
21633
21651
21677
21686
21717
21723
21734
21753
21783
21809
21821
21930
22025
22031
22073
22179
22190
22241
22265
22426
22432
22452
22494
22497
22509
22515
22533
22572
22577
22593
22682
22774
22788
22854
22899
22920
22944
22956
22968
23216
23237
23307
23319
23346
23389
23406
23423
23428
23483
23528
23558
23577
23615
23657
23690
23696
23804
23837
23852
23864
23900
23942
23977
24082
24095
24134
24149
24161
24170
24253
24314
24399
24464
24541
24562
24578
24588
24594
24619
24643
24669
24691
24706
24726
24875
24903
24972
25013
25049
25110
25116
25162
25182
25191
25266
25275
25287
25296
25302
25388
25419
25470
25558
25582
25660
25684
25704
25732
25794
25801
25843
25868
25939
25945
26086
26164
26180
26193
26235
26302
26335
26374
26380
26410
26482
26509
26548
26566
26635
26686
26742
26785
26800
26839
26851
26878
26965
26995
27012
27022
27037
27088
27121
27139
27172
27222
27249
27454
27468
27525
27535
27592
27603
27615
27705
27729
27766
27784
27828
27840
27900
27922
28014
28041
28137
28199
28312
28322
28387
28411
28426
28461
28486
28491
28549
28573
28624
28636
28664
28723
28768
28807
28932
28999
29040
29056
29092
29107
29117
29152
29224
29317
29368
29377
29482
29536
29550
29572
29590
29602
29674
29695
29749
29821
29838
29926
29954
30013
30040
30085
30094
30112
30123
30154
30256
30274
30321
30348
30430
30451
30481
30532
30588
30613
30624
30649
30655
30679
30700
30772
30901
31033
31182
31236
31291
31339
31433
31451
31457
31487
31496
31505
31559
31739
31747
31769
31781
31856
31861
31868
31874
31892
31949
32021
32042
32048
32173
32197
32215
32220
32227
32233
32257
32289
32322
32334
32389
32412
32434
32498
32506
32639
32690
32704
32745
32833
32839
32848
32881
32935
32977
32986
32997
33004
33048
33106
33121
33136
33166
33186
33196
33217
33241
33274
33316
33360
33383
33416
33427
33435
33442
33448
33480
33532
33562
33612
33629
33637
33655
33694
33718
33733
33805
33907
33928
33940
33970
33976
34027
34038
34045
34060
34102
34144
34189
34266
34285
34342
34354
34395
34417
34426
34443
34474
34504
34552
34606
34612
34690
34708
34792
34801
34912
34927
34944
35041
35092
35145
35183
35246
35252
35330
35442
35474
35486
35606
35623
35642
35665
35687
35705
35723
35750
35798
35898
35994
36034
36058
36115
36163
36211
36223
36235
36329
36335
36353
36374
36446
36464
36563
36575
36604
36635
36734
36800
36824
36836
36906
37008
37116
37128
37167
37196
37238
37268
37281
37304
37385
37448
37485
37494
37536
37566
37617
37638
37701
37730
37740
37752
37962
37983
37998
38019
38124
38133
38155
38178
38255
38263
38273
38347
38390
38402
38417
38459
38667
38821
38833
38911
38929
38950
38956
38995
39131
39180
39195
39255
39294
39306
39348
39362
39407
39518
39536
39606
39665
39755
39788
39798
39833
40147
40246
40255
40278
40304
40361
40367
40382
40433
40460
40469
40508
40544
40625
40736
40747
40774
40826
40903
40915
40933
40957
41050
41096
41107
41113
41120
41140
41171
41222
41303
41403
41427
41478
41544
41601
41616
41665
41703
41799
41811
41820
41865
41877
41889
41917
42021
42032
42078
42188
42223
42268
42312
42334
42450
Number of cuts: 945

Naiad
5
107
274
304
352
397
618
622
634
968
982
1188
1384
1673
1692
1771
1809
1924
1964
2021
2048
2074
2078
2308
2552
2990
3011
3027
3082
3206
3391
3460
3468
3484
3831
3933
4045
4306
4495
4511
4564
4716
5078
5084
5475
5543
5675
5793
6023
6060
6500
6565
6653
6893
6928
7020
7151
7350
7356
7464
7696
7965
8347
8406
8458
8860
9429
9561
9715
10008
10151
10462
10607
10621
10628
10664
11230
11287
11541
11915
11983
12043
12061
12080
12233
12241
12656
13117
13818
13850
13877
13963
13971
14044
14090
14140
14431
14779
14989
15080
15161
15535
15624
16019
16176
16578
16635
16794
17031
17184
17555
17615
17673
18059
18312
18572
18629
18633
18770
18883
19542
19549
20358
21116
21134
21159
21317
21339
21429
21635
21719
21983
22148
22285
22358
22403
22770
23163
23167
23175
23281
23507
23614
23728
23802
23865
24189
24341
24738
25004
25329
25399
25475
25558
25711
25792
25959
26037
26413
26427
26438
26669
27062
27162
27481
27505
27728
27864
28997
29025
29422
29461
29841
29854
29939
30305
30364
30388
30727
31426
31461
31732
31866
31988
32018
32138
32985
33089
33359
33396
33861
34334
34816
34884
35211
35723
35999
36191
36582
36764
36787
36839
36918
36982
37363
37936
38179
38182
38191
38230
38652
39265
39410
39468
39478
40071
40565
41324
41569
41603
42030
42472
42858
43382
44846
45261
45401
45566
45829
46034
46189
46516
46612
Number of cuts: 233

Nancinator
5
107
274
304
352
397
618
622
634
968
982
1188
1384
1673
1692
1771
1809
1924
1964
2021
2048
2074
2078
2308
2552
2990
3011
3027
3082
3206
3391
3460
3468
3484
3831
3933
4045
4306
4495
4511
4564
4716
5078
5084
5475
5543
5675
5793
6023
6060
6500
6565
6653
6893
6928
7020
7151
7350
7356
7464
7696
7965
8347
8406
8458
8860
9429
9561
9715
10008
10151
10462
10607
10621
10628
10664
11230
11287
11541
11915
11983
12043
12061
12080
12233
12241
12656
13117
13818
13850
13877
13963
13971
14044
14090
14140
14431
14779
14989
15080
15161
15535
15624
16019
16176
16578
16635
16794
17031
17184
17555
17615
17673
18059
18312
18572
18629
18633
18770
18883
19542
19549
20358
21116
21134
21159
21317
21339
21429
21635
21983
22390
22757
23150
23154
23162
23268
23494
23601
23658
23715
23789
23852
24177
24329
24726
24992
25317
25387
25546
25699
25780
25947
26025
26426
26627
27050
27150
27469
27493
27716
27852
28948
29013
29408
29447
29481
29526
29981
30225
30284
30308
30647
30838
30874
31019
31264
31346
31381
31652
31908
31938
32058
32905
33053
33279
33316
33797
34254
34592
34745
34813
35140
35652
36502
36684
36759
36813
36838
36902
37283
37856
38099
38102
38111
38150
38343
39185
39327
39385
39395
39882
40641
40886
40920
41347
41789
42175
42699
44163
44578
44718
44883
45146
45351
45506
45833
45929
Number of cuts: 228

Natosaleda
5
107
274
304
352
397
618
622
634
968
982
1188
1384
1673
1692
1771
1809
1924
1964
2021
2048
2074
2078
2308
2990
3011
3027
3082
3206
3391
3460
3468
3484
3831
3933
4045
4306
4495
4511
4564
4716
5078
5084
5475
5543
5675
5793
6023
6060
6500
6565
6653
6893
6928
7020
7151
7350
7356
7464
7696
7965
8347
8406
8458
8860
8982
9429
9561
9715
10008
10151
10462
10607
10621
10628
10664
11230
11287
11541
11915
11983
12043
12061
12080
12233
12241
12656
13117
13818
13850
13877
13963
13971
14044
14090
14140
14431
14779
14989
15080
15161
15535
15624
16019
16176
16578
16635
16794
17031
17184
17555
17615
17673
18059
18312
18572
18629
18633
18770
18883
19542
19549
20358
21116
21134
21159
21317
21339
21429
21635
21983
22390
22757
23150
23154
23162
23268
23494
23601
23658
23715
23789
23852
24176
24328
24725
24991
25316
25386
25545
25698
25779
25946
26024
26425
26626
27049
27149
27468
27492
27715
27851
28947
29012
29407
29446
29480
29525
29980
30224
30283
30307
30646
30837
30873
31018
31263
31345
31380
31651
31907
31937
32057
32904
33052
33278
33315
33796
34253
34591
34744
34812
35139
35651
36501
36683
36758
36812
36837
36901
37282
37855
38098
38101
38110
38149
38342
39184
39326
39384
39394
40294
41242
41487
41521
41948
42390
42776
43300
44764
45179
45319
45944
46424
46520
Number of cuts: 225

Partridge
5
178
274
296
304
352
397
615
619
631
963
977
1181
1267
1377
1732
1751
1830
1868
1909
1983
2005
2023
2080
2107
2133
2137
2167
2224
2367
2611
3049
3070
3086
3141
3265
3450
3519
3527
3530
3543
3890
3992
4554
4570
4623
4775
5137
5329
5534
5602
5734
5822
5852
6082
6544
6609
6697
6937
6972
7064
7120
7195
7203
7394
7400
7508
8214
8406
8499
8887
9087
9456
9950
10178
10606
10634
10691
11131
11263
11320
12016
12076
12113
12266
12274
13250
13851
13910
13996
14004
14090
14173
15022
15568
15657
16052
16209
16327
16611
16668
17064
17588
17648
17706
17919
18092
18605
18662
18666
18916
18953
18964
19301
19503
19575
19582
19731
20212
20668
21149
21167
21350
21372
21718
22181
22318
22391
22436
22803
22972
23196
23200
23208
23314
23540
23647
23761
24223
24375
24454
24772
25038
25628
25781
25862
26029
26107
26425
26497
26508
26524
26709
27132
27232
27370
27551
27575
27934
27969
29174
29416
29569
29608
29642
29988
30001
30086
30511
30535
30874
31246
31573
31608
32013
32135
32165
32285
32729
32795
33129
33233
33277
33503
33834
34153
35101
35169
35496
35962
36008
36284
36858
37040
37063
37107
37115
37194
37395
38213
38456
38459
38507
39542
39745
39755
40135
40843
40855
41113
41167
41603
41848
42309
42752
45120
45306
45440
46380
46535
46955
Number of cuts: 221

Pepy6
50
61
354
361
506
718
725
878
1193
1292
1951
2046
2140
2929
3218
3626
4113
4295
4328
4736
4870
5005
5098
5318
5370
5406
5580
5607
5667
5730
5921
6196
6690
6965
7066
8432
8594
8629
8927
8983
9070
9260
9335
9394
9418
9432
9893
10022
10172
10220
10259
10502
11147
11344
11467
11619
11699
12214
12262
12536
12791
13050
13328
13461
14359
14791
15188
15836
16696
17174
17316
17436
17501
17528
17594
18024
18320
18345
18532
18636
18823
19047
19556
19717
21454
22160
22443
22728
22854
22871
23003
23024
23051
23102
23273
23519
23777
23970
24191
24212
25143
25568
25616
25913
26453
26707
26847
27103
27129
27165
27343
27361
27428
27546
27667
27810
27947
28299
28388
28452
28864
28958
29397
29487
29557
29743
29766
29905
30081
30104
30201
30260
30609
30667
30741
30818
31422
31443
31517
31632
32105
32292
32303
32342
32502
32639
32850
33041
33044
33119
33365
33740
34061
34347
34581
34671
34713
34724
34736
35099
35890
37332
37413
37817
37838
38350
38408
38430
38857
38984
39022
39109
39145
39220
39592
40069
40384
40660
40982
41524
41744
43186
43414
43434
43705
43931
43952
44114
44463
44557
44719
45563
45677
45934
46288
46878
47059
47541
47643
47649
48121
48255
48597
48622
49181
49355
49560
49604
49746
49952
50099
50386
50722
50831
50956
51087
52069
52417
52466
52489
52521
52587
52928
54023
54027
54518
54693
55500
55552
56145
56152
56470
56479
57081
57705
57716
57837
58479
58790
58835
58947
58991
59075
59263
59396
59430
59664
60193
60226
60234
60501
60662
60821
60921
61223
61408
61896
62418
62437
62551
62628
62637
62773
62790
63307
63572
63896
63973
64115
64276
64426
64512
64898
64913
65149
65190
65266
65541
65585
65863
66012
67567
67616
68113
69183
69215
69240
69750
69811
69871
70497
70503
70770
70980
71503
72239
72277
72352
72478
72676
72822
73309
74330
75874
76351
Number of cuts: 305

Peregrin
1427
2583
2662
2869
3067
4894
4903
5399
5757
7386
7800
8102
8271
9308
9468
10388
11462
11906
12565
12645
13613
13681
13715
14332
14845
14999
15242
15253
17089
17414
18564
18571
19116
19290
19954
20020
21362
22432
23229
23450
24900
25885
26013
28977
31759
31912
32951
34113
35445
35589
38342
38786
39287
39490
42396
42651
43348
43872
45580
45910
46375
47110
49974
51286
51387
51460
54882
54887
57586
57852
60676
61030
61138
62705
64019
64952
65544
65739
68399
69831
70205
70816
72601
74058
74288
74371
75891
78766
79169
79352
80090
80546
81607
81843
82424
83937
83985
86258
88260
88648
90028
90261
92361
93476
93738
94722
95504
98155
98482
98716
99115
99733
99937
99990
100043
100325
100726
102789
102799
103385
103725
104884
105689
106433
106568
107157
107421
108324
109400
110059
110142
110812
111344
111686
112667
112726
114802
114955
114997
115776
116041
116924
117419
117469
119120
119210
119437
120888
120975
121293
121916
122686
122886
122908
123742
126012
126135
126338
126489
127602
128018
129337
129714
130000
131496
132652
132731
132938
Number of cuts: 168

Phrankenstein
5
107
274
304
352
397
618
622
634
968
982
1188
1384
1673
1692
1771
1809
1924
1964
2021
2048
2074
2078
2308
2552
2990
3011
3027
3082
3206
3391
3460
3468
3484
3831
3933
4045
4306
4495
4511
4564
4716
5078
5084
5475
5543
5675
5793
6023
6060
6500
6565
6653
6893
6928
7020
7151
7350
7356
7464
7696
7965
8347
8406
8458
8860
9429
9561
9715
10008
10151
10462
10607
10621
10628
10664
11230
11287
11541
11915
11983
12043
12061
12080
12233
12241
12656
13117
13818
13850
13877
13963
13971
14044
14090
14140
14431
14779
14989
15080
15161
15535
15624
16019
16176
16578
16635
16794
17031
17184
17555
17615
17673
18059
18312
18572
18629
18633
18770
18883
19542
19549
20358
21116
21134
21159
21317
21339
21429
21581
21929
22336
22703
23096
23100
23108
23440
23547
23661
23735
23798
24122
24274
24937
25225
25322
25332
25408
25491
25644
25725
25892
25970
26371
26572
26995
27095
27414
27438
27661
27797
28893
28958
29355
29394
29428
29774
29787
29872
30238
30297
30321
30660
30851
30887
31032
31277
31359
31394
31665
31921
31951
32071
32918
33022
33292
33329
33794
34267
34749
34817
35144
35656
36506
36688
36711
36763
36817
36842
36906
37287
37860
38103
38106
38115
38154
38576
39189
39334
39392
39402
39995
40489
41248
41493
41527
41954
42396
42782
43306
44770
45185
45325
45490
45753
45958
46113
46533
Number of cuts: 228

Pine5
140
147
208
225
291
372
433
438
519
586
598
634
681
687
807
834
879
913
949
1155
1170
1242
1329
1413
1437
1450
1471
1539
1623
1654
1802
1856
2137
2203
2242
2636
2709
2803
2884
2936
3041
3385
3463
3523
3607
3736
3817
3855
4022
4026
4248
4659
4681
4699
4729
4949
5049
5055
5091
5311
5391
5418
5484
5730
6273
6425
6522
6530
6579
6636
6693
6755
6851
6893
7058
7152
7185
7268
7431
7701
7748
7754
7781
7853
7886
7950
7974
8021
8168
8247
8398
8462
8489
8495
8513
8579
8676
8714
8764
8807
8843
9003
9023
9068
9119
9137
9353
9464
9548
9634
9641
9750
9815
9893
10016
10103
10127
10188
10200
10259
10332
10363
10385
10571
10577
10661
10674
10763
10909
10957
11001
11092
11205
11278
11299
11305
11434
11458
11488
11524
11530
11558
11593
11771
11864
11953
11989
12102
12191
12283
12309
12434
12472
12503
12509
12535
12587
12601
12637
12689
12724
12751
12876
12929
13252
13304
13478
14128
14151
14166
14181
14208
14427
14502
14633
14751
14810
14897
15005
15017
15237
15261
15300
15352
15483
15548
15619
15846
15975
16153
16201
16281
16371
16487
16785
16836
16898
16911
17024
17030
17087
17135
17146
17222
17270
17687
17765
17861
17911
17976
17990
18018
18144
18219
18257
18325
18342
18527
18564
18780
18876
19065
19117
19317
19403
19655
19715
19879
19886
19898
19920
19988
20109
20320
20463
20469
20508
20617
20764
20782
20809
20821
20842
20869
20926
20948
21016
21110
21145
21158
21164
21259
21266
21293
21496
21502
21565
21617
21626
21664
21863
21986
22033
22519
22866
22888
22958
22967
23027
23093
23102
23162
23327
23341
23390
23546
23567
23612
23773
23778
23888
23975
23987
23995
24089
24113
24137
24154
24173
24205
24278
24368
24397
24404
24578
24643
24755
24829
24952
25034
25496
25514
25526
25562
25586
25792
25947
25959
26137
26206
26214
26223
26269
26374
26461
26587
26775
26908
27039
27072
27105
27191
27209
27256
27385
27408
27512
27617
27666
27813
27846
27936
28055
28349
28584
28689
28757
28772
28778
28893
28981
29043
29298
29309
29345
29534
29780
29862
30441
30490
30571
30814
30832
30977
31047
31099
31206
31263
31326
31410
31438
31479
31485
31501
31522
31557
31611
31629
31764
31996
32148
32424
32438
32501
32843
32869
32939
32951
33027
33046
33059
33214
33299
33329
33449
33469
33484
33509
33538
33643
33655
33692
33749
34048
34354
34402
34423
34510
34516
34871
34877
35043
35199
35289
35415
35585
35688
35762
35786
36072
36287
36301
36432
36447
36524
36533
36548
36698
36739
36912
36953
37073
37097
37141
37208
37282
37466
37507
37586
37657
37751
37856
37877
37927
37950
38119
38361
38564
38632
38654
38690
38777
38801
38923
38938
39016
39034
39155
39173
39206
39251
39302
39308
39447
39510
39677
39683
39758
39796
39830
39860
40018
40049
40138
40151
40169
40275
40288
40307
40438
40466
40517
40522
40591
40693
40729
40757
40835
40840
41206
41242
41261
41297
41322
41462
41540
41582
41675
41813
41890
42082
42227
42289
42420
42432
42470
42501
42579
42609
42681
42714
42729
42750
42803
42809
42829
42881
42888
42897
42926
43078
43094
43131
43296
43302
43322
43431
43481
43545
43751
43781
43854
43865
43899
43908
44291
44342
44463
44504
44508
44561
44616
44642
44735
44817
44838
44850
44906
45219
45254
45368
45469
45565
45811
45838
45977
46078
46135
46347
46371
46544
46631
47100
47118
47286
47300
47320
47325
47355
47496
47532
47645
47691
47802
47943
47976
48058
48113
48182
48524
48683
48716
48775
48780
48807
48848
48868
48879
48958
49117
49144
49160
49269
49452
49510
49517
49602
49765
49924
50014
50035
50258
50329
50557
50602
50694
50727
50887
51016
51067
51119
51367
51523
51691
51941
51964
51972
52161
52371
52378
52565
52577
52776
52794
52855
53119
53257
53306
53356
53426
53441
53701
53737
53810
53814
53867
53960
54102
54147
54306
54366
54381
54400
54594
54681
54726
54790
54868
55098
55122
55131
55203
55254
55273
55407
55542
55594
55641
55673
55798
55856
55999
56023
56063
56126
56132
56177
56242
56324
56413
56432
56530
56716
56752
56945
57096
57120
57135
57160
57207
57254
57312
57324
57402
57408
57904
57910
58117
58147
58320
58383
58388
58485
58528
58576
58871
58908
Number of cuts: 687

Poco6
29
50
54
410
483
718
725
878
1001
1289
1330
1337
2849
3579
3855
4198
4389
4972
5182
5266
5355
5661
5910
6080
6305
6336
6402
6417
6575
6908
6940
6976
6983
7617
7882
8062
8083
8376
8587
8609
8785
8986
8993
9225
10218
10956
11863
11917
12025
12060
12358
12414
12501
12566
12657
12691
12766
12849
12967
13315
13453
13504
13603
13669
13690
13897
14666
14738
14860
15012
15087
15114
15251
15669
15705
15897
15987
16892
16912
17035
17696
17951
18333
18530
18932
19084
19149
19164
19272
19296
20198
20788
21175
21821
22284
23135
23139
23238
23422
23476
24320
24497
24734
24869
25019
25064
25085
25115
25245
25286
25632
25983
26075
26204
26225
27074
27156
27167
27527
27926
28137
28860
29305
29363
29390
29552
29639
29784
30108
30208
30368
30883
30977
30981
30990
31016
31599
31762
31924
32100
32123
32214
32241
32405
32625
32643
32701
32852
32969
33086
33287
33635
33657
34130
34287
34603
34722
34814
34835
34988
35069
35144
35327
35381
35412
36086
36693
37074
37121
37466
37644
37659
37912
39354
39454
39685
39820
40372
40430
40452
40879
41156
41167
41242
41553
43584
43855
43881
44326
44442
44561
44772
45145
45232
45248
45776
45950
47178
47353
47622
47677
48304
48462
48490
49347
49725
49988
50035
50060
50215
50678
50781
51069
51464
51559
51611
51787
51922
52230
52241
52356
52416
52483
52871
53505
53578
53925
53974
53997
54029
54095
54436
55016
55531
55535
56945
57653
57978
58199
58386
58725
58973
59130
59304
59355
59400
59436
59603
59738
60011
60123
60251
60442
60484
61214
61394
61427
61435
61877
62122
62345
62421
63338
63353
63471
63854
64715
64741
64745
65125
65275
65300
65361
65777
65986
66013
66841
67224
67232
67345
68003
68587
68746
68974
69277
69337
69382
69611
70545
70716
70854
71071
71192
71237
71411
72102
72243
72916
73089
73501
73539
73634
73740
74010
74313
74337
74571
75106
75234
77304
77385
77619
Number of cuts: 312

Rasputin
5
107
274
304
352
397
618
622
634
968
982
1188
1384
1673
1692
1771
1809
1924
1964
2021
2048
2074
2078
2308
2552
2990
3011
3027
3082
3206
3391
3460
3468
3484
3831
3933
4045
4306
4314
4495
4511
4564
4716
5078
5270
5543
5675
5793
6317
6485
6550
6638
6878
6913
7005
7061
7136
7335
7341
7449
8156
8348
8441
8755
8829
8951
9029
9398
9530
9702
9892
10120
10402
10590
10597
10633
10780
10914
11199
11256
11510
11574
11884
11952
12012
12049
12202
12210
12282
12777
13579
13787
13932
13940
14013
14109
14400
14520
14748
14958
15504
15593
15743
15988
16263
16604
16763
17000
17450
17584
17642
17855
18028
18598
18602
18739
18852
18900
19439
19490
19511
19518
19624
20150
20327
20542
20926
21085
21103
21128
21225
21286
21308
21398
21953
22315
22360
22727
22896
23120
23124
23132
23238
23464
23571
23685
24147
24299
24378
24696
24962
25347
25357
25433
25516
25669
25750
25917
25995
26396
26597
27020
27120
27439
27463
27686
27822
28918
28983
29380
29419
29453
29799
29812
29897
30263
30322
30346
30685
30876
31384
31419
31690
31824
31946
31976
32096
32943
33047
33317
33354
33819
34292
34774
34842
35169
35681
36531
36713
36736
36788
36867
36931
37312
37885
38128
38131
38140
38179
38601
39214
39359
39417
39427
40020
40514
41273
41518
41552
41979
42421
42807
43331
44795
45210
45350
45515
45778
45983
46138
46466
46562
Number of cuts: 232

RER2
5
107
274
304
352
397
618
622
634
968
982
1188
1384
1673
1692
1771
1809
1924
1964
2021
2048
2074
2078
2308
2746
2990
3011
3027
3082
3206
3351
3391
3460
3468
3471
3484
3723
3831
3933
4045
4306
4495
4511
4564
4716
5078
5084
5475
5543
5675
5793
6023
6060
6500
6565
6653
6893
6928
7020
7151
7350
7356
7464
7696
7965
8347
8406
8458
8860
9429
9561
9715
10008
10151
10462
10607
10621
10628
10664
11230
11287
11541
11915
11983
12080
12233
12241
12656
13117
13818
13850
13877
13963
13971
14044
14090
14140
14431
14779
14989
15080
15161
15535
15624
16019
16176
16578
16635
16794
17555
17615
17673
18059
18312
18572
18629
18633
18770
18883
19542
19549
20358
20957
21116
21134
21159
21317
21339
21429
21635
21983
22147
22390
22757
23150
23154
23162
23268
23494
23601
23658
23715
23789
23852
24176
24328
24725
24991
25698
25779
25946
26024
26232
26414
26425
26626
27049
27149
27287
27468
27492
27715
27851
28646
28685
29012
29409
29448
29482
29527
29828
29841
29926
30292
30351
30375
30714
31413
31448
31719
31853
31975
32005
32125
32972
33076
33346
33383
33848
34321
34803
34871
35198
35710
36560
36742
36765
36817
36896
36960
37341
37914
38157
38160
38169
38208
38630
39243
39388
39446
39456
40049
40543
41302
41547
41581
42008
42450
42836
43360
44824
45239
45379
45544
45807
46012
46167
46493
46589
Number of cuts: 229

RexFury
5
107
274
304
352
397
618
622
634
999
1013
1219
1415
1704
1723
1802
1840
1955
1995
2052
2079
2105
2109
2339
2583
3021
3042
3058
3113
3237
3422
3491
3499
3515
3862
3964
4076
4337
4526
4542
4595
4747
5109
5115
5506
5574
5706
5824
6054
6091
6531
6596
6684
6924
6959
7051
7182
7381
7387
7495
7727
7996
8378
8437
8489
8891
9460
9592
9746
9954
10039
10182
10638
10652
10659
10695
11261
11318
11572
11946
12014
12074
12092
12111
12264
12272
13248
13849
13881
13908
13994
14002
14075
14121
14171
14462
14810
15020
15111
15192
15566
15655
16050
16207
16609
16666
16825
17062
17586
17646
17704
18090
18343
18603
18660
18664
18801
18914
19501
19573
19580
20389
21147
21165
21190
21348
21370
21460
21666
22014
22376
22421
22788
23181
23185
23299
23525
23632
23689
23746
23820
23883
24207
24359
24756
25022
25407
25417
25493
25576
25729
25810
25977
26055
26456
26657
27080
27180
27499
27523
27746
27882
28977
29043
29440
29479
29513
29859
29872
29957
30323
30382
30406
30745
30936
31444
31479
31750
32006
32036
32156
33003
33107
33377
33414
33879
34352
34834
34902
35229
35741
36591
36773
36848
36902
36927
36991
37372
37945
38188
38191
38200
38239
38432
39274
39416
39474
39484
40384
41332
41577
41611
42038
42480
42866
43390
44854
45269
45409
45574
45837
46042
46197
46524
46620
Number of cuts: 225

RGL3
175
253
293
310
337
606
610
623
638
649
682
839
954
1085
1277
1673
1692
1769
1808
1963
2047
2077
2107
2554
2638
2734
2754
2760
2947
2992
3013
3029
3084
3208
3393
3486
3648
3683
3739
3833
3935
4068
4079
4308
4566
4843
4888
5008
5080
5227
5272
5413
5545
5587
5629
5656
5785
6327
6586
6646
6853
6883
7010
7141
7347
7386
7455
7955
8129
8215
8337
8396
8448
8832
8856
8948
9155
9162
9345
9395
9634
9727
9838
9895
9983
10120
10402
10421
10612
10633
10684
11258
11354
11513
11893
11958
12102
12208
12216
12288
12465
12625
13144
13168
13242
13360
13410
13461
13537
13546
13644
13668
13735
13942
13980
14128
14298
14382
14475
14493
14770
14815
14926
14929
14947
15678
15695
15699
15707
15788
15923
15981
16183
16958
17255
17536
17612
17657
17794
17834
18047
18220
18734
18791
18795
18810
19033
19060
19325
19368
19496
19620
19626
19649
19689
19696
19849
20112
20134
20256
20264
20508
20732
20852
20964
21003
21194
21207
21299
21375
21385
21540
22055
22063
22684
22691
22707
22715
22742
22883
22903
22919
23022
23072
23252
23347
23420
23628
23632
23995
24099
24197
24271
24750
25013
25157
25210
25350
25368
25482
25770
25807
25867
26042
26217
26564
26666
26796
26800
27001
27057
27071
27195
27375
27685
27731
27888
28124
28167
28177
28193
28274
28313
28455
28479
28681
29003
29237
29379
29475
29583
29606
29646
29792
29886
29951
29993
30145
30347
30355
30380
30422
30718
30916
30962
31461
31771
31777
31873
32016
32075
32083
32523
32645
32792
32809
32820
32936
33116
33237
33252
33264
33281
33618
33722
33766
33872
33925
33991
34185
34566
34672
34792
35027
35157
35270
35606
35706
36135
36551
36557
36722
36926
36933
37034
37321
37433
37555
37719
37737
37830
37891
38542
38961
38983
38987
39104
39471
39546
39813
39857
39969
40034
40447
40646
40855
41428
41432
42109
42386
42456
42717
42731
42735
42972
43034
43056
43930
44071
45310
45445
46225
46390
46394
46531
46860
47116
47319
47383
47533
47547
47628
48065
Number of cuts: 333

Rhodalysa
5
107
274
304
352
397
618
622
634
968
982
1188
1384
1673
1692
1771
1809
1924
1964
2021
2048
2074
2078
2308
2746
2990
3011
3027
3082
3206
3351
3391
3460
3468
3471
3484
3723
3831
3933
4045
4306
4495
4511
4564
4716
5078
5084
5475
5543
5675
5793
6023
6060
6500
6565
6653
6893
6928
7020
7151
7350
7356
7464
7696
7965
8347
8406
8458
8860
9429
9561
9715
10008
10151
10462
10607
10621
10628
10664
11230
11287
11541
11915
11983
12080
12233
12241
12656
13117
13818
13850
13877
13963
13971
14044
14090
14140
14431
14779
14989
15080
15161
15535
15624
16019
16176
16578
16635
16794
17031
17184
17555
17615
17673
18059
18312
18572
18629
18633
18770
18883
19542
19549
20358
21116
21134
21159
21317
21339
21429
21635
21719
21983
22390
22757
23150
23154
23162
23494
23601
23715
23789
23852
24176
24328
24991
25279
25376
25386
25462
25545
25698
25779
25946
26024
26425
26626
27049
27149
27468
27492
27715
27851
28984
29012
29409
29448
29828
29841
29926
30292
30351
30375
30714
31413
31448
31719
31853
31975
32005
32125
32972
33076
33346
33383
33848
34321
34803
34871
35198
35710
36560
36742
36765
36817
36896
36960
37341
37914
38157
38160
38169
38208
38630
39243
39388
39446
39456
40049
40543
41302
41547
41581
42008
42450
42836
43360
44824
45239
45379
45544
45807
46012
46167
46493
46589
Number of cuts: 226

StCroix
5
107
274
304
352
397
618
622
634
968
982
1188
1384
1673
1692
1771
1809
1924
1964
2021
2048
2074
2078
2308
2552
2990
3011
3027
3082
3206
3391
3460
3468
3484
3831
3933
4045
4306
4495
4511
4564
4716
5078
5084
5475
5543
5675
5793
6023
6060
6500
6565
6653
6893
6928
7020
7151
7350
7356
7464
7696
7965
8347
8406
8458
8860
9429
9561
9715
10008
10151
10462
10607
10621
10628
10664
11230
11287
11541
11915
11983
12043
12061
12080
12233
12241
12656
13117
13818
13850
13877
13963
13971
14044
14090
14140
14431
14779
14989
15080
15161
15535
15624
16019
16176
16578
16635
16794
17031
17184
17555
17615
17673
18059
18312
18572
18629
18633
18770
18883
19542
19549
20358
21116
21134
21159
21317
21339
21429
21635
21719
21983
22148
22285
22358
22403
22770
23163
23167
23175
23281
23507
23614
23728
23802
23865
24189
24341
24738
25004
25329
25399
25475
25558
25711
25792
25959
26037
26413
26427
26438
26669
27062
27162
27481
27505
27728
27864
28997
29025
29422
29461
29841
29854
29939
30305
30364
30388
30727
31426
31461
31732
31866
31988
32018
32138
32985
33089
33359
33396
33861
34334
34816
34884
35211
35723
35999
36191
36582
36764
36787
36839
36918
36982
37363
37936
38179
38182
38191
38230
38652
39265
39410
39468
39478
40071
40565
41324
41569
41603
42030
42472
42858
43382
44846
45261
45401
45566
45829
46034
46189
46516
46612
Number of cuts: 233

Swann
5
107
274
304
352
397
618
622
634
968
982
1188
1384
1673
1692
1771
1809
1924
1964
2021
2048
2074
2078
2308
2552
2990
3011
3027
3082
3206
3351
3391
3460
3468
3471
3484
3723
3831
3933
4045
4306
4495
4511
4564
4716
5078
5084
5475
5543
5675
5793
6023
6060
6500
6565
6653
6893
6928
7020
7151
7350
7356
7464
7696
7965
8347
8406
8458
8860
9429
9561
9715
10008
10151
10462
10607
10621
10628
10664
11230
11287
11541
11915
11983
12080
12233
12241
12656
13117
13818
13850
13877
13963
13971
14044
14090
14140
14431
14779
14989
15080
15161
15535
15624
16019
16176
16578
16635
16794
17031
17184
17555
17615
17673
18059
18312
18572
18629
18633
18770
18883
19542
19549
20358
21116
21134
21159
21317
21339
21429
21635
21983
22390
22757
23150
23154
23162
23494
23601
23715
23789
23852
24176
24328
24725
24991
25316
25376
25386
25462
25545
25698
25779
25946
26024
26425
26626
27049
27149
27468
27492
27715
27851
28947
29012
29407
29446
29480
29826
29839
29924
30290
30349
30373
30712
31411
31446
31717
31851
31973
32003
32123
32970
33074
33344
33381
33846
34319
34801
34869
35196
35708
36558
36740
36763
36815
36894
36958
37339
37912
38155
38158
38167
38206
38628
39241
39386
39444
39454
40047
40541
41300
41545
41579
42006
42448
42834
43358
44822
45237
45377
45542
45805
46010
46166
46493
46589
Number of cuts: 227

Takoda
5
107
178
274
304
352
397
615
619
631
963
977
1181
1267
1377
1763
1801
1842
1916
1956
2013
2040
2066
2070
2100
2228
2300
2403
2544
2655
3003
3019
3198
3383
3452
3460
3463
3476
3823
3925
4298
4487
4503
4556
4708
5070
5262
5467
5535
5785
6015
6477
6542
6630
6870
6905
6997
7053
7128
7136
7327
7333
7441
8147
8339
8432
8630
8746
8820
9020
9389
9883
9974
10111
10624
10905
11190
11247
11501
11875
11943
12003
12040
12193
12201
12768
12879
13177
13570
13778
13797
13804
13923
13931
14004
14017
14100
14739
14949
15495
15584
15979
16136
16254
16538
16595
16755
17441
17515
17575
17633
17846
18019
18532
18589
18593
18843
19430
19502
19509
19658
20139
20495
20599
20780
20917
21076
21094
21119
21299
21591
21679
21944
22115
22244
22317
22362
22729
23122
23126
23134
23240
23466
23573
23687
24149
24301
24380
24698
24964
25349
25359
25435
25518
25671
25752
25919
25997
26315
26387
26398
26599
27022
27122
27260
27441
27465
27491
27688
27824
27911
27968
28985
29382
29421
29455
29955
30199
30258
30282
30621
30993
31320
31355
31760
31882
31912
32032
32476
32542
32876
33024
33250
33729
33777
33799
34038
34495
34986
35054
35381
35893
36169
36743
36925
36948
37000
37079
37477
37524
38097
38340
38343
38391
38813
38964
39426
39629
39639
40019
40727
40739
41486
41730
41782
42191
44377
44964
45150
45277
46225
46800
Number of cuts: 232

Trina
263
1171
1196
1599
1890
2304
2511
2783
2787
3468
3522
3675
3940
4061
4361
4742
5701
6211
6667
6793
7200
7981
7999
9018
9765
10517
11123
11719
11936
12246
12386
12533
12834
14313
14909
15364
15368
15565
15583
15748
17093
17105
17110
17212
17362
19572
20334
21110
21162
21446
21746
21793
23028
23412
25551
26081
26134
26212
26595
26974
27183
27733
28305
28472
30149
30845
30852
31068
31376
31532
35984
37792
38433
39131
39705
40099
40433
41720
42405
42837
43981
44053
44225
44372
45197
45908
45929
46478
46709
47054
47104
47611
48619
49267
50036
50542
52343
52797
53362
53610
53722
54155
55315
56308
56337
56407
56918
58091
58268
58858
60414
61004
61972
62801
64696
64710
65181
65563
65726
66284
66367
67211
67823
69172
69336
69483
70590
71328
71854
72359
72395
72475
72742
73172
73439
74503
75024
76657
77699
80108
80651
81362
81418
81594
81602
82298
82550
82598
82874
83008
83168
83175
83550
83679
84950
85277
85736
86033
86582
86627
86780
87097
87587
88853
90655
90718
90847
90974
91771
92424
93239
93332
93598
94477
95072
95814
95952
96776
97637
97993
98270
98330
98837
99502
99737
99974
100662
100668
101118
101919
102042
102058
103023
103413
105357
105814
106040
106129
106423
106683
107248
110549
110576
110758
111300
112200
112282
112463
113095
113614
113860
114664
116221
117154
117269
117675
119006
120612
121152
122629
122648
122736
122756
122799
123307
125813
126789
127317
127908
128279
128728
129381
129513
130338
130672
131899
132058
134875
135048
136044
136079
136109
136191
136665
137573
137598
138001
138292
138706
138913
139185
139189
Number of cuts: 252

TWAMP
5
107
274
304
352
397
618
622
634
968
982
1188
1384
1673
1692
1771
1809
1924
1964
2021
2048
2074
2078
2308
2746
2990
3011
3027
3082
3206
3351
3391
3460
3468
3471
3484
3723
3831
3933
4045
4306
4495
4511
4564
4716
5078
5084
5475
5543
5675
5793
6023
6060
6500
6565
6653
6893
6928
7020
7151
7350
7356
7464
7696
7965
8347
8406
8458
8860
9429
9561
9715
10008
10151
10462
10607
10621
10628
10664
11230
11287
11541
11915
11983
12080
12233
12241
12656
13117
13818
13850
13877
13963
13971
14044
14090
14140
14431
14779
14989
15080
15161
15535
15624
16019
16176
16578
16635
16794
17031
17184
17555
17615
17673
18059
18312
18572
18629
18633
18770
18883
19542
19549
20358
21116
21134
21159
21317
21339
21429
21635
21719
21983
22390
22757
23150
23154
23162
23494
23601
23715
23789
23852
24176
24328
24991
25279
25376
25386
25462
25545
25698
25779
25946
26024
26425
26626
27049
27149
27468
27492
27715
27851
28984
29012
29409
29448
29828
29841
29926
30292
30351
30375
30714
31413
31448
31719
31853
31975
32005
32125
32972
33076
33346
33383
33848
34321
34803
34871
35198
35710
36560
36742
36765
36817
36896
36960
37341
37914
38157
38160
38169
38208
38630
39243
39388
39446
39456
40049
40543
41302
41547
41581
42008
42450
42836
43360
44824
45239
45379
45544
45807
46012
46167
46493
46589
Number of cuts: 226

UhSalsa
5
107
274
304
352
397
618
622
634
968
982
1188
1384
1673
1692
1771
1809
1924
1964
2021
2048
2074
2078
2308
2552
2990
3011
3027
3082
3206
3391
3460
3468
3484
3831
3933
4045
4306
4495
4511
4564
4716
5078
5084
5475
5543
5675
5793
6023
6060
6500
6565
6653
6893
6928
7020
7151
7350
7356
7464
7696
7965
8347
8406
8458
8860
9429
9561
9715
10008
10151
10462
10607
10621
10628
10664
11230
11287
11541
11915
11983
12043
12061
12080
12233
12241
12656
13117
13818
13850
13877
13963
13971
14044
14090
14140
14431
14779
14989
15080
15161
15535
15624
16019
16176
16578
16635
16794
17031
17184
17555
17615
17673
18059
18312
18572
18629
18633
18770
18883
19542
19549
20358
21116
21134
21159
21317
21339
21429
21635
21983
22390
22757
23150
23154
23162
23268
23494
23601
23658
23715
23789
23852
24177
24329
24726
24992
25317
25387
25546
25699
25780
25947
26025
26426
26627
27050
27150
27469
27493
27716
27852
28948
29013
29408
29447
29481
29526
29981
30225
30284
30308
30647
30838
30874
31019
31264
31346
31381
31652
31908
31938
32058
32905
33053
33279
33316
33797
34254
34592
34745
34813
35140
35652
36502
36684
36759
36813
36838
36902
37283
37856
38099
38102
38111
38150
38343
39185
39327
39385
39395
40295
41243
41488
41522
41949
42391
42777
43301
44765
45180
45320
45485
45748
45953
46108
46436
46532
Number of cuts: 228

Weasels2
637
1555
1608
2153
2662
2684
3258
3800
4519
4626
4853
5243
5258
5459
6391
6824
7553
8289
8732
10294
10541
10780
11336
12489
13033
13589
13829
14626
15788
15941
16185
16196
18536
19127
19135
19290
19500
20495
20981
21374
21654
23048
25398
26002
27165
28401
28976
29813
31102
31128
31240
32824
34134
34738
35110
35179
36125
37045
37327
38840
39007
40131
40151
42701
43115
43255
44545
44581
46301
47782
49397
50269
50927
52070
52244
54367
55645
56410
56759
56897
57092
57647
60598
61822
63553
63569
63854
65245
67116
68082
69080
69191
70754
71836
73713
77061
77202
77415
77500
79418
79445
79480
80047
81199
82073
83258
86337
86413
86946
87138
87896
88361
88400
89326
90652
91810
92705
94065
94421
96063
96332
96458
96734
96853
97236
97400
97907
98059
98368
99383
101764
101836
103309
103933
104033
106092
107455
107769
107981
108865
109185
109381
109784
109842
111053
111343
113062
113192
113481
113924
114051
115957
116481
116576
116653
117206
117469
117845
117964
118222
119587
119944
120185
121395
121914
122019
123134
123573
123752
123778
124858
125989
126005
126025
126191
126553
127656
128504
129047
129299
129618
130117
130126
130204
130295
131534
131634
132342
133260
133313
133858
134367
134389
134963
Number of cuts: 194

Yogi
5
107
274
304
352
397
618
622
634
968
982
1188
1384
1673
1692
1771
1809
1924
1964
2021
2048
2074
2078
2236
2308
2552
2990
3011
3027
3082
3206
3391
3460
3468
3471
3484
3612
3737
3831
3883
3933
3955
4045
4306
4314
4495
4511
4564
4716
5078
5270
5543
5675
5763
5793
6317
6485
6550
6638
6878
6913
7005
7061
7136
7335
7341
7449
8155
8347
8440
8754
8828
9028
9397
9891
10119
10575
10632
10919
11204
11261
11515
11889
11957
12017
12054
12207
12215
12287
12782
13584
13792
13937
13945
14018
14114
14405
14525
14753
14963
15509
15598
15748
15993
16150
16268
16609
16768
17005
17455
17589
17647
17860
18033
18603
18607
18744
18857
18905
19444
19495
19516
19523
19629
20332
20547
20931
21043
21090
21108
21133
21313
21391
21403
21958
22364
22731
22900
23124
23128
23136
23242
23468
23575
23632
23689
23763
23826
24150
24302
24699
24965
25672
25753
25920
25998
26206
26388
26399
26600
27023
27123
27261
27442
27466
27689
27825
28620
28659
28986
29383
29422
29456
29501
29802
29815
29900
30266
30325
30349
30688
30861
30879
30915
31060
31305
31387
31422
31693
31827
31949
31979
32099
32946
33094
33320
33357
33838
33847
34774
34842
35169
35681
36496
36789
36911
37093
37116
37168
37222
37247
37311
37692
38265
38508
38511
38559
38717
38928
39106
39594
39797
39807
40185
40400
40894
41653
41898
41932
42359
42801
43187
43711
45175
45590
45730
46348
46827
46923
Number of cuts: 239

Yoncess
5
107
274
304
352
397
618
622
634
968
982
1188
1274
1384
1673
1692
1771
1809
1924
1964
2021
2048
2074
2078
2236
2308
2552
2990
3011
3027
3082
3206
3391
3460
3468
3471
3484
3612
3737
3831
3883
3933
3955
4045
4306
4314
4495
4511
4564
4716
5078
5270
5543
5675
5793
6023
6317
6485
6550
6638
6878
6913
7005
7061
7136
7335
7341
7449
8155
8347
8440
8754
8828
8950
9028
9397
9891
10119
10575
10632
10919
11204
11261
11515
11889
11957
12017
12054
12207
12215
12782
13584
13792
13937
13945
14018
14032
14114
14405
14525
14753
14963
15509
15598
15748
15993
16150
16268
16609
16768
17005
17589
17647
17860
18033
18603
18607
18744
18857
18905
19444
19516
19629
20155
20332
20547
20931
21090
21108
21230
21291
21313
21403
21958
22320
22365
23125
23129
23137
23144
23243
23469
23576
23633
23690
23764
23827
24151
24303
24700
24966
25291
25351
25673
25754
25921
25999
26207
26389
26400
26601
27024
27124
27262
27467
27826
28621
28660
28959
28987
29384
29423
29457
29802
30046
30105
30129
30468
30695
30840
31085
31167
31202
31473
31607
31729
31759
31879
32874
33100
33137
33618
34075
34557
34625
34952
35464
36314
36496
36519
36571
36625
36714
37095
37668
37911
37914
37962
38120
38997
39200
39210
39588
39803
40297
41056
41302
41336
41766
42208
42594
43119
44583
44998
45138
45566
45771
45926
46250
46346
Number of cuts: 230

