Alatin
236
353
1337
2488
2702
2758
2925
3689
3903
4108
4413
4614
4704
4752
5290
5302
5543
6025
6665
6730
8211
8328
8349
8609
9015
9192
9832
10092
10995
11628
11786
12144
12656
12934
12957
13158
13755
14825
14983
15130
15205
15337
15427
16509
16765
17199
17302
17516
17726
17999
18616
18649
18886
19406
19786
19901
20469
20621
20650
21185
21436
21490
21778
22265
22329
22398
23222
23764
25126
25228
25470
25939
26164
26412
26572
26773
26800
26801
27304
27713
28562
28925
29093
29628
30223
30372
30863
31725
31833
33080
33287
33454
33809
34007
34810
34936
35372
35770
35965
36746
36774
36952
37064
37178
37293
37869
38876
39121
39722
40026
40091
41111
41770
42774
42821
43669
44157
45431
Number of cuts: 118

Alpacados
236
353
814
1337
1952
2008
2156
2450
2664
2720
2887
3651
3732
3865
4070
4165
4375
4576
4666
4714
5252
5264
5505
5987
6612
6677
7627
7629
8290
8311
8548
8945
9122
9762
10022
10931
11564
11722
12080
12483
12592
12870
12893
13094
13691
15066
15141
15233
15273
15363
16445
16728
17238
17452
17662
18552
18585
19837
20045
20405
20554
20586
21121
21660
22671
23091
23209
23633
24995
25097
25339
25844
26477
26633
26705
26843
27209
27618
28467
28830
28998
29533
30128
30277
30768
31585
31630
31738
32985
33129
33192
33359
33714
33912
34132
34712
34838
35274
35672
35867
36639
36667
36957
37071
37186
37762
39014
39615
39919
39984
40934
41593
42002
42819
43492
43866
45254
Number of cuts: 117

AngryOrchard
236
353
460
809
1330
2433
2870
3848
4053
4358
4559
4649
4697
5235
5247
5488
5970
6595
7029
7610
7612
8273
8294
8531
8928
9105
9745
10005
10914
11547
11705
12063
12466
12575
12853
13077
13674
14640
14902
15049
15124
15256
15346
16428
16684
16711
16747
16758
16924
17435
17645
17918
18805
19820
20028
20041
20122
20537
20569
21017
21104
21643
22120
22129
22262
23086
23628
24991
25093
25335
25804
26592
26637
26664
26802
28426
28789
28957
29492
30021
30170
30661
31478
31631
32386
32625
33019
33249
33493
33816
33874
34072
34292
34872
34998
35434
35832
35964
36027
36799
36827
37005
37117
37236
37346
37922
38467
38929
39174
39777
39988
40081
41165
41232
41715
41868
42744
42869
43037
43481
43714
45386
45798
45808
Number of cuts: 124

AppleCloud
159
609
1130
2115
2197
2411
2634
3139
3612
3817
4122
4323
4413
4414
4461
4999
5011
5252
5373
5734
6424
6766
7374
7376
8037
8058
8295
8483
8668
8845
9745
10599
10749
10779
11281
11439
11797
11990
12350
12359
12440
13123
13720
14338
14686
14707
14790
14948
15170
15302
15392
16054
16730
16804
17481
17691
17964
19751
19866
20087
20431
20434
21150
22693
22970
23027
23169
23666
25001
25103
25345
25814
26419
26603
26648
26675
28516
28879
29047
29579
29953
30102
30593
31455
31563
32954
33184
33731
34006
34305
34537
34663
35099
35497
35692
36464
36492
36782
36896
37011
37587
38260
38839
39437
39741
40828
41487
42491
42538
43386
43874
45148
Number of cuts: 112

Belenaria
236
353
1337
2488
2702
2758
2925
3689
3903
4108
4413
4614
4704
4752
5290
5302
5543
6025
6665
6730
8211
8328
8349
8609
9015
9192
9832
10092
10995
11628
11786
12144
12656
12934
12957
13158
13755
14825
14983
15130
15205
15337
15427
16509
16765
17199
17302
17516
17726
17999
18616
18649
18886
19406
19786
19901
20469
20621
20650
21048
21185
22735
23155
23697
25060
25162
25404
25873
26098
26346
26506
26662
26734
27647
28496
28859
29027
29560
30089
30238
30729
31546
31591
32946
33153
33320
33675
33873
34685
34811
35247
35645
35777
35840
36612
36640
36930
37044
37159
37735
38408
38987
39585
39889
40976
41635
42639
42686
43534
44022
45296
Number of cuts: 111

BobbyDazzler
236
353
814
1337
2064
2120
2559
2773
2829
2996
3760
3841
3974
4179
4274
4484
4685
4775
4823
5361
5373
5614
5989
6096
6721
6786
7736
7738
8399
8420
8657
9054
9231
9871
10131
11040
11673
11831
12189
12592
12701
12979
13002
13203
13800
15175
15250
15342
15382
15472
16554
16837
17347
17561
17771
18661
19946
20154
20514
20695
21160
21230
21769
22781
23743
25105
25207
25449
25918
26551
26707
26779
26875
26917
27283
27692
28541
28904
29072
29607
30202
30351
30842
31659
31704
31812
33059
33203
33266
33433
33788
33986
34206
34789
34915
35351
35749
35944
36716
36744
37034
37148
37263
37839
38846
39091
39692
39996
40061
41081
41741
43640
44128
45402
Number of cuts: 114

Bonanza
236
353
814
1337
2488
2702
2758
2925
3689
3770
3903
4108
4203
4413
4614
4704
4752
5290
5302
6025
6650
6715
7665
7667
8328
8349
8586
8983
9160
9800
10060
10969
11602
11760
12118
12521
12630
12908
12931
13132
13729
15104
15179
15271
15311
15401
16483
16766
17276
17490
17700
18590
18623
19875
20083
20443
20592
20624
21159
21698
22709
23129
23671
25033
25135
25377
25846
26479
26635
26707
26845
27211
27620
28469
28832
29000
29535
30130
30279
30770
31587
31632
31740
32987
33131
33194
33361
33716
33914
34134
34714
34840
35276
35674
35869
36538
36593
36645
36790
37021
37049
37339
37453
37568
38144
39396
39997
40301
40366
41386
42045
42454
43096
43944
44318
45706
46129
Number of cuts: 117

Bradshaw
236
353
814
1337
2488
3689
3903
4108
4413
4614
4704
4752
5290
5302
5543
6025
6665
6730
8211
8328
8349
8609
9015
9192
9832
10092
10995
11628
11786
12144
12656
12934
12957
13158
13755
14825
14983
15130
15205
15337
15427
16509
16765
17199
17302
17516
17726
17999
18616
18649
18886
19406
19786
19901
20469
20618
20650
21048
21185
21436
21724
22735
23155
23697
25059
25161
25403
25872
26097
26345
26505
26661
26733
27237
27646
28495
28858
29026
29561
30156
30305
30796
31658
31766
33013
33220
33387
33742
33940
34743
34869
35305
35703
35898
36679
36707
36885
36997
37111
37226
37802
38809
39054
39655
39959
41044
41703
42707
42754
43602
44090
45364
45802
Number of cuts: 113

Bryce
236
353
814
1337
2488
2702
2758
2925
3689
3770
3903
4108
4203
4413
4614
4704
4752
5290
5302
5543
5918
6025
6650
6715
7665
7667
8328
8349
8586
8983
9160
9800
10060
10969
11602
11760
12118
12521
12630
12908
12931
13132
13729
15104
15179
15271
15311
15401
16483
16766
17276
17490
17700
18590
19875
20083
20443
20624
21159
21698
22710
23672
25034
25136
25378
25847
26480
26636
26708
26804
27212
27621
28470
28833
29001
29536
29910
30059
30550
31367
31412
31520
32767
32911
32974
33141
33496
33694
33914
34497
34623
35059
35457
35652
36424
36452
36742
36856
36971
37547
38839
39400
39704
39769
40789
41449
43348
43836
45110
Number of cuts: 109

ChewyVIII
608
807
1703
2290
2475
2562
2709
3194
3401
3563
4200
4432
4572
4911
5046
5103
5715
6999
7107
8056
8109
8179
9137
9293
9829
9917
10084
10520
10672
10926
11070
11365
11435
11662
11793
12172
12764
13314
13406
13732
14321
14580
14616
14674
15159
15184
15374
15416
15629
15682
15805
16399
16821
17469
17921
18229
18246
18306
18825
19163
19403
19546
19767
19795
20212
20660
20874
20884
21009
21037
21148
21490
21718
22117
22352
22623
22633
22661
22780
23037
23055
23785
23917
23974
24166
25240
25350
25662
25753
25759
25807
25856
26311
26343
26763
27046
27354
27536
27750
27839
28021
28100
29114
29552
29719
29919
29963
30381
30649
30876
31439
31653
32540
32630
32653
32655
32728
33239
33593
33614
33665
33773
34003
34409
35402
35482
35546
35893
36134
36148
36396
36413
36508
36764
37042
37193
37810
38038
38737
39381
39449
39680
39899
40169
40228
40413
40604
40753
40853
41473
42172
42556
42769
42934
43319
43989
44109
44402
44682
44747
44980
45264
45414
45501
45871
45987
46097
46302
46727
46751
46863
46891
47060
47061
47141
47213
47288
47430
47729
48150
48231
48323
48408
48595
48653
49221
49482
49992
50607
50851
51363
51455
52146
52643
52895
53274
53568
53953
54088
54424
54511
54948
55164
55175
55181
55293
55450
57436
57438
58294
58491
58561
58903
59286
59839
59905
60010
60110
60676
61144
61686
61850
62381
62473
62728
63559
63619
63807
63997
64208
64215
64461
64593
64655
64779
64944
65676
65914
65935
65949
66372
66430
66558
66623
66719
66739
66904
67217
67271
67317
67397
67881
67910
68046
68089
68122
68180
68356
68831
68963
Number of cuts: 260

CosmicSans
236
353
814
1337
2488
3689
3903
4108
4413
4614
4704
4752
5290
5302
5543
6025
6665
6730
8211
8328
8349
8609
9015
9192
9832
10092
10995
11628
11786
12144
12656
12934
12957
13158
13755
14825
14983
15130
15205
15337
15427
16509
16765
17199
17302
17516
17726
17999
18616
18649
18886
19406
19786
19901
20469
20618
20650
21185
21436
21724
22735
23155
23190
23273
23697
25161
25403
25872
26097
26345
26505
26661
26733
27237
27646
28495
28858
29026
29561
30156
30305
30796
31658
31766
33013
33220
33387
33742
33940
34743
34869
35305
35703
35898
36670
36698
36876
36988
37102
37217
37793
38800
39045
39646
39950
40015
41035
41694
42698
42745
43593
44081
45355
Number of cuts: 113

Dinger
236
353
811
1332
2484
2698
3899
4091
4104
4409
4610
4700
4748
5286
5298
5539
6021
6711
7080
7661
7663
8324
8345
8582
8979
9156
9796
10056
10686
10916
10965
11598
11756
12114
12517
12626
12904
12927
13725
14712
14953
15100
15175
15307
15397
16479
16735
16762
16809
16975
17486
17696
17969
18586
18619
18856
19871
20092
20436
21018
21155
22245
22314
22846
22959
23138
23680
24466
25043
25145
25387
25856
26461
26645
26690
26717
28358
28558
28921
29089
29622
30025
30665
31527
31635
33026
33256
33472
34073
34293
34488
34885
35011
35447
35845
36040
36812
36840
37130
37359
37935
38942
38987
39187
39790
40094
41179
41730
42887
43055
43436
43732
44103
45403
45816
Number of cuts: 115

DocB7
380
488
586
797
851
1643
1744
2014
2061
2384
2540
2689
2794
2852
3152
3193
3818
3877
4627
5499
5724
6899
7036
8128
8368
8770
9055
9140
9645
9885
9966
9997
10060
10154
10242
10950
11724
11978
12200
12632
12758
12970
14093
14128
14170
14179
14196
14237
14400
14589
15305
15610
15821
16540
16743
17063
17083
17255
17278
17810
18127
18237
18271
18318
18363
18613
18758
18864
19095
19536
20081
20971
21017
21159
21306
21912
22009
22228
22780
23546
23772
24077
24112
24177
24581
25068
25561
26078
26232
26586
26918
27162
27391
28081
28337
28472
29079
29444
30566
30610
30620
30761
30903
30997
31053
31053
31332
32561
34740
34891
35254
35635
36407
37400
37551
37722
37972
38983
39319
39515
39751
39768
40379
41584
41791
42545
43485
43605
43776
44151
44229
44271
44381
44757
44967
45008
45731
46089
46198
46404
46686
46995
47006
47598
48364
48669
48889
48921
50377
50454
50629
51212
51507
51716
51764
51820
51894
52174
53125
53385
53536
53773
53793
54439
54550
55135
55611
56246
56491
56530
57578
57729
60223
60398
60415
60494
60556
60562
61509
61630
61761
61890
62013
63604
63653
64345
64415
64875
65145
65225
65385
65906
67081
67664
67738
67750
67750
67927
68206
68343
68348
69016
69205
69426
69450
69731
69906
70545
71642
72253
72441
72500
73818
73908
74170
74245
74625
75198
75687
Number of cuts: 219

E3
1004
1154
1516
1864
2290
2349
2651
2841
2944
3038
3463
4045
4159
4489
4663
4866
4918
5113
5187
5341
5426
5565
5672
6048
6063
6643
6662
6816
6834
6846
7479
7590
7632
7728
8338
8835
9175
9738
10024
10662
10688
10875
10961
11290
11886
12045
12821
12950
12986
13298
13451
13469
13611
13667
13785
13848
13954
14158
14283
14430
14436
14844
15100
15103
15672
16138
17108
17121
17137
17428
17578
17772
18092
18101
18131
18478
18496
18550
18650
18827
19120
19298
19474
19527
19569
19720
19885
19936
19953
19966
20194
20376
20742
20774
20808
21407
21447
22404
22415
22599
22617
23050
23354
23366
23386
23658
24023
24145
24158
24354
24366
24531
24674
24848
24882
24961
25437
25776
25976
25988
26021
26507
26816
26900
27251
27382
27389
27463
27535
27560
27859
28079
28106
28145
28157
28247
28787
29369
29410
29468
29490
29516
29612
29835
29976
30122
30127
30158
30198
30459
30498
30844
31079
31193
31275
31755
31782
32046
32206
32531
32729
32843
32880
32904
33258
33637
33742
33752
33849
33853
34050
34227
34708
34743
34782
34866
35247
35297
35568
35626
35775
35832
35885
35916
36099
36276
36357
36420
36492
36493
36598
36610
37165
37288
37294
37739
37856
37979
38401
38468
38565
38712
38723
38955
39274
39382
39837
39843
39870
39923
39994
40080
40420
40444
40573
40956
41035
41052
41350
41639
41800
41884
41983
42028
42078
42573
42795
42862
42939
43068
43289
43440
44219
44434
44519
44835
44999
45042
45131
45192
45578
45890
46047
46052
46638
46776
47154
47224
47290
47512
47687
48386
48885
48985
49017
49064
49127
49150
49419
49443
49463
49528
49580
49647
49853
49973
49982
50045
50149
50222
50237
50316
50342
50368
50494
50591
50674
51346
51363
51449
51590
52024
52194
52549
52717
52906
53463
53463
53765
53894
53995
54158
54378
54390
54477
54546
54552
54825
55158
55243
55251
55362
55511
55554
55565
56061
56194
56217
56317
56437
56778
57048
57199
57381
57476
57902
58298
58756
58761
59025
59491
59778
60177
60593
60857
61122
61310
61408
61538
61601
61643
61682
61775
62022
62411
62472
62547
62555
62777
63371
63530
63563
63748
64063
64318
64328
64354
64483
64536
64548
64560
65033
65255
65853
65863
65882
65890
66212
66275
66480
66485
66568
66638
66707
66749
66898
66899
67017
67235
67273
67331
67454
67618
67709
68066
68202
68433
68588
68815
68867
69076
69386
69502
69730
69823
69991
70269
70520
70537
70738
70768
71194
71245
71647
71656
71803
71932
71952
72253
73089
73349
73432
73580
73822
73855
73994
74058
74258
74765
75068
75074
75158
75343
75520
75654
75669
76326
76388
76582
76781
76807
76866
76952
77159
77481
77706
77893
78099
78435
78450
78648
78959
78994
79061
79382
79439
79477
79532
80064
80134
80651
80693
80702
80713
80917
81149
81423
81433
81469
81766
81878
81954
81972
82051
82249
82261
82323
82331
82386
82423
82597
82837
83248
83410
83437
83631
83720
83901
83946
84544
84587
85106
85133
85454
85688
85839
85911
85951
85975
85980
86115
86326
86331
86374
86397
86497
86625
86748
86754
86782
86937
87105
87176
87708
87847
88096
88336
88479
88822
89199
89237
89364
89623
89922
90016
90031
90170
90182
90455
90613
90738
90970
91125
91722
91765
92124
92199
92609
92735
92759
92891
93246
93879
94219
94715
94901
94952
95040
95129
95735
95784
95892
95977
96018
96091
96256
96622
96982
97392
97577
97668
97924
98001
98146
98199
98493
98644
99077
99131
99348
99578
99702
100558
100561
100684
100978
101869
102145
102513
102573
102601
102702
102765
103906
104154
104594
104629
104766
105240
105290
105396
105530
105643
105953
105981
106001
106285
106511
107078
107430
107508
107628
107640
107814
107895
108051
108114
108212
108398
108891
109117
109219
109556
109691
109860
109911
109989
110047
110156
110314
110348
110501
110543
110987
111039
111633
111698
111879
112246
112544
112588
112691
112709
112778
112811
112874
113208
113729
114101
114122
114184
114215
114340
114507
114512
114630
114782
114825
114888
115286
115326
115368
115574
115664
116056
116284
116389
116435
116681
116861
117044
117207
117378
117686
117791
117956
117990
118478
118748
118913
119006
119031
119226
119638
120006
120090
120194
120612
120822
120897
121095
121134
121284
121518
121717
121781
122453
122660
122665
122744
122758
122871
123102
123191
123279
123384
123729
123811
124006
124108
124388
124439
124661
125464
125660
125750
125839
125884
126031
126038
126282
126717
126802
126820
126908
127089
127229
127234
127358
127387
127832
127867
127909
127920
128100
128917
129306
129428
129615
130423
130565
130884
131203
131258
131320
131418
131494
131509
131573
131622
131785
131869
131883
132024
132294
132358
132455
132472
132564
132608
132623
132648
133214
133226
133281
133371
133553
133652
133980
134114
134191
134208
134861
134902
134919
135071
135135
135245
135500
135740
135917
136181
136418
136504
136566
136831
136908
136923
137089
137319
137428
137520
137592
137598
137639
137850
138102
138211
138503
138712
138789
138792
139034
139116
139131
139143
139527
139742
140162
140506
140695
140996
141043
141120
141514
141911
141922
142218
Number of cuts: 788

Erik
236
353
814
1337
2488
2702
2758
2925
3689
3903
4108
4413
4614
4704
4752
5290
5302
5543
6025
6665
6730
8211
8328
8349
8609
9014
9191
9831
10091
10994
11627
11785
12143
12655
12933
12956
13157
13754
14824
14982
15129
15204
15336
15426
16508
16764
17198
17301
17515
17725
17998
18615
18648
18885
19405
19785
19900
20468
20620
20649
21047
21184
22734
23154
23189
23272
23695
25057
25159
25401
25870
26095
26343
26503
26659
26731
27644
28493
28856
29024
29559
30088
30237
30728
31590
31698
32945
33089
33152
33319
33674
33872
34675
34801
35237
35635
35830
36602
36630
36808
36920
37034
37149
37725
38732
38977
39578
39882
39947
40866
41525
42529
42576
43424
43912
45186
Number of cuts: 116

Espica
236
353
1337
2488
2702
2758
2925
3689
3903
4108
4413
4614
4704
4752
5290
5302
5543
6025
6665
6730
8211
8328
8349
8609
9015
9192
9832
10092
10995
11628
11786
12144
12656
12934
12957
13158
13755
14825
14983
15130
15205
15337
15427
16509
16765
17199
17302
17516
17726
17999
18616
18649
18886
19406
19786
19901
20469
20621
20650
21048
21185
22735
23155
23697
25060
25162
25404
25873
26098
26346
26506
26662
26734
27647
28496
28859
29027
29560
30089
30238
30729
31546
31591
32946
33090
33153
33320
33675
33873
34685
34811
35247
35645
35840
36612
36640
36930
37044
37159
37735
38408
38987
39585
39889
40976
41635
42639
42686
43534
44022
45296
Number of cuts: 111

Finch
1231
1322
1846
1896
2075
2203
2352
2898
2979
3459
3685
3860
4329
4640
4776
5025
5211
6483
6597
6729
6786
6836
7545
7641
8169
8202
8261
8720
9185
9349
10155
10199
11070
11272
11389
11998
12616
12743
13135
13208
14128
14364
14424
15122
15868
16825
16849
16903
17382
17596
17920
17985
18002
18730
18809
18842
19052
19280
19284
19379
19534
19683
20055
20062
21065
21264
21360
21748
22593
22952
23027
23597
24453
25269
25462
26461
26581
26935
27333
27507
27675
28015
28372
28533
28981
29057
29249
29420
30057
30129
30141
30321
30681
30756
30845
31979
32249
32321
32691
32702
34719
34953
35037
35306
35385
35484
36526
37147
37641
37963
38896
38932
39373
39430
39634
39691
39853
39867
40028
40309
40544
40684
41012
41356
42539
42640
42752
42896
43007
43143
43855
44158
44489
45099
45574
45644
45836
46888
47459
47516
47758
47991
48209
48422
49488
50011
50516
50664
50857
51201
51751
51829
51954
52489
53247
53474
53663
53792
54342
54902
55409
55557
55569
55602
55755
56305
56578
56644
58434
59066
59832
61073
61866
62498
62887
63522
63972
64214
64658
65564
66239
66326
67211
67340
68452
68705
69718
69966
71398
71555
72275
72528
72728
72986
73269
73347
73932
74815
75367
75670
76129
78372
79222
79485
79611
80143
80433
81237
81725
82247
82569
82725
83173
84134
85096
85323
86482
86757
86836
87403
87644
88266
89420
89507
89554
90152
90305
90765
90982
91032
91173
91864
91871
91924
92166
92710
93139
93447
93656
93973
94226
95347
95864
96177
96350
97710
97828
97857
99096
99333
99343
100419
100558
100875
101343
101427
102004
102466
102653
102766
103354
103671
103680
104255
104312
104576
105018
105397
106144
106284
106387
106998
107158
107230
108125
108373
108514
108718
109641
109793
110049
110079
110083
110109
110329
110572
110837
111078
111178
111476
111721
112075
112289
113191
113221
113474
113859
114074
115000
115055
115922
115924
116241
116976
117304
118326
118435
119077
119828
120315
121077
121335
121616
122043
122364
122856
123158
123595
123975
124551
125131
125524
126267
126431
126720
127061
127183
127199
127234
127613
127719
127938
128360
128557
129345
129589
130270
130813
131549
131627
131865
132120
132874
132922
133114
133456
133750
134024
134041
134071
135784
135814
135832
135856
136963
137754
137881
138338
138458
Number of cuts: 359

Gollum
236
353
814
1337
2488
2702
2758
2925
3689
3903
4108
4413
4614
4704
4752
5290
5302
5543
6025
6665
6730
8211
8328
8349
8609
9015
9192
9832
10092
10995
11628
11786
12144
12656
12934
12957
13158
13755
14825
14983
15130
15205
15337
15427
16089
16509
16765
17199
17516
17726
17999
18616
18649
18886
19406
19786
19901
20469
20621
20650
21048
21185
22735
23155
23697
25059
25161
25403
25872
26097
26345
26505
26661
26733
27646
28495
28858
29026
29559
30154
30794
31611
31656
33011
33155
33218
33385
33740
33938
34741
34867
35303
35701
35896
36668
36696
36986
37100
37215
37791
38464
39043
39641
39892
39957
40977
41636
42640
42687
43535
44023
45297
Number of cuts: 112

Grayson
62
1141
1583
1991
5410
6712
6838
8974
8988
11731
12847
16363
16463
18226
18766
19385
23595
26776
27852
29280
30872
31131
31658
31667
32912
33734
33770
35189
35247
35898
37473
37683
39884
39911
40454
40872
41165
43274
43808
44114
44299
45269
46016
46700
47107
47522
47711
47714
48677
50227
50993
52420
53042
54117
56237
57319
58064
58281
58569
58619
58647
61036
61578
62303
63152
64638
64956
66646
67371
68168
69136
69239
71948
72629
73381
73649
75703
76480
77564
79787
81162
81340
84072
84090
84123
85064
85165
85286
86447
86572
90491
91574
91802
92159
93690
94558
99338
101437
101956
102922
103798
104161
104189
104245
104486
107316
108879
108936
110059
110841
113796
113874
117465
117531
118853
122855
122960
123103
123917
124398
124512
124602
125306
125826
127085
127357
127378
127399
127622
127691
128184
128963
130042
130484
130892
Number of cuts: 135

Harlequin
236
353
814
1337
2488
2702
2758
2925
3430
3903
4108
4413
4614
4704
4705
4752
5290
5302
5543
6025
6650
6715
7084
7665
7667
8328
8349
8586
8959
9136
9776
10036
10945
11578
11736
12094
12497
12606
12884
12907
13108
13705
15080
15155
15247
15287
15377
16459
16742
17252
17466
17676
18566
19851
20059
20419
20600
21135
21728
22740
23702
25064
25166
25408
25877
26510
26666
26738
26834
27242
27651
28500
28863
29031
29566
29940
30089
30580
31397
31442
31550
32797
32941
33004
33171
33526
33724
33944
34527
34653
35089
35487
35682
36454
36482
36772
36886
37001
37577
38869
39432
39736
40599
40824
41484
43383
43871
45145
Number of cuts: 108

Hiro
236
353
814
1337
2488
2702
2758
2925
3689
3770
3903
4108
4203
4413
4614
4704
4752
5290
5302
5543
5918
6025
6650
6715
7665
7667
8328
8349
8586
8774
8959
9136
10036
10890
11040
11070
11572
11730
12088
12281
12641
12650
12731
14011
14629
14977
14998
15081
15239
15461
15593
15683
16345
16765
17021
17772
17982
18255
19142
20157
20378
20722
20725
21441
22984
23318
23460
23957
25319
25421
25663
26132
26765
26921
26993
27089
27131
27497
27906
28755
29118
29286
29821
30416
31056
31873
31918
32026
33273
33417
33480
33647
34002
34200
34420
35003
35129
35565
35963
36158
36930
36958
37248
37362
37477
38053
39305
39906
40210
40275
41295
41955
43854
44342
45616
Number of cuts: 115

Jace
442
508
535
661
694
1065
1526
1541
1614
1675
1743
1762
1923
2134
2213
2511
2720
3056
3074
3260
3297
3403
3408
3428
3549
3567
3656
3680
3842
3884
4028
4164
4230
4470
4615
4690
4744
4798
4960
4971
5074
5159
5310
5346
5352
5897
5915
6017
6252
6261
6362
6390
6401
6536
6707
6800
6815
6827
6930
6947
7196
7359
7437
7773
7863
7995
8019
8027
8221
8255
8315
8770
9217
9238
9276
9303
9493
9497
9621
9954
10107
10225
10304
10445
10558
10567
10572
10997
11068
11142
11301
11434
11533
11635
11714
11730
11755
11782
11908
11941
11983
12032
12237
12255
12411
12555
12672
12837
13437
13585
13608
13654
13765
14179
14403
14481
14595
14602
14715
15329
15598
15915
15947
15958
16217
16261
16451
16719
16827
16880
17060
17090
17122
17368
17384
17435
17489
17565
17845
17857
17981
18101
18257
18364
18371
18484
18664
18796
18885
19231
19309
19777
20240
20416
20446
20458
20554
20973
21257
21322
21418
21615
21769
21837
21921
22095
22557
22756
22950
23008
23344
23505
23710
23746
23933
24329
24447
25063
25247
25360
25406
25603
25870
25930
26231
26338
26547
26622
26678
26802
27104
27118
27210
27456
27564
27651
27837
28091
28294
28420
28539
28551
28568
28648
28680
28992
29238
29549
29582
29883
30025
30273
30849
31036
31105
31331
31409
31615
31705
31930
32078
32316
32484
32640
32905
33011
33405
33486
33603
33756
33847
34390
34414
34676
34691
34853
35027
35033
35277
35476
35536
35588
35614
35629
36013
36275
36335
36418
36465
36564
37011
37065
37089
37507
37776
37810
37825
37947
38085
38655
38809
38869
39085
39256
39385
40084
40310
40342
40451
40701
40761
40914
41023
41066
41081
41122
41268
41349
41472
41562
41619
41649
41758
41897
42155
42179
42302
42423
42570
42757
42907
43069
43481
43706
43820
44186
44301
44384
44566
44921
45182
45283
45547
45728
45960
46187
46260
46293
46581
46630
47478
47492
47855
47887
48319
48639
48790
48805
48879
48933
49113
49223
49292
49701
50025
50164
50203
50304
50385
50403
50698
50898
51165
51290
51409
51574
51764
51914
51927
52134
52760
52765
52866
53101
53127
53286
53480
53729
Number of cuts: 348

Jester
236
353
814
1337
2488
2702
2758
2925
3430
3903
4108
4413
4614
4704
4705
4752
5290
5302
5543
6025
6650
6715
7084
7665
7667
8328
8349
8586
8959
9136
10036
11040
11070
11572
11730
12088
12281
12491
12878
12901
13102
13699
13702
14317
14665
14686
14769
14927
15149
15281
15371
16033
16709
17460
17670
17943
19845
20053
20413
20594
21129
21668
22671
23633
24995
25097
25339
25808
26441
26597
26669
26765
27173
27582
28431
28794
28962
29497
29871
30020
30511
31328
31373
31481
32728
32872
32935
33102
33457
33655
33875
34458
34584
35020
35418
35613
36385
36413
36703
36817
36932
37508
38800
39363
39667
40530
40755
41415
43314
43802
45076
Number of cuts: 111

Krishelle
236
353
1337
2488
2702
2758
2925
3689
3903
4108
4413
4614
4704
4752
5290
5302
5543
6025
6665
6730
7680
7682
8343
8364
8601
8789
8974
9151
10051
10905
11055
11085
11587
11745
12103
12296
12656
12665
12746
13429
14026
14644
14992
15013
15096
15254
15476
15608
15698
16360
17036
17110
17787
17997
18270
20057
20172
20393
20737
20740
21456
23035
23312
23369
23511
24008
25343
25445
25687
26156
26761
26945
26990
27017
28858
29221
29389
29921
30516
30665
31156
32018
32126
33373
33580
33747
34102
34300
35103
35229
35665
36063
36258
37039
37067
37245
37357
37471
37586
38162
39169
39414
40015
40319
40384
41404
42063
43067
43114
43962
44450
45724
46152
Number of cuts: 113

Lillie
236
353
814
1337
2488
3689
3903
4108
4413
4614
4704
4752
5290
5302
5543
6025
6665
6730
8211
8328
8349
8609
9015
9192
9832
10092
10995
11628
11786
12144
12656
12934
12957
13158
13755
14825
14983
15130
15205
15337
15427
16509
16765
17199
17302
17516
17726
17999
18616
18649
18886
19406
19786
19901
20469
20618
20650
21185
21436
21724
22735
23155
23190
23273
23697
25161
25403
25872
26097
26345
26505
26661
26733
27237
27646
28495
28858
29026
29561
30156
30305
30796
31658
31766
33013
33220
33387
33742
33940
34743
34869
35305
35703
35898
36670
36698
36876
36988
37102
37217
37793
38800
39045
39646
39950
40015
41035
41694
42698
42745
43593
44081
45355
Number of cuts: 113

Mahdia
60
163
174
438
470
494
503
798
823
841
1051
1117
1157
1192
1324
1486
1984
2003
2020
2156
2565
2680
2812
3112
3463
3761
3954
4161
4245
4320
4687
4714
4729
4891
4923
4975
5149
5310
5374
5428
5604
5634
5707
5958
6155
6250
6434
6563
6780
6890
7306
7389
7519
7569
7696
7789
8047
8194
8240
8308
8395
8555
8962
8974
9619
9684
9902
10087
10174
10322
10431
10439
10592
10609
10683
10759
10801
10826
10879
10930
11191
11799
11917
11990
12025
12120
12211
12261
12271
12276
12522
12815
13170
13251
13341
13347
13474
13691
13719
13780
13845
14165
14182
14327
14907
15014
15162
15386
15790
16072
16086
16191
16802
16989
17301
17385
17844
17935
17952
18047
18119
18521
18634
18892
18968
19171
19352
19361
19485
19502
20564
20715
20843
20993
21492
21509
21912
21966
22161
22269
22449
22513
22714
23079
23146
23180
23284
23637
23651
23658
24334
24400
24636
24761
24842
24915
24920
25028
25204
25210
25576
25598
25986
26012
26079
26147
26214
26237
26881
26964
27017
27582
27591
27917
27968
27985
28173
28706
28751
28906
28968
29223
29355
29452
29465
29498
29650
29977
30230
30399
30458
30734
30782
31186
31294
31367
31522
31530
32091
32130
32616
32640
33377
33483
33713
34439
34750
35023
35035
35359
35395
35439
35682
35929
35997
36072
36093
36466
36840
36858
36975
37678
37680
37847
38074
38418
39183
39277
39332
39722
39825
39880
39958
39979
39990
40022
40183
40360
40511
40562
40745
40930
40939
41007
41065
41480
41842
42257
42432
Number of cuts: 249

Naiad
236
353
1337
2488
2702
2758
2925
3689
3903
4108
4413
4614
4704
4752
5290
5302
5543
6025
6665
6730
8211
8328
8349
8609
9015
9192
9832
10092
10995
11628
11786
12144
12656
12934
12957
13158
13755
14825
14983
15130
15205
15337
15427
16509
16765
17199
17302
17516
17726
17999
18616
18649
18886
19406
19786
19901
20469
20621
20650
21185
21436
21724
22211
22275
22344
23168
23710
25072
25174
25416
25885
26110
26358
26518
26719
26746
26747
27250
27659
28508
28871
29039
29574
30169
30318
30809
31671
31779
33026
33233
33400
33755
33953
34756
34882
35318
35716
35911
36692
36720
36898
37010
37124
37239
37815
38822
39067
39668
39972
40037
41057
41716
42720
42767
43615
44103
45377
Number of cuts: 117

Nancinator
236
353
1337
2488
2702
2758
2925
3689
3903
4108
4413
4614
4704
4752
5290
5302
5543
6025
6665
6730
8211
8328
8349
8609
9015
9192
9832
10092
10995
11628
11786
12144
12656
12934
12957
13158
13755
14825
14983
15130
15205
15337
15427
16509
16765
17199
17302
17516
17726
17999
18616
18649
18886
19406
19786
19901
20469
20621
20650
21048
21185
22735
23155
23697
25060
25162
25404
25873
26098
26346
26506
26662
26734
27647
28496
28859
29027
29560
30089
30238
30729
31546
31591
32946
33090
33153
33320
33675
33873
34685
34811
35247
35645
35840
36612
36640
36930
37044
37159
37735
38408
38987
40374
41033
42037
42084
42932
43420
44694
Number of cuts: 109

Natosaleda
236
353
814
1337
2488
2758
2925
3689
3903
4108
4413
4614
4704
4752
5290
5302
5543
6025
6665
6730
8211
8328
8349
8609
9015
9192
9832
10092
10995
11628
11786
12144
12656
12934
12957
13158
13755
14825
14983
15130
15205
15337
15427
16509
16765
17199
17302
17516
17726
17999
18616
18649
18886
19406
19786
19901
20469
20621
20650
21048
21185
22735
23155
23697
25059
25161
25403
25872
26097
26345
26505
26661
26733
27646
28495
28858
29026
29559
30088
30237
30728
31545
31590
32945
33089
33152
33319
33674
33872
34684
34810
35246
35644
35839
36611
36639
36929
37043
37158
37734
38407
38986
39584
39888
40975
41634
42638
42685
43533
44021
45295
45724
45734
Number of cuts: 113

Partridge
236
353
1330
2547
2761
2984
3962
4154
4167
4472
4673
4763
4811
5349
5361
5602
6084
6774
7143
7724
7726
8387
8408
8645
9042
9219
9859
10119
10979
11028
11661
11819
12177
12580
12689
12967
12990
13788
14406
14775
15016
15163
15238
15370
15460
16542
16798
16825
16861
16872
17038
17549
17759
18032
18649
18682
18919
19934
20155
20499
20651
21081
21218
22308
22377
22909
23022
23201
23743
24529
25106
25208
25450
25955
26560
26744
26789
26816
28259
28657
29020
29188
29721
30316
30956
31926
33314
33544
33760
34229
34644
35041
35167
35603
35980
36001
36196
36968
36996
37174
37286
37516
38092
39099
39144
39344
39947
40251
41336
41887
43233
43401
43782
44078
44449
45748
46161
Number of cuts: 117

Pepy6
183
365
514
782
2252
2444
2736
3078
3418
3690
4076
4141
5085
5450
6339
6372
6386
6497
6830
7093
8234
8325
8676
8873
9060
9086
9118
9776
10024
10271
10394
10779
10915
10990
11070
11512
11920
11971
12214
13053
13427
14154
15003
15248
15294
15522
15720
15745
15768
15904
16380
16656
17295
17568
18084
18158
18695
19519
19655
19812
19973
20158
20479
20593
20599
21625
23168
23186
23450
23642
23776
23966
24961
25010
25501
26465
26567
27294
28208
28751
28899
28951
28960
29313
29676
29985
30296
30542
30561
30926
30959
30985
31357
32759
33169
33571
33824
33845
33900
33902
34640
34795
35278
35527
36260
36528
36785
36810
37128
37386
37392
37442
37558
37778
37861
38562
38614
38624
39001
39040
40120
41219
41363
44086
44154
44263
44551
44736
45343
45591
45638
45731
46026
46319
46986
47315
47391
48086
48326
48977
49313
50091
50920
50996
51084
51183
51191
51510
51617
51693
51966
52575
52758
52835
53244
53690
54001
54050
54393
54751
55407
55497
55889
57074
57142
58082
58231
58387
58564
58790
60561
60803
60856
61479
61600
62114
62610
62666
63340
63877
64592
64674
64869
65099
65170
65601
66248
66361
66680
66755
66922
67542
67721
67804
69421
69804
70013
70392
70499
70812
70845
70889
71160
71604
72195
72358
73119
73576
74403
74654
74928
Number of cuts: 211

Peregrin
62
374
958
1166
1386
1606
2577
4760
7681
8288
8302
9325
11045
12161
12736
12862
13412
14955
17819
22761
25645
26353
27366
28794
31143
31694
32552
33971
34680
35209
36255
36465
38692
39234
39652
39945
42054
42588
42894
43008
43079
44049
44138
44655
44796
45480
45887
46302
46491
46494
47457
49776
50792
51203
52004
54054
54531
54560
55020
56648
56936
56986
57014
59403
59945
60670
61519
62915
63056
63374
63710
65071
65796
66593
67174
67561
67664
67729
70358
70400
71039
72059
74151
74939
75704
76831
77188
77774
80039
80330
81692
81871
83977
84010
84951
86366
86491
87919
89378
89922
91005
91233
93572
94342
95849
97784
98045
100498
100506
102004
102166
102343
102589
103324
104200
104566
104594
104919
105235
107589
108636
108693
109720
110502
111497
113407
113831
118273
118339
118951
120116
123560
124770
125757
126246
126360
126450
127495
127654
127781
127798
127989
128014
128065
128100
128393
128414
128435
128659
128832
128924
129031
129096
129402
130131
130443
131027
131235
131455
131675
132646
Number of cuts: 161

Phrankenstein
236
353
1337
2488
2702
2758
2925
3689
3903
4108
4413
4614
4704
4752
5290
5302
5543
6025
6665
6730
8211
8328
8349
8609
9015
9192
9832
10092
10995
11628
11786
12144
12656
12934
12957
13158
13755
14825
14983
15130
15205
15337
15427
16509
16765
17199
17302
17516
17726
17999
18616
18649
18886
19406
19786
19901
20469
20621
20650
21048
21185
22681
23101
23136
23219
23643
25107
25349
25818
26043
26291
26451
26607
26679
27592
28441
28804
28972
29507
30102
30251
30742
31559
31604
32959
33166
33333
33688
33886
34689
34815
35251
35649
35844
36616
36644
36934
37048
37163
37739
38746
38991
39592
39896
39961
40981
41640
42644
42691
43539
44027
45301
Number of cuts: 112

Pine5
751
884
912
1037
1413
1448
1582
2072
2153
2490
2551
2919
2970
3082
3093
3517
3622
3681
3689
3701
4379
4547
4745
5059
5180
5678
5732
6260
6585
6785
6809
7185
7385
7477
7593
7610
7831
7898
8222
8541
8965
8993
9042
9140
9229
9507
9724
9742
10054
10059
10071
10083
10180
10237
10596
10641
10796
10820
11071
11188
11281
11452
11458
11524
11551
11590
11974
12204
12264
12441
12862
13090
13144
13217
13501
13549
13734
13910
13976
14211
14235
14429
15408
15629
15741
15775
16010
16191
16283
16359
16530
16679
16855
17249
17381
17406
17498
17606
17803
17812
18190
18303
18320
18397
18475
18499
18537
18825
19033
19118
19402
19625
19680
19804
20170
20220
20395
20640
20689
20929
20966
20992
21017
21250
21320
21377
21439
21658
22064
22567
22645
23944
24315
24646
24676
24952
25075
25096
25165
25234
25405
25563
25732
25895
26268
26391
26492
26559
26637
26683
27159
27267
27477
27877
27960
27995
28136
28266
28503
28727
28956
29088
29174
29197
29479
29681
29835
29885
29980
30807
30979
30997
31173
31311
31524
31625
31923
32204
32561
32652
32901
33225
33469
33501
33502
34072
34138
34364
34420
34610
34996
35374
35479
35498
35577
35683
35815
36221
36222
36256
36433
36778
36823
36934
37000
37027
37120
37152
37153
37557
37632
37800
38047
38052
38099
38178
38214
38581
38611
38995
39135
39213
39391
40234
40417
40515
41132
41185
41491
41626
41641
41836
41951
42340
42823
42943
43027
43154
43271
43354
43494
43898
44755
45058
45087
45211
45398
45497
45525
46218
46235
47127
47212
47642
48093
48165
48220
48528
48553
48737
49709
49896
49972
50578
50738
50789
51037
51451
51587
51937
52010
52080
52101
52302
52877
52978
53113
53197
53504
53732
53920
54047
54222
54339
54825
54855
55052
55215
55252
55528
55626
55770
56127
56480
56889
57551
57684
57744
57835
58359
58520
58901
58940
59124
Number of cuts: 304

Poco6
782
1605
1617
1689
2333
2528
2541
2994
3339
3438
3491
3798
3826
4212
4246
4347
4499
4983
5325
6554
6856
7332
7407
7551
7609
7777
9509
11063
11499
11665
11756
12107
12517
12549
12883
13207
13580
13702
13836
13953
14209
14293
14470
14500
15311
15368
15419
15668
16339
17484
18505
18664
19216
19712
19732
19782
19806
20035
21003
21060
21700
21995
22615
22621
23333
23647
25199
25313
25655
25658
25979
26352
26906
26974
27544
27712
28471
28478
28580
29307
29397
29941
30539
30918
31012
31344
31695
32004
32548
32576
33019
33203
33236
34003
34398
34438
35474
35596
35849
35870
35927
36388
36662
36817
37219
37659
38550
38559
39231
39408
39607
40584
40636
40809
40836
41868
42341
42532
42714
42997
43165
44932
44935
45005
45243
45326
45753
45922
45990
47287
47329
47845
48126
48166
48628
48917
49188
49322
49400
49631
49945
50107
50492
50822
50891
51152
51251
51287
51677
51756
51900
52015
52293
52447
52611
52948
52972
53019
53036
53475
54083
54266
54343
54752
55198
55405
55509
55558
56174
56259
56915
57005
57218
57397
57650
58471
58830
58892
60284
60445
60696
61085
61158
61786
62057
63034
63777
63985
64159
64328
64537
64726
65441
65613
65827
65962
66767
68627
69201
69747
70646
70985
71019
71125
71658
71765
72618
72867
73948
74838
76335
77048
Number of cuts: 212

Rasputin
236
353
814
1337
2488
2702
2758
2925
3689
3903
4108
4413
4614
4704
4752
5290
5302
5543
5918
6025
6650
6715
7665
7667
8329
8350
8587
8984
9161
9801
10061
11065
11597
11755
12113
12516
12625
12903
12926
13127
13724
15099
15174
15266
15306
15396
16478
16761
17271
17485
17695
18585
19870
20078
20438
20587
20619
21084
21154
21693
22225
22705
22833
23125
23667
24453
25030
25132
25374
25843
26068
26316
26476
26704
27617
28466
28829
28997
29532
30127
30767
31629
31737
32984
33191
33358
33713
33911
34714
34840
35276
35674
35869
36641
36669
36847
36959
37073
37188
37764
38771
39016
39617
39921
39986
40762
41006
41665
42669
42716
43564
44052
45326
Number of cuts: 113

RER2
236
353
814
1337
2488
3689
3903
4108
4413
4614
4704
4752
5290
5302
5543
6025
6665
6730
8211
8328
8349
8609
9015
9192
9832
10092
10995
11628
11786
12144
12656
12934
12957
13158
13755
14825
14983
15130
15205
15337
15427
16509
16765
17005
17302
17516
17726
17999
18616
18649
18886
19406
19786
19901
20469
20618
20650
21115
21185
21436
22735
23155
23697
25059
25161
25403
25872
26505
26661
26733
26871
27237
27646
28495
28858
29026
29561
30156
30305
30796
31658
31766
33013
33220
33387
33742
33940
34743
34869
35305
35703
35835
35898
36670
36698
36876
36988
37102
37217
37793
38800
39045
39646
39950
40015
41035
41694
42698
42745
43593
44081
45355
Number of cuts: 112

RexFury
236
353
845
1368
2519
2733
2789
2956
3720
3934
4139
4444
4645
4735
4783
5321
5333
5574
6056
6696
6761
8242
8359
8380
8640
9046
9223
9863
10123
11026
11659
11817
12175
12578
12687
12965
12988
13189
13786
14856
15014
15161
15236
15368
15458
16540
16796
17230
17547
17757
18030
18647
18680
18917
19437
19817
19932
20500
20649
20681
21216
21467
22766
23186
23728
25090
25192
25434
25903
26128
26376
26536
26692
26764
27677
28526
28889
29057
29592
30187
30827
31644
31689
33044
33251
33418
33773
33971
34774
34900
35336
35734
35929
36701
36729
37019
37133
37248
37824
38497
39076
39674
39978
41065
41724
42728
42775
43623
44111
45385
Number of cuts: 110

RGL3
333
1517
1531
1630
1998
2170
2490
2704
2877
3066
3772
3905
4110
4127
4205
4415
4616
4657
4706
4707
4754
5292
5310
5367
5410
5666
5920
6027
6381
6912
6942
7062
7089
7671
7673
8177
8318
8339
8599
8951
8981
9077
9158
9873
9917
10053
10186
10719
10921
11071
11516
11603
11618
11761
12119
12312
12375
12427
12732
12954
13322
13877
15124
15288
15363
15495
16673
17169
17203
17463
17677
17925
18057
18309
18452
18641
19036
19179
19524
20048
20189
20210
20256
20818
21109
21325
21583
22055
22320
22631
22813
23016
23205
23335
23482
23539
23725
24179
24569
25272
25604
25652
25894
25927
26061
26174
26392
26755
26886
27452
27480
27804
27814
27904
28257
28633
29455
29826
30277
30302
30459
30573
30826
30975
31281
31379
32403
32456
32515
32989
33423
34033
34313
34326
34403
34883
34939
35095
35420
35825
35833
35989
36261
36526
37172
37189
37434
37665
38428
38707
38802
39163
39702
39735
39836
40338
40718
40756
40915
41601
41625
41712
42041
42529
42879
43200
43254
43651
43750
44219
44494
44573
44862
44907
45035
45169
45196
45217
45332
45401
47279
47289
47425
Number of cuts: 183

Rhodalysa
236
353
814
1337
2488
3689
3903
4108
4413
4614
4704
4752
5290
5302
5543
6025
6665
6730
8211
8328
8349
8609
9015
9192
9832
10092
10995
11628
11786
12144
12656
12934
12957
13158
13755
14825
14983
15130
15205
15337
15427
16509
16765
17199
17302
17516
17726
17999
18616
18649
18886
19406
19786
19901
20469
20618
20650
21185
21436
21724
22735
23155
23190
23273
23697
25161
25403
25872
26097
26345
26505
26661
26733
27237
27646
28495
28858
29026
29561
30156
30305
30796
31658
31766
33013
33220
33387
33742
33940
34743
34869
35305
35703
35898
36670
36698
36876
36988
37102
37217
37793
38800
39045
39646
39950
40015
41035
41694
42698
42745
43593
44081
45355
Number of cuts: 113

StCroix
236
353
1337
2488
2702
2758
2925
3689
3903
4108
4413
4614
4704
4752
5290
5302
5543
6025
6665
6730
8211
8328
8349
8609
9015
9192
9832
10092
10995
11628
11786
12144
12656
12934
12957
13158
13755
14825
14983
15130
15205
15337
15427
16509
16765
17199
17302
17516
17726
17999
18616
18649
18886
19406
19786
19901
20469
20621
20650
21185
21436
21724
22211
22275
22344
23168
23710
25072
25174
25416
25885
26110
26358
26518
26719
26746
26747
27250
27659
28508
28871
29039
29574
30169
30318
30809
31671
31779
33026
33233
33400
33755
33953
34756
34882
35318
35716
35911
36692
36720
36898
37010
37124
37239
37815
38822
39067
39668
39972
40037
41057
41716
42720
42767
43615
44103
45377
Number of cuts: 117

Swann
236
353
1337
2488
2702
2758
2925
3689
3903
4108
4413
4614
4704
4752
5290
5302
5543
6025
6665
6730
8211
8328
8349
8609
9015
9192
9832
10092
10995
11628
11786
12144
12656
12934
12957
13158
13755
14825
14983
15130
15205
15337
15427
16509
16765
17199
17302
17516
17726
17999
18616
18649
18886
19406
19786
19901
20469
20621
20650
21185
21436
22735
23155
23190
23273
23697
25059
25161
25403
25872
26097
26345
26505
26661
26733
27646
28495
28858
29026
29559
30154
30303
30794
31656
31764
33011
33218
33385
33740
33938
34741
34867
35303
35701
35833
35896
36668
36696
36874
36986
37100
37215
37791
38798
39043
39644
39948
40013
41033
41692
42696
42743
43591
44079
45353
Number of cuts: 115

Takoda
236
353
460
809
1330
1991
2480
2917
3895
4100
4405
4606
4696
4744
5282
5294
5535
6017
6642
7076
7657
7659
8320
8341
8578
8975
9152
9792
10052
10955
11588
11746
12104
12507
12616
12894
13118
13715
14333
14540
14943
15090
15165
15297
15387
16469
16725
16752
16788
16799
16965
17476
17686
17959
18846
19861
20069
20082
20163
20578
20610
21058
21145
21684
22303
23127
23669
25032
25134
25376
25845
25923
26188
26478
26706
26802
26844
28468
28831
28999
29534
30063
30212
30703
31520
31565
31673
32428
33291
33535
33858
33916
34114
34334
34926
35052
35488
35886
36018
36081
36348
36853
36881
37059
37171
37290
37400
37976
38521
38983
39228
39831
40042
40135
41219
41286
41769
43091
43689
43922
45594
46006
Number of cuts: 122

Trina
787
2169
2577
3989
4969
8171
8697
9656
9723
9879
10651
11065
11541
12273
12407
14017
14223
14452
15318
16330
16704
17980
18396
18409
18845
19261
20024
23003
24408
26224
26586
27390
30209
30455
31052
31583
32197
32661
33030
33122
34472
35069
35234
35318
36617
37500
37639
37849
38198
38677
39065
39114
40605
41151
41350
42182
43634
43972
44506
44902
45610
47551
47953
48103
48166
48592
48778
48790
49532
51621
53684
55707
56286
57760
58228
59536
60022
60298
61505
61759
62248
64123
64858
65798
66250
66428
67079
67509
67872
68127
69383
70076
70946
71277
72712
74419
74732
74961
75052
75330
75820
76027
76285
77464
77728
78577
78770
79582
81279
82698
85050
86019
86132
86927
87443
87893
88295
88355
88388
88622
89176
89321
90559
92139
92631
93828
96310
97559
98330
98421
99514
100779
103255
104214
104621
105875
106150
107108
108799
109314
110263
110482
110641
112649
113683
115218
115702
116740
118247
118340
119261
120322
120437
121172
121425
121581
122431
122949
123826
124020
125051
125396
127685
127940
128649
129952
130442
131717
131986
132253
133463
134048
134169
134996
137189
138571
138979
Number of cuts: 177

TWAMP
236
353
814
1337
2488
3689
3903
4108
4413
4614
4704
4752
5290
5302
5543
6025
6665
6730
8211
8328
8349
8609
9015
9192
9832
10092
10995
11628
11786
12144
12656
12934
12957
13158
13755
14825
14983
15130
15205
15337
15427
16509
16765
17199
17302
17516
17726
17999
18616
18649
18886
19406
19786
19901
20469
20618
20650
21185
21436
21724
22735
23155
23190
23273
23697
25161
25403
25872
26097
26345
26505
26661
26733
27237
27646
28495
28858
29026
29561
30156
30305
30796
31658
31766
33013
33220
33387
33742
33940
34743
34869
35305
35703
35898
36670
36698
36876
36988
37102
37217
37793
38800
39045
39646
39950
40015
41035
41694
42698
42745
43593
44081
45355
Number of cuts: 113

UhSalsa
236
353
1337
2488
2702
2758
2925
3689
3903
4108
4413
4614
4704
4752
5290
5302
5543
6025
6665
6730
8211
8328
8349
8609
9015
9192
9832
10092
10995
11628
11786
12144
12656
12934
12957
13158
13755
14825
14983
15130
15205
15337
15427
16509
16765
17199
17302
17516
17726
17999
18616
18649
18886
19406
19786
19901
20469
20621
20650
21048
21185
22735
23155
23697
25060
25162
25404
25873
26098
26346
26506
26662
26734
27647
28496
28859
29027
29560
30089
30238
30729
31546
31591
32946
33090
33153
33320
33675
33873
34685
34811
35247
35645
35840
36612
36640
36930
37044
37159
37735
38408
38987
39585
39889
40976
41635
42639
42686
43534
44022
45296
Number of cuts: 111

Weasels2
2888
4555
5236
6000
8593
8638
8665
9089
11049
13956
14207
15405
19099
20234
24141
25648
27365
34639
35267
35458
37311
38190
39487
40902
40948
41604
43576
43741
44935
45268
46201
46366
46802
47239
48632
48740
50542
51001
51391
51987
52594
57242
57543
61695
61816
62668
63737
64478
64519
68854
69818
70185
70787
73419
73715
73715
76577
77227
78761
78872
78923
79686
80844
82112
84869
85004
86468
86689
87371
88116
88236
88585
88976
89674
89738
91065
93656
93959
94421
95042
95444
95451
96063
96369
99186
99887
100239
101562
101572
101673
103287
105704
106121
107450
108230
109058
109795
111216
115721
117186
117999
118475
119234
122972
124040
128640
130737
131378
134593
Number of cuts: 109

Yogi
236
353
814
1337
2488
2702
2758
2925
3689
3770
3903
4108
4203
4413
4614
4704
4752
5290
5302
6025
6650
6715
7665
7667
8328
8349
8586
8983
9160
9800
10060
10969
11602
11760
12118
12521
12630
12908
12931
13132
13729
15104
15179
15271
15311
15401
16483
16766
17276
17490
17700
18590
18623
19875
20083
20443
20592
20624
21159
21698
22709
23129
23671
25033
25135
25377
25846
26479
26635
26707
26845
27211
27620
28469
28832
29000
29535
30130
30279
30770
31587
31632
31740
32987
33131
33194
33361
33716
33914
34134
34714
34840
35276
35674
35869
36538
36593
36645
36790
37021
37049
37339
37453
37568
38144
39396
39997
40301
40366
41386
42045
42454
43096
43944
44318
45706
46129
Number of cuts: 117

Yoncess
236
353
814
1337
2488
2702
2758
2925
3689
3770
3903
4108
4203
4413
4614
4704
4752
5290
5302
5543
5918
6025
6650
6715
7665
7667
8328
8349
8586
8983
9160
9800
10060
10969
11602
11760
12118
12521
12630
12908
12931
13132
13729
15104
15179
15271
15311
15401
16483
16766
17276
17490
17700
18590
19875
20083
20443
20624
21698
22710
23672
25034
25136
25378
25847
26480
26636
26708
26804
26846
27212
27621
28470
28833
29001
29536
29910
30059
30550
31367
31412
31520
32767
32911
32974
33141
33496
33694
33914
34497
34623
35059
35457
35652
36424
36452
36742
36856
36971
37547
38554
38799
39400
39704
39769
40789
41449
43352
43840
45114
Number of cuts: 110

