Alatin
4
207
254
310
331
649
662
1057
1348
1462
1476
1638
2380
2551
2902
3081
3459
3467
3722
4305
4510
4561
4776
5301
5713
5762
6432
6479
6499
6592
6673
6927
7045
7095
7695
10222
10413
10606
10620
10627
10886
10947
11120
11982
12036
12042
12079
12091
12100
12133
12155
12455
13122
13411
13467
13711
13876
13884
14043
14139
14145
14166
14187
14430
14674
14778
15280
15438
15449
16590
17498
17672
18434
18562
18571
18769
19109
19548
20357
20937
21772
22456
23679
23918
23971
24357
24734
25057
25114
25320
25452
25489
26069
26408
26838
27316
28286
28678
28700
29186
29555
29665
30123
30358
30787
31137
31270
31313
31814
32348
32821
33345
33939
34199
35603
36460
36777
37035
37948
38232
39521
39531
39791
39796
40390
41656
42083
42825
45882
46087
46280
46292
Number of cuts: 132

Alpacados
4
207
254
310
331
649
662
1057
1348
1462
1476
2342
2513
2864
3043
3421
3429
3698
4267
4472
4523
4738
5046
5231
5263
5675
5724
6379
6426
6446
6539
6992
7042
7623
8236
8795
9045
9657
10152
10343
10536
10557
10822
11056
11918
11972
11978
12015
12027
12036
12069
12091
12391
12603
12778
13347
13403
13979
14075
14081
14102
14366
14610
14714
14897
14958
15216
15374
15385
16229
16254
16526
16952
17434
17482
17493
17608
18705
19045
19484
20293
20824
20873
21352
22013
22325
22938
23548
23787
23840
24226
24603
24926
24983
25189
25974
26203
28191
28919
29091
29228
29460
29498
29570
30028
30263
30692
30944
31042
31175
31218
31719
32253
32726
33091
33844
34104
34379
35505
35761
36353
36670
36839
36928
37841
38125
38545
38723
39414
39424
39684
39689
40213
40637
40684
41479
41906
42648
45705
45910
46103
46115
Number of cuts: 142

AngryOrchard
4
207
331
644
657
1050
1341
1455
1469
2325
2496
2847
3404
3412
3667
3849
4250
4455
4506
4721
5029
5214
5246
5658
5707
6362
6409
6429
6522
6603
6857
6975
7025
7606
8219
8724
9028
9640
9972
10326
10519
10540
10805
11039
11901
11955
11961
11998
12010
12019
12052
12074
12374
12586
12761
13135
13330
13386
13762
13948
13962
14058
14064
14697
14941
15199
15357
15368
15879
16212
16237
16509
16935
17417
17591
17610
18353
18481
18490
19028
19467
20212
20453
20807
20954
21127
21335
21549
21996
22073
22217
22320
22901
22931
23480
23543
23836
24222
24338
24599
24922
24979
25185
25317
25354
25934
26371
26702
28150
28564
29050
29187
29419
29529
29818
29912
29921
30156
30585
30935
31068
31111
31612
32458
33539
33734
33780
34004
34264
35665
35921
36513
36830
36964
38001
38285
38909
39574
39584
39709
39846
40140
40445
42136
46015
46208
46220
Number of cuts: 147

AppleCloud
143
161
246
444
457
1141
1255
1269
1345
2089
2175
2260
2461
2611
2790
3168
3176
3871
4014
4219
4270
4467
4487
4978
5010
5422
5471
6126
6173
6193
6195
6286
6353
6621
6739
6789
7370
7983
8768
9443
10066
10259
10539
11387
11689
11695
11744
11753
11808
12257
12272
12556
13432
13808
13841
13849
14008
14104
14110
14380
14639
14732
15245
15403
15414
16555
17463
17511
17637
17656
18527
18536
19074
19513
20258
20499
20853
21033
21199
21366
21381
21595
22042
22120
22220
22370
22630
22676
22969
23874
24125
24232
24348
24609
24932
24989
25195
25364
25944
26283
26382
26484
26713
26715
28153
28161
28632
28654
29140
29403
29448
29506
29616
29844
29853
30088
30517
30867
31000
31043
31535
32108
32551
33663
33923
33962
34198
35330
36178
36495
36664
36753
37666
37950
38189
39236
39246
39506
39511
39800
40105
41373
41800
42542
45599
45804
45997
46009
Number of cuts: 148

Belenaria
4
207
254
310
331
649
662
1057
1348
1462
1476
1638
2380
2551
2902
3081
3459
3467
3722
4305
4510
4561
4776
5301
5713
5762
6432
6479
6499
6592
6673
6927
7045
7095
7695
10222
10413
10606
10620
10627
10886
10947
11120
11982
12036
12042
12079
12091
12100
12133
12155
12455
13122
13411
13467
13711
13876
13884
14043
14139
14145
14166
14187
14430
14674
14778
15280
15438
15449
16590
17498
17672
18562
18571
18769
19109
19250
19548
20357
20937
22389
23612
23851
23904
24291
24668
24991
25048
25254
25386
25423
26003
26342
28220
28612
28634
29120
29257
29384
29487
29525
29597
29980
29989
30224
30653
30905
31003
31136
31179
31680
32214
32687
33211
33805
34065
35478
35680
35734
36326
36643
36812
36901
37814
38098
38337
39384
39394
39654
39659
39948
40253
41521
41948
42690
45747
45952
46145
46157
Number of cuts: 139

BobbyDazzler
4
207
254
331
649
662
1057
1348
1462
1476
1531
1702
2215
2451
2622
2973
3152
3530
3538
3807
4376
4581
4632
4847
5155
5340
5372
5833
6488
6535
6555
6648
6983
7101
7151
7732
8345
8904
9154
9766
10261
10452
10645
10666
10931
11165
12027
12081
12087
12124
12136
12145
12178
12200
12500
12712
12887
13348
13456
13512
14088
14169
14184
14190
14475
14719
14823
15006
15067
15325
15483
15494
16338
16363
16635
17061
17543
17591
17602
17717
18814
19154
20225
20402
20933
20982
21461
22122
22243
22371
22435
23048
23214
23658
23897
23950
24336
24713
25036
25093
25299
25468
26048
26277
26817
28265
28657
29165
29302
29534
29644
30102
30337
30766
31116
31292
31793
32327
32800
33165
33918
34178
36430
36747
36916
37005
37918
38202
39491
39501
39761
39766
40360
40784
40831
41574
41627
42054
42796
45853
46058
46251
46263
Number of cuts: 143

Bonanza
4
207
254
310
331
649
662
1057
1348
1462
1476
1638
2150
2380
2551
2902
3081
3459
3467
3736
4305
4510
4561
4776
5084
5269
5301
5713
5762
6417
6464
6484
6577
6912
7030
7080
7661
8274
8833
9083
9695
10190
10381
10574
10595
10860
11094
11956
12010
12016
12053
12065
12074
12107
12129
12429
12641
12816
13385
13441
14017
14113
14119
14140
14404
14648
14752
14935
14996
15254
15412
15423
16267
16292
16564
16990
17472
17520
17531
17646
18743
19083
19522
20331
20862
20911
21033
21042
21390
22051
22363
22944
23586
23825
23878
24264
24641
24964
25021
25227
25396
25976
26205
26745
28193
28921
29093
29230
29462
29500
29572
30030
30265
30946
31044
31177
31220
31721
32255
32728
33093
33846
34106
34381
35507
35763
36604
36788
37052
37221
37310
38223
38507
38927
39105
39796
39806
40066
40071
40665
41089
41136
41931
42358
43100
46347
46540
46552
Number of cuts: 148

Bradshaw
4
207
254
310
331
649
662
1057
1348
1462
1476
1638
2380
2902
3081
3459
3467
3722
4305
4510
4561
4776
5301
5713
5762
6432
6479
6499
6592
6927
7045
7095
7695
10413
10606
10620
10627
10886
10947
11120
11982
12036
12042
12079
12091
12100
12133
12155
12455
13122
13411
13467
13711
13876
13884
14043
14139
14145
14166
14187
14430
14674
14778
15280
15438
15449
16590
17498
17672
18562
18571
18769
19109
19250
19548
20357
20937
21718
22389
23612
23851
23904
24290
24667
24990
25047
25253
25385
25422
26002
26341
27249
28219
28611
28633
29119
29488
29598
30056
30291
30720
31070
31203
31246
31747
32281
32754
33278
33872
34132
35536
36393
36710
36968
37881
38165
39454
39464
39724
39729
40323
41589
42016
42758
46020
46213
46225
Number of cuts: 127

Bryce
4
207
254
310
331
649
662
1057
1348
1462
1476
1638
2150
2380
2551
2902
3081
3459
3467
3736
4305
4510
4561
4776
5084
5269
5301
5762
6417
6464
6484
6577
6912
7030
7080
7661
8274
8833
9083
9695
10190
10381
10574
10595
10860
11094
11956
12010
12016
12053
12065
12074
12107
12129
12429
12641
12816
13385
13441
14017
14113
14119
14404
14648
14752
14996
15254
15412
15423
16267
16292
16564
16990
17472
17520
17531
17646
18743
19083
20154
20331
20862
20911
21033
21042
21390
22051
22172
22300
22364
22977
23143
23587
23826
23879
24265
24642
24965
25022
25228
25397
25977
26206
28194
28586
29094
29231
29463
29573
29801
29810
30045
30474
30824
30957
31000
31501
32035
32508
32873
33626
33886
35492
36138
36455
36624
36713
37626
37910
38508
38793
39199
39209
39469
39474
40068
40492
40539
41282
41335
41762
42504
45561
45766
45959
45971
Number of cuts: 146

ChewyVIII
571
709
1519
1914
1919
2183
2337
2466
3213
3645
4176
4196
4267
4277
4732
4776
4813
4885
4963
5017
5405
5583
6076
6093
6297
6299
6301
6303
6797
7036
7183
7268
7270
7290
7594
7762
7844
7931
7960
8191
8275
8724
9289
9913
10404
10667
10675
10750
10939
11240
11307
11448
12122
12202
12404
12517
12843
12993
13243
13374
13444
13712
13714
13728
13807
14089
14091
14116
14420
14422
15068
15206
15391
15412
15496
15498
15603
16197
16428
16669
16751
17095
17242
17680
17707
17890
17913
17929
18001
18130
18229
18331
18360
18370
18514
18545
18796
18831
19298
19556
19569
19641
19740
19785
20087
20310
20437
20449
20451
20704
20824
20880
20910
20944
20971
20978
21098
21499
21800
21818
21831
22044
22135
22192
22267
22462
22464
22545
22636
22723
22945
22978
22980
23040
23083
23085
23220
23253
23289
23483
23485
23970
24514
24523
24525
24527
24538
25160
25658
25857
25907
25926
25946
25965
25967
25969
26366
26772
26774
26950
26982
27162
28145
28880
28901
29099
29165
29304
29346
29507
29837
29852
29943
30377
30383
30441
30639
30872
31040
31064
31203
31693
31987
32046
32100
32271
32597
32626
32676
32724
32736
32811
32863
32906
32951
33043
33086
33223
33240
33267
33282
33319
33340
33357
33359
33512
33610
34442
34465
34562
34746
34842
35247
35263
35432
35598
35713
35792
36174
36464
36552
36568
36655
36829
36904
36962
36973
37003
37199
37209
37429
37474
37666
37884
37938
37981
38502
38617
38806
38964
39181
39353
39702
39833
39886
39888
40025
40071
40073
40220
40334
40740
40788
40849
40971
41297
41361
42429
42435
42502
42552
42773
42905
42976
42978
43014
43076
43166
43189
43234
43731
44038
44084
44178
44264
44349
44445
44472
44664
45074
45145
45155
45272
45375
45547
45549
45683
45788
45790
45818
45878
45978
46097
46158
46349
46358
46360
46762
47044
47046
47166
47211
47366
47602
47758
48218
48309
48925
49085
49087
49220
49241
49866
50158
50160
50238
50530
50704
50824
50913
50949
50986
50988
51184
51461
51521
51796
52003
52214
52431
52538
52986
53020
53453
53498
53718
53846
54226
54246
54411
54444
54514
54601
54665
55203
55678
55700
55822
55922
55970
56153
56173
56667
57099
57228
57612
57647
57850
58571
58643
58991
59141
59295
59384
59406
59533
59541
59796
59908
59924
60508
60717
61077
61083
61101
61163
61194
61337
61447
61714
61850
62571
63039
63457
63502
63798
63885
63896
63989
64044
64074
64193
64485
64503
64579
64613
64637
64829
64977
65040
65222
65289
65299
65379
65466
65514
65677
65712
65797
65807
65910
65982
65984
66022
66182
66223
66254
66368
66378
66383
66404
66485
66661
66786
67062
67399
67443
67585
67599
67608
67910
67921
68047
68224
68278
68442
68461
68897
68899
69017
Number of cuts: 440

CosmicSans
4
207
254
310
331
649
662
1057
1348
1462
1476
1638
2380
2902
3081
3459
3467
3722
4305
4510
4561
4776
5301
5713
5762
6432
6479
6499
6592
6927
7045
7095
7695
10413
10606
10620
10627
10886
10947
11120
11982
12036
12042
12079
12091
12100
12133
12155
12455
13122
13411
13467
13711
13876
13884
14043
14139
14145
14166
14187
14430
14674
14778
15280
15438
15449
16590
17498
17672
18434
18562
18571
18769
19109
19250
19548
20357
20937
21718
22389
23612
23851
23904
24290
24667
24990
25047
25253
25385
25422
26002
26341
27249
28219
28611
28633
29119
29488
29598
30056
30291
30720
31070
31203
31246
31747
32281
32754
33278
33872
34132
35536
36384
36701
36959
37872
38156
39445
39455
39715
39720
40314
40738
40785
41580
42007
42749
45806
46011
46204
46216
Number of cuts: 131

Dinger
4
207
254
295
331
646
659
1052
1343
1457
1471
1634
2146
2160
2376
2462
2547
2898
3077
3455
3463
3718
4301
4506
4557
4772
5080
5265
5297
5709
5758
6413
6460
6573
6640
6654
6908
7026
7076
7657
9079
10186
10377
10570
10591
10856
11090
11952
12006
12012
12049
12061
12070
12103
12125
12425
12637
12812
13186
13381
13437
13846
13854
14109
14115
14737
14992
15250
15408
15419
16263
16288
16560
16986
17642
17661
18404
18532
18541
19079
19237
19518
20263
20504
20858
21029
21204
21328
21386
21600
22194
22372
22638
23595
23888
24274
24390
24651
24732
24974
25031
25237
25406
25986
26325
26424
26526
26755
28195
28203
28674
28696
28722
29182
29446
29549
29659
29916
29925
30589
30939
31072
31115
31616
32462
32623
32988
33483
34005
34265
35934
36526
36843
37012
37238
38014
38298
39587
39597
39722
40153
40458
40955
42086
42154
46034
46227
46239
Number of cuts: 148

DocB7
30
192
624
1178
1236
1510
1689
1768
1821
2206
2208
2346
2470
2502
2721
2755
2805
2979
3354
3359
3806
3979
3987
4110
4181
4257
4441
4690
4831
4840
4856
4903
4920
4922
4982
5079
5323
5363
6282
6387
6607
7347
7349
7720
7754
7784
7916
8006
8060
8139
8418
8773
8833
8990
9079
9313
9619
10448
10876
11235
11326
11379
11522
11651
11653
11865
12165
12203
12205
12207
12286
12527
12686
12768
12975
13011
13058
13233
14016
14273
14341
14558
14563
14897
15201
15817
16140
16241
16607
16614
16820
16822
17342
17370
17457
17739
17756
17771
17961
18012
18203
18233
18329
18382
18475
18477
18701
18750
18878
18989
19104
19193
19346
19364
19437
19548
19562
19691
19701
20085
20216
20389
20391
20412
20452
20457
20515
20699
20911
21083
21191
21193
21224
21229
21275
21315
21431
21480
21613
21742
21939
21985
22038
22121
22262
22292
22309
22311
22346
22383
22468
22479
22573
22609
22626
22817
22901
22983
23264
23475
24138
24203
24269
24440
24872
25175
25177
25446
25448
25485
25569
25664
25798
25822
26034
26057
26638
27402
27409
27629
27799
27824
27841
27851
28125
28166
28181
29166
29178
29634
29819
30044
30093
30319
30465
30577
30770
30849
30923
30966
31559
31599
31817
32028
32428
32723
32853
32928
33077
33673
33968
34338
34578
34626
35265
35341
36131
36278
36346
36359
36470
37070
37161
37222
37369
37473
37831
38018
38611
38910
38989
39666
39959
40505
40636
40838
40956
41072
41245
41328
41388
41753
41835
42079
42157
42619
42968
43053
43172
43205
43234
43245
43808
44098
44382
44407
44921
45232
45329
46403
46548
46559
46755
47568
47570
47592
48067
48085
48300
48804
49070
49320
49521
49633
49981
50232
50337
50625
50993
51394
51661
51802
52091
52249
52309
52378
53256
53934
54218
54301
54491
54504
54732
54898
55744
55826
55929
56220
56378
56380
56740
56871
56926
57049
57514
57812
57847
57962
58266
58268
58550
58552
58780
58910
59112
59351
59975
60018
60278
60362
60504
60543
60742
60842
60853
60919
61138
61154
61349
61407
61669
61772
61825
61871
61959
62413
62440
62507
62579
62603
62612
62791
63093
63095
63097
63632
63642
63749
64008
64010
64012
64150
64300
64326
64375
64613
64871
65068
65103
65673
65675
65765
65902
66128
66486
66635
66749
67050
67260
67292
67352
67482
67493
68120
68180
68204
68296
68613
68670
68741
68752
69170
69684
70152
70170
70172
70213
70875
70899
70938
71058
71060
71573
71615
71627
72801
72869
72942
72978
73169
73171
73814
73856
73977
74073
74103
74712
74834
74856
75274
75708
Number of cuts: 411

E3
91
141
173
175
208
333
412
414
595
597
599
689
846
853
906
962
980
1362
1431
1496
1505
1625
1905
1911
1947
1962
2015
2074
2277
2284
2286
2334
2336
2439
2568
2799
2811
2838
2885
2919
2955
3212
3234
3320
3578
3580
3675
3692
3694
3838
3894
3896
3898
3939
4049
4056
4197
4373
4375
4428
4522
4558
4588
4659
4948
4950
4952
5279
5318
5600
5602
5668
5721
5723
5758
5803
5834
5900
5928
6279
6293
6464
6476
6481
6513
6543
6698
6707
6719
6745
6800
6812
6913
6956
6980
7004
7097
7516
7524
7526
7528
7724
7726
7744
7887
7943
7945
7964
7994
8484
8495
8512
8572
8587
8599
9296
9359
9375
9632
9637
9639
9677
9682
9748
9784
9935
9937
9939
10128
10137
10262
10335
10351
10380
10555
10630
10658
10778
10807
10822
10831
10874
10876
11196
11310
11361
11499
11522
11540
11572
11614
11658
11762
11897
11937
12124
12202
12269
12296
12366
12371
12458
12518
12598
12600
12670
12691
12855
12902
12904
13005
13055
13250
13307
13518
13723
13753
13799
13827
13869
13871
13873
13902
13904
13906
13945
13965
13998
14211
14223
14327
14337
14444
14501
14546
14662
14743
14752
14779
14830
14855
14962
14979
14986
14994
14996
15036
15079
15081
15129
15191
15258
15266
15481
15577
15668
15685
15702
15718
15774
15776
15778
15789
15896
15992
15994
16048
16096
16286
16373
16475
16477
16482
16484
16723
16861
16863
16909
16987
17020
17036
17087
17092
17172
17223
17247
17308
17325
17429
17478
17517
17519
17582
17601
17617
17675
17845
17977
18204
18217
18276
18349
18408
18522
18619
18639
18806
18811
18835
18862
18892
18928
19023
19187
19250
19282
19327
19333
19335
19434
19563
19695
19716
19740
20052
20222
20257
20280
20302
20309
20334
20387
20430
20466
20468
20470
20684
20871
20889
20992
21086
21092
21177
21273
21430
21454
21482
21513
21626
21790
21799
21845
21854
21916
22122
22142
22144
22374
22400
22418
22536
22547
22714
22730
22732
22794
23001
23146
23209
23211
23280
23330
23410
23692
24006
24035
24288
24714
24950
24997
25018
25105
25245
25252
25433
25583
25685
25758
25764
25821
26005
26054
26069
26133
26165
26173
26206
26322
26422
26605
26607
26673
26680
26787
26826
26843
26949
26973
27050
27257
27335
27418
27429
27496
27511
27777
27855
27939
27941
27943
28011
28032
28034
28153
28188
28278
28365
28519
28549
28564
28620
28662
28920
28972
29044
29228
29234
29281
29324
29326
29382
29470
29527
29716
29737
29794
29908
29939
30123
30163
30217
30263
30304
30306
30365
30425
30455
30730
30732
30787
30829
30837
30884
31123
31174
31271
31285
31334
31400
31526
31695
31739
31822
32039
32295
32421
32446
32451
32462
32725
32747
32793
32795
32805
32818
32829
32831
32940
33204
33210
33212
33249
33335
33344
33378
33383
33431
33488
33527
33581
33592
33594
33624
33759
33839
33903
33945
33998
34016
34018
34061
34076
34106
34130
34190
34208
34311
34313
34382
34410
34425
34657
34662
34669
34671
34850
34862
34886
34904
35003
35063
35218
35432
35622
36033
36076
36122
36609
36660
36912
37043
37138
37169
37224
37242
37281
37287
37461
37467
37545
37671
37680
37716
37735
37752
37754
37756
37797
37833
37839
37875
38001
38202
38207
38474
38489
38593
38648
38718
38720
38963
39095
39247
39249
39389
39607
39739
39813
39833
39934
40001
40015
40027
40051
40174
40264
40440
40581
40606
40836
40838
40980
41083
41398
41805
41807
41836
41939
41979
42089
42180
42380
42398
42494
42695
42713
42794
42940
42947
42998
43046
43051
43258
43265
43288
43325
43367
43384
43416
43505
43674
43915
43938
43980
44068
44073
44108
44222
44224
44487
44584
44616
44654
44791
44858
44860
44868
44870
44967
45054
45223
45235
45237
45289
45484
45512
45713
45792
45807
45829
45849
45949
46170
46172
46260
46292
46437
46439
46478
46521
46523
46575
46591
46593
46610
46649
46661
46755
46910
46965
47073
47075
47196
47219
47235
47256
47367
47386
47388
47496
47660
47713
47719
47736
47768
47804
47806
47945
48038
48138
48230
48232
48494
48496
48533
48779
48829
49078
49456
49472
49474
49481
49611
49632
49649
49809
49913
50072
50090
50103
50112
50114
50370
50462
50480
50528
50542
50676
50709
50825
50871
51503
51515
51536
51650
51709
51711
51713
51756
51786
51788
51875
52133
52161
52239
52244
52257
52554
52728
52760
52762
52879
53012
53034
53042
53276
53408
53423
53435
53649
53996
54088
54408
54440
54445
54521
54583
54763
54860
54886
54914
54968
54970
55189
55240
55309
55311
55433
55435
55778
55829
55951
56003
56005
56132
56140
56142
56290
56381
56482
56631
56785
56787
56996
56998
57077
57086
57134
57136
57138
57172
57174
57403
57516
57648
57764
57814
57870
57905
58021
58034
58039
58041
58188
58443
58767
58772
58783
58848
58948
59095
59276
59338
59525
59629
59651
59706
59819
59821
59896
59912
59923
59960
59966
60408
60429
60445
60447
60538
60711
60757
60782
61009
61147
61161
61437
61439
61505
61522
61581
61583
61735
61737
61751
61981
62080
62229
62231
62407
62409
62411
62577
62614
62777
62890
62969
63148
63382
63389
63431
63461
63595
63619
63621
63676
63702
63781
63790
63841
63843
63931
63975
64072
64074
64149
64232
64234
64287
64317
64335
64337
64350
64387
64407
64451
64484
64520
64571
64604
64632
64733
64763
64828
65044
65161
65186
65264
65355
65357
65884
65948
66022
66103
66144
66216
66223
66290
66409
66414
66463
66503
66634
66736
66741
66926
66931
66995
67239
67297
67303
67738
68077
68200
68268
68301
68303
68360
68476
68486
68488
68510
68594
68920
68922
68924
68926
69016
69046
69048
69050
69146
69181
69236
69301
69363
69385
69387
69487
69551
69588
69590
69722
69737
69768
69917
70029
70044
70141
70184
70249
70261
70309
70315
70350
70419
70742
71202
71215
71558
71589
71658
71660
71869
72187
72303
72781
72822
72837
72891
72933
73065
73188
73190
73323
73714
73716
73718
73905
73907
73943
74041
74079
74467
74706
75198
75248
75273
75338
75340
75483
75563
75613
75634
75779
75849
75851
75938
75946
75975
76078
76098
76126
76149
76155
76248
76250
76263
76285
76562
76844
76926
76960
77027
77054
77088
77273
77314
77350
77352
77553
77588
77610
77698
77738
77768
77803
77805
77940
77945
78061
78125
78356
78497
78559
78766
78834
78841
78848
78850
78935
78982
79213
79387
79389
79451
79878
80145
80211
80226
80400
80634
80689
80761
80877
80913
81024
81085
81503
81568
81631
81705
81721
81772
81983
82086
82165
82327
82367
82397
82534
82563
82876
83134
83387
83551
83692
83976
84062
84205
84231
84407
84443
84466
84555
84571
84583
84789
84917
85134
85136
85453
85529
85640
85699
85868
86067
86076
86126
86240
86242
86525
86809
86820
86822
86852
86868
86888
86904
86911
86948
86994
87032
87112
87198
87200
87206
87267
87269
87313
87338
87404
87516
87625
87627
87642
87849
87858
87886
87891
87896
88052
88154
88156
88187
88289
88461
88714
88728
88733
88735
88737
88794
88909
88997
89093
89202
89204
89260
89270
89387
89458
89551
89575
89628
89697
89727
89746
89969
89971
90118
90139
90294
90296
90408
90451
90695
90792
90820
90868
90941
91134
91136
91158
91167
91539
91602
91715
91722
91833
91848
91902
91956
92025
92123
92134
92185
92187
92195
92323
92474
92514
92614
92780
92782
92875
92926
92931
92977
93035
93398
93557
93595
93644
93885
93887
93945
93985
94142
94203
94221
94230
94412
94585
94587
94748
94997
95098
95100
95248
95250
95338
95524
95610
95616
95618
95691
95829
95834
95917
95919
95921
96207
96364
96449
96597
96654
96734
96749
97154
97637
97645
97669
97696
97826
97938
98150
98183
98330
98335
98348
98372
98374
98461
98542
98544
98618
98696
98840
98849
98851
98954
98971
98973
99006
99008
99061
99100
99121
99135
99137
99139
99334
99336
99507
99589
99757
99759
99802
99804
99844
99889
99891
99913
99993
100211
100353
100365
100411
100491
100524
100542
100671
100677
100729
100772
101049
101051
101310
101312
101426
101441
101447
101613
101715
101864
101923
101934
102009
102011
102028
102030
102120
102122
102411
102493
102509
102609
102611
102613
102619
102667
102869
102912
102983
102991
103173
103212
103221
103271
103273
103586
103668
103804
103847
103917
104059
104061
104207
104209
104354
104356
104442
104444
104523
104525
104633
104669
104728
104953
104968
104996
105345
105366
105368
105487
105517
105550
105637
105724
105769
105846
106261
106266
106403
106435
106451
106453
106459
106569
106683
106705
106707
106963
106965
107134
107216
107409
107411
107626
107639
107768
107846
108042
108044
108102
108147
108170
108237
108595
108682
108707
108810
108845
108856
108891
109000
109093
109113
109172
109215
109356
109394
109798
109800
109907
110024
110056
110058
110112
110152
110154
110209
110228
110248
110344
110431
110664
110697
110739
110795
110942
111060
111228
111276
111397
111556
111568
111638
111693
111854
111859
111897
111918
112056
112068
112579
112624
112702
112792
113179
113231
113306
113348
113376
113587
113618
113926
114010
114022
114165
114324
114475
114549
114551
114589
114610
114635
114662
114664
114666
114685
114695
114884
114886
114987
114992
115000
115064
115150
115290
115292
115606
115791
115871
116117
116128
116309
116311
116320
116487
116489
116584
116696
116702
116878
116880
116906
117120
117122
117145
117283
117304
117358
117360
117373
117766
117904
117926
117986
118045
118058
118168
118225
118232
118589
118747
118909
119109
119179
119225
119227
119389
119397
119407
119409
119424
119523
119649
119730
119879
119998
120214
120226
120274
120315
120381
120402
120420
120600
120687
120689
120858
120903
121197
121271
121329
121377
121403
121542
121574
121576
121878
122022
122135
122577
122586
122647
122649
122767
122769
122817
122819
122882
122953
123124
123302
123304
123321
123619
123680
123756
123896
123898
124050
124065
124110
124112
124177
124179
124323
124360
124422
124558
124628
124854
124935
124940
125077
125079
125108
125152
125217
125322
125327
125407
125532
125666
125685
125742
125925
126269
126274
126351
126372
126382
126504
126553
126646
126808
126813
126847
126869
126871
126881
126928
126968
127210
127342
127369
127417
127599
128063
128065
128067
128171
128193
128222
128234
128355
128394
128459
128545
128644
128656
129028
129039
129146
129158
129211
129234
129310
129378
129421
129474
129646
129739
129860
129892
130356
130430
130452
130501
130653
130740
130928
131073
131078
131108
131167
131186
131199
131239
131400
131481
131593
131613
131622
131686
131715
131886
131935
132060
132062
132068
132090
132117
132276
132290
132368
132699
132843
132885
133163
133308
133327
133446
133448
133488
133718
133830
133916
133938
134088
134118
134174
134219
134221
134292
134294
134309
134354
134580
134638
134655
134657
134759
134973
135024
135082
135105
135165
135350
135373
135402
135409
135479
135558
135626
135656
135662
135831
135906
136124
136126
136248
136382
136388
136447
136471
136500
136517
136563
136584
136692
136717
136719
136802
136827
136847
136849
136869
136874
137071
137108
137148
137175
137177
137182
137184
137354
137499
137603
137675
137700
137723
137745
137843
137927
138002
138095
138126
138213
138309
138512
138514
138620
138717
138731
138961
138977
139112
139228
139230
139248
139256
139289
139431
139505
139636
139785
139787
139809
139811
139823
139855
139960
140230
140328
140427
140474
140493
140682
140765
140767
141007
141081
141083
141173
141636
141644
141726
141728
141744
141852
141908
141910
141932
141966
142048
142209
142222
142224
142341
Number of cuts: 1773

Erik
4
207
254
310
331
649
662
1057
1348
1462
1476
1638
2380
2551
2902
3081
3459
3467
3722
4305
4510
4561
4776
5301
5713
5762
6432
6479
6499
6592
6673
6927
7045
7095
7695
10412
10605
10619
10626
10885
10946
11119
11981
12035
12041
12078
12090
12099
12132
12154
12454
13121
13410
13466
13710
13875
13883
14042
14138
14144
14165
14186
14429
14673
14777
15279
15437
15448
16589
17497
17671
18561
18570
18768
19108
19249
19547
20356
20936
22388
23610
23849
23902
24288
24665
24988
25045
25251
25383
25420
26339
28217
28609
28631
29117
29383
29486
29596
29979
29988
30223
30652
30904
31002
31135
31178
31679
32213
32686
33051
33804
34064
35468
35670
36316
36633
36891
37804
38088
39377
39387
39647
39652
40569
40616
41411
41838
42580
45637
45842
46035
46047
Number of cuts: 132

Espica
4
207
254
310
331
649
662
1057
1348
1462
1476
1638
2380
2551
2902
3081
3459
3467
3722
4305
4510
4561
4776
5301
5713
5762
6432
6479
6499
6592
6673
6927
7045
7095
7695
10222
10413
10606
10620
10627
10886
10947
11120
11982
12036
12042
12079
12091
12100
12133
12155
12455
13122
13411
13467
13711
13876
13884
14043
14139
14145
14166
14187
14430
14674
14778
15280
15438
15449
16590
17498
17672
18562
18571
18769
19109
19250
19548
20357
20937
22389
23612
23851
23904
24291
24668
24991
25048
25254
25386
25423
26003
26342
28220
28612
28634
29120
29257
29384
29487
29525
29597
29980
29989
30224
30653
30905
31003
31136
31179
31680
32214
32687
33052
33805
34065
35478
36326
36643
36812
36901
37814
38098
38337
39384
39394
39654
39659
39948
40253
41521
41948
42690
45747
45952
46145
Number of cuts: 136

Finch
236
314
680
682
1148
1157
1159
1196
1277
1532
1561
1579
1596
1601
1667
1952
2099
2697
2959
2973
3526
3528
3559
3561
3910
3950
3970
4048
4431
4616
4709
4891
4972
5117
5158
5726
5898
6160
6272
6576
6670
7318
7718
7805
7888
7905
7936
8508
8586
8830
8943
9495
9798
10092
10207
10333
10472
10560
10646
11081
11120
11279
11312
11333
11828
12298
12396
12698
12734
12809
13162
13429
13588
13590
13605
13666
13885
13949
13960
14155
14166
14375
14377
14601
14728
14941
15053
15262
15477
15661
15941
15994
16039
16187
16347
16433
16535
16845
17018
17031
17151
17251
17259
17621
17702
17931
18552
18673
19050
19063
19124
19126
19258
19280
19390
19510
20011
20348
20533
20985
21052
21521
21990
22399
22407
22768
22948
22980
23259
23384
23607
23981
24231
24284
24908
24954
25301
25310
25548
25562
25615
25861
26037
26146
26176
26274
26668
26670
26761
26893
27024
27713
27730
27778
27908
28360
28773
29528
29644
29813
30069
30173
30297
30728
30972
30974
31124
31358
31391
31453
31804
32152
32198
32215
32317
32319
32453
32595
32920
33063
34429
34576
34815
34861
35203
35245
35350
35472
35987
36522
37678
38042
38168
38255
38257
38259
38276
38294
38356
38627
38638
38733
38880
39022
39165
39340
39541
39734
39909
39986
40984
41402
41535
43317
43396
43453
43917
43919
44416
44500
44535
44537
45187
45201
45739
45741
46202
46308
46342
46562
46797
46845
47151
47877
47938
47952
47954
48660
49273
49275
49431
49473
49676
49724
49888
49890
49892
49910
50099
50101
50113
51950
52135
52142
52202
52213
52592
52606
52687
52781
52866
53030
53395
53422
53447
53546
53606
53930
54144
54146
54170
54407
54645
55040
55357
55367
55384
55495
55601
55883
56020
56363
56462
57046
57059
57952
58555
59015
59292
59545
60540
60693
60864
61188
61232
61434
61556
61632
61753
61909
61969
62262
62460
62850
62859
63024
64055
64110
64116
64815
65025
65103
65112
65282
65313
65383
65470
66147
66426
66471
66845
67086
67430
67608
68052
68054
68325
68448
68619
68734
69047
69056
69252
69719
69721
69970
70034
70065
70097
70108
70128
70338
70706
70955
71030
71767
71889
72010
72204
72441
72789
73399
73506
73578
73675
73677
73836
75129
75339
75613
75759
75843
76331
76333
76353
76685
76848
77514
77681
77934
78427
78924
78963
78980
79182
79383
80920
80959
81287
81511
81556
81595
81750
82152
82259
82261
82451
82577
82615
83034
83036
83038
83084
83121
83156
83251
83510
83573
84303
84381
84530
84583
84709
84711
84749
84762
84792
85724
85799
85995
86324
86621
86623
86646
86927
86948
87652
87669
87933
87949
88015
88123
88145
88332
88485
88720
88767
88798
89163
89178
89205
89681
89974
89998
90088
90477
90552
90948
90986
91417
91645
91838
91870
91934
92044
92090
92834
93349
93422
93458
93748
94268
94392
94587
94643
94751
94801
95455
95612
95989
96224
96262
96577
97015
97268
97610
97741
97958
98540
99038
99406
99424
99556
99725
99750
99800
99908
100099
100101
100300
100361
100635
100912
101134
101266
101695
101874
101876
101888
101951
102045
102131
102133
102394
102657
102665
102720
102929
103064
103363
103365
103483
103804
103809
103811
104572
105038
105917
106476
106550
106567
107071
107572
107664
107843
107924
108195
108430
108997
108999
109087
109375
109794
109894
110003
110060
110079
110081
110168
110186
110875
111248
111330
112285
112824
113112
113607
113656
114032
114051
114053
114174
114211
114584
114646
114648
114739
115092
115114
115791
116042
116135
116366
116426
116665
117083
117452
117849
117914
118013
118124
118137
118172
118299
118438
118440
118620
118896
118998
119182
119459
119565
119603
119771
119856
120056
120083
120334
120336
120397
120508
120624
120709
121268
121391
121640
122189
122556
122779
122852
123132
123276
123366
123435
123595
123726
124012
124027
124035
124042
124749
125561
125630
125632
126164
126204
126206
126324
126385
126578
126668
127144
127318
127341
127774
127991
127993
128044
128261
128274
128359
128465
128714
129098
129276
129321
129390
129655
129660
129863
130065
130325
130469
130716
130925
131291
131623
131642
131644
132157
132251
132288
132589
132601
132644
132702
132797
132904
133596
133598
133963
134231
134467
134587
134783
135583
135588
135641
135643
135740
135929
136427
136529
136652
136913
137084
137240
137300
137628
137669
137690
137811
138503
138641
Number of cuts: 674

Gollum
4
207
254
310
331
649
662
1057
1348
1462
1476
1638
2380
2551
2902
3081
3459
3467
3722
4305
4510
4561
4776
5301
5713
5762
6432
6479
6499
6592
6673
6927
7045
7095
7695
10413
10606
10620
10627
10886
10947
11120
11982
12036
12042
12079
12091
12100
12133
12155
12455
13122
13411
13467
13711
13876
13884
14043
14139
14145
14166
14187
14430
14674
14778
15280
15438
15449
16590
17498
17672
18562
18571
18769
19109
19250
19548
20357
20937
22389
23612
23851
23904
24290
24667
24990
25047
25253
25385
25422
26002
26341
27249
28219
28611
28633
29119
29256
29383
29486
29596
30054
30289
30718
31068
31201
31244
31745
32279
32752
33117
33870
34130
35534
36382
36699
36868
36957
37870
38154
38393
39440
39450
39710
39715
39775
40256
40680
40727
41522
41949
42691
45748
45953
46146
46158
Number of cuts: 136

Grayson
224
1253
1418
2511
3866
3903
4153
4481
4965
4967
5195
5841
5970
7427
11971
13273
13492
14268
14280
14419
16136
18859
19011
21770
22019
26421
26592
26931
27029
27268
27270
28088
28797
29358
29474
30578
31284
32543
33766
34253
36185
36488
36926
37452
39907
40526
40709
40925
42506
44175
44229
44301
44588
44782
45091
45432
46499
47129
47288
48329
48331
48554
48889
52039
52554
52734
53053
53187
56778
60595
62204
64028
64076
64600
65508
66115
66160
66606
66628
66811
67967
68816
70623
70911
71291
73504
73969
74310
75675
77930
78746
79504
80014
80176
81767
83027
83644
83796
85621
86320
87023
87100
87220
88482
88704
89847
90671
91181
92022
92029
94000
95514
95798
96251
96367
97885
98563
98765
98855
98980
100493
101597
102396
103657
103806
103897
104623
105219
107429
107843
108050
108974
109649
110225
111627
111692
113414
113706
117455
120001
121668
121875
122202
122707
124197
124445
124512
124514
125626
126528
127702
128831
129125
130154
130319
131412
Number of cuts: 156

Harlequin
4
207
254
310
331
649
662
1057
1348
1462
1476
1638
2150
2380
2551
2902
3081
3459
3467
3722
4162
4305
4510
4561
4758
4778
5269
5301
5713
5762
6417
6419
6464
6484
6577
6658
6912
7030
7080
7661
8274
9059
9671
10166
10357
10550
10571
10836
11070
11932
11986
11992
12029
12041
12050
12083
12105
12405
12617
12792
13361
13417
13993
14089
14095
14380
14624
14728
14972
15230
15388
15399
16243
16268
16540
16966
17448
17496
17507
17622
18719
19059
20130
20307
20838
20887
21009
21018
21366
22081
22202
22330
22394
23007
23173
23617
23856
23909
24295
24672
24995
25052
25258
25427
26007
26236
28224
28616
29124
29261
29493
29603
29831
29840
30075
30504
30854
30987
31030
31531
32065
32538
32903
33656
33916
35522
36168
36485
36654
36743
37656
37940
38538
38823
39229
39239
39501
39506
39795
40145
40494
41317
41370
41797
42539
45596
45801
45994
46006
Number of cuts: 149

Hiro
4
207
254
310
331
649
662
1057
1348
1462
1476
1638
2150
2380
2551
2902
3081
3459
3467
3736
4305
4510
4561
4776
5084
5269
5301
5762
6417
6464
6484
6577
6912
7030
7080
7661
8274
9059
9734
10357
10550
10830
11678
11980
11986
12035
12044
12099
12548
12563
12847
14099
14132
14140
14299
14395
14401
14671
14930
15023
15536
15694
15705
16846
17754
17802
17928
17947
18818
18827
19365
19804
20103
20549
20790
21144
21324
21490
21657
21672
21886
22333
22411
22511
22661
22921
22967
23260
24111
24164
24550
24927
25250
25307
25513
25682
26262
26491
27031
28479
28871
29379
29516
29748
29786
29858
30316
30551
30980
31330
31463
31506
32007
32541
33014
33379
34132
34392
35998
36644
36961
37130
37219
38132
38416
38836
39014
39705
39715
39975
39980
40574
41045
41788
41841
43010
46067
46272
46465
46477
Number of cuts: 140

Jace
70
255
264
367
378
465
524
586
631
696
735
737
786
825
876
971
1016
1018
1050
1176
1214
1228
1419
1486
1828
1873
2003
2056
2073
2224
2255
2265
2310
2693
2752
2783
2803
2924
3085
3106
3118
3171
3207
3260
3293
3395
3411
3466
3634
3682
3735
3784
3872
3893
3902
3955
3991
4008
4032
4070
4367
4481
4542
4565
4606
4622
4649
4668
4683
4701
4726
4741
4901
4947
5037
5095
5123
5239
5274
5299
5604
5711
5802
5986
6133
6285
6342
6422
6427
6500
6709
6728
6730
6738
6752
6830
6967
7033
7125
7195
7306
7495
7520
7710
7812
7814
7862
7941
7966
7991
8020
8062
8101
8170
8207
8209
8272
8280
8357
8424
8608
8633
8658
8690
8692
8727
8944
8993
9002
9092
9094
9166
9275
9376
9444
9470
9539
9601
9706
9720
9784
9855
9991
10053
10099
10101
10140
10150
10189
10198
10246
10350
10357
10535
10735
10881
10987
11017
11044
11135
11137
11185
11302
11373
11402
11440
11509
11640
11684
11725
11751
11809
11827
11841
11909
11956
12112
12114
12226
12270
12279
12462
12471
12523
12532
12713
12814
12871
12873
12908
12952
12989
13124
13162
13201
13415
13430
13466
13468
13553
13581
13650
13761
13786
13797
13887
14060
14086
14154
14199
14606
14830
14832
14851
14977
15080
15303
15637
15712
15932
15987
16123
16218
16400
16544
16559
16582
16671
16775
16781
17089
17148
17181
17183
17243
17257
17269
17380
17416
17448
17462
17583
17662
17839
17883
17885
17952
18006
18039
18088
18166
18440
18452
18490
18523
19308
19561
19566
19672
19674
19777
19923
19933
19938
20019
20153
20292
20323
20392
20409
20688
20809
20824
20826
20860
20929
21046
21121
21163
21356
21436
21470
21472
21494
21517
21523
21541
21557
21579
21581
21789
21961
22007
22170
22180
22226
22409
22463
22556
22591
22661
22862
22911
22924
23009
23142
23214
23234
23254
23340
23350
23439
23484
23556
23695
23697
23863
23886
23955
24196
24479
24518
24558
24564
24586
24662
24682
24749
24776
24790
24797
24807
24960
24989
24991
25071
25105
25113
25253
25281
25289
25439
25644
25808
25984
26015
26050
26058
26127
26284
26434
26514
26619
26702
26772
27007
27046
27086
27108
27129
27212
27312
27474
27524
27540
27548
27589
27598
27665
27780
27796
27798
27892
27930
28215
28867
29020
29026
29122
29170
29215
29242
29244
29445
29592
29605
29695
29730
29732
29742
29754
29763
29961
30029
30101
30124
30153
30163
30174
30262
30274
30363
30423
30477
30493
30495
30504
30518
30618
30704
30904
30959
30972
31183
31221
31372
31493
31495
31524
31551
31568
31596
31601
31693
31761
31776
31784
31940
32057
32151
32332
32344
32352
32410
32459
32492
32515
32636
32687
32835
32866
32871
32910
32912
32950
32957
33078
33117
33122
33124
33149
33302
33454
33626
33681
33716
33726
33728
33929
34132
34174
34214
34255
34289
34340
34511
34598
34608
34650
34721
34723
34818
34923
35039
35051
35060
35073
35137
35227
35294
35384
35409
35472
35614
35653
35655
35672
35801
35817
35873
35906
35942
35968
36030
36048
36186
36210
36239
36252
36264
36297
36331
36351
36410
36448
36486
36584
36612
36648
36662
36706
36902
37051
37053
37324
37349
37351
37384
37434
37461
37723
37824
37866
37912
37932
38263
38325
38533
38535
38540
38593
38602
38651
38671
38678
38680
38688
38759
38761
38838
38893
38949
39057
39124
39154
39213
39551
39710
39771
39939
40031
40080
40107
40280
40285
40287
40342
40363
40394
40430
40448
40462
40740
40757
40878
40893
40960
40995
41024
41062
41201
41235
41244
41439
41468
41592
41615
41645
41945
41947
42042
42161
42183
42238
42290
42324
42603
42633
42673
42683
42734
42761
42789
42834
42872
42893
42895
42969
43035
43117
43142
43161
43166
43173
43183
43188
43193
43243
43477
43482
43509
43524
43554
43615
43642
43685
43728
43730
43739
43769
43919
43985
44115
44152
44247
44297
44329
44380
44485
44491
44528
44596
44610
44660
44662
44932
44994
45068
45152
45233
45372
45759
45819
45871
45876
45888
45898
45944
45968
46010
46070
46175
46340
46557
46626
46631
46751
46785
46930
46932
47234
47635
47917
47931
47969
47984
47992
48284
48304
48566
48748
48813
48857
48873
48916
48971
48985
49034
49065
49160
49304
49315
49325
49362
49378
49456
49475
49481
49702
49751
49758
49783
50018
50020
50032
50095
50132
50159
50197
50231
50504
50518
50525
50603
50832
50900
50905
50910
50930
50994
51117
51369
51523
51582
51654
51745
51820
51822
51850
51878
51892
52002
52009
52011
52028
52033
52402
52404
52418
52440
52480
52485
52490
52706
52714
52800
52940
52973
52995
53112
53197
53230
53313
53336
53363
53491
53619
53644
Number of cuts: 748

Jester
4
207
254
310
331
649
662
1057
1348
1462
1476
1638
2150
2380
2551
2902
3081
3459
3467
3722
4162
4305
4510
4561
4758
4778
5269
5301
5713
5762
6417
6419
6464
6484
6577
6658
6912
7030
7080
7661
8274
9059
9671
9734
10357
10550
10571
10830
11678
11926
11980
11986
12023
12035
12044
12077
12099
12399
12611
12786
13355
13411
13820
13828
13987
14083
14089
14374
14618
14711
14722
15224
15382
15393
16534
17137
17139
17442
17490
17616
17635
18506
18515
18713
19053
20124
20301
20832
20881
21003
21012
21360
22012
22133
22261
22325
22938
23104
23548
23787
23840
24226
24603
24926
24983
25189
25358
25938
26167
28155
28547
29055
29192
29424
29534
29762
29771
30006
30435
30785
30918
30961
31462
31996
32469
32834
33587
33847
35453
36099
36416
36585
36674
37587
37871
38469
38754
39160
39170
39432
39437
39726
40076
40425
41248
41301
41728
42470
45527
45732
45925
45937
Number of cuts: 152

Krishelle
4
207
254
310
331
649
662
1057
1348
1462
1476
1638
2380
2551
2902
3081
3459
3467
3722
4305
4510
4561
4776
5301
5713
5762
6432
6479
6499
6592
6673
6927
7045
7095
7676
8289
9074
9749
10372
10565
10845
11693
11995
12001
12050
12059
12114
12563
12578
12862
13738
14114
14147
14155
14314
14410
14416
14686
14945
15038
15551
15709
15720
16861
17769
17817
17943
17962
18833
18842
19380
19819
20564
20805
21159
21339
21505
21672
21687
21937
22384
22462
22562
22712
22972
23018
23311
24216
24467
24574
24690
24951
25274
25331
25537
25706
26286
26625
26724
26826
27055
27057
28495
28503
28974
28996
29482
29745
29848
29958
30416
30651
31080
31430
31563
31606
32107
32641
33114
33638
34232
34492
35896
36753
37070
37328
38241
38525
39814
39824
40084
40089
40683
41949
42376
43118
45848
46370
46569
Number of cuts: 139

Lillie
4
207
254
310
331
649
662
1057
1348
1462
1476
1638
2380
2902
3081
3459
3467
3722
4305
4510
4561
4776
5301
5713
5762
6432
6479
6499
6592
6927
7045
7095
7695
10413
10606
10620
10627
10886
10947
11120
11982
12036
12042
12079
12091
12100
12133
12155
12455
13122
13411
13467
13711
13876
13884
14043
14139
14145
14166
14187
14430
14674
14778
15280
15438
15449
16590
17498
17672
18434
18562
18571
18769
19109
19250
19548
20357
20937
21718
22389
23612
23851
23904
24290
24667
24990
25047
25253
25385
25422
26002
26341
27249
28219
28611
28633
29119
29488
29598
30056
30291
30720
31070
31203
31246
31747
32281
32754
33278
33872
34132
35536
36384
36701
36959
37872
38156
39445
39455
39715
39720
40314
40738
40785
41580
42007
42749
45806
46011
46204
46216
Number of cuts: 131

Mahdia
182
490
732
874
965
1122
1287
1609
1842
2165
2167
2457
2615
2808
2829
2930
2946
3286
3802
3920
4127
4157
4296
4440
4601
4741
4743
4868
5145
5340
5608
5623
5710
6291
6596
6927
7007
7067
7443
7466
7468
7926
8076
8078
8088
8188
8314
8353
8355
8533
8615
8617
8849
8905
8963
9181
9183
9497
9680
9688
9690
10042
10098
10191
10248
10255
10270
10402
10515
10643
10776
10797
10941
10943
11278
11280
11664
11785
11797
11847
12320
12322
12340
12523
12826
13203
13311
13392
13522
13584
13624
13687
14144
14234
14776
14888
14890
15324
15340
15786
15949
16192
16194
16202
16894
16906
17050
17052
17126
17128
17130
17142
17347
17409
17459
17461
17499
18084
18086
18088
18340
18352
18354
18465
18510
18543
18545
18547
18672
18745
18747
18780
18782
18822
18824
19174
19176
19237
19460
19462
19464
19551
19581
19671
19917
20028
20233
20235
20316
20456
20631
20633
20848
21002
21004
21039
21111
21566
21568
21607
21659
21923
22262
22289
22493
22554
22718
22908
23063
23095
23645
24175
24177
24411
24615
24839
24926
25063
25235
25237
25256
25416
25604
25712
25714
25764
25996
26075
26188
26190
26393
26457
26467
26700
27167
27591
27833
27835
27894
28071
28317
28395
28480
28521
28523
28530
28660
28894
28896
28937
28939
29219
29229
29416
29988
30105
30107
30215
30801
30823
30969
31064
31258
31371
31416
31732
31778
32062
32064
32167
32359
32615
32910
32912
33092
33160
33603
33724
33864
34151
34153
34263
34304
34389
34459
34798
34878
34917
35046
35222
35345
35347
35450
35622
35670
35686
35693
36359
36516
36545
36547
36676
36678
36867
36869
37187
37325
37549
37959
38186
38318
38320
38467
38499
38555
38804
38857
39166
39450
39879
39990
40152
40154
40309
40741
40784
40786
41061
41298
41418
41683
42152
42241
42243
42280
42282
Number of cuts: 296

Naiad
4
207
254
310
331
649
662
1057
1348
1462
1476
1638
2380
2551
2902
3081
3459
3467
3722
4305
4510
4561
4776
5301
5713
5762
6432
6479
6499
6592
6673
6927
7045
7095
7695
10222
10413
10606
10620
10627
10886
10947
11120
11982
12036
12042
12079
12091
12100
12133
12155
12455
13122
13411
13467
13711
13876
13884
14043
14139
14145
14166
14187
14430
14674
14778
15280
15438
15449
16590
17498
17672
18434
18562
18571
18769
19109
19548
20357
20937
21718
22402
23625
23864
23917
24303
24680
25003
25060
25266
25398
25435
26015
26354
26784
27262
28232
28624
28646
29132
29501
29611
30069
30304
30733
31083
31216
31259
31760
32294
32767
33291
33885
34145
35549
36406
36723
36981
37894
38178
39467
39477
39737
39742
40336
41602
42029
42771
45828
46033
46226
46238
Number of cuts: 132

Nancinator
4
207
254
310
331
649
662
1057
1348
1462
1476
1638
2380
2551
2902
3081
3459
3467
3722
4305
4510
4561
4776
5301
5713
5762
6432
6479
6499
6592
6673
6927
7045
7095
7695
10222
10413
10606
10620
10627
10886
10947
11120
11982
12036
12042
12079
12091
12100
12133
12155
12455
13122
13411
13467
13711
13876
13884
14043
14139
14145
14166
14187
14430
14674
14778
15280
15438
15449
16590
17498
17672
18562
18571
18769
19109
19250
19548
20357
20937
22389
23612
23851
23904
24291
24668
24991
25048
25254
25386
25423
26003
26342
28220
28612
28634
29120
29257
29384
29487
29525
29597
29980
29989
30224
30653
30905
31003
31136
31179
31680
32214
32687
33052
33805
34065
35478
36326
36643
36812
36901
37814
38098
38337
39384
39394
39653
40077
40124
40919
41346
42088
45145
45350
45543
45555
Number of cuts: 136

Natosaleda
4
207
254
310
331
649
662
1057
1348
1462
1476
1638
2380
2902
3081
3459
3467
3722
4305
4510
4561
4776
5301
5713
5762
6432
6479
6499
6592
6673
6927
7045
7095
7695
10222
10413
10606
10620
10627
10886
10947
11120
11982
12036
12042
12079
12091
12100
12133
12155
12455
13122
13411
13467
13711
13876
13884
14043
14139
14145
14166
14187
14430
14674
14778
15280
15438
15449
16590
17498
17672
18562
18571
18769
19109
19250
19548
20357
20937
22389
23612
23851
23904
24290
24667
24990
25047
25253
25385
25422
26002
26341
28219
28611
28633
29119
29256
29383
29486
29524
29596
29979
29988
30223
30652
30904
31002
31135
31178
31679
32213
32686
33051
33804
34064
35477
36325
36642
36811
36900
37813
38097
38336
39383
39393
39653
39658
39947
40252
41520
41947
42689
45943
46136
46148
Number of cuts: 135

Partridge
4
207
254
295
331
483
644
657
1050
1341
1455
1469
1697
2209
2223
2439
2525
2610
2961
3140
3518
3526
3781
4569
4620
4835
5143
5328
5360
5772
5821
6476
6523
6543
6636
6703
6717
6971
7089
7139
7720
9142
10249
10440
10633
10654
10919
11153
12015
12069
12075
12112
12124
12133
12166
12188
12488
12700
12875
13249
13444
13500
13909
13917
14172
14178
15055
15313
15471
15482
15993
16326
16351
16623
17049
17705
17724
18467
18595
18604
19142
19300
19581
20326
20921
21092
21267
21391
21449
22257
22435
22701
23658
23951
24337
24453
24714
25037
25094
25300
25469
26085
26396
26424
26523
26625
26854
28294
28302
28773
28795
29281
29545
29648
29758
30880
31230
31363
31406
31907
32778
32914
33276
33771
34161
36090
36682
36999
37394
38171
38455
39744
39754
39879
40310
40615
40958
41112
42240
42308
46379
46572
46584
Number of cuts: 143

Pepy6
360
505
724
877
1192
1317
1982
2139
2928
2982
3217
3439
3625
3683
3962
4613
4869
5369
5596
6195
6689
8593
8628
9372
9721
10238
11698
12677
13049
13064
13183
13327
13460
13583
14257
14790
15803
16314
16695
17173
17339
17435
17539
18023
18531
18840
19095
19555
20123
21792
22390
22727
22989
22991
23238
23300
23492
23787
23969
24269
24845
25142
25621
26452
27102
27237
27427
28529
28863
29285
29570
29742
29941
30080
30194
30200
30259
30608
30666
30740
30878
31112
31356
31421
31442
31631
32291
32446
32498
32638
32957
33040
33526
33592
34243
34670
34712
34735
36000
36637
36945
37837
37883
38233
39036
39125
39626
40074
40116
40981
41190
41391
41743
42422
42662
43021
43054
43264
43433
44274
44556
44840
45040
45397
46005
46022
46287
46350
46877
47103
47301
47418
47629
47842
48120
48254
48350
48352
48956
49745
49791
49825
49827
50098
50304
50383
50631
50807
50830
50955
51250
51995
52068
52402
52465
52618
52806
53462
53617
54271
54280
54295
54840
55349
55403
55437
55499
55511
55551
55582
55614
55670
55820
56295
56478
56643
57518
57527
57704
57836
57904
58478
60225
60557
60648
60920
61407
61895
62005
62550
62659
62772
62869
63068
63306
63972
64001
64114
64483
64755
64912
64954
64956
65054
65189
65862
66096
67391
67615
69116
69182
69810
70111
70936
70965
71218
73104
73572
74329
74340
74939
75500
75994
76190
Number of cuts: 224

Peregrin
932
954
1276
1441
3894
4008
4797
5023
5808
6425
7571
9643
11285
12587
13600
13612
13751
15238
18411
18563
19580
19582
20019
20937
21185
26169
26508
26514
26606
26782
26784
27318
27602
28311
28872
28988
32548
36018
36234
38688
39306
39489
39705
41286
42955
43455
43562
43871
44212
44985
45909
47109
50822
51821
51968
60571
62395
63018
63926
65236
65410
65412
68073
68186
69321
69701
71914
71991
72741
74057
74287
74628
75411
75419
75676
78954
80545
80707
81842
82265
82919
83537
85588
86239
86952
87019
87139
88647
89281
90260
90612
91453
91460
92639
93432
95400
97009
97077
97211
97301
97426
98085
98493
98935
99268
99310
99601
99953
101984
102798
104059
104208
105027
105853
106308
107589
107702
108323
109066
109653
109886
110141
111026
111028
113842
115625
117526
117549
118930
122727
123133
123294
123296
123773
124279
125264
127506
127551
127572
128446
129999
131001
131023
131345
131510
Number of cuts: 145

Phrankenstein
4
207
254
310
331
649
662
1057
1348
1462
1476
1638
2380
2551
2902
3081
3459
3467
3722
4305
4510
4561
4776
5301
5713
5762
6432
6479
6499
6592
6673
6927
7045
7095
7695
10413
10606
10620
10627
10886
10947
11120
11982
12036
12042
12079
12091
12100
12133
12155
12455
13122
13411
13467
13711
13876
13884
14043
14139
14145
14166
14187
14430
14674
14778
15280
15438
15449
16590
17498
17672
18562
18571
18769
19109
19250
19548
20357
20937
22335
23558
23797
23850
24236
24613
24936
24993
25199
25331
25368
25948
26287
28165
28557
28579
29065
29331
29434
29544
30002
30237
30666
30918
31016
31149
31192
31693
32227
32700
33224
33818
34078
35482
36330
36647
36816
36905
37818
38102
39391
39401
39661
39666
40260
40684
40731
41526
41953
42695
45752
45957
46150
46162
Number of cuts: 133

Pine5
139
183
276
307
371
381
463
480
518
559
561
706
755
908
1010
1059
1455
2117
2136
2157
2208
2329
2852
2915
3125
3223
3294
3492
3658
3660
3700
3735
3816
4118
4233
4235
4255
4902
4958
5001
5003
5022
5048
5310
5417
5438
5982
6138
6239
6272
6317
6500
6635
6689
7024
7078
7080
7360
7555
7635
7802
7913
8156
8158
8192
8252
8383
8798
8881
9031
9075
9077
9240
9399
9485
9633
9712
9995
10062
10102
10258
10539
10545
10668
10679
10700
10737
10739
10750
10781
10897
10908
11022
11091
11332
11557
11635
11665
11693
11720
11722
11828
11927
11929
12004
12361
12363
12371
12465
12471
12565
12875
12964
13223
13597
13725
13865
13873
14165
14180
14223
14241
14632
14640
14705
14953
15022
15170
15626
15633
15640
15787
15802
15990
16098
16217
16367
16458
16784
16820
17173
17175
17245
17309
17975
18262
18347
18610
18622
18663
19052
19080
19094
19096
19499
19683
19968
20118
20231
20505
20556
20781
20947
21265
21292
21367
21570
21598
21616
21621
21669
21862
22024
22032
22072
22099
22228
22411
22413
22831
22966
23044
23101
23340
23471
23473
24010
24136
24277
24403
24433
24435
24501
24602
24604
24628
24754
24983
24985
25017
25019
25029
25461
25470
25482
25513
25537
25561
26063
26268
26284
26311
26313
26315
26561
26834
26895
26907
27038
27104
27200
27238
27255
27316
27459
27465
27467
27478
27616
27906
27908
27971
28022
28227
28229
28244
28619
28621
29469
29520
29681
29816
29818
29951
29976
30010
30489
30837
30856
30858
30927
31157
31268
31628
31739
31846
31896
31898
31987
32215
32663
32683
32700
32805
32842
33225
33537
33555
33691
33793
33795
33823
34112
34422
34621
34655
34761
34851
34941
35042
35664
35694
36532
36675
36767
36871
36873
36917
36952
37262
37465
37503
37839
38048
38132
38233
38235
38497
38539
38549
38551
38653
38839
38841
38937
39161
39172
39205
39256
39258
39288
39535
39574
39824
40079
40124
40219
40221
40244
40274
40306
40480
40713
40715
40771
40773
40791
40820
40822
40858
41044
41407
41461
41561
41563
41637
41658
41689
41691
41939
42160
42162
42185
42288
42565
42662
42664
42686
42688
42713
42834
42896
42941
42943
43002
43008
43130
43175
43243
43245
43636
43706
43708
43907
44462
44486
45101
45352
45425
45427
45458
45505
45627
46110
46134
46246
46580
46747
46749
46957
46959
47018
47020
47022
47040
47042
47044
47117
47220
47542
47869
47892
47920
47922
48057
48315
48806
48878
49262
49420
50010
50046
50166
50370
50554
50715
50785
50886
50950
50980
51015
51057
51079
51162
51164
51661
51663
51772
51948
51961
51971
51982
52044
52160
52303
52476
52572
52574
52734
53150
53515
53751
54004
54314
54399
54419
54657
54806
54935
55130
55211
55307
56212
56275
56321
56447
56696
56999
57089
57091
57159
57206
57269
57278
57344
57401
57413
57415
57846
57885
57887
58002
58125
58144
58253
58445
58541
58956
58958
59030
Number of cuts: 470

Poco6
409
482
724
877
1314
1336
2011
2140
2848
3319
3321
4172
4971
5175
5181
5265
5735
5909
6193
6335
6401
6416
6907
6939
6975
7616
7881
8009
8061
8082
9098
9452
10217
12024
12059
12656
12907
13152
13258
14737
14859
15113
15415
15577
15668
16128
16891
16911
17034
17734
17950
18332
18563
18876
18931
19083
19187
19292
19364
21196
21304
21370
21820
22495
22856
23814
25005
25007
25244
25251
25476
25505
25631
25982
26282
26502
26504
27155
27526
29250
29362
29638
30107
30207
30550
30882
31589
31761
32099
32213
32240
32624
32642
32700
33656
34286
34373
34668
34721
34813
34834
35411
35551
35617
36692
37073
37465
37643
37918
38967
39154
39453
41155
42117
42896
43193
43547
43851
44216
44441
44733
44814
45221
45247
45354
46634
46747
47246
47248
47621
48022
48303
48309
48489
48735
49411
49701
49724
50214
50238
50471
50818
51337
51339
51610
52229
52355
52482
52807
52870
53504
53577
53973
54126
54314
54691
54970
55024
55125
55779
55788
55914
56350
56635
56857
56911
56913
57059
57122
57328
58151
58972
59114
59123
59303
59435
59467
59602
59724
59726
60280
60328
60588
61426
61911
62121
62208
62370
62372
63470
64058
64714
64850
65698
65700
66410
66925
67147
67223
67237
67344
67729
68002
68560
69073
69381
69443
69610
69738
69885
70058
71303
72174
72199
72355
72436
72911
73616
73633
74009
74089
76184
76768
77262
77458
Number of cuts: 225

Rasputin
4
207
254
310
331
649
662
1057
1348
1462
1476
1638
2380
2551
2902
3081
3459
3467
3722
4305
4455
4510
4561
4776
5084
5269
5301
5762
6417
6464
6484
6577
6912
7030
7080
7661
8275
8834
9084
9696
10191
10382
10589
10596
10855
11951
12005
12011
12048
12060
12069
12102
12124
12424
12636
12811
13380
13436
13853
14012
14108
14114
14135
14399
14643
14747
14930
14991
15249
15407
15418
16262
16287
16559
16985
17467
17515
17526
17641
18738
19078
19517
20149
20326
20857
20906
21385
22046
22167
22359
23582
23875
24261
24377
24638
24961
25018
25224
25356
25973
26312
28190
28582
28604
29090
29227
29459
29569
30027
30262
30691
31041
31174
31217
31718
32252
32725
33249
33843
34103
35507
36355
36672
36930
37843
38127
39416
39426
39686
39691
40285
40709
41551
41978
42720
45777
45982
46175
46187
Number of cuts: 139

RER2
4
207
254
310
331
649
662
1057
1348
1462
1476
1638
2380
2902
3081
3459
3467
3722
4305
4510
4561
4776
5301
5713
5762
6432
6479
6499
6592
6927
7045
7095
7695
10413
10606
10620
10627
10886
10947
11120
11982
12036
12042
12079
12091
12100
12133
12155
12455
13122
13411
13467
13711
13876
13884
14043
14139
14145
14166
14187
14430
14674
14778
15280
15438
15449
16590
17016
17498
17672
18562
18571
18769
19109
19250
19548
20357
20888
20937
22389
22708
23002
23612
23851
23904
24290
24667
24990
25047
25253
25422
26002
26231
26771
28219
28947
29119
29256
29488
29526
29598
30056
30291
30720
31070
31203
31246
31747
32281
32754
33278
33872
34132
35536
35738
35792
36384
36701
36959
37872
38156
39445
39455
39715
39720
40314
40738
40785
41580
42007
42749
45806
46011
46204
46216
Number of cuts: 135

RexFury
4
207
254
310
331
680
693
1088
1379
1493
1507
1669
2411
2582
2933
3112
3490
3498
3753
4336
4541
4592
4807
5332
5744
5793
6463
6510
6530
6704
6958
7076
7126
7726
10444
10637
10651
10658
10917
10978
11151
12013
12067
12073
12110
12122
12131
12164
12186
12486
12698
13247
13442
13498
13742
13907
13915
14074
14170
14176
14197
14461
14705
14809
15311
15469
15480
16621
17529
17703
18593
18602
18800
19140
19281
19579
20388
20968
22420
23643
23882
23935
24321
24698
25021
25078
25284
25416
26033
26372
28250
28642
28664
29150
29287
29519
29629
30087
30322
30751
31101
31234
31277
31778
32312
32785
33309
33903
34163
35567
36415
36732
36901
36990
37903
38187
38426
39473
39483
39743
39748
40342
41610
42037
42779
45836
46041
46234
46246
Number of cuts: 129

RGL3
388
637
648
681
910
1084
1171
1460
1516
1562
1639
2149
2382
2468
2553
2904
3083
3724
4164
4307
4512
4563
4760
4778
5271
5303
5314
5628
5715
5999
6449
6472
6565
6577
6585
6652
7035
7385
7428
8173
8214
8807
8818
8820
8962
9257
10596
10861
11073
11448
11656
11957
12011
12017
12054
12066
12075
12108
12130
13044
13536
13545
13667
14297
14303
14492
14540
14925
15438
15613
15661
16049
16249
16468
16754
17180
17214
17254
17599
17623
17707
17833
17852
18595
18733
18745
19259
19695
19848
20052
20282
20789
20848
21002
21112
21160
21185
21341
21784
22122
22319
22321
22330
22367
22632
22818
22882
22902
22918
23021
23451
24008
24030
24388
24546
25253
25309
25481
25538
26041
26216
26395
26815
27011
27194
27282
27563
27887
28023
28218
28236
28881
29199
29236
29571
29791
30292
30496
30717
30726
30961
31270
31460
31916
32110
32417
33067
33400
33765
33924
34542
34715
34950
36266
36492
37019
37320
37432
37601
37696
37784
38021
38507
38840
38861
38881
39103
39119
39165
39423
39545
40164
40446
40645
40764
40835
41031
41416
41723
41849
41851
42569
43396
43779
44863
45503
45812
46121
46859
47115
47338
47663
47674
Number of cuts: 193

Rhodalysa
4
207
254
310
331
649
662
1057
1348
1462
1476
1638
2380
2902
3081
3459
3467
3722
4305
4510
4561
4776
5301
5713
5762
6432
6479
6499
6592
6927
7045
7095
7695
10413
10606
10620
10627
10886
10947
11120
11982
12036
12042
12079
12091
12100
12133
12155
12455
13122
13411
13467
13711
13876
13884
14043
14139
14145
14166
14187
14430
14674
14778
15280
15438
15449
16590
17498
17672
18434
18562
18571
18769
19109
19250
19548
20357
20783
20937
21718
22389
23612
23851
23904
24290
24667
24990
25047
25253
25385
25422
26002
26341
27249
28219
28611
28633
29119
29488
29598
30056
30291
30720
31070
31203
31246
31747
32281
32754
33278
33872
34132
35536
36384
36701
36959
37872
38156
39445
39455
39715
39720
40314
40738
40785
41580
42007
42749
45806
46011
46204
46216
Number of cuts: 132

StCroix
4
207
254
310
331
649
662
1057
1348
1462
1476
1638
2380
2551
2902
3081
3459
3467
3722
4305
4510
4561
4776
5301
5713
5762
6432
6479
6499
6592
6673
6927
7045
7095
7695
10222
10413
10606
10620
10627
10886
10947
11120
11982
12036
12042
12079
12091
12100
12133
12155
12455
13122
13411
13467
13711
13876
13884
14043
14139
14145
14166
14187
14430
14674
14778
15280
15438
15449
16590
17498
17672
18434
18562
18571
18769
19109
19548
20357
20937
21718
22402
23625
23864
23917
24303
24680
25003
25060
25266
25398
25435
26015
26354
26784
27262
28232
28624
28646
29132
29501
29611
30069
30304
30733
31083
31216
31259
31760
32294
32767
33291
33885
34145
35549
36406
36723
36981
37894
38178
39467
39477
39737
39742
40336
41602
42029
42771
45828
46033
46226
46238
Number of cuts: 132

Swann
4
207
254
310
331
649
662
1057
1348
1462
1476
1638
2380
2551
2902
3081
3459
3467
3722
4305
4510
4561
4776
5301
5713
5762
6432
6479
6499
6592
6927
7045
7095
7695
10413
10606
10620
10627
10886
10947
11120
11982
12036
12042
12079
12091
12100
12133
12155
12455
13122
13411
13467
13711
13876
13884
14043
14139
14145
14166
14187
14430
14674
14778
15280
15438
15449
16590
17498
17672
18562
18571
18769
19109
19548
20357
20937
22389
23612
23851
23904
24290
24667
24990
25047
25253
25385
26002
26341
28219
28611
28633
29119
29256
29383
29486
29596
30054
30289
30718
31068
31201
31244
31745
32279
32752
33276
33870
34130
35534
35736
35790
36382
36699
36957
37870
38154
39443
39453
39713
39718
40312
40736
40783
41578
42005
42747
45804
46009
46203
46215
Number of cuts: 131

Takoda
4
207
331
644
657
1050
1341
1455
1469
1631
2372
2543
2894
3451
3459
3714
4297
4502
4553
4750
4768
5076
5261
5293
5705
5754
6409
6456
6476
6569
6650
6904
7022
7072
7653
8266
8825
9075
9687
10182
10373
10587
10846
11080
11602
11942
11996
12002
12039
12051
12060
12093
12115
12415
12627
12802
13176
13371
13427
13803
14003
14099
14105
14738
14982
15240
15398
15409
15920
16253
16278
16550
16976
17458
17632
17651
18394
18522
18531
19069
19508
20253
20494
20848
20995
21168
21376
21590
21678
22037
22114
22183
22258
22361
22942
22972
23521
23584
23877
24263
24379
24640
24963
25020
25226
25358
25395
25975
26314
26744
28192
28606
28920
29092
29229
29358
29461
29571
29954
29963
30198
30627
30977
31110
31153
31654
32433
32500
32661
33023
33581
33776
33822
34306
35719
35975
36567
36884
37018
38055
38339
38963
39628
39638
39763
39900
39905
40194
42190
46224
46417
46429
Number of cuts: 152

Trina
686
1087
1318
1442
1500
2635
3748
4018
4060
4264
6246
6721
7428
8418
8420
9102
9243
10078
10086
10156
11294
11592
12324
12397
14879
15031
15319
15363
15631
15747
15883
16377
17361
17471
18407
18787
18848
18943
18967
19115
19843
20442
21293
23382
25369
26080
26971
27182
27352
29278
30851
31510
31531
31591
32831
33001
33068
34147
34149
35870
36660
37371
37956
38212
38410
38475
40995
41437
41719
42401
42856
44038
44224
44294
44770
44911
45196
45867
45907
45928
45981
46230
46360
46477
46708
47053
47071
47281
47552
48051
48332
48544
49089
49120
49342
49603
50035
50471
50541
51297
52088
52342
52796
53436
53644
54033
54538
55971
56307
56336
56524
56709
56917
57139
57595
57790
58090
58191
58267
58572
59655
59895
60831
61177
62142
63028
64359
64709
64787
65180
65725
65853
65855
66251
66253
66703
67003
67151
68313
69080
69085
69171
69236
69335
69538
69572
70986
71199
72372
73433
73438
75169
76100
76287
76520
76573
77198
77240
77571
78776
78925
79265
79651
80650
81945
82969
83007
85046
85209
85775
86032
86374
86392
86528
87238
87473
87475
87672
87674
88291
90759
90846
90855
90973
93238
94146
94191
94476
95071
95096
95662
98571
98895
100969
100971
101117
101510
102057
102389
103095
103119
103251
103793
104210
104598
106682
107321
107789
109112
110216
110548
111895
112070
112395
113679
114189
114287
115342
115755
115822
116022
116589
117268
118290
118970
119005
119451
120574
120989
121133
121135
121151
121263
121921
121923
122628
122647
122735
122755
122789
123042
123044
123966
124031
124634
125332
125540
125612
127631
127950
128617
128861
129600
129651
129875
130115
130138
130349
130360
130838
130855
130972
130974
131268
131475
131898
132024
133024
133620
134813
136336
137088
137489
137720
137844
137902
139037
Number of cuts: 277

TWAMP
4
207
254
310
331
649
662
1057
1348
1462
1476
1638
2380
2902
3081
3459
3467
3722
4305
4510
4561
4776
5301
5713
5762
6432
6479
6499
6592
6927
7045
7095
7695
10413
10606
10620
10627
10886
10947
11120
11982
12036
12042
12079
12091
12100
12133
12155
12455
13122
13411
13467
13711
13876
13884
14043
14139
14145
14166
14187
14430
14674
14778
15280
15438
15449
16590
17498
17672
18434
18562
18571
18769
19109
19250
19548
20357
20937
21718
22389
23612
23851
23904
24290
24667
24990
25047
25253
25385
25422
26002
26341
27249
28219
28611
28633
29119
29488
29598
30056
30291
30720
31070
31203
31246
31747
32281
32754
33278
33872
34132
35536
36384
36701
36959
37872
38156
39445
39455
39715
39720
40314
40738
40785
41580
42007
42749
45806
46011
46204
46216
Number of cuts: 131

UhSalsa
4
207
254
310
331
649
662
1057
1348
1462
1476
1638
2380
2551
2902
3081
3459
3467
3722
4305
4510
4561
4776
5301
5713
5762
6432
6479
6499
6592
6673
6927
7045
7095
7695
10222
10413
10606
10620
10627
10886
10947
11120
11982
12036
12042
12079
12091
12100
12133
12155
12455
13122
13411
13467
13711
13876
13884
14043
14139
14145
14166
14187
14430
14674
14778
15280
15438
15449
16590
17498
17672
18562
18571
18769
19109
19250
19548
20357
20937
22389
23612
23851
23904
24291
24668
24991
25048
25254
25386
25423
26003
26342
28220
28612
28634
29120
29257
29384
29487
29525
29597
29980
29989
30224
30653
30905
31003
31136
31179
31680
32214
32687
33052
33805
34065
35478
36326
36643
36812
36901
37814
38098
38337
39384
39394
39654
39659
39948
40253
41521
41948
42690
45747
45952
46145
46157
Number of cuts: 137

Weasels2
359
1008
1607
3113
3231
3255
3347
3737
3799
3959
3961
4041
4518
4546
4625
4643
6043
6947
8578
9137
10764
11944
12616
12835
13828
14025
14500
14586
14659
18374
19289
21445
21684
26001
26172
26781
26783
27601
28310
28749
28871
28987
30836
31007
32548
35794
36097
37625
38775
40150
40924
42830
43114
43288
43334
43795
45215
46096
46965
47562
47781
48582
49216
50740
50763
51606
51804
52775
52784
56707
59128
60023
60435
61430
61666
61717
62145
63230
63544
63812
65855
66007
66362
67812
67814
68699
69079
72072
72090
72640
73415
73736
76573
77414
79391
81450
82072
82204
83214
83257
85618
89320
89325
90546
92701
92975
94139
94649
96179
97634
98141
101735
103764
105264
106052
106091
106172
107423
107452
109046
109783
109804
110096
110174
110191
110396
110851
110856
110858
111303
112991
113831
114276
114319
114468
116027
117197
117205
117694
117909
117963
118418
120678
120835
123517
124639
124857
125108
125334
125578
126947
126949
127621
127623
128248
129290
130116
130261
130263
130719
131633
132064
132713
133312
134818
134936
134960
Number of cuts: 167

Yogi
4
207
254
310
331
649
662
1057
1348
1462
1476
1638
2150
2380
2551
2902
3081
3459
3467
3736
4305
4510
4561
4776
5084
5269
5301
5713
5762
6417
6464
6484
6577
6912
7030
7080
7661
8274
8833
9083
9695
10190
10381
10574
10595
10860
11094
11956
12010
12016
12053
12065
12074
12107
12129
12429
12641
12816
13385
13441
14017
14113
14119
14140
14404
14648
14752
14935
14996
15254
15412
15423
16267
16292
16564
16990
17472
17520
17531
17646
18743
19083
19522
20331
20862
20911
21033
21042
21390
22051
22363
22944
23586
23825
23878
24264
24641
24964
25021
25227
25396
25976
26205
26745
28193
28921
29093
29230
29462
29500
29572
30030
30265
30946
31044
31177
31220
31721
32255
32728
33093
33846
34106
34381
35507
35763
36604
36788
37052
37221
37310
38223
38507
38927
39105
39796
39806
40066
40071
40665
41089
41136
41931
42358
43100
46347
46540
46552
Number of cuts: 148

Yoncess
4
207
254
310
649
662
1057
1348
1462
1476
1638
2150
2380
2551
2902
3081
3459
3467
3736
4305
4510
4561
4776
5084
5269
5301
5762
6417
6464
6484
6577
6912
7030
7080
7661
8274
8833
9083
9695
10190
10381
10574
10595
10860
11094
11956
12010
12016
12053
12065
12074
12107
12129
12429
12641
12816
13385
13441
14017
14113
14119
14404
14648
14752
14996
15254
15412
15423
16267
16292
16564
16990
17472
17520
17531
17646
18743
19083
20154
20331
20862
20911
21390
21441
22051
22172
22300
22364
22977
23143
23587
23826
23879
24265
24642
24965
25022
25228
25397
25977
26206
28194
28586
29094
29231
29463
29573
29801
29810
30045
30474
30824
30957
31000
31501
32035
32347
32508
32873
33626
33886
33925
35492
36138
36455
36624
36713
37626
37910
39199
39209
39469
39474
40068
40492
40539
41282
41335
41765
42507
45565
45770
45963
45975
Number of cuts: 144

