Alatin
819
6232
9403
9822
9918
10905
11423
11618
12249
12378
14763
15156
15509
15524
15845
17178
18845
19606
19939
25293
25404
27373
28233
29346
31001
31226
33909
35946
37097
37126
38632
40263
40427
40499
43011
43220
44510
44635
45848
46056
Number of cuts: 40

Alpacados
819
8091
8172
9752
9848
10841
11359
11554
12185
14699
15092
15445
15460
15717
15781
16767
17114
18781
20064
25162
25273
26582
27278
28138
29251
30906
31131
33814
35848
35977
36990
37019
39530
40086
40250
40322
42834
43043
44333
44458
45671
45879
Number of cuts: 42

AngryOrchard
814
6177
8074
8155
9735
9831
10824
11342
11537
12168
14682
15075
15428
15764
17097
18764
19525
20047
20167
20725
21831
25158
26541
27237
28097
29210
31024
32038
32199
33628
33974
36008
37167
37179
38685
39690
40318
40482
40553
43056
44552
44677
45984
Number of cuts: 43

AppleCloud
614
4112
6117
7838
7919
9571
10558
11076
11271
12760
13252
14872
15121
15474
17143
18810
19571
20093
22708
25168
25279
26552
27248
27695
28108
29297
30299
30731
30932
30956
31970
33633
35802
36815
36844
38350
39978
40139
40213
42728
42937
44227
44352
45565
45773
Number of cuts: 45

Belenaria
819
6232
9403
9822
9918
10905
11423
11618
12249
12378
14763
15156
15509
15524
15845
17178
18845
19606
19939
20313
22086
25227
25338
26611
27307
28167
29278
30867
31092
33775
35821
35950
36963
36992
38498
40126
40287
40361
42876
43085
44375
44500
45713
45921
Number of cuts: 44

BobbyDazzler
819
4474
8200
8281
9861
9957
10950
11468
11663
12294
14808
15201
15554
15569
15826
15890
16876
17223
18890
20173
25272
25383
26656
27352
28212
29325
30980
31205
33888
35925
36054
37067
37096
38602
39607
40233
40397
40469
42982
43191
44481
44606
46027
Number of cuts: 43

Bonanza
819
4403
8129
8210
9790
9886
10879
11397
11592
12223
14737
15130
15483
15498
15755
15819
16805
17152
18819
20102
21459
25200
25311
26584
27280
28140
29253
30908
31133
33816
35850
35979
37372
37401
39912
40538
40702
40774
43286
43495
44785
44910
46316
Number of cuts: 43

Bradshaw
819
6232
9403
9822
9918
10905
11423
11618
12249
12378
14763
15156
15509
15524
15845
17178
18845
19606
19939
22086
25226
25337
26610
27306
28166
29279
30934
31159
33842
35879
37030
37059
38565
40196
40360
40432
42944
43153
44443
45781
45989
Number of cuts: 41

Bryce
819
4403
8129
8210
9790
9886
10879
11397
11592
12223
14737
15130
15483
15498
15755
15819
16805
17152
18819
20102
25201
25312
26585
27281
28141
29254
30688
30913
33596
35633
35762
36775
36804
38310
39315
39941
40105
40177
42690
42899
44189
44314
45527
45735
Number of cuts: 44

ChewyVIII
263
885
2280
2691
2943
3035
3565
3592
3756
4190
5574
5684
5795
6046
6776
7049
7349
7672
7939
7950
8110
8623
10074
10687
10928
11488
11929
12597
12882
13014
13300
13344
13892
14774
15271
16029
16998
18123
18236
18860
19844
21381
22490
22511
23172
23601
25417
25486
25629
25986
26058
26301
27218
27913
28442
28761
29384
30040
30587
30809
31166
31283
31897
32587
33014
33592
34513
34669
35536
35977
36058
36304
36646
36802
37602
37905
38022
38440
38467
38865
39461
40586
40619
42193
42886
43248
43769
44384
45513
46002
46014
46712
46766
48671
48901
49461
49907
50123
51086
51378
51407
51725
52241
52497
52575
52812
53095
54103
54286
55734
55863
56215
56386
56554
56939
59210
59663
59886
60061
60846
61176
61260
62034
62262
63284
63834
64253
64436
64799
64873
65436
65841
65889
66336
66961
67159
67632
68308
69143
Number of cuts: 139

CosmicSans
819
6232
9403
9822
9918
10905
11423
11618
12249
12378
14763
15156
15509
15524
15845
17178
18845
19606
19939
22086
25226
26610
27306
28166
29279
30934
31159
32173
33842
35879
36008
37021
37050
38556
40187
40351
40423
42935
43144
44434
44559
45772
45980
Number of cuts: 43

Dinger
816
6228
7324
8125
8206
9786
9882
10875
11224
11393
11588
12219
15126
15479
15815
17148
19576
20098
20776
25210
25321
26594
27290
27737
28150
29340
30803
31028
31922
32042
33635
33975
36066
37180
37192
38698
39703
40331
40495
40566
43074
44570
44695
46092
Number of cuts: 44

DocB7
1209
1320
3415
3823
3853
4963
4969
7019
8143
8451
8551
10889
11387
12847
12985
13093
13387
13791
16287
16733
17089
22115
23411
24092
24113
24914
26222
27056
27241
27379
29185
29227
29805
30639
30648
31433
33808
34371
35126
35186
37481
38543
40069
40658
42130
42383
42908
43625
45401
50490
50767
53322
54570
55177
55791
56225
58222
58399
62137
62194
64574
65028
66089
66592
66651
67005
67439
67971
68436
69290
69937
73567
74382
Number of cuts: 73

E3
150
1762
2352
2641
3256
3610
4245
4303
4908
6806
8850
9121
10290
10703
11513
12950
13484
13889
15118
15156
18782
20236
21108
22605
24342
24456
25048
25457
25888
25963
26563
26653
27127
28039
28300
29618
30764
32862
33081
33864
34269
34787
34925
35191
35861
37312
37594
37959
39135
39885
40095
40458
41787
42093
42270
42960
43175
44206
44440
45323
45689
47926
49259
49433
49802
50060
51464
51496
52285
52720
52960
53780
53810
54010
54998
56277
56706
57593
57931
59175
59565
62537
64261
64270
64973
65099
65422
65905
65957
66857
66899
66917
67570
68136
68836
69193
69885
70006
70552
71248
71403
71415
71550
73036
73668
74683
75213
75219
76572
77292
77487
78006
78114
78349
78425
81162
81193
81511
81526
82569
83380
84074
84212
84453
86202
86952
87151
87448
88350
88367
89054
89127
89584
89932
90703
90889
92251
92591
93548
93562
93619
93674
93707
93869
93968
94625
95626
95725
96267
96405
96476
96972
98592
99167
99539
99961
100078
100087
100573
101157
101556
101757
102717
102948
104189
104624
104686
105269
106631
108120
108219
108780
108881
109077
110314
110338
110671
111029
111678
111885
111929
111978
112134
112679
113690
113824
114088
114274
115325
115444
115654
115759
115837
117701
117806
119100
119546
120184
120883
122376
122629
123020
123104
123374
123450
123514
123826
123859
125716
126301
127079
127313
127373
127402
127591
127836
128495
129713
129773
129830
129907
130225
130624
131499
131769
131846
131873
131901
132153
132165
132462
132579
132872
133113
133292
133571
133784
134500
134645
134723
135235
135497
135667
136106
136884
136923
136938
137382
137934
138816
139181
140385
141033
141159
141944
142395
Number of cuts: 256

Erik
819
6232
9402
9821
9917
10904
11422
11617
12248
12377
14762
15155
15508
15523
15844
17177
18844
19605
19938
20312
22085
25224
25335
26608
27304
28164
29277
30866
31091
33774
35811
35940
36953
36982
38488
40119
40254
42766
42975
44265
44390
45603
45811
Number of cuts: 43

Espica
819
6232
9403
9822
9918
10905
11423
11618
12249
12378
14763
15156
15509
15524
15845
17178
18845
19606
19939
20313
22086
25227
25338
26611
27307
28167
29278
30867
31092
33775
35950
36963
36992
38498
40126
40287
40361
42876
43085
44375
44500
45713
45921
Number of cuts: 43

Finch
108
1794
2129
2438
3179
3876
4808
7613
10214
10321
10464
10974
11286
12021
14012
15176
15756
16422
18745
19524
19571
20545
21314
22583
24814
25284
26772
27302
27497
27806
28207
28402
28630
28782
30311
30338
30455
30475
30487
33624
34226
34297
34937
35921
37218
37758
38975
40111
44382
44927
45116
48199
48706
48727
49144
50019
50640
50937
52158
54209
54709
54803
56289
56819
57995
59275
60279
60526
60799
60976
61113
61225
61483
61835
62351
65530
65665
66055
67666
68119
70348
70434
72058
72220
72923
73655
76166
77803
79896
81353
81457
84316
85086
86591
88683
90566
91336
92024
93963
94105
94323
94986
98172
98384
99117
99637
100120
100979
102530
102807
103760
103937
105770
107124
107472
110231
110562
110757
112557
113298
113969
114713
115702
115939
116518
118741
119128
121362
122354
122408
123998
124370
125927
126483
126929
127106
127520
127898
128350
131089
132544
133386
134217
134939
137106
137490
138488
138828
Number of cuts: 148

Gollum
819
6232
9403
9822
9918
10905
11423
11618
12249
12378
14763
15156
15509
15524
15845
17178
18845
19606
19939
22086
25226
25337
26610
27306
28166
29277
30932
31157
33840
35877
36006
37019
37048
38554
40129
40293
40365
42877
43086
44376
45714
45922
Number of cuts: 42

Grayson
1048
2765
4865
6192
7513
9184
11641
12085
12113
14496
15066
15434
18173
18284
20054
20356
21386
22032
22689
22852
26037
27589
27815
28170
29384
31027
34666
38021
39710
46756
47440
47860
48667
49447
49573
49897
50983
51487
52269
52701
53391
54044
56067
56809
60984
62446
65329
65558
68820
68939
70437
71374
72722
77993
80998
81855
83086
85018
85680
94407
95356
95887
97942
99544
99555
99879
110321
110541
110624
112557
113266
114563
117351
117572
122370
122524
124727
125336
127139
127184
128066
129949
131666
Number of cuts: 83

Harlequin
819
4403
6232
7328
8129
8210
9766
9862
10855
11373
11568
12199
14713
15106
15459
15474
15731
15795
16781
17128
18795
20078
25231
25342
26615
27311
28171
29284
30718
30943
33626
35663
35792
36805
36834
38340
38430
39973
40134
42725
42934
44224
44349
45562
45770
Number of cuts: 45

Hiro
819
4403
8129
8210
9862
10849
11367
11562
13051
13543
15163
15412
15765
17434
19101
20384
22999
23671
25486
25597
26870
27566
28426
29539
31194
31419
34102
36139
36268
37281
37310
38816
39821
40447
40611
40683
43196
43405
44695
44820
46033
46241
Number of cuts: 42

Jace
1133
1556
1673
1786
1901
2063
2378
2501
2720
3016
3071
3418
3811
3921
5402
5728
5834
5912
5921
5996
6068
6185
7370
8505
9228
9589
10014
10677
11027
11745
12264
12486
12576
12768
13755
13824
13845
13965
14442
14496
15137
15563
16067
16955
17112
18319
18457
18688
18826
18940
19110
19486
20314
20341
20461
20491
21675
21696
22364
22396
22493
22577
22794
22965
23490
23760
23913
24124
24138
25867
26032
26693
27073
27173
27742
28490
28670
29111
29141
29569
30338
30570
31242
31860
32630
34639
34681
34966
35207
35264
37513
38013
38150
38824
38884
38995
39255
39458
39741
40646
41391
41815
42570
44201
45220
45385
45975
46275
46536
46617
47162
47258
47273
47279
47674
48780
48837
49002
49080
49337
49388
50179
50575
51701
51917
52130
52881
53732
53907
Number of cuts: 129

Jester
819
4403
6232
7328
8129
8210
9862
10849
11367
11562
12193
12271
12322
14851
15100
15453
17122
18789
20072
25162
25273
26546
27242
28102
29215
30649
30874
33557
35594
35723
36736
36765
38271
38361
39904
40065
42656
42865
44155
44280
45493
45701
Number of cuts: 42

Krishelle
819
6232
8144
8225
9877
10864
11382
11577
13066
13558
15178
15427
15780
17449
19116
19877
20399
23050
25510
25621
26894
27590
28037
28450
29639
31294
31519
34202
36239
37390
37419
38925
40556
40720
40792
43304
43513
44803
44928
46339
Number of cuts: 40

Lillie
819
6232
9403
9822
9918
10905
11423
11618
12249
12378
14763
15156
15509
15524
15845
17178
18845
19606
19939
22086
25226
26610
27306
28166
29279
30934
31159
32173
33842
35879
36008
37021
37050
38556
40187
40351
40423
42935
43144
44434
44559
45772
45980
Number of cuts: 43

Mahdia
50
1431
3165
6265
10698
12312
13887
14465
15900
20546
23069
23082
23110
23359
24192
24453
24521
27340
30539
32534
32547
33830
34124
35931
35944
36074
37579
37837
37850
39895
40091
40337
Number of cuts: 32

Naiad
819
6232
9403
9822
9918
10905
11423
11618
12249
12378
14763
15156
15509
15524
15845
17178
18845
19606
19939
25239
25350
27319
28179
29292
30947
31172
33855
35892
37043
37072
38578
40209
40373
40445
42957
43166
44456
44581
45794
46002
Number of cuts: 40

Nancinator
819
6232
9403
9822
9918
10905
11423
11618
12249
12378
14763
15156
15509
15524
15845
17178
18845
19606
19939
20313
22086
25227
25338
26611
27307
28167
29278
30867
31092
33775
35950
36963
36992
38498
39526
39690
39762
42274
42483
43773
43898
45111
45319
Number of cuts: 43

Natosaleda
819
6232
9403
9822
9918
10905
11423
11618
12249
12378
14763
15156
15509
15524
15845
17178
18845
19606
19939
20313
22086
25226
25337
26610
27306
28166
29277
30866
31091
33774
35949
36962
36991
38497
40125
40286
40360
42875
43084
44374
44499
45912
Number of cuts: 42

Partridge
814
6291
7387
8188
8269
9849
9945
10938
11456
11651
12282
15189
15542
15878
17211
19639
20161
20839
25273
25384
26693
27389
27836
28249
29439
31094
31319
32333
33923
34131
36222
36444
37336
37348
38855
39860
40488
40652
40723
43420
44916
45041
46437
Number of cuts: 43

Pepy6
267
299
306
704
923
1037
1385
1733
2169
2267
2315
2434
2987
4784
5075
5089
5940
6095
6118
6159
6581
6839
7314
9804
10845
11570
11950
12619
12727
13235
15549
15735
16211
16956
17003
17446
19407
19902
20469
21146
21547
22076
23602
23854
24360
25360
25414
26534
30172
30208
30240
31852
33694
33892
34192
34321
34810
35554
36354
36527
37793
37895
38385
39099
39712
40584
41637
41799
42217
43172
43208
43515
43776
44995
45263
45606
46159
47786
49168
49516
50169
50772
51230
51725
51982
53330
54569
55109
56361
56792
57023
57407
57422
58072
59008
59206
59541
62199
62570
62681
62904
63011
63261
63293
64886
64998
67695
67992
68265
69149
70331
70868
71916
73134
73173
74418
75492
75582
75770
Number of cuts: 119

Peregrin
2802
6030
6826
7080
8051
8498
9654
10955
11399
11427
13066
16587
17766
19606
21198
21855
27329
27684
30694
31089
31169
33448
33949
34852
36803
38491
44498
44918
45536
46220
47447
48266
48353
48680
49766
50270
51052
51484
52174
54850
59351
60813
62194
63028
65208
66013
67245
67364
68847
70582
71132
71793
78203
82352
82590
83706
84905
85599
90290
92618
93612
94926
97990
98001
100084
100231
100276
104491
109609
109982
110202
110285
112289
113004
113210
113262
113935
114121
114228
114567
118159
119215
120077
126575
128004
128176
128221
132871
Number of cuts: 88

Phrankenstein
819
6232
9403
9822
10905
11423
11618
12249
12378
14763
15156
15509
15524
15845
17178
18845
19606
19939
20313
22032
25172
26556
27252
28112
29225
30880
31105
33788
35825
35954
36967
36996
38502
40133
40297
40369
42881
43090
44380
44505
45718
45926
Number of cuts: 42

Pine5
349
1124
2675
2766
3546
6019
8035
8104
8149
8341
9057
9559
10345
10474
11412
11940
13177
13702
13792
14803
15088
15644
16330
16776
16966
17164
17526
18668
18968
19392
19945
20151
20185
20237
21021
21921
21942
22149
22367
23625
23934
24636
24942
25041
25062
25224
26581
27868
29212
29256
29316
29620
29875
30019
31591
32007
32601
32916
33162
33543
33726
34410
35278
35469
36610
36750
36828
37042
37167
37815
38139
38505
38679
38758
39295
39417
39660
40179
40569
41175
41601
42790
42817
43144
43270
44860
44992
45412
45914
46011
46459
48308
48448
48568
48829
48835
49823
50216
50541
50592
51512
52081
52209
53128
54077
54235
54374
54698
56049
56540
56798
57358
57644
Number of cuts: 113

Poco6
306
923
1160
1382
1730
2100
2782
3147
3774
3885
4562
4628
6848
7322
8300
8386
9359
10494
10871
11078
11125
12898
13027
13235
13958
14985
16070
16178
16354
18495
19094
19591
19866
19975
20775
21094
21475
21924
21968
23569
24532
25609
25615
25648
25867
26517
27366
27373
27622
28547
29090
29511
30554
30577
30971
31049
31799
32191
32227
32259
33877
34018
35184
35289
35719
35917
36217
36832
37564
37576
38007
38376
38549
39404
39473
39660
40407
41121
41521
41796
41805
42951
43439
43601
43915
45301
45867
46800
46847
47115
47344
48378
51241
51681
52005
52296
52739
53491
56533
56617
56992
57640
58106
58240
58323
58457
58640
59003
59018
60184
61173
61822
62331
63119
63310
63969
65630
65817
67590
67609
68174
68229
68829
70007
70152
70363
70514
70649
70724
71009
72131
73178
74396
74435
75020
76265
76760
76850
77038
Number of cuts: 139

Rasputin
819
4403
8130
8211
9791
9887
10874
10988
11392
11587
12218
14732
15125
15478
15493
15750
15814
16800
17147
18814
20097
25197
25308
26581
27277
28137
29250
30905
31130
32144
33813
35850
35979
36992
37021
38527
40158
40322
40394
42906
43115
44405
44530
45743
45951
Number of cuts: 45

RER2
819
6232
9403
9822
9918
10905
11423
11618
12249
12378
15156
15509
15524
15845
17178
18845
19606
19939
20313
22086
25226
25337
26610
27306
28166
29245
29279
30934
31159
33842
35879
37021
37050
38556
40187
40351
40423
42935
43144
44434
44559
45772
45980
Number of cuts: 43

RexFury
850
6263
9434
9853
9949
10936
11454
11649
12280
12409
14794
15187
15540
15555
15876
17209
18876
19637
19970
22117
25257
25368
26641
27337
28197
29310
30965
31190
33873
36039
37052
37081
38587
40215
40376
40450
42965
43174
44464
44589
45802
46010
Number of cuts: 42

RGL3
805
1141
4183
4838
6416
7688
8149
8717
8792
10880
11395
11593
12224
12365
18489
19753
20086
20698
21421
25717
25828
25984
27268
28293
28713
29069
29076
29154
30186
31638
32600
32983
36508
40991
45251
45782
Number of cuts: 36

Rhodalysa
819
6232
9403
9822
9918
10905
11423
11618
12249
12378
14763
15156
15509
15524
15845
17178
18845
19606
19939
22086
25226
26610
27306
28166
29279
30934
31159
32173
33842
35879
36008
37021
37050
38556
40187
40351
40423
42935
43144
44434
44559
45772
45980
Number of cuts: 43

StCroix
819
6232
9403
9822
9918
10905
11423
11618
12249
12378
14763
15156
15509
15524
15845
17178
18845
19606
19939
25239
25350
27319
28179
29292
30947
31172
33855
35892
37043
37072
38578
40209
40373
40445
42957
43166
44456
44581
45794
46002
Number of cuts: 40

Swann
819
6232
9403
9822
9918
10905
11423
11618
12249
12378
14763
15156
15509
15524
15845
17178
18845
19606
19939
22086
25226
25337
26610
27306
28166
29277
30932
31157
33840
35877
37019
37048
38554
40185
40349
40421
42933
43142
44432
44557
45770
45978
Number of cuts: 42

Takoda
814
6224
8121
8202
9782
9878
10865
11383
11578
12209
14723
15116
15469
15805
17138
18805
19566
20088
20208
20766
21872
25199
26583
27279
28139
29252
31066
32080
32241
33120
33670
34016
36062
37221
37233
38739
39744
40372
40607
43110
43383
44760
44885
46193
46282
Number of cuts: 45

Trina
560
4080
6417
8696
9960
11353
11701
11818
11959
13077
13787
14797
14807
18243
18764
19709
20869
21359
22500
22817
23608
23938
26401
26447
28921
28996
32471
33500
34315
36386
37139
37932
38319
38490
39376
39445
40203
40257
40694
41116
42160
43061
44067
44199
45625
47997
48093
48752
49686
50256
50372
50864
51397
52480
52492
52780
53736
54489
54625
54733
54799
56742
58218
59522
59975
62102
63125
63849
65369
65898
66786
67798
68912
69727
70852
71377
73025
74900
75262
76533
77472
77994
78222
78636
80214
80230
80473
81563
83890
85180
85612
86421
87402
88846
90629
92080
92546
92947
93268
94843
95003
95108
96440
96497
98987
99355
99664
100727
103858
108220
108580
109801
109811
110656
110874
112297
112758
113838
115292
115397
116204
116744
120196
121241
123029
123266
123388
123663
123829
124035
124388
125060
125989
126762
127533
128500
128956
129710
129918
130687
130871
131770
133547
133751
134127
134184
134604
135132
135490
135655
136962
Number of cuts: 151

TWAMP
819
6232
9403
9822
9918
10905
11423
11618
12249
12378
14763
15156
15509
15524
15845
17178
18845
19606
19939
22086
25226
26610
27306
28166
29279
30934
31159
32173
33842
35879
36008
37021
37050
38556
40187
40351
40423
42935
43144
44434
44559
45772
45980
Number of cuts: 43

UhSalsa
819
6232
9403
9822
9918
10905
11423
11618
12249
12378
14763
15156
15509
15524
15845
17178
18845
19606
19939
20313
22086
25227
25338
26611
27307
28167
29278
31092
33775
35950
36963
36992
38498
40126
40287
40361
42876
43085
44375
44500
45713
45921
Number of cuts: 42

Weasels2
2404
3156
3319
5418
7947
9829
11982
12426
12440
12454
23694
27328
27683
35133
37301
37649
38739
39340
42848
44532
45585
45651
49038
50532
51541
51836
52631
52958
54050
55499
56381
59664
61959
62872
63328
66181
68248
70849
74565
74790
76222
83036
84137
84997
86648
88846
91732
94267
94327
95329
99013
104319
108934
109853
112845
119020
120421
122675
124581
125120
125193
125405
125765
126986
128074
129428
129837
130504
130638
134109
134861
Number of cuts: 71

Yogi
819
4403
8129
8210
9790
9886
10879
11397
11592
12223
14737
15130
15483
15498
15755
15819
16805
17152
18819
20102
21459
25200
25311
26584
27280
28140
29253
30908
31133
33816
35850
35979
37372
37401
39912
40538
40702
40774
43286
43495
44785
44910
46316
Number of cuts: 43

Yoncess
819
4403
8129
8210
9790
9886
10879
11397
11592
12223
14737
15130
15483
15498
15755
15819
16805
17152
18819
20102
25201
25312
26585
28141
28351
29254
30688
30913
33596
35633
35762
36775
36804
38310
39315
39941
40105
40177
42693
42903
44193
44318
45531
45739
Number of cuts: 44

