Alatin
38
450
473
941
1118
1132
1170
1182
1559
1646
1759
1981
2591
3175
3355
3554
3777
3888
3966
4004
4152
4321
4706
4725
5255
5319
5410
5518
5557
5695
5861
5984
6066
6700
6809
6836
7063
7431
7671
8595
8635
8715
8738
8976
9479
9504
9567
9936
10240
10372
10561
10738
10800
11020
11125
11234
11520
11846
11949
12014
12167
12436
12459
12616
12742
12853
12907
13156
13317
13513
13743
14421
14480
14558
14600
15266
15321
15706
15735
15817
15933
15947
16249
16762
16783
16847
17327
17348
17775
19535
19736
20151
20477
20510
20699
20988
21026
21821
22120
22157
22228
22406
22424
22815
22896
23112
23268
23379
23636
23656
23774
23900
24053
24329
25039
25253
25275
25504
26085
27165
27339
27625
27840
27851
27981
28023
28136
28314
28403
28721
28817
29692
29986
30076
30135
30460
30579
30585
30633
30849
32271
32416
32431
32588
32774
32915
32938
32996
33584
33891
34432
34487
34521
34575
35195
35214
35328
36293
36921
37000
37014
37093
37194
37250
37556
37703
37823
37886
38196
38603
38918
38923
38963
39241
39338
39859
40428
40795
41012
41029
41083
41155
41384
41709
43350
43764
43816
43996
44422
44584
44921
45295
45496
45536
45588
45657
45666
45783
46007
46016
46029
Number of cuts: 201

Alpacados
38
450
473
941
1118
1132
1170
1182
1559
1711
1934
2553
3137
3317
3516
3672
3739
3850
3928
4114
4283
4668
4687
5217
5281
5480
5657
5823
5946
6028
6124
6647
6756
6783
7010
7378
8564
8645
8668
8906
9764
10170
10259
10302
10491
10956
11061
11170
11456
11782
11885
11950
12103
12372
12395
12552
12678
12789
12843
13059
13092
13253
13449
13528
13679
13997
14357
14416
14494
14536
15202
15257
15671
15753
15869
15883
16152
17263
17284
17711
17926
18097
18751
19471
19672
20087
20413
20446
20635
20924
20962
21062
21703
22002
22038
22147
22224
22275
22293
22603
22684
22711
22765
22981
23137
23248
23505
23525
23643
23769
23922
24198
24908
25122
25144
25373
25990
26010
27070
27244
27745
27756
27886
27928
28041
28219
28308
29038
29597
29891
29981
30040
30365
30484
30490
30538
30754
31696
32176
32321
32336
32493
32679
32820
32843
32901
33489
33796
34337
34389
34423
34477
35097
35116
35230
35402
36138
36236
36814
36893
36907
36986
37087
37143
37449
37596
37716
37779
38089
38142
38496
38811
38816
39752
39846
40251
40618
40852
40868
40906
40978
41207
41532
42608
43173
43587
43639
44245
44407
44744
45118
45319
45359
45411
45489
45606
45830
45839
45852
Number of cuts: 199

AngryOrchard
38
333
936
1111
1125
1163
1175
1552
1704
1926
2157
3120
3300
3833
3911
3949
4097
4266
4651
4670
5200
5264
5502
5640
5806
5929
6011
6446
6453
6630
6739
6766
6993
7361
8547
8628
8651
8757
8889
9392
9417
9480
9747
10153
10242
10285
10474
10939
11044
11153
11439
11765
11868
11933
12086
12355
12378
12535
12661
12772
12826
13042
13075
13236
13432
13662
13980
14477
14519
15185
15240
15625
15654
15736
15852
15866
16135
16168
17212
17246
17267
17694
18080
19213
19454
19584
19655
19858
20618
21563
21985
22021
22270
22288
22679
22760
22976
23132
23243
23500
23520
23765
23918
24194
24904
25118
25140
25970
26104
27029
27203
27704
27845
27887
28178
28267
28429
28681
28997
29556
29773
29828
29885
29933
30258
30377
30383
30431
30647
31589
31799
32069
32252
32354
32379
32594
32710
32791
33238
33464
33742
33768
33956
34483
34497
34583
35276
35390
36213
36298
36396
36974
37053
37067
37088
37303
37309
37609
37756
37876
37939
38249
38656
38971
38976
39016
39294
39914
40008
40849
41083
41137
41209
41297
41438
41661
41762
42469
42517
42577
43303
43395
43806
43858
44464
44626
44963
45074
45250
45451
45529
45601
45610
45718
45767
45935
45944
45957
46157
Number of cuts: 199

AppleCloud
39
237
736
911
925
963
975
1353
1466
1690
1921
2276
2804
2884
3064
3263
3597
3675
3713
3861
4434
4761
4964
5028
5227
5287
5404
5570
5693
5775
5871
6210
6394
6406
6503
7125
8311
8392
8629
9132
9157
9220
9476
9893
10025
10214
10396
10673
10778
10887
11173
11499
11602
11667
11700
11820
12206
12359
12849
12872
13088
13121
13282
13478
13708
14026
14386
14445
14523
14565
14685
15031
15231
15286
15486
15700
15898
15912
16181
16214
16505
16748
17258
17292
17313
17740
18126
18780
19259
19441
19500
19701
20240
20664
20991
21091
21732
22031
22068
22269
22326
22359
22515
23049
23538
23803
23943
24694
24914
25128
25150
25865
25960
27040
27214
27264
27715
27726
27856
27898
28011
28189
28278
28353
29087
29643
29865
30190
30309
30315
30363
30579
30888
31235
31731
32001
32161
32318
32645
32660
32726
32858
33131
33407
33475
33488
33615
34217
34922
34941
35055
35963
36061
36639
36652
36718
36732
36811
36912
36968
37274
37421
37541
37604
37914
38321
38636
38641
38681
38959
39574
39668
39689
39988
40140
40512
40729
40746
40800
40872
41101
41426
43067
43481
43533
43713
44139
44301
44638
45012
45213
45253
45305
45374
45383
45500
45724
45733
45746
Number of cuts: 199

Belenaria
38
450
473
941
1118
1132
1170
1182
1559
1646
1759
1981
2591
3175
3355
3554
3777
3888
3966
4004
4152
4321
4706
4725
5255
5319
5410
5518
5557
5695
5861
5984
6066
6700
6809
6836
7063
7431
7671
8595
8635
8715
8738
8976
9479
9504
9567
9936
10240
10372
10561
10738
10800
11020
11125
11234
11520
11846
11949
12014
12167
12436
12459
12616
12742
12853
12907
13156
13317
13513
13743
14421
14480
14558
14600
15266
15321
15706
15735
15817
15933
15947
16249
16762
16783
16847
17327
17348
17775
19535
19736
20151
20477
20510
20699
20988
21026
21737
21767
22066
22102
22211
22288
22339
22357
22667
22829
23045
23201
23312
23569
23589
23707
23833
23986
24263
24973
25187
25209
25409
25438
26019
27099
27256
27273
27774
27785
27915
27957
28070
28248
28337
29067
29624
29841
29896
29953
30001
30326
30445
30451
30715
31867
32137
32282
32297
32454
32640
32781
32804
32862
33450
33757
34298
34362
34396
34450
35070
35089
35203
36111
36209
36787
36800
36866
36880
36959
37060
37116
37422
37569
37689
37752
38062
38469
38784
38789
38829
39107
39722
39816
39837
40136
40288
40660
40877
40894
40948
41020
41249
41574
43215
43629
43681
43861
44287
44449
44786
45160
45361
45401
45453
45522
45531
45648
45872
45881
45894
Number of cuts: 208

BobbyDazzler
38
402
450
473
941
1118
1132
1170
1182
1559
1710
1823
2046
2277
2662
3246
3426
3625
3781
3848
3959
4037
4223
4392
4777
4796
5326
5390
5589
5932
6055
6137
6233
6756
6865
6892
7119
7487
8673
8754
8777
9015
9873
10279
10368
10411
10600
11065
11170
11279
11565
11891
11994
12059
12212
12481
12504
12661
12787
12898
12952
13168
13201
13362
13558
13637
13788
14106
14466
14525
14603
14645
15311
15366
15780
15862
15978
15992
16261
17372
17393
17820
18035
18206
18860
19580
19781
19984
20196
20522
20555
20744
21033
21071
21812
22111
22148
22257
22334
22385
22403
22713
22794
22821
22875
23091
23358
23615
23635
23753
23879
24032
24308
25018
25232
25254
25483
26064
26084
27144
27318
27819
27830
27960
28002
28115
28293
28382
29112
29671
29965
30055
30114
30439
30558
30564
30612
30828
31770
32250
32395
32410
32567
32753
32894
32917
32975
33563
33870
33932
34411
34466
34500
34554
35174
35193
35307
36215
36313
36891
36970
36984
37063
37164
37220
37526
37673
37793
37856
38166
38219
38573
38888
38893
39211
39923
40398
40765
40999
41015
41053
41125
41354
41680
42756
43321
43735
43787
44393
44555
44892
45266
45467
45507
45559
45628
45637
45754
45978
45987
46000
Number of cuts: 201

Bonanza
38
450
473
941
1118
1132
1170
1182
1559
1646
1759
1981
2591
3175
3355
3554
3710
3777
3888
3966
4152
4321
4706
4725
5255
5319
5518
5695
5861
5984
6066
6162
6685
6794
6821
7048
7416
8602
8683
8706
8944
9802
10208
10297
10340
10529
10994
11099
11208
11494
11820
11923
11988
12141
12410
12433
12590
12716
12827
12881
13097
13130
13291
13368
13487
13566
13717
14035
14395
14454
14532
14574
15240
15295
15709
15791
15907
15921
16190
17301
17322
17749
17964
18135
18789
19509
19710
19913
20125
20451
20484
20673
20962
21000
21100
21741
22040
22076
22185
22262
22313
22331
22641
22722
22749
22803
23019
23286
23543
23563
23681
23807
23960
24236
24375
24946
25160
25182
25411
25992
26012
27072
27246
27747
27758
27888
27930
28043
28221
28310
29040
29599
29893
29983
30042
30367
30486
30492
30540
30756
31698
32178
32323
32338
32495
32681
32822
32845
32903
33491
33798
34339
34391
34425
34479
35099
35118
35232
35404
36140
36238
36769
37196
37209
37275
37289
37368
37469
37525
37831
37978
38098
38161
38471
38524
39193
39198
39238
40134
40228
40703
41070
41304
41320
41358
41430
41659
41984
43060
43625
44039
44091
44697
44859
45196
45570
45771
45863
45932
45941
46049
46098
46267
46276
46289
Number of cuts: 205

Bradshaw
38
450
473
941
1118
1132
1170
1182
1559
1646
1759
1981
2567
2591
2943
3175
3355
3554
3777
3888
3966
4004
4152
4321
4706
4725
5255
5319
5410
5419
5518
5557
5695
5861
5984
6066
6700
6809
6836
7063
7431
7671
8595
8635
8715
8738
8976
9479
9504
9567
9936
10240
10372
10561
10738
10800
11020
11125
11234
11520
11846
11949
12014
12167
12436
12459
12616
12742
12853
12907
13156
13317
13513
13743
14421
14480
14558
14600
15266
15321
15706
15735
15817
15933
15947
16249
16762
16783
16847
17327
17348
17775
19535
19736
20151
20477
20510
20699
20988
21026
21767
22066
22102
22211
22288
22339
22357
22667
22829
23045
23201
23312
23569
23589
23707
23833
23986
24262
24972
25186
25208
25437
26018
27098
27272
27558
27773
27784
27914
27956
28069
28247
28336
28654
28750
29625
29919
30009
30068
30393
30512
30518
30566
30782
32204
32349
32364
32521
32707
32848
32871
32929
33517
33824
34365
34420
34454
34508
35128
35147
35261
36226
36854
36933
36947
37026
37127
37183
37489
37636
37756
37819
38129
38536
38851
38856
38896
39174
39271
39792
39886
40361
40728
40945
40962
41016
41088
41317
41642
43283
43697
43749
43929
44355
44517
44633
44854
45228
45429
45469
45521
45590
45599
45716
45940
45949
45962
Number of cuts: 207

Bryce
38
450
473
941
1118
1132
1170
1182
1559
1646
1759
1981
2591
3175
3355
3554
3710
3777
3888
3966
4152
4321
4706
4725
5255
5319
5518
5861
5984
6066
6162
6685
6794
6821
7048
7416
8602
8683
8706
8944
9802
10208
10297
10340
10529
10994
11099
11208
11494
11820
11923
11988
12141
12410
12433
12590
12716
12827
12881
13097
13130
13291
13487
13566
13717
14035
14395
14454
14532
14574
15240
15295
15709
15791
15907
15921
16190
17301
17322
17749
17964
18135
18789
19509
19710
19913
20125
20451
20484
20673
20962
21000
21100
21741
22040
22077
22186
22263
22314
22332
22642
22723
22750
22804
23020
23287
23544
23564
23682
23808
23961
24237
24448
24947
25161
25183
25412
25993
26013
27073
27247
27748
27759
27889
27931
28044
28222
28311
29041
29600
29822
30147
30266
30272
30320
30536
31478
31958
32103
32118
32275
32461
32602
32625
32683
33271
33578
34119
34174
34208
34262
34882
34901
35015
35923
36021
36599
36678
36692
36771
36872
36928
37234
37381
37501
37564
37874
37927
38281
38596
38601
38641
38919
39537
39631
40106
40473
40707
40723
40761
40833
41062
41388
42464
43029
43443
43495
44101
44263
44600
44974
45175
45215
45267
45336
45345
45462
45686
45695
45708
Number of cuts: 200

ChewyVIII
20
182
806
942
980
1626
1832
2030
2072
2298
2378
2429
2709
2763
2932
3018
3041
3064
3097
3320
3605
3663
3824
3893
3972
4064
4502
5090
5122
5141
5481
5806
6034
6425
6612
6862
6939
7028
7087
7147
7646
7896
8111
8136
8871
8951
9023
9071
9349
9449
10007
10190
10422
10473
10698
11023
11179
11777
11895
12317
12416
12472
12618
12667
12770
12845
12960
13032
13152
13533
13609
13935
14029
14150
14247
14261
14289
14300
14467
14507
15340
15547
15588
16401
16461
16854
16888
17168
17231
17471
17633
17750
17813
18058
18232
18245
18391
18521
18613
19009
19038
19063
19260
19450
19467
20338
20478
20602
20762
20931
20983
21606
21750
21859
22046
22581
22683
22872
23054
23272
24261
24627
24858
25000
25042
25223
25405
25693
25912
26410
26781
27072
27085
27362
27613
27674
28167
28357
28671
29040
29063
29522
29555
29753
29793
30171
30197
30679
30757
31428
31665
31676
32161
32261
32834
32853
33285
33446
33472
34130
34148
34194
34223
34864
34965
34995
36059
36260
36283
36501
37091
37281
37494
37618
37865
38183
38237
38463
39158
39601
39705
39760
39859
40690
40805
41406
41558
41878
42021
42124
42232
42289
43007
43054
43224
43400
43606
43900
44194
44359
45166
45185
45412
45694
46041
46150
46375
46607
46624
46894
47479
47503
47623
47874
47912
47956
48013
48327
48672
49297
49419
49430
49924
49956
50070
50092
50319
50338
50495
50544
50552
50582
51321
51332
51968
52230
52555
52701
52851
52875
52978
53091
53156
53645
53835
53956
54832
54880
54922
54976
55232
55290
55610
56402
56607
56722
56756
57131
57376
57435
57632
57680
57703
57721
57811
58122
58999
59559
59926
60177
60257
60350
60745
60792
60866
61570
61988
62580
62715
62723
62910
63108
63644
63712
64053
64110
64489
64760
64898
64914
65181
65545
65825
66740
66829
66926
66941
66946
66962
67531
67755
67854
68880
Number of cuts: 303

CosmicSans
38
450
473
941
1118
1132
1170
1182
1559
1646
1759
1981
2567
2591
2943
3175
3355
3554
3777
3888
3966
4004
4152
4321
4706
4725
5255
5319
5410
5419
5518
5557
5695
5861
5984
6066
6700
6809
6836
7063
7431
7671
8595
8635
8715
8738
8976
9479
9504
9567
9936
10240
10372
10561
10738
10800
11020
11125
11234
11520
11846
11949
12014
12167
12436
12459
12616
12742
12853
12907
13156
13317
13513
13743
14421
14480
14558
14600
15266
15321
15706
15735
15817
15933
15947
16249
16762
16783
16847
17327
17348
17775
19535
19736
20151
20477
20510
20699
20988
21026
21767
22066
22102
22211
22288
22339
22357
22667
22829
23045
23312
23569
23589
23707
23833
23986
24262
24972
25186
25208
26018
27098
27272
27558
27773
27784
27914
27956
28069
28247
28336
28750
29625
29919
30009
30068
30393
30512
30518
30566
30782
31934
32204
32349
32364
32521
32707
32848
32871
32929
33517
33824
34365
34420
34454
34508
35128
35147
35261
36169
36267
36845
36924
36938
37017
37118
37174
37480
37627
37747
37810
38120
38527
38842
38847
38887
39165
39262
39783
39877
40352
40719
40953
40969
41007
41079
41308
41633
43274
43688
43740
43920
44346
44508
44845
45219
45420
45460
45512
45581
45590
45707
45931
45940
45953
46153
Number of cuts: 206

Dinger
38
938
1127
1165
1177
1554
1642
1755
1977
2208
2563
3171
3351
3773
3884
3962
4000
4148
4317
4702
4721
5251
5315
5514
5553
5691
5857
5980
6062
6158
6497
6504
6681
6790
6817
7044
7412
8598
8679
8702
8940
9443
9468
9531
9798
9900
10204
10293
10336
10525
10990
11095
11204
11490
11816
11919
11984
12137
12406
12429
12586
12712
12823
12877
13093
13126
13287
13483
13713
13797
14031
14528
14570
15236
15291
15676
15705
15787
15903
15917
16186
16219
17202
17263
17297
17318
17745
18131
19446
19505
19706
20121
20669
20958
21096
21614
21737
21939
22036
22073
22322
22340
22641
22650
22812
23028
23295
23552
23572
23817
23970
24246
24736
24956
25170
25192
25907
26002
27082
27256
27306
27757
27768
27898
27940
28053
28231
28320
28395
29129
29686
29895
29937
30262
30381
30387
30435
30651
31593
31803
32073
32218
32358
32717
32798
33471
33749
33775
33817
33830
33957
34498
34562
34596
34650
35289
35403
36311
36409
36987
37066
37080
37159
37260
37316
37322
37622
37769
37889
37952
38262
38669
38984
38989
39029
39307
39927
40021
40863
41097
41151
41223
41281
41452
41777
42487
42535
42595
43321
43413
43490
43824
43876
44482
44644
44981
45267
45468
45546
45618
45736
45785
45893
45954
45963
45976
Number of cuts: 206

DocB7
140
226
616
666
956
976
1302
1490
1550
1935
2091
2113
2186
2255
2334
2405
2434
2747
2796
3022
3038
3508
3558
3671
4021
4198
4245
4477
4489
4622
4734
4875
5726
5752
6119
6773
7411
7731
7843
7938
8246
8254
8552
8658
8776
8851
9325
9365
9514
9706
9763
9776
9930
10575
10588
11342
11441
11464
11708
11879
11923
12539
12673
12783
12899
13181
13195
13271
13292
13416
13500
13879
13888
14003
14145
14188
14367
14513
14591
14706
14737
14821
14989
15072
15140
15244
15786
15840
16058
16743
17416
17884
18619
18636
18968
19569
19758
20236
20356
20364
20394
20771
21035
21056
21355
21595
22149
22270
23536
23578
24219
24260
24666
24745
24903
25139
25434
25878
26019
26402
26608
26955
27080
27362
27492
27894
27901
27931
27944
28013
28237
28256
28377
28417
28917
28945
29192
29228
29330
29405
29548
29728
29911
30030
30347
31105
31150
31415
31720
31793
31988
32005
32748
33137
33161
33509
33734
33741
33872
34053
34834
34851
34970
35024
35405
35608
35750
36175
36585
36594
36986
37085
37197
37303
37348
37819
38282
38633
38704
39475
39586
39630
40129
40245
40407
40670
40792
40828
40875
40941
40979
41183
41346
41903
41980
42269
42304
43068
43317
44078
44304
44728
45413
45632
45773
45964
46117
46266
46760
46809
47059
47185
47371
47451
47478
47683
47766
47949
48146
48152
48341
48620
48768
49073
49146
49244
49257
49289
49608
49655
50262
50285
50879
50894
52050
52678
52697
52708
53041
53075
53217
53352
53581
54051
54141
54255
54309
54354
54367
54381
54862
55278
55371
55787
55907
55943
56589
56757
57155
57370
57585
57874
57889
57951
58071
58242
59733
59802
59981
60171
60569
60864
60995
61057
61115
61316
61476
62143
62780
63002
63151
63426
63455
63595
63926
64110
64183
64278
64452
64462
64499
64684
64932
64941
65403
65552
65602
65678
65797
65878
65891
66317
66415
66741
66757
66765
66867
66933
67103
67233
67244
67333
67573
67685
67843
68268
68455
68580
68787
68908
69567
69818
69938
69993
70322
70857
71311
71419
71851
71916
71957
71979
72069
72111
72816
73049
73080
73824
73869
74127
74394
74578
74601
74627
74808
75022
75033
75059
75090
75401
75548
75680
Number of cuts: 352

E3
22
157
546
984
1090
1229
1410
1574
1636
1816
1994
2195
2495
4031
4258
4870
5846
6170
7219
7475
8113
8897
9050
9099
9182
9349
11261
12353
13110
14817
15807
16030
16759
17001
17575
18717
19601
21433
21900
21939
22059
22078
23387
23420
23489
23918
24457
24490
25210
25345
26135
26531
26555
26702
27977
28301
28640
29550
29560
30534
30699
32205
33004
33010
33041
33157
33259
33409
33607
33890
33919
34447
35074
35532
35626
35686
36668
36878
37211
38066
38533
38837
38842
39190
39258
39283
39547
39770
39945
39954
40044
40273
40486
41194
41865
41875
41922
42271
42472
42961
43158
43376
43682
43857
44845
44889
44946
45190
45728
45837
45859
45875
45915
46274
46331
46763
46797
47273
47587
47615
47970
48788
48808
48956
49367
49376
49397
49442
50808
50883
50963
51156
51658
52016
52217
52687
53101
53607
53796
54062
55472
55561
56108
56836
57452
57924
58411
58451
58473
59752
60704
61080
61178
61424
61613
61837
61971
62490
62517
62817
63221
63321
63896
64433
64455
65479
65502
65811
65823
66196
66533
66540
66819
67080
67107
67190
68179
68776
68882
69078
70061
70086
70652
71062
71076
71090
71324
71466
71897
72203
72326
72461
72539
72942
72998
73481
73822
73883
74115
74994
76199
76235
76401
76424
76457
76655
76936
77230
77557
78300
78468
78489
78570
78794
79014
79224
79338
79392
79647
80916
80936
81065
81230
81259
83994
84935
85630
86302
86353
86714
87430
87482
87532
87652
87936
88355
89337
89523
89928
89946
90375
91473
92561
92725
92910
92980
93124
93199
93220
93342
94483
95469
95783
96346
96472
97141
98610
98898
99274
99575
99580
100132
100259
100310
100562
100703
101434
101476
101667
101838
101993
102457
103794
103837
103959
104435
104798
105876
106881
107034
107043
107098
107154
107448
107611
107778
108160
108247
108432
108760
108781
109103
109119
109483
109578
109956
110141
110347
111236
111278
111520
111925
112986
113337
113557
113809
114230
114727
114894
115473
115507
115613
115709
115884
115922
116104
116479
117207
118032
118391
118764
118987
119167
119345
119542
119547
119828
119901
120529
120695
121117
121130
121176
121201
122543
122697
122831
123446
123665
124204
124225
124345
125095
125510
126462
127645
127652
127949
128668
128732
128957
129073
130291
130845
131020
131294
131536
131800
132310
132511
133114
133246
134191
137281
137575
138297
138862
138988
140194
140335
140359
140770
140826
141160
141434
141520
141596
141758
142410
Number of cuts: 379

Erik
38
450
473
941
1118
1132
1170
1182
1559
1646
1759
1981
2591
3175
3355
3554
3777
3888
3966
4004
4152
4321
4706
4725
5255
5319
5410
5518
5557
5695
5861
5984
6066
6700
6809
6836
7063
7431
7671
8595
8635
8714
8737
8975
9478
9503
9566
9935
10239
10371
10560
10737
10799
11019
11124
11233
11519
11845
11948
12013
12166
12435
12458
12615
12741
12852
12906
13155
13316
13512
13742
14420
14479
14557
14599
15265
15320
15705
15734
15816
15932
15946
16248
16761
16782
16846
17326
17347
17774
19534
19735
20150
20476
20509
20698
20987
21025
21736
21766
22065
22101
22210
22287
22338
22356
22666
22828
23044
23311
23567
23587
23705
23831
23984
24260
24970
25184
25206
25406
25435
26016
26454
27096
27253
27270
27771
27782
27912
27954
28067
28245
28334
29623
29840
29895
29952
30000
30325
30444
30450
30714
32136
32281
32296
32453
32639
32780
32803
32861
33449
33756
34297
34352
34386
34440
35060
35079
35193
36101
36199
36777
36856
36870
36949
37050
37106
37412
37559
37679
37742
38052
38459
38774
38779
38819
39097
39194
39715
39809
40550
40784
40800
40838
40910
41139
41464
43105
43519
43571
43751
44177
44339
44676
45050
45251
45291
45343
45412
45421
45538
45762
45771
45784
Number of cuts: 203

Espica
38
450
473
941
1118
1132
1170
1182
1559
1646
1759
1981
2591
3175
3355
3554
3777
3888
3966
4004
4152
4321
4706
4725
5255
5319
5410
5518
5557
5695
5861
5984
6066
6700
6809
6836
7063
7431
7671
8595
8635
8715
8738
8976
9479
9504
9567
9936
10240
10372
10561
10738
10800
11020
11125
11234
11520
11846
11949
12014
12167
12436
12459
12616
12742
12853
12907
13156
13317
13513
13743
14421
14480
14558
14600
15266
15321
15706
15735
15817
15933
15947
16249
16762
16783
16847
17327
17348
17775
19535
19736
20151
20477
20510
20699
20988
21026
21737
21767
22066
22102
22211
22288
22339
22357
22667
22829
23045
23201
23312
23569
23589
23707
23833
23986
24263
24973
25187
25209
25409
25438
26019
27099
27256
27273
27774
27785
27915
27957
28070
28248
28337
29067
29624
29841
29896
29953
30001
30326
30445
30451
30715
31867
32137
32282
32297
32454
32640
32781
32804
32862
33450
33757
34298
34362
34396
34450
35070
35089
35203
36111
36209
36787
36800
36866
36880
36959
37060
37116
37422
37569
37689
37752
38062
38469
38784
38789
38829
39107
39722
39816
39837
40136
40288
40660
40877
40894
40948
41020
41249
41574
43215
43629
43681
43861
44287
44449
44786
45160
45361
45401
45453
45522
45531
45648
45872
45881
45894
Number of cuts: 208

Finch
97
256
841
1704
1790
2544
3043
3075
3481
3789
3872
3901
4095
4148
4363
4400
5541
5574
5732
5948
6078
6633
7188
7668
7820
7987
8073
8229
8618
8726
8731
8970
9003
9257
9563
9818
10894
10996
11025
11038
11359
11460
12144
12529
12653
12877
12946
13064
13135
13246
13386
13443
14485
14647
15012
15126
15460
15592
15654
15910
16088
16305
16315
16477
16570
16772
16850
16890
17065
17564
17812
18185
18212
18240
18308
18460
18526
19005
19525
19770
20256
20496
20872
21595
21909
21924
22776
23659
23860
24468
24767
24782
25199
25486
25931
26518
26810
26881
26947
26977
28136
28758
29074
29113
29179
29216
29426
29499
29535
29542
29673
29756
29861
29967
30141
30189
30372
30451
30483
30544
30956
31408
31626
31647
31763
31860
32481
32547
32862
32943
33136
33428
33606
33889
33955
34006
34318
34356
34900
35253
35306
35575
35591
35646
35826
36097
36226
36269
37023
37410
37493
37666
38247
38336
39948
40008
40920
41123
41167
41405
42061
42311
44938
45010
46251
46262
47122
47829
48128
48170
48215
48338
48344
48971
49127
49337
49551
49934
50440
50671
50881
50967
51088
51612
51679
51985
51996
52122
52431
52957
53002
53219
53318
53636
53792
53933
54556
54836
55079
55100
55863
56627
57345
57357
57470
57979
58365
58429
58542
59026
59303
59792
59888
60130
60340
60623
60716
61124
61283
61943
63098
63158
64137
64314
64380
64886
64910
65143
65507
65760
66272
66672
67373
68143
69148
69254
69650
69773
69883
70487
70600
70745
71039
71050
71534
71985
72385
72963
74294
74768
75524
75576
75794
75868
76127
77039
77426
78183
78285
79187
79506
79641
79723
79881
80090
80194
80264
80287
80905
81135
81453
81816
82045
82123
82168
82781
84041
84087
84374
85832
86440
86525
86543
86749
86805
86970
87005
87576
88075
89081
89197
90090
90498
90672
90696
90898
91021
91221
91885
92121
92352
92608
92627
92727
92737
93590
93642
93988
94078
94618
94786
96080
96102
96154
96253
96327
97310
97356
97808
98203
99172
99683
99944
100251
100486
101077
101138
101466
102065
103605
103635
103645
104121
104164
104206
104372
105771
106063
106099
107379
107404
107468
107851
107968
108218
108237
109143
109239
109339
109463
109532
109694
110154
110369
110671
111003
111319
111667
111898
112867
113267
113959
113979
114188
114879
114961
115574
115588
116281
116504
116554
116633
116668
117070
117623
117672
117770
117875
118231
118286
118742
119331
120205
120245
120535
120991
121066
121186
121229
122887
122975
123327
123924
124516
124697
125752
126026
126700
126981
126989
127080
127095
127246
127563
128028
128119
128191
128613
128694
129493
129608
129700
129767
130241
130328
130448
130472
131168
131648
131759
132205
132769
133248
133371
133477
133704
133987
134164
134274
134618
135006
135107
135532
136028
136510
136855
137039
137636
137708
137961
138129
138198
138341
Number of cuts: 443

Gollum
38
450
473
941
1118
1132
1170
1182
1559
1646
1759
1981
2591
3175
3355
3554
3777
3888
3966
4004
4152
4321
4706
4725
5255
5319
5410
5518
5557
5695
5861
5984
6066
6700
6809
6836
7063
7431
7671
8595
8635
8715
8738
8896
8976
9479
9504
9567
9936
10240
10372
10561
10738
10800
11020
11125
11234
11520
11846
11949
12014
12167
12436
12459
12616
12742
12853
12907
13156
13317
13513
13743
14061
14421
14480
14558
14600
15266
15321
15706
15735
15817
15933
15947
16216
16249
16783
16847
17293
17327
17348
17775
19535
19736
20151
20477
20510
20699
20988
21026
21737
21767
22066
22102
22211
22288
22339
22357
22667
22829
23045
23312
23569
23589
23707
23833
23986
24262
24972
25186
25208
25408
25437
26018
27098
27272
27773
27784
27914
27956
28069
28247
28336
29066
29623
29917
30007
30066
30391
30510
30516
30564
30780
31932
32202
32347
32362
32519
32846
32869
32927
33515
33822
34363
34418
34452
34506
35126
35145
35259
36167
36265
36843
36856
36922
36936
37015
37116
37172
37478
37625
37745
37808
38118
38525
38840
38845
38885
39163
39819
40294
40661
40895
40911
40949
41021
41250
41575
43216
43630
43682
43862
44288
44450
44566
44787
45161
45362
45402
45523
45532
45649
45873
45882
45895
Number of cuts: 205

Grayson
608
702
1374
1450
1626
1717
2074
2481
2725
2732
2818
3428
4045
4563
4665
4733
5354
5461
5508
5622
5903
5974
5995
6101
6184
6448
6821
7037
7152
7235
7275
7480
7509
7951
8489
8978
9232
9345
9399
9565
9662
9694
9784
9878
10293
10474
11244
11253
11370
11397
11957
12399
12790
13071
13310
13854
13914
14172
14658
15116
15131
15278
15714
15727
16074
16481
16555
16722
17009
17231
17416
17551
17581
17647
17698
17797
17936
18092
18503
18787
18925
18944
19320
19732
19900
20385
20432
20471
20594
20883
20926
21309
21457
22069
22249
22279
22451
22577
23339
23376
23572
23699
23948
24056
24721
24851
24902
24966
25029
25036
25198
25544
25608
25950
26042
26579
27321
27691
27795
27986
28063
28171
28329
28355
28494
28615
28693
28909
29023
29239
29308
29587
29884
30186
30544
30695
31028
31485
31683
32081
32483
32597
33096
33183
33565
33571
33818
33824
34362
34461
34590
34753
35221
35689
35721
36085
36169
36220
36366
36509
37226
37376
37401
37432
37440
37622
37721
37880
38005
38069
38203
38263
38459
38520
38880
39046
39075
39087
39180
39213
39337
39348
39596
40106
40181
40208
40226
40643
41066
41519
42335
42383
42618
42924
43086
43352
43505
43740
44117
44161
44315
44361
44573
45525
45594
45620
46060
46164
46557
46869
47022
47196
47497
47929
48458
48493
48614
48814
48856
49237
49255
49309
49499
49856
50005
50024
50145
50188
50318
50420
50446
50587
50672
50764
50935
51624
51758
51970
52250
52486
52781
52934
53162
53398
53749
53928
53938
53990
54005
54083
54819
54891
55262
55353
55377
55497
55661
55824
55949
56379
56665
56756
56826
56859
57213
57302
57486
57575
57689
57783
57922
58031
58125
58131
58169
58534
58708
59064
59611
59672
60079
60407
60503
60729
60755
60828
60886
61094
61492
61655
61713
61797
62129
62269
62386
63091
63319
63513
63680
63705
63781
63845
64116
64408
64488
64929
64976
65140
65440
65532
65772
65950
66234
66321
66536
66674
66784
66948
67083
67570
67883
68057
68490
68654
68991
69240
69417
69718
69887
70020
70218
70300
70557
70914
71192
71586
71981
72375
72535
72602
72629
72634
72715
73128
73395
73840
74077
74102
74150
74278
74289
74590
74654
74686
75141
75156
75168
75398
75747
75824
76212
76320
76450
77016
77065
77185
77281
77591
77597
77716
77725
77923
78078
78504
78630
78646
78719
78730
78761
78785
79147
79290
79314
79553
79938
79959
80053
80186
80336
80373
80471
80666
80752
80868
80881
81382
81876
82090
82142
82671
82704
82728
82996
83077
83123
83427
83540
83943
84042
84123
84220
84501
84821
84982
85776
85893
85969
86032
86168
86205
86322
86407
86590
87050
87178
87522
87816
88205
88245
88475
88627
88868
88909
89639
89812
89970
90004
90391
90697
90846
90869
91082
91111
91242
91294
91345
91355
91547
91602
91745
91847
91969
92218
92423
92591
93850
93895
94089
94360
94710
95008
95118
95231
95378
95904
96045
96630
96667
96955
97271
97279
97592
97750
97845
97966
98164
98648
98678
98715
98894
98973
99460
100070
100625
101173
101226
101288
101333
101416
102479
102547
102689
102757
102765
103085
103424
103568
103917
103985
104004
104484
105271
106107
106463
106471
106812
106909
107215
107384
107421
107492
107750
107777
107913
107949
108282
108725
109174
109537
109581
109992
110367
111087
111261
111482
111578
111859
111991
112043
112105
112405
112673
113189
113528
113685
114192
114625
114845
114988
115066
115421
115710
115845
116949
117224
117331
118142
118572
118739
118755
119004
119418
119450
119548
119743
120222
120335
121017
121339
121516
121551
121766
121826
121923
122387
122713
122785
122941
123153
123249
123397
123674
123813
123826
124025
124355
124379
124496
124503
124568
124728
124812
125111
125274
125435
125478
125655
125675
125742
125807
125826
125986
126045
127016
127155
127525
127778
127850
127859
127881
128276
128697
129509
129603
130275
130351
130527
130618
130975
131382
131626
131633
131719
Number of cuts: 613

Harlequin
38
450
473
941
1118
1132
1170
1182
1559
1646
1759
1981
2591
3175
3355
3554
3888
3966
4004
4152
4725
5052
5255
5319
5518
5557
5695
5861
5984
6066
6501
6685
6794
6821
7048
7416
8602
8683
8920
9423
9448
9511
9778
10184
10273
10316
10505
10970
11075
11184
11470
11796
11899
11964
12117
12386
12409
12566
12692
12803
12857
13073
13106
13267
13463
13542
13693
14011
14371
14430
14508
14550
15216
15271
15685
15767
15883
15897
16166
17277
17298
17725
17940
18111
18765
19485
19686
19889
20101
20427
20460
20649
20938
20976
21076
21771
22070
22107
22216
22293
22344
22362
22672
22753
22780
22834
23050
23317
23574
23594
23712
23838
23991
24267
24478
24977
25191
25213
25442
26023
26043
27103
27277
27778
27789
27919
27961
28074
28252
28341
29071
29630
29852
30177
30296
30302
30350
30566
31508
31988
32133
32148
32305
32491
32632
32655
32713
33301
33608
34149
34204
34238
34292
34912
34931
35045
35953
36051
36629
36708
36722
36801
36902
36958
37264
37411
37531
37594
37856
37957
38311
38626
38631
38671
38949
39037
39663
39983
40135
40554
40742
40758
40796
40868
41097
41423
42499
43064
43478
43530
44136
44298
44635
45009
45210
45250
45302
45371
45380
45497
45721
45730
45743
Number of cuts: 203

Hiro
38
402
450
473
941
1118
1132
1170
1182
1559
1646
1759
1981
2591
3175
3355
3554
3710
3777
3888
3966
4152
4321
4706
4725
5255
5319
5518
5861
5984
6066
6162
6685
6794
6821
7048
7416
8602
8683
8920
9423
9448
9511
9767
10184
10316
10505
10687
10964
11069
11178
11464
11790
11893
11958
11991
12111
12156
12497
12650
13140
13163
13379
13412
13425
13573
13769
13999
14317
14677
14736
14814
14856
14976
15322
15522
15577
15991
16073
16189
16203
16472
17039
17549
17583
17604
18417
19732
19791
19992
20531
20955
21282
21382
22023
22322
22359
22560
22617
22650
22806
23340
23829
24093
24246
24522
25232
25446
25468
25697
26278
26298
27358
27532
28033
28044
28174
28216
28329
28507
28596
29326
29885
30179
30269
30328
30653
30772
30778
30826
31042
31984
32464
32609
32624
32781
32967
33108
33131
33189
33777
34084
34146
34625
34680
34714
34768
35388
35407
35521
36429
36527
37105
37184
37198
37277
37378
37434
37740
37887
38007
38070
38380
38433
38787
39102
39107
39147
40043
40137
40612
40979
41213
41229
41267
41339
41568
41894
42970
43535
43949
44001
44607
44769
45106
45480
45681
45721
45773
45842
45851
45968
46192
46201
46214
Number of cuts: 195

Jace
55
99
392
408
494
918
1271
1384
2362
2418
2724
3110
3159
3488
4318
4526
5010
5355
5949
6150
7020
7721
7740
8115
8416
8905
9168
9585
9768
9776
9847
10279
10492
10524
10716
11213
11362
11502
11794
11845
12163
12313
12607
12955
12981
13205
13390
13738
13906
13925
13961
14443
14533
15062
15564
17150
17547
17807
18171
18298
18355
19224
19472
20205
20737
21599
21839
22129
22305
23442
23767
23917
24198
24275
24281
24619
24943
25830
26377
26893
27241
27332
27348
27695
27843
28232
28364
29044
29251
29264
30453
30911
30994
32446
33879
34430
35496
35704
35884
35959
37167
37645
38404
39371
39450
39748
39984
40866
41713
41981
42295
42502
42712
42850
42930
42997
43148
43282
43404
44332
44370
44830
45054
45193
45619
45844
45923
45976
47077
47121
47430
48054
48219
48233
49084
49330
49384
50113
50180
50235
50793
51048
51123
51357
52208
53444
53571
53598
53876
Number of cuts: 149

Jester
38
450
473
941
1118
1132
1170
1182
1559
1646
1759
1981
2591
3175
3355
3554
3888
3966
4004
4152
4725
5052
5255
5319
5518
5557
5695
5861
5984
6066
6501
6685
6794
6821
7048
7416
8602
8683
8920
9423
9448
9511
9767
10184
10273
10316
10505
10687
10964
11069
11178
11790
11893
11958
12111
12380
12560
12686
12797
12851
13067
13100
13261
13457
13536
13687
13771
14005
14365
14424
14502
14544
14664
15010
15210
15265
15465
15679
15761
15877
15891
16193
16484
16727
17237
17271
17292
18105
18759
19479
19680
19883
20095
20421
20454
20643
20932
20970
21070
21711
22001
22038
22147
22224
22275
22293
22603
22684
22711
22765
22981
23248
23505
23525
23643
23769
23922
24198
24409
24908
25122
25144
25373
25954
25974
27034
27208
27709
27720
27850
27892
28005
28183
28272
29002
29561
29783
30108
30227
30233
30281
30497
31439
31919
32064
32079
32236
32422
32563
32586
32644
33232
33539
34080
34135
34169
34223
34843
34862
34976
35884
35982
36560
36639
36653
36732
36833
36889
37195
37342
37462
37525
37787
37888
38242
38557
38562
38602
38880
38968
39594
39914
40066
40485
40673
40689
40727
40799
41028
41354
42430
42995
43409
43461
44067
44229
44566
44940
45141
45181
45233
45302
45311
45428
45652
45661
45674
Number of cuts: 207

Krishelle
38
450
473
941
1118
1132
1170
1182
1559
1646
1759
1981
2591
3175
3355
3554
3777
3888
3966
4004
4152
4321
4706
4725
5255
5319
5410
5518
5557
5695
5861
5984
6066
6700
6809
6836
7063
7431
8617
8698
8935
9438
9463
9526
9782
10199
10331
10520
10702
10979
11084
11193
11479
11805
11908
11973
12006
12126
12512
12665
13155
13178
13394
13427
13588
13784
14014
14332
14692
14751
14829
14871
14991
15337
15537
15592
15792
16006
16204
16218
16487
16520
16811
17054
17564
17598
17619
18046
18432
19086
19565
19747
19806
20007
20546
20970
21297
21397
22074
22373
22410
22611
22668
22701
22857
23391
23880
24145
24285
25036
25256
25470
25492
26207
26302
27382
27556
27606
28057
28068
28198
28240
28353
28531
28620
28695
29429
29985
30279
30369
30428
30753
30872
30878
30926
31142
32564
32709
32724
32881
33067
33208
33231
33289
33877
34184
34725
34780
34814
34868
35488
35507
35621
36586
37214
37293
37307
37386
37487
37543
37849
37996
38116
38179
38489
38896
39211
39216
39256
39534
39631
40152
40246
40721
41088
41305
41322
41376
41448
41677
42002
43643
44057
44109
44289
44715
44877
45214
45588
45789
45829
45881
46036
46290
46308
46857
Number of cuts: 196

Lillie
38
450
473
941
1118
1132
1170
1182
1559
1646
1759
1981
2567
2591
2943
3175
3355
3554
3777
3888
3966
4004
4152
4321
4706
4725
5255
5319
5410
5419
5518
5557
5695
5861
5984
6066
6700
6809
6836
7063
7431
7671
8595
8635
8715
8738
8976
9479
9504
9567
9936
10240
10372
10561
10738
10800
11020
11125
11234
11520
11846
11949
12014
12167
12436
12459
12616
12742
12853
12907
13156
13317
13513
13743
14421
14480
14558
14600
15266
15321
15706
15735
15817
15933
15947
16249
16762
16783
16847
17327
17348
17775
19535
19736
20151
20477
20510
20699
20988
21026
21767
22066
22102
22211
22288
22339
22357
22667
22829
23045
23312
23569
23589
23707
23833
23986
24262
24972
25186
25208
26018
27098
27272
27558
27773
27784
27914
27956
28069
28247
28336
28750
29625
29919
30009
30068
30393
30512
30518
30566
30782
31934
32204
32349
32364
32521
32707
32848
32871
32929
33517
33824
34365
34420
34454
34508
35128
35147
35261
36169
36267
36845
36924
36938
37017
37118
37174
37480
37627
37747
37810
38120
38527
38842
38847
38887
39165
39262
39783
39877
40352
40719
40953
40969
41007
41079
41308
41633
43274
43688
43740
43920
44346
44508
44845
45219
45420
45460
45512
45581
45590
45707
45931
45940
45953
46153
Number of cuts: 206

Mahdia
1150
1441
1585
2336
2434
2872
3267
3415
3577
3645
4107
4801
7088
7327
7342
7405
7828
8092
8322
8720
8736
9489
9884
10013
10050
10411
10432
10552
12244
12688
13261
13399
13444
13763
13805
14239
14293
15514
17271
19369
19952
20031
20416
20422
20428
21229
21430
22857
22871
23229
24139
26494
28289
28885
29200
29295
29740
29878
29885
29999
30849
31143
32245
32274
33606
33616
33871
34075
34108
34200
34381
35649
36127
36791
37031
37119
37862
38288
39707
40657
41198
41211
42035
Number of cuts: 83

Naiad
38
450
473
941
1118
1132
1170
1182
1559
1646
1759
1981
2591
3175
3355
3554
3777
3888
3966
4004
4152
4321
4706
4725
5255
5319
5410
5518
5557
5695
5861
5984
6066
6700
6809
6836
7063
7431
7671
8595
8635
8715
8738
8976
9479
9504
9567
9936
10240
10372
10561
10738
10800
11020
11125
11234
11520
11846
11949
12014
12167
12436
12459
12616
12742
12853
12907
13156
13317
13513
13743
14421
14480
14558
14600
15266
15321
15706
15735
15817
15933
15947
16249
16762
16783
16847
17327
17348
17775
19535
19736
20151
20477
20510
20699
20988
21026
21767
22066
22103
22174
22352
22370
22761
22842
23058
23214
23325
23582
23602
23720
23846
23999
24275
24985
25199
25221
25450
26031
27111
27285
27571
27786
27797
27927
27969
28082
28260
28349
28667
28763
29638
29932
30022
30081
30406
30525
30531
30579
30795
32217
32362
32377
32534
32720
32861
32884
32942
33530
33837
34378
34433
34467
34521
35141
35160
35274
36239
36867
36946
36960
37039
37140
37196
37502
37649
37769
37832
38142
38549
38864
38869
38909
39187
39284
39805
39899
40374
40741
40958
40975
41029
41101
41330
41655
43296
43710
43762
43942
44368
44530
44867
45241
45442
45482
45534
45603
45612
45729
45953
45962
45975
Number of cuts: 202

Nancinator
38
450
473
941
1118
1132
1170
1182
1559
1646
1759
1981
2591
3175
3355
3554
3777
3888
3966
4004
4152
4321
4706
4725
5255
5319
5410
5518
5557
5695
5861
5984
6066
6700
6809
6836
7063
7431
7671
8595
8635
8715
8738
8976
9479
9504
9567
9936
10240
10372
10561
10738
10800
11020
11125
11234
11520
11846
11949
12014
12167
12436
12459
12616
12742
12853
12907
13156
13317
13513
13743
14421
14480
14558
14600
15266
15321
15706
15735
15817
15933
15947
16249
16762
16783
16847
17327
17348
17775
19535
19736
20151
20477
20510
20699
20988
21026
21737
21767
22066
22102
22211
22288
22339
22357
22667
22829
23045
23201
23312
23569
23589
23707
23833
23986
24263
24973
25187
25209
25409
25438
26019
27099
27256
27273
27774
27785
27915
27957
28070
28248
28337
29067
29624
29841
29896
29953
30001
30326
30445
30451
30715
31867
32137
32282
32297
32454
32640
32781
32804
32862
33450
33757
34298
34362
34396
34450
35070
35089
35203
36111
36209
36787
36800
36866
36880
36959
37060
37116
37422
37569
37689
37752
38062
38469
38784
38789
38829
39107
39691
40058
40199
40292
40308
40346
40418
40647
40972
42613
43027
43079
43259
43685
43847
44184
44558
44759
44799
44851
44920
44929
45046
45270
45279
45292
Number of cuts: 205

Natosaleda
38
450
473
941
1118
1132
1170
1182
1559
1646
1759
1981
2567
2591
3175
3355
3554
3777
3888
3966
4004
4152
4321
4706
4725
5255
5319
5410
5518
5557
5695
5861
5984
6066
6700
6809
6836
7063
7431
7671
8595
8635
8715
8738
8976
9479
9504
9567
9936
10240
10372
10561
10738
10800
11020
11125
11234
11520
11846
11949
12014
12167
12436
12459
12616
12742
12853
12907
13156
13317
13513
13743
14421
14480
14558
14600
15266
15321
15706
15735
15817
15933
15947
16249
16762
16783
16847
17327
17348
17775
19535
19736
20151
20477
20510
20699
20988
21026
21737
21767
22066
22102
22211
22288
22339
22357
22667
22829
23045
23201
23312
23569
23589
23707
23833
23986
24262
24972
25186
25208
25408
25437
26018
27098
27255
27272
27773
27784
27914
27956
28069
28247
28336
29066
29623
29840
29895
29952
30000
30325
30444
30450
30714
31866
32136
32281
32296
32453
32639
32780
32803
32861
33449
33756
34297
34361
34395
34449
35069
35088
35202
36110
36208
36786
36799
36865
36879
36958
37059
37115
37421
37568
37688
37751
38061
38468
38783
38788
38828
39106
39721
39815
39836
40135
40287
40659
40876
40893
40947
41019
41248
41573
43214
43628
43680
43860
44286
44448
44785
45159
45360
45400
45452
45467
45607
45863
45872
45885
46085
Number of cuts: 209

Partridge
38
936
1125
1163
1175
1552
1705
1818
2040
2271
2626
3234
3414
3836
3947
4025
4063
4211
4380
4765
4784
5314
5378
5577
5616
5754
5920
6043
6125
6221
6560
6567
6744
6853
6880
7107
7475
8661
8742
8765
9003
9506
9531
9594
9861
9963
10267
10356
10399
10588
11053
11158
11267
11553
11879
11982
12047
12200
12469
12492
12649
12775
12886
12940
13156
13189
13350
13546
13776
13860
14094
14591
14633
15299
15354
15739
15768
15850
15966
15980
16249
16282
17265
17326
17360
17381
17808
18194
19509
19568
19769
20184
20527
20732
21021
21159
21677
21800
22002
22099
22136
22385
22403
22704
22713
22875
23091
23358
23615
23635
23880
24033
24309
24799
25019
25233
25255
26101
27181
27355
27856
27867
27997
28039
28152
28330
28419
28494
29228
29785
30079
30228
30553
30672
30678
30726
30942
31829
31884
32094
32364
32509
32584
32627
32649
32674
32889
33005
33086
33759
34018
34113
34654
34752
34806
35445
35559
36289
36415
36515
36565
37143
37222
37236
37315
37416
37473
37479
37779
37926
38046
38109
38419
38826
39141
39146
39186
39464
40084
40178
41020
41254
41308
41380
41438
41609
41934
42641
42689
42941
43667
43759
43836
44170
44222
44269
44828
44990
45327
45612
45813
45891
45963
46081
46130
46299
46308
46321
46521
Number of cuts: 209

Pepy6
106
590
631
662
779
863
919
952
993
1197
1386
1516
1619
1777
2016
2157
2207
2245
2430
2548
2669
2897
3050
3583
3694
3819
4045
4138
4312
4567
4676
4774
4838
4847
5120
5194
5335
5507
5846
5897
6042
6104
6122
6178
6529
6694
6761
7164
7380
7388
7850
7856
7991
8518
8744
8765
8771
8783
9031
9185
9463
9874
9962
10380
10444
10450
10650
10744
11005
11117
11200
11586
11607
12231
12361
12394
12456
12484
12518
12695
13359
13365
13411
13530
13537
13722
13817
14135
14481
14541
14584
14604
14670
15128
15283
15417
15981
16518
16643
17345
17368
17617
17848
17922
18042
18152
18282
18502
18827
18897
18944
19110
19318
19475
19491
19757
19859
20212
20552
20589
20731
20900
21071
21089
21264
21466
21587
21693
21733
21742
21751
21760
21849
21904
21920
22042
22360
22907
23358
23732
23951
24281
24331
24429
24492
24796
24877
25076
25364
25478
25956
25998
26312
26676
26711
27017
27638
27755
27797
28354
28564
28786
29441
29781
30294
31533
31715
31744
31838
31989
31997
32043
32404
32512
32535
33345
33612
33729
33782
33885
34028
34158
34293
34307
34436
34562
34718
34781
34913
35278
35332
35397
36528
36574
36595
36629
36840
36933
37002
37088
37554
37609
38161
38214
38322
39112
39170
39498
40202
40530
40717
40781
40793
40995
41032
41207
41262
41548
41984
42149
42351
42829
42941
43157
43476
43682
43818
44923
45120
45373
45476
45623
45709
45776
45836
46144
46167
46524
46542
46706
46772
46860
47047
47075
47149
47154
47370
47497
47708
47893
47999
48152
48168
48377
48423
48489
49278
49412
49595
50358
50429
51111
51150
51267
51293
51345
52146
52661
52900
53072
53487
53545
53727
53939
54172
54257
54311
54495
54548
54570
54623
54657
55118
55683
55694
57293
57364
57430
57462
57571
57925
58200
58333
58348
58411
59055
59162
59471
59645
59738
59764
59786
59980
60104
60539
60567
60949
61038
61137
61368
61736
61898
62017
62150
62200
62258
62470
62814
63095
63181
63788
63886
63962
64172
64195
64244
64454
64635
65519
65698
65753
65891
65924
66043
66475
67109
67119
67155
67504
67584
67747
68343
68517
68670
68742
68795
68942
68968
69012
69443
69452
69464
69501
69572
69644
69689
69697
69864
70043
70414
70869
71072
71180
71447
71769
71847
72712
72765
73026
73155
73161
73197
73389
73463
73722
73855
74094
74148
74227
74237
74949
75488
75714
75784
76103
76431
76596
Number of cuts: 387

Peregrin
727
1090
1649
1740
2010
2078
2747
2855
2881
3224
3456
3701
3847
4636
4664
5138
5165
5182
5293
5340
5741
5833
6283
6465
6513
6588
6793
6822
7261
8292
8546
8659
8713
8879
8976
9008
9098
9475
9607
9788
10300
10684
10711
11713
12104
12385
12624
12774
12897
13028
13178
13228
13504
13990
14145
14267
14474
14489
14636
15072
15085
15432
16321
17015
17150
17180
17246
17294
17396
17685
18055
18200
18339
18477
18969
19398
19452
19691
19909
19984
20023
20475
20625
21415
21445
21617
21743
22505
22542
22738
22865
23114
23222
23566
23773
24295
24425
24540
24603
24610
24707
25185
25491
26156
26835
26983
27205
27309
27500
27577
27685
27843
27869
28008
28129
28207
28423
28537
28753
28822
29050
29101
29398
29697
29783
29848
30333
30512
30575
30600
31093
31379
31878
31965
32347
32606
33372
33535
33674
34003
34471
34503
35078
35084
35212
35328
35710
36008
36158
36183
36404
36662
36787
36985
37045
37241
37302
37662
37690
37827
37856
37868
37961
37994
38118
38129
38377
38828
38887
38962
38989
39007
39423
39846
40299
41115
41149
41163
41398
41704
41866
42132
42285
42520
42527
42897
42941
43095
43353
43628
44305
44374
44400
44654
44944
45337
45649
46184
46277
46829
47238
47255
47394
47636
47711
48017
48035
48089
48279
48639
48788
48807
48928
48971
49101
49203
49229
49370
49455
50407
50541
50753
51033
51163
51269
51392
51564
51921
51934
51945
52181
52257
52532
52711
52721
52773
52788
52866
52889
53150
53602
53674
53707
54136
54160
54280
54444
54678
54732
54799
55162
55302
55669
55853
56056
56150
56398
56492
56498
56536
56901
57075
57431
57729
57978
58033
58039
58446
58774
58870
59122
59161
59195
59253
59419
59461
59859
60022
60080
60164
60496
60636
60753
61458
61686
61880
62072
62148
62212
62483
62590
62860
63347
63394
63558
63591
63858
63950
64190
64368
64961
65209
65373
65558
65995
66308
66482
66915
67059
67079
67241
67416
67665
67842
68052
68430
68710
68760
68938
69210
69324
69602
70945
71012
71039
71044
71125
71538
72228
72582
73035
73140
73455
73605
73817
73958
74038
74079
74127
74255
74266
74567
74663
74680
74766
75118
75399
75748
75825
76141
76299
76376
76476
76689
76773
76817
76839
76958
77395
77801
77807
78286
78838
78854
78880
78969
78993
79379
79537
79680
79730
79859
80469
80490
80584
80867
80904
81002
81197
81275
81283
81399
81412
81913
82373
82562
82619
83015
83433
83830
83929
84010
84388
84708
84869
85043
85085
85096
85296
85695
85752
85812
85951
86111
86211
86226
86241
86326
86509
86829
86837
86979
87006
87097
87441
87666
88168
88358
88367
88407
89073
89404
89438
89452
89822
90300
90513
90542
90776
90786
90978
91033
91176
91278
91400
91649
91854
92022
92097
93282
93327
93390
93725
93910
94022
94306
94444
94599
94608
94787
95102
95700
96119
96246
96301
96309
96610
97124
97161
97340
97906
98123
98194
98269
98723
98783
99257
99291
99684
99819
99827
99873
100740
100958
101613
101675
102024
102881
102949
103091
103159
103167
103487
103826
103956
103970
104319
104387
104406
105293
105511
105596
105692
105718
106528
106739
106747
107088
107185
107210
107490
107657
107688
107694
107765
108186
108222
108482
108870
108933
109178
109554
109587
109842
110028
110516
110687
110748
110922
111017
111254
111439
111677
111977
112121
112385
112462
112697
113206
113287
113681
114849
114965
115696
116609
116839
117087
117748
117757
118032
118139
118918
119255
119686
119720
119835
119922
120002
120018
120421
120713
120757
120953
121179
121433
121655
121768
122048
122503
122527
122702
122874
123035
123457
123656
124285
124357
124820
124916
125064
125281
125390
125514
125523
125871
126203
126227
126344
126351
126416
126447
126576
126660
126842
126887
126963
127268
127283
127932
128053
128464
128562
128864
128997
129069
129100
129845
130796
131159
131718
131809
132079
132147
132816
132924
132950
Number of cuts: 606

Phrankenstein
38
450
473
941
1118
1132
1170
1182
1559
1646
1759
1981
2591
3175
3355
3554
3777
3888
3966
4004
4152
4321
4706
4725
5255
5319
5410
5419
5518
5557
5695
5861
5984
6066
6700
6809
6836
7063
7431
7671
8595
8635
8715
8738
8976
9479
9504
9567
9936
10240
10372
10561
10738
10800
11020
11125
11234
11520
11846
11949
12014
12167
12436
12459
12616
12742
12853
12907
13156
13317
13513
13743
14421
14480
14558
14600
15266
15321
15706
15735
15817
15933
15947
16249
16762
16783
16847
17327
17348
17775
19535
19736
20151
20477
20510
20699
20988
21026
21683
21713
22012
22048
22157
22234
22285
22303
22613
22775
22991
23258
23515
23535
23653
23779
23932
24208
24918
25132
25154
25964
27044
27218
27719
27730
27860
27902
28015
28193
28282
29012
29571
29865
29955
30014
30339
30458
30464
30728
31880
32150
32295
32310
32467
32653
32794
32817
32875
33463
33770
34311
34366
34400
34454
35074
35093
35207
36115
36213
36791
36804
36870
36884
36963
37064
37120
37426
37573
37693
37756
38066
38473
38788
38793
38833
39111
39208
39729
39823
40298
40665
40899
40915
40953
41025
41254
41579
43220
43634
43686
44292
44454
44791
45165
45366
45406
45458
45527
45536
45653
45877
45886
45899
Number of cuts: 202

Pine5
108
195
690
1111
1134
1357
1784
2078
2120
2254
2314
2362
2432
3046
3274
3447
3834
4127
4208
4971
5899
5951
6215
6910
7135
7790
8294
8613
8639
8771
8871
8929
9212
9410
9504
9743
11479
11651
11776
12994
13169
13445
13781
13963
14383
14975
15697
16419
16932
17299
17829
17921
18109
18708
19011
19265
19382
19407
19436
19490
19581
20794
20887
21035
21068
21325
21917
21928
21976
21989
22481
22607
23794
23942
24049
24448
24772
25046
25189
26004
26622
26937
27947
29180
29507
30307
30931
31188
31293
31536
31570
31598
31832
32456
35639
35682
35699
35798
36202
37175
37436
38051
38378
38528
39232
39324
39785
39842
40061
40745
41068
41417
41828
41871
42050
42201
42212
44150
44170
44553
45326
45556
46068
46500
46660
46859
46900
47303
47946
48217
48286
49018
49192
49341
49810
50377
51475
51638
51793
51798
52210
52806
52941
53291
53405
53477
54231
54526
55278
55882
56029
56099
56731
57128
57682
59058
59133
59184
Number of cuts: 158

Poco6
106
271
662
779
848
891
919
952
993
1383
1513
1760
1813
1945
1971
2230
2283
2433
2468
2481
2527
2591
2731
2821
2971
3085
3108
3410
3427
3433
3784
3949
3984
3998
4377
4472
4492
4613
4677
4682
4715
4724
4872
4902
5816
5830
6009
6292
6385
6899
7338
7367
7461
7749
7971
8307
8717
8774
8882
9544
9550
9787
9874
10120
10142
10427
11138
11149
11514
11589
11949
11955
12175
12202
12214
12325
12462
12616
13018
13111
13263
13305
13393
13535
13545
13880
14043
14174
14435
14547
14935
15022
15275
15454
15812
15845
15907
15969
16146
16810
16816
16862
16981
16988
17268
17294
17700
17967
18017
18177
18288
18993
19016
19265
19493
19570
19592
19800
20536
20623
20749
20832
20936
21040
21112
21317
21613
22174
22180
22234
22574
22611
22753
22922
23111
23228
23488
23609
23715
23755
23764
23773
23782
23871
23926
23942
24064
24187
25371
25745
25964
26294
26344
26442
26809
26890
27089
27377
27438
27491
27969
28019
28256
28689
28724
28783
29626
29774
30086
30187
30518
30701
30796
30839
30950
30960
30967
31145
31225
31460
31510
31800
32103
32313
32878
33298
33532
33558
33740
33769
33863
33882
34022
34068
34429
34537
34560
34629
34791
35185
35370
35575
35655
35679
35812
36252
36309
36458
36584
36740
36803
36935
37252
38444
38453
38596
38617
38714
38846
38862
38979
39024
39110
39165
39180
39367
39374
39576
39631
40183
40236
40811
40993
41006
41059
41192
41414
41583
42095
42508
42607
42619
42702
42757
43022
43037
43350
43800
43867
44004
44189
44257
44787
45042
45209
45463
45681
45851
45857
45863
45868
46293
46796
46895
46972
47224
47372
47383
47402
47523
47894
48074
48094
48334
48346
48369
48379
48725
48743
49062
49238
49438
49546
49737
49896
50020
50268
50420
50787
51104
51151
52079
52435
52514
52656
52668
52686
52776
53516
53655
54169
54580
54799
54995
55053
55235
55447
55680
55765
55804
56003
56056
56289
57191
57202
57585
57938
58114
58448
58562
58749
58858
59026
59407
59693
60338
60527
60570
60581
60777
60910
60936
61155
61179
61194
61326
62150
62383
62530
62575
62803
62852
62951
63070
63178
63390
63456
63521
63576
63673
63834
64280
64512
64582
64595
64697
64735
64856
64862
65011
65188
65303
65484
66023
66530
66651
66872
67006
67033
67045
67081
67097
67515
67526
67716
67811
68439
68606
69066
69126
69223
69690
69751
69769
69845
69928
69965
70003
70078
70103
70242
70295
70364
70462
70488
70502
70531
70623
70780
70882
70907
70912
71185
71363
71680
72132
72221
72443
72710
73032
73109
73468
73972
74027
74423
74651
75117
75170
75356
75489
75499
75565
75830
75982
76145
76388
76982
77052
77371
Number of cuts: 429

Rasputin
38
450
473
941
1118
1132
1170
1182
1559
1646
1759
1981
2591
3175
3355
3554
3777
3888
3966
4004
4152
4321
4706
4725
5255
5319
5518
5861
5984
6066
6162
6685
6794
6821
7048
7416
8603
8684
8707
8945
9536
9803
10209
10341
10359
10530
10707
10989
11094
11203
11489
11815
11918
11983
12136
12405
12428
12585
12711
12822
12876
13092
13125
13286
13482
13561
13712
14030
14390
14449
14527
14569
15235
15290
15704
15786
15902
15916
16185
17296
17317
17744
17959
18130
18784
19504
19705
19908
20120
20446
20479
20668
20957
20995
21736
22035
22072
22181
22258
22309
22327
22637
22718
22799
23015
23282
23539
23559
23804
23957
24233
24723
24943
25157
25179
25408
25989
27069
27226
27243
27529
27744
27755
27885
27927
28040
28218
28307
29037
29596
29890
29980
30039
30364
30483
30489
30537
30753
31905
32175
32320
32335
32492
32678
32819
32842
32900
33488
33795
34336
34391
34425
34479
35099
35118
35232
36140
36238
36816
36895
36909
36988
37089
37145
37451
37598
37718
37781
38091
38498
38813
38818
38858
39136
39233
39754
39848
40323
40690
40924
40940
40978
41050
41279
41604
43245
43659
43711
43891
44317
44479
44816
45190
45391
45431
45483
45552
45561
45678
45902
45911
45924
Number of cuts: 202

RER2
38
450
473
941
1118
1132
1170
1182
1559
1646
1759
1981
2567
2591
2943
3175
3355
3554
3777
3888
3966
4004
4152
4321
4706
4725
5255
5319
5410
5419
5518
5557
5695
5861
5984
6066
6700
6809
6836
7063
7431
7671
8595
8635
8715
8738
8976
9479
9504
9567
9936
10240
10372
10561
10738
10800
11020
11125
11234
11520
11846
11949
12014
12167
12436
12459
12616
12742
12853
12907
13156
13317
13513
13743
14061
14421
14480
14558
14600
15266
15321
15706
15735
15817
15933
15947
16249
16783
16847
17327
17348
17775
19535
19736
20151
20477
20510
20699
20988
21026
21737
21767
22066
22102
22211
22288
22339
22357
22667
22748
22775
22829
23045
23201
23312
23569
23589
23707
23833
23986
24262
24972
25186
25208
25437
26018
26038
27098
27272
27773
27784
27914
27956
28069
28247
28336
29066
29625
29919
30009
30068
30393
30512
30518
30566
30782
32204
32349
32364
32521
32707
32848
32871
32929
33517
33824
34365
34420
34454
34508
35128
35147
35261
36169
36267
36845
36924
36938
37017
37118
37174
37480
37627
37747
37810
38120
38527
38842
38847
38887
39165
39262
39877
40352
40719
40953
40969
41007
41079
41308
41633
43274
43688
43740
43920
44346
44508
44845
45219
45420
45460
45512
45581
45590
45707
45931
45940
45953
Number of cuts: 208

RexFury
38
450
473
972
1149
1163
1201
1213
1590
1677
1790
2012
2622
3206
3386
3585
3808
3919
3997
4035
4183
4352
4737
4756
5286
5350
5441
5549
5588
5726
5892
6015
6097
6731
6840
6867
7094
7462
7702
8626
8666
8746
8769
9007
9510
9535
9598
9967
10271
10403
10592
10769
10831
11051
11156
11265
11551
11877
11980
12045
12198
12467
12490
12647
12773
12884
12938
13154
13187
13348
13544
13774
14092
14452
14511
14589
14631
15297
15352
15737
15766
15848
15964
15978
16280
16814
16878
17324
17358
17379
17806
19566
19767
20182
20508
20541
20730
21019
21057
21768
21798
22097
22133
22242
22319
22370
22388
22698
22860
23076
23232
23343
23600
23620
23738
23864
24017
24293
25003
25217
25239
25468
26049
27129
27303
27804
27815
27945
27987
28100
28278
28367
29097
29656
29950
30040
30099
30424
30543
30549
30597
30813
32235
32380
32395
32552
32738
32879
32902
32960
33548
33855
34396
34451
34485
34539
35159
35178
35292
36200
36298
36876
36889
36955
36969
37048
37149
37205
37511
37658
37778
37841
38151
38558
38873
38878
38918
39196
39811
39905
39926
40225
40377
40749
40966
40983
41037
41109
41338
41663
43304
43718
43770
43950
44376
44538
44875
45249
45450
45490
45542
45611
45620
45737
45961
45970
45983
Number of cuts: 207

RGL3
39
156
224
403
455
1113
1151
1163
1541
1647
1757
1785
1980
2856
2938
3177
3556
3712
3890
3968
4154
4727
4807
5143
5257
5695
5986
6490
6516
6693
6721
8494
8625
8728
8862
8942
9445
9470
10298
10887
10995
11100
11386
11821
11924
11989
12142
12534
12726
12819
12852
12885
12957
12978
13032
13281
13638
15222
15424
15528
15738
15747
15899
16263
16380
16413
16595
17011
17488
17509
17942
18373
18965
19106
19961
19992
21006
21136
22441
22498
22772
22781
22838
22871
23085
23561
23594
24050
24076
24316
24490
25118
25147
25427
25677
25699
25961
26737
26836
26956
27015
28073
28728
28901
29670
30305
30599
30738
30803
31063
31076
31182
31188
31431
31524
31554
31579
31601
31658
32103
32274
33160
33375
33517
33575
33980
34204
34767
35144
35221
35305
35544
35582
35658
36185
36217
36344
36669
36813
36963
37089
37933
37954
38222
38433
38756
38819
38845
39129
39331
39549
39956
40130
40284
40432
40683
41089
41568
41579
41814
42242
42703
42774
43028
43100
43498
43537
43842
43872
43901
44169
44262
44274
44875
45478
45526
45802
46085
46711
46846
47078
47560
47602
Number of cuts: 183

Rhodalysa
38
450
473
941
1118
1132
1170
1182
1559
1646
1759
1981
2567
2591
2943
3175
3355
3554
3777
3888
3966
4004
4152
4321
4706
4725
5255
5319
5410
5419
5518
5557
5695
5861
5984
6066
6700
6809
6836
7063
7431
7671
8595
8635
8715
8738
8976
9479
9504
9567
9936
10240
10372
10561
10738
10800
11020
11125
11234
11520
11846
11949
12014
12167
12436
12459
12616
12742
12853
12907
13156
13317
13513
13743
14421
14480
14558
14600
15266
15321
15706
15735
15817
15933
15947
16249
16762
16783
16847
17327
17348
17775
19535
19736
20151
20477
20510
20699
20988
21026
21767
22066
22102
22211
22288
22339
22357
22667
22829
23045
23312
23569
23589
23707
23833
23986
24262
24972
25186
25208
26018
27098
27272
27558
27773
27784
27914
27956
28069
28247
28336
28750
29625
29919
30009
30068
30393
30512
30518
30566
30782
31934
32204
32349
32364
32521
32707
32848
32871
32929
33517
33824
34365
34420
34454
34508
35128
35147
35261
36169
36267
36845
36924
36938
37017
37118
37174
37480
37627
37747
37810
38120
38527
38842
38847
38887
39165
39262
39783
39877
40352
40719
40953
40969
41007
41079
41308
41633
43274
43688
43740
43920
44346
44508
44845
45219
45420
45460
45512
45581
45590
45707
45931
45940
45953
46153
Number of cuts: 206

StCroix
38
450
473
941
1118
1132
1170
1182
1559
1646
1759
1981
2591
3175
3355
3554
3777
3888
3966
4004
4152
4321
4706
4725
5255
5319
5410
5518
5557
5695
5861
5984
6066
6700
6809
6836
7063
7431
7671
8595
8635
8715
8738
8976
9479
9504
9567
9936
10240
10372
10561
10738
10800
11020
11125
11234
11520
11846
11949
12014
12167
12436
12459
12616
12742
12853
12907
13156
13317
13513
13743
14421
14480
14558
14600
15266
15321
15706
15735
15817
15933
15947
16249
16762
16783
16847
17327
17348
17775
19535
19736
20151
20477
20510
20699
20988
21026
21767
22066
22103
22174
22352
22370
22761
22842
23058
23214
23325
23582
23602
23720
23846
23999
24275
24985
25199
25221
25450
26031
27111
27285
27571
27786
27797
27927
27969
28082
28260
28349
28667
28763
29638
29932
30022
30081
30406
30525
30531
30579
30795
32217
32362
32377
32534
32720
32861
32884
32942
33530
33837
34378
34433
34467
34521
35141
35160
35274
36239
36867
36946
36960
37039
37140
37196
37502
37649
37769
37832
38142
38549
38864
38869
38909
39187
39284
39805
39899
40374
40741
40958
40975
41029
41101
41330
41655
43296
43710
43762
43942
44368
44530
44867
45241
45442
45482
45534
45603
45612
45729
45953
45962
45975
Number of cuts: 202

Swann
38
450
473
941
1118
1132
1170
1182
1559
1646
1759
1981
2591
3175
3355
3554
3777
3888
3966
4004
4152
4321
4706
4725
5255
5319
5410
5419
5518
5557
5695
5861
5984
6066
6700
6809
6836
7063
7431
7671
8595
8635
8715
8738
8976
9479
9504
9567
9936
10240
10372
10561
10738
10800
11020
11125
11234
11520
11846
11949
12014
12167
12436
12459
12616
12742
12853
12907
13156
13317
13513
13743
14061
14421
14480
14558
14600
15266
15321
15706
15735
15817
15933
15947
16249
16762
16783
16847
17327
17348
17775
19535
19736
20151
20477
20510
20699
20988
21026
21737
21767
22066
22102
22211
22288
22339
22357
22667
22829
23045
23312
23569
23589
23707
23833
23986
24262
24972
25186
25208
25437
26018
27098
27272
27773
27784
27914
27956
28069
28247
28336
29066
29623
29917
30007
30066
30391
30510
30516
30564
30780
32202
32347
32362
32519
32705
32846
32869
32927
33515
33822
34363
34418
34452
34506
35126
35145
35259
36167
36265
36843
36922
36936
37015
37116
37172
37478
37625
37745
37808
38118
38525
38840
38845
38885
39163
39260
39781
39875
40350
40717
40951
40967
41005
41077
41306
41631
43272
43686
43738
43918
44344
44506
44843
45217
45418
45458
45510
45579
45588
45705
45929
45938
45951
Number of cuts: 204

Takoda
38
333
936
1111
1125
1163
1175
1552
1639
1751
1973
2204
3167
3347
3880
3958
4144
4313
4698
4717
5247
5311
5549
5687
5853
5976
6058
6493
6500
6677
6786
6813
7040
7408
8594
8675
8698
8936
9439
9464
9794
10200
10289
10332
10521
10698
10980
11085
11194
11480
11806
11909
11974
12127
12396
12419
12576
12702
12813
12867
13083
13116
13277
13473
13703
14021
14518
14560
15226
15281
15666
15695
15893
15907
16176
16209
17253
17287
17308
17735
18121
19254
19495
19696
19899
20659
21604
21727
22026
22062
22311
22329
22720
22801
23017
23284
23541
23561
23806
23959
24235
24945
25159
25181
26011
27071
27245
27481
27746
27887
27929
28220
28309
28471
28723
29039
29598
29815
29870
29927
29975
30300
30419
30425
30473
30689
31631
31841
32111
32294
32396
32421
32636
32752
32833
33280
33506
33784
33810
33998
34539
34603
34637
34691
35311
35330
35444
36267
36352
36450
37028
37107
37121
37142
37357
37363
37663
37810
37930
37993
38303
38710
39025
39030
39070
39348
39968
40062
40798
40903
41137
41191
41263
41351
41492
41715
41816
42523
42571
42631
43231
43511
43603
44014
44066
44672
44834
45061
45171
45282
45458
45659
45737
45809
45818
45926
45975
46144
46166
46366
Number of cuts: 200

Trina
420
457
497
504
637
780
785
1140
1399
1457
1534
1992
2082
2097
2135
2140
2175
2771
2801
3162
3496
3711
4046
4051
4268
4647
4826
5127
5248
5281
5363
5693
6269
6332
6566
6742
7565
7589
8776
8889
9118
9132
9280
9452
9617
10241
10753
10805
11206
11410
11898
12596
12751
13116
13760
13972
14012
14568
14579
14846
14886
14968
15023
15254
15416
15700
16026
16173
16234
16422
16885
16907
16973
16979
17284
17642
18080
18085
18340
18475
18514
18571
18760
18890
18947
19128
19178
19211
19221
19276
19961
20027
20218
20593
20656
20766
21045
21199
21260
21302
22125
22134
22670
22828
23166
23305
23403
23556
23798
23906
24086
24599
24660
24733
24811
25168
25231
25341
25362
25374
25495
25706
25772
26094
26287
26586
26609
27441
27515
27836
27981
28009
28172
28411
28663
28922
29079
29313
29400
29544
29958
30534
30654
30792
30838
30894
31035
31078
31149
31166
31270
31630
31857
32000
32272
32530
32669
33222
33446
33713
33964
34205
34286
34791
35088
35330
35503
35579
35591
35917
36213
36365
36703
36888
36945
37577
38017
39026
39035
39305
39569
39747
39799
40038
40310
40670
40776
40856
40863
41428
41590
41831
41990
43242
43712
43844
44118
44242
44314
44685
45000
45180
45315
46287
47145
47430
47470
48184
48358
49648
49693
49836
50553
50669
51247
51359
51905
51932
51939
52299
52870
52887
53302
53715
53824
54016
54022
54392
54607
54649
54720
54791
54872
55565
55718
55848
55896
56176
56349
57177
57320
57478
57975
58153
58850
59052
59196
59268
59312
59348
59437
59469
59518
60311
60530
60629
60688
61070
61739
62043
62192
62206
62529
62695
62847
63295
63542
63706
63754
63905
63911
63927
63941
64180
64258
64378
64450
64738
64764
64797
64955
65409
65592
65757
66013
66027
66303
66649
66835
66871
67159
67549
67618
67627
67685
68204
68223
68423
68459
68591
69560
69606
70274
70481
70510
70561
71061
71469
71670
72034
72333
72804
73468
73790
74278
74547
74776
75188
75452
75509
75733
76169
76679
77008
77217
78721
79272
79438
79629
79780
80077
80550
80602
80752
81021
81077
81135
81380
81468
81579
81621
81856
81919
82009
82041
82166
82443
82542
82557
83268
83303
83342
83401
83792
83832
84002
84110
84247
84393
84466
85084
85138
85201
85525
85854
85862
86599
86660
87129
87307
87434
87612
87761
87851
88017
88107
88135
88568
88595
89086
89547
90017
91024
91457
91574
91979
92033
92125
92736
93062
93088
93293
93304
93463
93498
93628
94262
94839
95050
95076
95166
95727
96032
96159
96726
96822
96909
97017
97090
97099
97167
97358
97456
97485
97840
97846
98001
98375
98575
98695
99077
99387
99457
99959
100183
100406
100823
100885
101041
101071
101347
101689
101771
102069
102169
102479
102540
102933
102961
103187
103292
103428
103909
104159
104164
104247
104434
105040
105109
105138
105415
105462
105563
106238
106252
106584
106722
106764
106836
107482
107506
108323
108599
109463
110071
110389
110499
110994
111062
111110
111575
111932
112289
112812
112947
113334
113463
113801
113895
114302
114336
114479
114626
114808
115203
115231
115377
115517
116098
116122
116240
116508
116570
116721
116788
117077
117101
117307
117401
117681
118054
118244
118337
118490
118551
119297
119796
119886
120209
120709
120822
120938
121108
121431
121706
121940
122189
122231
122252
122517
122538
123056
123384
123899
124090
124500
124528
125197
125407
125686
126688
126725
127105
127270
127430
128068
128598
128763
129019
129433
129442
129813
130013
130621
131101
131424
131849
132041
132194
132289
132319
132394
132559
132727
133323
134092
134290
134571
134764
134773
135679
135930
136359
136822
136859
136899
136906
137039
137182
137187
137542
137801
137859
137936
138394
138484
138499
138537
138542
138577
139173
139203
Number of cuts: 582

TWAMP
38
450
473
941
1118
1132
1170
1182
1559
1646
1759
1981
2567
2591
2943
3175
3355
3554
3777
3888
3966
4004
4152
4321
4706
4725
5255
5319
5410
5419
5518
5557
5695
5861
5984
6066
6700
6809
6836
7063
7431
7671
8595
8635
8715
8738
8976
9479
9504
9567
9936
10240
10372
10561
10738
10800
11020
11125
11234
11520
11846
11949
12014
12167
12436
12459
12616
12742
12853
12907
13156
13317
13513
13743
14421
14480
14558
14600
15266
15321
15706
15735
15817
15933
15947
16249
16762
16783
16847
17327
17348
17775
19535
19736
20151
20477
20510
20699
20988
21026
21767
22066
22102
22211
22288
22339
22357
22667
22829
23045
23312
23569
23589
23707
23833
23986
24262
24972
25186
25208
26018
27098
27272
27558
27773
27784
27914
27956
28069
28247
28336
28750
29625
29919
30009
30068
30393
30512
30518
30566
30782
31934
32204
32349
32364
32521
32707
32848
32871
32929
33517
33824
34365
34420
34454
34508
35128
35147
35261
36169
36267
36845
36924
36938
37017
37118
37174
37480
37627
37747
37810
38120
38527
38842
38847
38887
39165
39262
39783
39877
40352
40719
40953
40969
41007
41079
41308
41633
43274
43688
43740
43920
44346
44508
44845
45219
45420
45460
45512
45581
45590
45707
45931
45940
45953
46153
Number of cuts: 206

UhSalsa
38
450
473
941
1118
1132
1170
1182
1559
1646
1759
1981
2591
3175
3355
3554
3777
3888
3966
4004
4152
4321
4706
4725
5255
5319
5410
5518
5557
5695
5861
5984
6066
6700
6809
6836
7063
7431
7671
8595
8635
8715
8738
8976
9479
9504
9567
9936
10240
10372
10561
10738
10800
11020
11125
11234
11520
11846
11949
12014
12167
12436
12459
12616
12742
12853
12907
13156
13317
13513
13743
14421
14480
14558
14600
15266
15321
15706
15735
15817
15933
15947
16249
16762
16783
16847
17327
17348
17775
19535
19736
20151
20477
20510
20699
20988
21026
21737
21767
22066
22102
22211
22288
22339
22357
22667
22829
23045
23201
23312
23569
23589
23707
23833
23986
24263
24973
25187
25209
25409
25438
26019
27099
27256
27273
27774
27785
27915
27957
28070
28248
28337
29067
29624
29841
29896
29953
30001
30326
30445
30451
30715
31867
32137
32282
32297
32454
32640
32781
32804
32862
33450
33757
34298
34362
34396
34450
35070
35089
35203
36111
36209
36787
36800
36866
36880
36959
37060
37116
37422
37569
37689
37752
38062
38469
38784
38789
38829
39107
39722
39816
39837
40136
40288
40660
40877
40894
40948
41020
41249
41574
43215
43629
43681
43861
44287
44449
44786
45160
45361
45401
45453
45522
45531
45648
45872
45881
45894
Number of cuts: 208

Weasels2
596
656
663
1229
1252
1327
1354
1659
1742
1895
1909
1984
2207
2560
2875
3148
3157
3472
4160
4319
4504
5023
5448
5689
5809
6089
6289
6315
6424
6478
6644
6881
7184
7215
7235
7502
7519
7524
8077
8231
8426
8462
9504
9547
9558
9596
9650
9723
9774
10080
10403
10495
10903
11420
11491
11602
11665
11992
12695
12702
13016
13046
13428
13566
13648
14062
14104
14234
14446
14506
15204
15374
15462
15514
15567
15641
16015
16028
16375
16616
16782
17013
17289
17986
18673
18709
18903
19041
19238
19445
19542
19800
19849
20294
20525
20564
21604
21691
21840
22013
22237
22949
23110
23346
23380
23519
24133
24482
24546
24609
25188
25530
25622
26159
26450
26817
26846
27178
27204
27273
27308
27499
27576
27684
27808
27868
27943
28007
28128
28206
28422
28536
28821
29100
29199
29397
29540
29699
30283
30451
30492
30782
31178
31517
31605
31634
31783
31968
32059
32085
32214
32768
32791
32919
33004
33073
33283
33390
33433
33701
33786
34424
34501
35005
35330
35694
35778
35975
36118
36997
37080
37383
37468
37496
37697
37774
37831
38087
38148
38306
38508
38788
38810
38967
39200
39226
39651
39829
39964
40267
40885
41218
41790
41853
42021
42074
42134
42325
42448
42478
42645
42950
43143
43744
43788
43988
44600
44749
44845
45004
45131
45314
46602
46657
46754
46896
47083
47211
47247
47256
47299
47345
47493
47761
47833
48000
48024
48095
48236
48306
48720
48789
48807
48861
49051
49405
49573
49737
49867
49969
50045
50136
50221
50705
50732
50963
51142
51188
51322
51537
51817
51947
52142
52176
52348
52718
52965
53041
53316
53442
53505
53650
53673
54085
54144
54243
54360
54383
54402
54432
54918
55038
55365
55415
55490
55586
56177
56218
56235
56278
56382
56661
56772
56824
56947
56988
57011
57334
57927
57936
58690
58792
58879
59011
59321
59337
59609
59619
59927
60317
60409
60617
61010
61039
61167
61225
61456
61468
61642
61679
61899
61937
62081
62521
63029
63221
63361
63400
63632
63938
64050
64703
64834
64921
64959
65059
65210
65294
65341
65825
65954
66070
66281
66427
66436
66458
66478
66498
66806
66833
66857
66914
67222
67341
67778
67832
67846
68062
68354
68419
68465
68685
69246
69331
69398
69444
69478
69950
71408
71428
71805
72032
72342
72823
72986
73274
73552
73939
73959
74092
74586
75229
75312
75453
75821
75985
76009
76017
76081
76087
76472
76487
76726
76833
76888
76930
77018
77025
77271
77349
77644
77769
78004
78553
78586
78763
79254
79458
79865
80189
80241
80387
80534
80649
80698
80711
81233
81333
81822
81850
81922
81975
82000
82111
82214
82459
82722
82766
82876
83057
83109
83242
83432
83596
83725
83883
83941
83956
84158
84226
84323
84373
84801
85311
85377
85439
85449
85690
85801
86450
86953
87069
87262
87278
87645
87722
87770
87800
88235
88942
89059
89198
89358
89371
89573
89756
90266
90327
90360
90714
90751
91143
91513
91554
91766
91957
93188
93309
93480
93691
94337
94550
94579
94710
94762
94823
95015
95070
95213
95409
95589
95641
95869
95971
96187
96310
96341
96423
96867
96877
97382
97532
97625
97782
98086
98164
98665
98775
98888
98907
99546
99843
100085
101205
101301
101532
101607
101642
103238
103561
103610
103630
104116
104283
104320
104950
105012
105760
105776
105924
106183
107315
107658
107829
107934
108004
108074
108592
108821
108879
109092
109146
109475
109791
110213
110916
110949
111387
112120
112315
112773
112937
113003
113011
113608
113822
113904
113993
114080
114324
114663
114669
114940
115071
115244
115332
115367
115513
115526
115654
115684
115746
115792
117068
117090
117446
117487
118065
118459
118477
118695
118830
119086
119451
119459
119506
119538
120016
120398
120483
121223
121407
121502
121787
121807
122225
122296
122323
122439
122788
122833
122884
123035
123047
123589
123614
123918
123935
124458
124748
124905
125140
125942
126126
126303
126385
126605
126901
126963
126987
127168
127379
127436
127579
127647
127662
127703
127864
127891
128043
128062
128189
128218
128384
128606
128640
128764
128864
128875
129229
129786
129846
129897
129920
129956
130059
130084
130225
130769
130980
131025
131377
131670
132301
132361
132368
132934
132957
133032
133059
133364
133447
133600
133614
133689
133912
134265
134580
134853
134862
Number of cuts: 660

Yogi
38
450
473
941
1118
1132
1170
1182
1559
1646
1759
1981
2591
3175
3355
3554
3710
3777
3888
3966
4152
4321
4706
4725
5255
5319
5518
5695
5861
5984
6066
6162
6685
6794
6821
7048
7416
8602
8683
8706
8944
9802
10208
10297
10340
10529
10994
11099
11208
11494
11820
11923
11988
12141
12410
12433
12590
12716
12827
12881
13097
13130
13291
13368
13487
13566
13717
14035
14395
14454
14532
14574
15240
15295
15709
15791
15907
15921
16190
17301
17322
17749
17964
18135
18789
19509
19710
19913
20125
20451
20484
20673
20962
21000
21100
21741
22040
22076
22185
22262
22313
22331
22641
22722
22749
22803
23019
23286
23543
23563
23681
23807
23960
24236
24375
24946
25160
25182
25411
25992
26012
27072
27246
27747
27758
27888
27930
28043
28221
28310
29040
29599
29893
29983
30042
30367
30486
30492
30540
30756
31698
32178
32323
32338
32495
32681
32822
32845
32903
33491
33798
34339
34391
34425
34479
35099
35118
35232
35404
36140
36238
36769
37196
37209
37275
37289
37368
37469
37525
37831
37978
38098
38161
38471
38524
38878
39193
39198
39238
40134
40228
40703
41070
41304
41320
41358
41430
41659
41984
43060
43625
44039
44091
44697
44859
45196
45570
45771
45863
45932
45941
46049
46098
46267
46276
46289
Number of cuts: 206

Yoncess
38
450
473
941
1118
1132
1170
1182
1559
1646
1759
1981
2591
3175
3355
3554
3710
3777
3888
3966
4152
4321
4706
4725
5255
5319
5518
5861
5984
6066
6162
6685
6794
6821
7048
7416
8602
8683
8706
8944
9802
10208
10297
10340
10529
10994
11099
11208
11494
11820
11923
11988
12141
12410
12433
12590
12716
12827
12881
13097
13130
13291
13487
13566
13717
14035
14395
14454
14532
14574
15240
15295
15709
15791
15907
15921
16190
17301
17322
17749
17964
18135
18789
19509
19710
19913
20125
20451
20484
20673
20962
21000
21100
21741
22040
22077
22186
22263
22314
22332
22642
22723
22750
22804
23020
23287
23544
23564
23682
23808
23961
24237
24947
25161
25183
25412
25993
26013
27073
27247
27748
27759
27889
27931
28044
28222
28311
28352
29041
29600
29822
30147
30266
30272
30320
30536
31478
31958
32103
32118
32275
32461
32602
32625
32683
33271
33578
33640
34119
34174
34208
34262
34882
34901
35015
35438
35923
36021
36599
36678
36692
36771
36872
36928
37234
37381
37501
37564
37874
37927
38281
38596
38601
38919
39537
39631
40106
40473
40707
40723
40761
40833
41062
41388
42467
43033
43447
43499
44105
44267
44604
44978
45179
45219
45271
45340
45349
45466
45690
45699
45712
Number of cuts: 201

