Alatin
2
205
252
308
329
647
660
1055
1346
1460
1474
1636
2378
2549
2900
3079
3457
3465
3720
4303
4508
4559
4774
5299
5711
5760
6430
6477
6497
6590
6671
6925
7043
7093
7693
10220
10411
10604
10618
10625
10884
10945
11118
11980
12034
12040
12077
12089
12098
12131
12153
12453
13120
13409
13465
13709
13874
13882
14041
14137
14143
14164
14185
14428
14672
14776
15278
15436
15447
16588
17496
17670
18432
18560
18569
18767
19107
19546
20355
20935
21770
22454
23677
23916
23969
24355
24732
25055
25112
25318
25450
25487
26067
26406
26836
27314
28284
28676
28698
29184
29553
29663
30121
30356
30785
31135
31268
31311
31812
32346
32819
33343
33937
34197
35601
36458
36775
37033
37946
38230
39519
39529
39789
39794
40388
41654
42081
42823
45880
46085
46278
46290
Number of cuts: 132

Alpacados
2
205
252
308
329
647
660
1055
1346
1460
1474
2340
2511
2862
3041
3419
3427
3696
4265
4470
4521
4736
5044
5229
5261
5673
5722
6377
6424
6444
6537
6990
7040
7621
8234
8793
9043
9655
10150
10341
10534
10555
10820
11054
11916
11970
11976
12013
12025
12034
12067
12089
12389
12601
12776
13345
13401
13977
14073
14079
14100
14364
14608
14712
14895
14956
15214
15372
15383
16227
16252
16524
16950
17432
17480
17491
17606
18703
19043
19482
20291
20822
20871
21350
22011
22323
22936
23546
23785
23838
24224
24601
24924
24981
25187
25972
26201
28189
28917
29089
29226
29458
29496
29568
30026
30261
30690
30942
31040
31173
31216
31717
32251
32724
33089
33842
34102
34377
35503
35759
36351
36668
36837
36926
37839
38123
38543
38721
39412
39422
39682
39687
40211
40635
40682
41477
41904
42646
45703
45908
46101
46113
Number of cuts: 142

AngryOrchard
2
205
329
642
655
1048
1339
1453
1467
2323
2494
2845
3402
3410
3665
3847
4248
4453
4504
4719
5027
5212
5244
5656
5705
6360
6407
6427
6520
6601
6855
6973
7023
7604
8217
8722
9026
9638
9970
10324
10517
10538
10803
11037
11899
11953
11959
11996
12008
12017
12050
12072
12372
12584
12759
13133
13328
13384
13760
13946
13960
14056
14062
14695
14939
15197
15355
15366
15877
16210
16235
16507
16933
17415
17589
17608
18351
18479
18488
19026
19465
20210
20451
20805
20952
21125
21333
21547
21994
22071
22215
22318
22899
22929
23478
23541
23834
24220
24336
24597
24920
24977
25183
25315
25352
25932
26369
26700
28148
28562
29048
29185
29417
29527
29816
29910
29919
30154
30583
30933
31066
31109
31610
32456
33537
33732
33778
34002
34262
35663
35919
36511
36828
36962
37999
38283
38907
39572
39582
39707
39844
40138
40443
42134
46013
46206
46218
Number of cuts: 147

AppleCloud
141
159
244
442
455
1139
1253
1267
1343
2087
2173
2258
2459
2609
2788
3166
3174
3869
4012
4217
4268
4465
4485
4976
5008
5420
5469
6124
6171
6191
6193
6284
6351
6619
6737
6787
7368
7981
8766
9441
10064
10257
10537
11385
11687
11693
11742
11751
11806
12255
12270
12554
13430
13806
13839
13847
14006
14102
14108
14378
14637
14730
15243
15401
15412
16553
17461
17509
17635
17654
18525
18534
19072
19511
20256
20497
20851
21031
21197
21364
21379
21593
22040
22118
22218
22368
22628
22674
22967
23872
24123
24230
24346
24607
24930
24987
25193
25362
25942
26281
26380
26482
26711
26713
28151
28159
28630
28652
29138
29401
29446
29504
29614
29842
29851
30086
30515
30865
30998
31041
31533
32106
32549
33661
33921
33960
34196
35328
36176
36493
36662
36751
37664
37948
38187
39234
39244
39504
39509
39798
40103
41371
41798
42540
45597
45802
45995
46007
Number of cuts: 148

Belenaria
2
205
252
308
329
647
660
1055
1346
1460
1474
1636
2378
2549
2900
3079
3457
3465
3720
4303
4508
4559
4774
5299
5711
5760
6430
6477
6497
6590
6671
6925
7043
7093
7693
10220
10411
10604
10618
10625
10884
10945
11118
11980
12034
12040
12077
12089
12098
12131
12153
12453
13120
13409
13465
13709
13874
13882
14041
14137
14143
14164
14185
14428
14672
14776
15278
15436
15447
16588
17496
17670
18560
18569
18767
19107
19248
19546
20355
20935
22387
23610
23849
23902
24289
24666
24989
25046
25252
25384
25421
26001
26340
28218
28610
28632
29118
29255
29382
29485
29523
29595
29978
29987
30222
30651
30903
31001
31134
31177
31678
32212
32685
33209
33803
34063
35476
35678
35732
36324
36641
36810
36899
37812
38096
38335
39382
39392
39652
39657
39946
40251
41519
41946
42688
45745
45950
46143
46155
Number of cuts: 139

BobbyDazzler
2
205
252
329
647
660
1055
1346
1460
1474
1529
1700
2213
2449
2620
2971
3150
3528
3536
3805
4374
4579
4630
4845
5153
5338
5370
5831
6486
6533
6553
6646
6981
7099
7149
7730
8343
8902
9152
9764
10259
10450
10643
10664
10929
11163
12025
12079
12085
12122
12134
12143
12176
12198
12498
12710
12885
13346
13454
13510
14086
14167
14182
14188
14473
14717
14821
15004
15065
15323
15481
15492
16336
16361
16633
17059
17541
17589
17600
17715
18812
19152
20223
20400
20931
20980
21459
22120
22241
22369
22433
23046
23212
23656
23895
23948
24334
24711
25034
25091
25297
25466
26046
26275
26815
28263
28655
29163
29300
29532
29642
30100
30335
30764
31114
31290
31791
32325
32798
33163
33916
34176
36428
36745
36914
37003
37916
38200
39489
39499
39759
39764
40358
40782
40829
41572
41625
42052
42794
45851
46056
46249
46261
Number of cuts: 143

Bonanza
2
205
252
308
329
647
660
1055
1346
1460
1474
1636
2148
2378
2549
2900
3079
3457
3465
3734
4303
4508
4559
4774
5082
5267
5299
5711
5760
6415
6462
6482
6575
6910
7028
7078
7659
8272
8831
9081
9693
10188
10379
10572
10593
10858
11092
11954
12008
12014
12051
12063
12072
12105
12127
12427
12639
12814
13383
13439
14015
14111
14117
14138
14402
14646
14750
14933
14994
15252
15410
15421
16265
16290
16562
16988
17470
17518
17529
17644
18741
19081
19520
20329
20860
20909
21031
21040
21388
22049
22361
22942
23584
23823
23876
24262
24639
24962
25019
25225
25394
25974
26203
26743
28191
28919
29091
29228
29460
29498
29570
30028
30263
30944
31042
31175
31218
31719
32253
32726
33091
33844
34104
34379
35505
35761
36602
36786
37050
37219
37308
38221
38505
38925
39103
39794
39804
40064
40069
40663
41087
41134
41929
42356
43098
46345
46538
46550
Number of cuts: 148

Bradshaw
2
205
252
308
329
647
660
1055
1346
1460
1474
1636
2378
2900
3079
3457
3465
3720
4303
4508
4559
4774
5299
5711
5760
6430
6477
6497
6590
6925
7043
7093
7693
10411
10604
10618
10625
10884
10945
11118
11980
12034
12040
12077
12089
12098
12131
12153
12453
13120
13409
13465
13709
13874
13882
14041
14137
14143
14164
14185
14428
14672
14776
15278
15436
15447
16588
17496
17670
18560
18569
18767
19107
19248
19546
20355
20935
21716
22387
23610
23849
23902
24288
24665
24988
25045
25251
25383
25420
26000
26339
27247
28217
28609
28631
29117
29486
29596
30054
30289
30718
31068
31201
31244
31745
32279
32752
33276
33870
34130
35534
36391
36708
36966
37879
38163
39452
39462
39722
39727
40321
41587
42014
42756
46018
46211
46223
Number of cuts: 127

Bryce
2
205
252
308
329
647
660
1055
1346
1460
1474
1636
2148
2378
2549
2900
3079
3457
3465
3734
4303
4508
4559
4774
5082
5267
5299
5760
6415
6462
6482
6575
6910
7028
7078
7659
8272
8831
9081
9693
10188
10379
10572
10593
10858
11092
11954
12008
12014
12051
12063
12072
12105
12127
12427
12639
12814
13383
13439
14015
14111
14117
14402
14646
14750
14994
15252
15410
15421
16265
16290
16562
16988
17470
17518
17529
17644
18741
19081
20152
20329
20860
20909
21031
21040
21388
22049
22170
22298
22362
22975
23141
23585
23824
23877
24263
24640
24963
25020
25226
25395
25975
26204
28192
28584
29092
29229
29461
29571
29799
29808
30043
30472
30822
30955
30998
31499
32033
32506
32871
33624
33884
35490
36136
36453
36622
36711
37624
37908
38506
38791
39197
39207
39467
39472
40066
40490
40537
41280
41333
41760
42502
45559
45764
45957
45969
Number of cuts: 146

ChewyVIII
569
707
1517
1912
1917
2181
2335
2464
3211
3643
4174
4194
4265
4275
4730
4774
4811
4883
4961
5015
5403
5581
6074
6091
6295
6297
6299
6301
6795
7034
7181
7266
7268
7288
7592
7760
7842
7929
7958
8189
8273
8722
9287
9911
10402
10665
10673
10748
10937
11238
11305
11446
12120
12200
12402
12515
12841
12991
13241
13372
13442
13710
13712
13726
13805
14087
14089
14114
14418
14420
15066
15204
15389
15410
15494
15496
15601
16195
16426
16667
16749
17093
17240
17678
17705
17888
17911
17927
17999
18128
18227
18329
18358
18368
18512
18543
18794
18829
19296
19554
19567
19639
19738
19783
20085
20308
20435
20447
20449
20702
20822
20878
20908
20942
20969
20976
21096
21497
21798
21816
21829
22042
22133
22190
22265
22460
22462
22543
22634
22721
22943
22976
22978
23038
23081
23083
23218
23251
23287
23481
23483
23968
24512
24521
24523
24525
24536
25158
25656
25855
25905
25924
25944
25963
25965
25967
26364
26770
26772
26948
26980
27160
28143
28878
28899
29097
29163
29302
29344
29505
29835
29850
29941
30375
30381
30439
30637
30870
31038
31062
31201
31691
31985
32044
32098
32269
32595
32624
32674
32722
32734
32809
32861
32904
32949
33041
33084
33221
33238
33265
33280
33317
33338
33355
33357
33510
33608
34440
34463
34560
34744
34840
35245
35261
35430
35596
35711
35790
36172
36462
36550
36566
36653
36827
36902
36960
36971
37001
37197
37207
37427
37472
37664
37882
37936
37979
38500
38615
38804
38962
39179
39351
39700
39831
39884
39886
40023
40069
40071
40218
40332
40738
40786
40847
40969
41295
41359
42427
42433
42500
42550
42771
42903
42974
42976
43012
43074
43164
43187
43232
43729
44036
44082
44176
44262
44347
44443
44470
44662
45072
45143
45153
45270
45373
45545
45547
45681
45786
45788
45816
45876
45976
46095
46156
46347
46356
46358
46760
47042
47044
47164
47209
47364
47600
47756
48216
48307
48923
49083
49085
49218
49239
49864
50156
50158
50236
50528
50702
50822
50911
50947
50984
50986
51182
51459
51519
51794
52001
52212
52429
52536
52984
53018
53451
53496
53716
53844
54224
54244
54409
54442
54512
54599
54663
55201
55676
55698
55820
55920
55968
56151
56171
56665
57097
57226
57610
57645
57848
58569
58641
58989
59139
59293
59382
59404
59531
59539
59794
59906
59922
60506
60715
61075
61081
61099
61161
61192
61335
61445
61712
61848
62569
63037
63455
63500
63796
63883
63894
63987
64042
64072
64191
64483
64501
64577
64611
64635
64827
64975
65038
65220
65287
65297
65377
65464
65512
65675
65710
65795
65805
65908
65980
65982
66020
66180
66221
66252
66366
66376
66381
66402
66483
66659
66784
67060
67397
67441
67583
67597
67606
67908
67919
68045
68222
68276
68440
68459
68895
68897
69015
Number of cuts: 440

CosmicSans
2
205
252
308
329
647
660
1055
1346
1460
1474
1636
2378
2900
3079
3457
3465
3720
4303
4508
4559
4774
5299
5711
5760
6430
6477
6497
6590
6925
7043
7093
7693
10411
10604
10618
10625
10884
10945
11118
11980
12034
12040
12077
12089
12098
12131
12153
12453
13120
13409
13465
13709
13874
13882
14041
14137
14143
14164
14185
14428
14672
14776
15278
15436
15447
16588
17496
17670
18432
18560
18569
18767
19107
19248
19546
20355
20935
21716
22387
23610
23849
23902
24288
24665
24988
25045
25251
25383
25420
26000
26339
27247
28217
28609
28631
29117
29486
29596
30054
30289
30718
31068
31201
31244
31745
32279
32752
33276
33870
34130
35534
36382
36699
36957
37870
38154
39443
39453
39713
39718
40312
40736
40783
41578
42005
42747
45804
46009
46202
46214
Number of cuts: 131

Dinger
2
205
252
293
329
644
657
1050
1341
1455
1469
1632
2144
2158
2374
2460
2545
2896
3075
3453
3461
3716
4299
4504
4555
4770
5078
5263
5295
5707
5756
6411
6458
6571
6638
6652
6906
7024
7074
7655
9077
10184
10375
10568
10589
10854
11088
11950
12004
12010
12047
12059
12068
12101
12123
12423
12635
12810
13184
13379
13435
13844
13852
14107
14113
14735
14990
15248
15406
15417
16261
16286
16558
16984
17640
17659
18402
18530
18539
19077
19235
19516
20261
20502
20856
21027
21202
21326
21384
21598
22192
22370
22636
23593
23886
24272
24388
24649
24730
24972
25029
25235
25404
25984
26323
26422
26524
26753
28193
28201
28672
28694
28720
29180
29444
29547
29657
29914
29923
30587
30937
31070
31113
31614
32460
32621
32986
33481
34003
34263
35932
36524
36841
37010
37236
38012
38296
39585
39595
39720
40151
40456
40953
42084
42152
46032
46225
46237
Number of cuts: 148

DocB7
28
190
622
1176
1234
1508
1687
1766
1819
2204
2206
2344
2468
2500
2719
2753
2803
2977
3352
3357
3804
3977
3985
4108
4179
4255
4439
4688
4829
4838
4854
4901
4918
4920
4980
5077
5321
5361
6280
6385
6605
7345
7347
7718
7752
7782
7914
8004
8058
8137
8416
8771
8831
8988
9077
9311
9617
10446
10874
11233
11324
11377
11520
11649
11651
11863
12163
12201
12203
12205
12284
12525
12684
12766
12973
13009
13056
13231
14014
14271
14339
14556
14561
14895
15199
15815
16138
16239
16605
16612
16818
16820
17340
17368
17455
17737
17754
17769
17959
18010
18201
18231
18327
18380
18473
18475
18699
18748
18876
18987
19102
19191
19344
19362
19435
19546
19560
19689
19699
20083
20214
20387
20389
20410
20450
20455
20513
20697
20909
21081
21189
21191
21222
21227
21273
21313
21429
21478
21611
21740
21937
21983
22036
22119
22260
22290
22307
22309
22344
22381
22466
22477
22571
22607
22624
22815
22899
22981
23262
23473
24136
24201
24267
24438
24870
25173
25175
25444
25446
25483
25567
25662
25796
25820
26032
26055
26636
27400
27407
27627
27797
27822
27839
27849
28123
28164
28179
29164
29176
29632
29817
30042
30091
30317
30463
30575
30768
30847
30921
30964
31557
31597
31815
32026
32426
32721
32851
32926
33075
33671
33966
34336
34576
34624
35263
35339
36129
36276
36344
36357
36468
37068
37159
37220
37367
37471
37829
38016
38609
38908
38987
39664
39957
40503
40634
40836
40954
41070
41243
41326
41386
41751
41833
42077
42155
42617
42966
43051
43170
43203
43232
43243
43806
44096
44380
44405
44919
45230
45327
46401
46546
46557
46753
47566
47568
47590
48065
48083
48298
48802
49068
49318
49519
49631
49979
50230
50335
50623
50991
51392
51659
51800
52089
52247
52307
52376
53254
53932
54216
54299
54489
54502
54730
54896
55742
55824
55927
56218
56376
56378
56738
56869
56924
57047
57512
57810
57845
57960
58264
58266
58548
58550
58778
58908
59110
59349
59973
60016
60276
60360
60502
60541
60740
60840
60851
60917
61136
61152
61347
61405
61667
61770
61823
61869
61957
62411
62438
62505
62577
62601
62610
62789
63091
63093
63095
63630
63640
63747
64006
64008
64010
64148
64298
64324
64373
64611
64869
65066
65101
65671
65673
65763
65900
66126
66484
66633
66747
67048
67258
67290
67350
67480
67491
68118
68178
68202
68294
68611
68668
68739
68750
69168
69682
70150
70168
70170
70211
70873
70897
70936
71056
71058
71571
71613
71625
72799
72867
72940
72976
73167
73169
73812
73854
73975
74071
74101
74710
74832
74854
75272
75706
Number of cuts: 411

E3
89
139
171
173
206
331
410
412
593
595
597
687
844
851
904
960
978
1360
1429
1494
1503
1623
1903
1909
1945
1960
2013
2072
2275
2282
2284
2332
2334
2437
2566
2797
2809
2836
2883
2917
2953
3210
3232
3318
3576
3578
3673
3690
3692
3836
3892
3894
3896
3937
4047
4054
4195
4371
4373
4426
4520
4556
4586
4657
4946
4948
4950
5277
5316
5598
5600
5666
5719
5721
5756
5801
5832
5898
5926
6277
6291
6462
6474
6479
6511
6541
6696
6705
6717
6743
6798
6810
6911
6954
6978
7002
7095
7514
7522
7524
7526
7722
7724
7742
7885
7941
7943
7962
7992
8482
8493
8510
8570
8585
8597
9294
9357
9373
9630
9635
9637
9675
9680
9746
9782
9933
9935
9937
10126
10135
10260
10333
10349
10378
10553
10628
10656
10776
10805
10820
10829
10872
10874
11194
11308
11359
11497
11520
11538
11570
11612
11656
11760
11895
11935
12122
12200
12267
12294
12364
12369
12456
12516
12596
12598
12668
12689
12853
12900
12902
13003
13053
13248
13305
13516
13721
13751
13797
13825
13867
13869
13871
13900
13902
13904
13943
13963
13996
14209
14221
14325
14335
14442
14499
14544
14660
14741
14750
14777
14828
14853
14960
14977
14984
14992
14994
15034
15077
15079
15127
15189
15256
15264
15479
15575
15666
15683
15700
15716
15772
15774
15776
15787
15894
15990
15992
16046
16094
16284
16371
16473
16475
16480
16482
16721
16859
16861
16907
16985
17018
17034
17085
17090
17170
17221
17245
17306
17323
17427
17476
17515
17517
17580
17599
17615
17673
17843
17975
18202
18215
18274
18347
18406
18520
18617
18637
18804
18809
18833
18860
18890
18926
19021
19185
19248
19280
19325
19331
19333
19432
19561
19693
19714
19738
20050
20220
20255
20278
20300
20307
20332
20385
20428
20464
20466
20468
20682
20869
20887
20990
21084
21090
21175
21271
21428
21452
21480
21511
21624
21788
21797
21843
21852
21914
22120
22140
22142
22372
22398
22416
22534
22545
22712
22728
22730
22792
22999
23144
23207
23209
23278
23328
23408
23690
24004
24033
24286
24712
24948
24995
25016
25103
25243
25250
25431
25581
25683
25756
25762
25819
26003
26052
26067
26131
26163
26171
26204
26320
26420
26603
26605
26671
26678
26785
26824
26841
26947
26971
27048
27255
27333
27416
27427
27494
27509
27775
27853
27937
27939
27941
28009
28030
28032
28151
28186
28276
28363
28517
28547
28562
28618
28660
28918
28970
29042
29226
29232
29279
29322
29324
29380
29468
29525
29714
29735
29792
29906
29937
30121
30161
30215
30261
30302
30304
30363
30423
30453
30728
30730
30785
30827
30835
30882
31121
31172
31269
31283
31332
31398
31524
31693
31737
31820
32037
32293
32419
32444
32449
32460
32723
32745
32791
32793
32803
32816
32827
32829
32938
33202
33208
33210
33247
33333
33342
33376
33381
33429
33486
33525
33579
33590
33592
33622
33757
33837
33901
33943
33996
34014
34016
34059
34074
34104
34128
34188
34206
34309
34311
34380
34408
34423
34655
34660
34667
34669
34848
34860
34884
34902
35001
35061
35216
35430
35620
36031
36074
36120
36607
36658
36910
37041
37136
37167
37222
37240
37279
37285
37459
37465
37543
37669
37678
37714
37733
37750
37752
37754
37795
37831
37837
37873
37999
38200
38205
38472
38487
38591
38646
38716
38718
38961
39093
39245
39247
39387
39605
39737
39811
39831
39932
39999
40013
40025
40049
40172
40262
40438
40579
40604
40834
40836
40978
41081
41396
41803
41805
41834
41937
41977
42087
42178
42378
42396
42492
42693
42711
42792
42938
42945
42996
43044
43049
43256
43263
43286
43323
43365
43382
43414
43503
43672
43913
43936
43978
44066
44071
44106
44220
44222
44485
44582
44614
44652
44789
44856
44858
44866
44868
44965
45052
45221
45233
45235
45287
45482
45510
45711
45790
45805
45827
45847
45947
46168
46170
46258
46290
46435
46437
46476
46519
46521
46573
46589
46591
46608
46647
46659
46753
46908
46963
47071
47073
47194
47217
47233
47254
47365
47384
47386
47494
47658
47711
47717
47734
47766
47802
47804
47943
48036
48136
48228
48230
48492
48494
48531
48777
48827
49076
49454
49470
49472
49479
49609
49630
49647
49807
49911
50070
50088
50101
50110
50112
50368
50460
50478
50526
50540
50674
50707
50823
50869
51501
51513
51534
51648
51707
51709
51711
51754
51784
51786
51873
52131
52159
52237
52242
52255
52552
52726
52758
52760
52877
53010
53032
53040
53274
53406
53421
53433
53647
53994
54086
54406
54438
54443
54519
54581
54761
54858
54884
54912
54966
54968
55187
55238
55307
55309
55431
55433
55776
55827
55949
56001
56003
56130
56138
56140
56288
56379
56480
56629
56783
56785
56994
56996
57075
57084
57132
57134
57136
57170
57172
57401
57514
57646
57762
57812
57868
57903
58019
58032
58037
58039
58186
58441
58765
58770
58781
58846
58946
59093
59274
59336
59523
59627
59649
59704
59817
59819
59894
59910
59921
59958
59964
60406
60427
60443
60445
60536
60709
60755
60780
61007
61145
61159
61435
61437
61503
61520
61579
61581
61733
61735
61749
61979
62078
62227
62229
62405
62407
62409
62575
62612
62775
62888
62967
63146
63380
63387
63429
63459
63593
63617
63619
63674
63700
63779
63788
63839
63841
63929
63973
64070
64072
64147
64230
64232
64285
64315
64333
64335
64348
64385
64405
64449
64482
64518
64569
64602
64630
64731
64761
64826
65042
65159
65184
65262
65353
65355
65882
65946
66020
66101
66142
66214
66221
66288
66407
66412
66461
66501
66632
66734
66739
66924
66929
66993
67237
67295
67301
67736
68075
68198
68266
68299
68301
68358
68474
68484
68486
68508
68592
68918
68920
68922
68924
69014
69044
69046
69048
69144
69179
69234
69299
69361
69383
69385
69485
69549
69586
69588
69720
69735
69766
69915
70027
70042
70139
70182
70247
70259
70307
70313
70348
70417
70740
71200
71213
71556
71587
71656
71658
71867
72185
72301
72779
72820
72835
72889
72931
73063
73186
73188
73321
73712
73714
73716
73903
73905
73941
74039
74077
74465
74704
75196
75246
75271
75336
75338
75481
75561
75611
75632
75777
75847
75849
75936
75944
75973
76076
76096
76124
76147
76153
76246
76248
76261
76283
76560
76842
76924
76958
77025
77052
77086
77271
77312
77348
77350
77551
77586
77608
77696
77736
77766
77801
77803
77938
77943
78059
78123
78354
78495
78557
78764
78832
78839
78846
78848
78933
78980
79211
79385
79387
79449
79876
80143
80209
80224
80398
80632
80687
80759
80875
80911
81022
81083
81501
81566
81629
81703
81719
81770
81981
82084
82163
82325
82365
82395
82532
82561
82874
83132
83385
83549
83690
83974
84060
84203
84229
84405
84441
84464
84553
84569
84581
84787
84915
85132
85134
85451
85527
85638
85697
85866
86065
86074
86124
86238
86240
86523
86807
86818
86820
86850
86866
86886
86902
86909
86946
86992
87030
87110
87196
87198
87204
87265
87267
87311
87336
87402
87514
87623
87625
87640
87847
87856
87884
87889
87894
88050
88152
88154
88185
88287
88459
88712
88726
88731
88733
88735
88792
88907
88995
89091
89200
89202
89258
89268
89385
89456
89549
89573
89626
89695
89725
89744
89967
89969
90116
90137
90292
90294
90406
90449
90693
90790
90818
90866
90939
91132
91134
91156
91165
91537
91600
91713
91720
91831
91846
91900
91954
92023
92121
92132
92183
92185
92193
92321
92472
92512
92612
92778
92780
92873
92924
92929
92975
93033
93396
93555
93593
93642
93883
93885
93943
93983
94140
94201
94219
94228
94410
94583
94585
94746
94995
95096
95098
95246
95248
95336
95522
95608
95614
95616
95689
95827
95832
95915
95917
95919
96205
96362
96447
96595
96652
96732
96747
97152
97635
97643
97667
97694
97824
97936
98148
98181
98328
98333
98346
98370
98372
98459
98540
98542
98616
98694
98838
98847
98849
98952
98969
98971
99004
99006
99059
99098
99119
99133
99135
99137
99332
99334
99505
99587
99755
99757
99800
99802
99842
99887
99889
99911
99991
100209
100351
100363
100409
100489
100522
100540
100669
100675
100727
100770
101047
101049
101308
101310
101424
101439
101445
101611
101713
101862
101921
101932
102007
102009
102026
102028
102118
102120
102409
102491
102507
102607
102609
102611
102617
102665
102867
102910
102981
102989
103171
103210
103219
103269
103271
103584
103666
103802
103845
103915
104057
104059
104205
104207
104352
104354
104440
104442
104521
104523
104631
104667
104726
104951
104966
104994
105343
105364
105366
105485
105515
105548
105635
105722
105767
105844
106259
106264
106401
106433
106449
106451
106457
106567
106681
106703
106705
106961
106963
107132
107214
107407
107409
107624
107637
107766
107844
108040
108042
108100
108145
108168
108235
108593
108680
108705
108808
108843
108854
108889
108998
109091
109111
109170
109213
109354
109392
109796
109798
109905
110022
110054
110056
110110
110150
110152
110207
110226
110246
110342
110429
110662
110695
110737
110793
110940
111058
111226
111274
111395
111554
111566
111636
111691
111852
111857
111895
111916
112054
112066
112577
112622
112700
112790
113177
113229
113304
113346
113374
113585
113616
113924
114008
114020
114163
114322
114473
114547
114549
114587
114608
114633
114660
114662
114664
114683
114693
114882
114884
114985
114990
114998
115062
115148
115288
115290
115604
115789
115869
116115
116126
116307
116309
116318
116485
116487
116582
116694
116700
116876
116878
116904
117118
117120
117143
117281
117302
117356
117358
117371
117764
117902
117924
117984
118043
118056
118166
118223
118230
118587
118745
118907
119107
119177
119223
119225
119387
119395
119405
119407
119422
119521
119647
119728
119877
119996
120212
120224
120272
120313
120379
120400
120418
120598
120685
120687
120856
120901
121195
121269
121327
121375
121401
121540
121572
121574
121876
122020
122133
122575
122584
122645
122647
122765
122767
122815
122817
122880
122951
123122
123300
123302
123319
123617
123678
123754
123894
123896
124048
124063
124108
124110
124175
124177
124321
124358
124420
124556
124626
124852
124933
124938
125075
125077
125106
125150
125215
125320
125325
125405
125530
125664
125683
125740
125923
126267
126272
126349
126370
126380
126502
126551
126644
126806
126811
126845
126867
126869
126879
126926
126966
127208
127340
127367
127415
127597
128061
128063
128065
128169
128191
128220
128232
128353
128392
128457
128543
128642
128654
129026
129037
129144
129156
129209
129232
129308
129376
129419
129472
129644
129737
129858
129890
130354
130428
130450
130499
130651
130738
130926
131071
131076
131106
131165
131184
131197
131237
131398
131479
131591
131611
131620
131684
131713
131884
131933
132058
132060
132066
132088
132115
132274
132288
132366
132697
132841
132883
133161
133306
133325
133444
133446
133486
133716
133828
133914
133936
134086
134116
134172
134217
134219
134290
134292
134307
134352
134578
134636
134653
134655
134757
134971
135022
135080
135103
135163
135348
135371
135400
135407
135477
135556
135624
135654
135660
135829
135904
136122
136124
136246
136380
136386
136445
136469
136498
136515
136561
136582
136690
136715
136717
136800
136825
136845
136847
136867
136872
137069
137106
137146
137173
137175
137180
137182
137352
137497
137601
137673
137698
137721
137743
137841
137925
138000
138093
138124
138211
138307
138510
138512
138618
138715
138729
138959
138975
139110
139226
139228
139246
139254
139287
139429
139503
139634
139783
139785
139807
139809
139821
139853
139958
140228
140326
140425
140472
140491
140680
140763
140765
141005
141079
141081
141171
141634
141642
141724
141726
141742
141850
141906
141908
141930
141964
142046
142207
142220
142222
142339
Number of cuts: 1773

Erik
2
205
252
308
329
647
660
1055
1346
1460
1474
1636
2378
2549
2900
3079
3457
3465
3720
4303
4508
4559
4774
5299
5711
5760
6430
6477
6497
6590
6671
6925
7043
7093
7693
10410
10603
10617
10624
10883
10944
11117
11979
12033
12039
12076
12088
12097
12130
12152
12452
13119
13408
13464
13708
13873
13881
14040
14136
14142
14163
14184
14427
14671
14775
15277
15435
15446
16587
17495
17669
18559
18568
18766
19106
19247
19545
20354
20934
22386
23608
23847
23900
24286
24663
24986
25043
25249
25381
25418
26337
28215
28607
28629
29115
29381
29484
29594
29977
29986
30221
30650
30902
31000
31133
31176
31677
32211
32684
33049
33802
34062
35466
35668
36314
36631
36889
37802
38086
39375
39385
39645
39650
40567
40614
41409
41836
42578
45635
45840
46033
46045
Number of cuts: 132

Espica
2
205
252
308
329
647
660
1055
1346
1460
1474
1636
2378
2549
2900
3079
3457
3465
3720
4303
4508
4559
4774
5299
5711
5760
6430
6477
6497
6590
6671
6925
7043
7093
7693
10220
10411
10604
10618
10625
10884
10945
11118
11980
12034
12040
12077
12089
12098
12131
12153
12453
13120
13409
13465
13709
13874
13882
14041
14137
14143
14164
14185
14428
14672
14776
15278
15436
15447
16588
17496
17670
18560
18569
18767
19107
19248
19546
20355
20935
22387
23610
23849
23902
24289
24666
24989
25046
25252
25384
25421
26001
26340
28218
28610
28632
29118
29255
29382
29485
29523
29595
29978
29987
30222
30651
30903
31001
31134
31177
31678
32212
32685
33050
33803
34063
35476
36324
36641
36810
36899
37812
38096
38335
39382
39392
39652
39657
39946
40251
41519
41946
42688
45745
45950
46143
Number of cuts: 136

Finch
234
312
678
680
1146
1155
1157
1194
1275
1530
1559
1577
1594
1599
1665
1950
2097
2695
2957
2971
3524
3526
3557
3559
3908
3948
3968
4046
4429
4614
4707
4889
4970
5115
5156
5724
5896
6158
6270
6574
6668
7316
7716
7803
7886
7903
7934
8506
8584
8828
8941
9493
9796
10090
10205
10331
10470
10558
10644
11079
11118
11277
11310
11331
11826
12296
12394
12696
12732
12807
13160
13427
13586
13588
13603
13664
13883
13947
13958
14153
14164
14373
14375
14599
14726
14939
15051
15260
15475
15659
15939
15992
16037
16185
16345
16431
16533
16843
17016
17029
17149
17249
17257
17619
17700
17929
18550
18671
19048
19061
19122
19124
19256
19278
19388
19508
20009
20346
20531
20983
21050
21519
21988
22397
22405
22766
22946
22978
23257
23382
23605
23979
24229
24282
24906
24952
25299
25308
25546
25560
25613
25859
26035
26144
26174
26272
26666
26668
26759
26891
27022
27711
27728
27776
27906
28358
28771
29526
29642
29811
30067
30171
30295
30726
30970
30972
31122
31356
31389
31451
31802
32150
32196
32213
32315
32317
32451
32593
32918
33061
34427
34574
34813
34859
35201
35243
35348
35470
35985
36520
37676
38040
38166
38253
38255
38257
38274
38292
38354
38625
38636
38731
38878
39020
39163
39338
39539
39732
39907
39984
40982
41400
41533
43315
43394
43451
43915
43917
44414
44498
44533
44535
45185
45199
45737
45739
46200
46306
46340
46560
46795
46843
47149
47875
47936
47950
47952
48658
49271
49273
49429
49471
49674
49722
49886
49888
49890
49908
50097
50099
50111
51948
52133
52140
52200
52211
52590
52604
52685
52779
52864
53028
53393
53420
53445
53544
53604
53928
54142
54144
54168
54405
54643
55038
55355
55365
55382
55493
55599
55881
56018
56361
56460
57044
57057
57950
58553
59013
59290
59543
60538
60691
60862
61186
61230
61432
61554
61630
61751
61907
61967
62260
62458
62848
62857
63022
64053
64108
64114
64813
65023
65101
65110
65280
65311
65381
65468
66145
66424
66469
66843
67084
67428
67606
68050
68052
68323
68446
68617
68732
69045
69054
69250
69717
69719
69968
70032
70063
70095
70106
70126
70336
70704
70953
71028
71765
71887
72008
72202
72439
72787
73397
73504
73576
73673
73675
73834
75127
75337
75611
75757
75841
76329
76331
76351
76683
76846
77512
77679
77932
78425
78922
78961
78978
79180
79381
80918
80957
81285
81509
81554
81593
81748
82150
82257
82259
82449
82575
82613
83032
83034
83036
83082
83119
83154
83249
83508
83571
84301
84379
84528
84581
84707
84709
84747
84760
84790
85722
85797
85993
86322
86619
86621
86644
86925
86946
87650
87667
87931
87947
88013
88121
88143
88330
88483
88718
88765
88796
89161
89176
89203
89679
89972
89996
90086
90475
90550
90946
90984
91415
91643
91836
91868
91932
92042
92088
92832
93347
93420
93456
93746
94266
94390
94585
94641
94749
94799
95453
95610
95987
96222
96260
96575
97013
97266
97608
97739
97956
98538
99036
99404
99422
99554
99723
99748
99798
99906
100097
100099
100298
100359
100633
100910
101132
101264
101693
101872
101874
101886
101949
102043
102129
102131
102392
102655
102663
102718
102927
103062
103361
103363
103481
103802
103807
103809
104570
105036
105915
106474
106548
106565
107069
107570
107662
107841
107922
108193
108428
108995
108997
109085
109373
109792
109892
110001
110058
110077
110079
110166
110184
110873
111246
111328
112283
112822
113110
113605
113654
114030
114049
114051
114172
114209
114582
114644
114646
114737
115090
115112
115789
116040
116133
116364
116424
116663
117081
117450
117847
117912
118011
118122
118135
118170
118297
118436
118438
118618
118894
118996
119180
119457
119563
119601
119769
119854
120054
120081
120332
120334
120395
120506
120622
120707
121266
121389
121638
122187
122554
122777
122850
123130
123274
123364
123433
123593
123724
124010
124025
124033
124040
124747
125559
125628
125630
126162
126202
126204
126322
126383
126576
126666
127142
127316
127339
127772
127989
127991
128042
128259
128272
128357
128463
128712
129096
129274
129319
129388
129653
129658
129861
130063
130323
130467
130714
130923
131289
131621
131640
131642
132155
132249
132286
132587
132599
132642
132700
132795
132902
133594
133596
133961
134229
134465
134585
134781
135581
135586
135639
135641
135738
135927
136425
136527
136650
136911
137082
137238
137298
137626
137667
137688
137809
138501
138639
Number of cuts: 674

Gollum
2
205
252
308
329
647
660
1055
1346
1460
1474
1636
2378
2549
2900
3079
3457
3465
3720
4303
4508
4559
4774
5299
5711
5760
6430
6477
6497
6590
6671
6925
7043
7093
7693
10411
10604
10618
10625
10884
10945
11118
11980
12034
12040
12077
12089
12098
12131
12153
12453
13120
13409
13465
13709
13874
13882
14041
14137
14143
14164
14185
14428
14672
14776
15278
15436
15447
16588
17496
17670
18560
18569
18767
19107
19248
19546
20355
20935
22387
23610
23849
23902
24288
24665
24988
25045
25251
25383
25420
26000
26339
27247
28217
28609
28631
29117
29254
29381
29484
29594
30052
30287
30716
31066
31199
31242
31743
32277
32750
33115
33868
34128
35532
36380
36697
36866
36955
37868
38152
38391
39438
39448
39708
39713
39773
40254
40678
40725
41520
41947
42689
45746
45951
46144
46156
Number of cuts: 136

Grayson
222
1251
1416
2509
3864
3901
4151
4479
4963
4965
5193
5839
5968
7425
11969
13271
13490
14266
14278
14417
16134
18857
19009
21768
22017
26419
26590
26929
27027
27266
27268
28086
28795
29356
29472
30576
31282
32541
33764
34251
36183
36486
36924
37450
39905
40524
40707
40923
42504
44173
44227
44299
44586
44780
45089
45430
46497
47127
47286
48327
48329
48552
48887
52037
52552
52732
53051
53185
56776
60593
62202
64026
64074
64598
65506
66113
66158
66604
66626
66809
67965
68814
70621
70909
71289
73502
73967
74308
75673
77928
78744
79502
80012
80174
81765
83025
83642
83794
85619
86318
87021
87098
87218
88480
88702
89845
90669
91179
92020
92027
93998
95512
95796
96249
96365
97883
98561
98763
98853
98978
100491
101595
102394
103655
103804
103895
104621
105217
107427
107841
108048
108972
109647
110223
111625
111690
113412
113704
117453
119999
121666
121873
122200
122705
124195
124443
124510
124512
125624
126526
127700
128829
129123
130152
130317
131410
Number of cuts: 156

Harlequin
2
205
252
308
329
647
660
1055
1346
1460
1474
1636
2148
2378
2549
2900
3079
3457
3465
3720
4160
4303
4508
4559
4756
4776
5267
5299
5711
5760
6415
6417
6462
6482
6575
6656
6910
7028
7078
7659
8272
9057
9669
10164
10355
10548
10569
10834
11068
11930
11984
11990
12027
12039
12048
12081
12103
12403
12615
12790
13359
13415
13991
14087
14093
14378
14622
14726
14970
15228
15386
15397
16241
16266
16538
16964
17446
17494
17505
17620
18717
19057
20128
20305
20836
20885
21007
21016
21364
22079
22200
22328
22392
23005
23171
23615
23854
23907
24293
24670
24993
25050
25256
25425
26005
26234
28222
28614
29122
29259
29491
29601
29829
29838
30073
30502
30852
30985
31028
31529
32063
32536
32901
33654
33914
35520
36166
36483
36652
36741
37654
37938
38536
38821
39227
39237
39499
39504
39793
40143
40492
41315
41368
41795
42537
45594
45799
45992
46004
Number of cuts: 149

Hiro
2
205
252
308
329
647
660
1055
1346
1460
1474
1636
2148
2378
2549
2900
3079
3457
3465
3734
4303
4508
4559
4774
5082
5267
5299
5760
6415
6462
6482
6575
6910
7028
7078
7659
8272
9057
9732
10355
10548
10828
11676
11978
11984
12033
12042
12097
12546
12561
12845
14097
14130
14138
14297
14393
14399
14669
14928
15021
15534
15692
15703
16844
17752
17800
17926
17945
18816
18825
19363
19802
20101
20547
20788
21142
21322
21488
21655
21670
21884
22331
22409
22509
22659
22919
22965
23258
24109
24162
24548
24925
25248
25305
25511
25680
26260
26489
27029
28477
28869
29377
29514
29746
29784
29856
30314
30549
30978
31328
31461
31504
32005
32539
33012
33377
34130
34390
35996
36642
36959
37128
37217
38130
38414
38834
39012
39703
39713
39973
39978
40572
41043
41786
41839
43008
46065
46270
46463
46475
Number of cuts: 140

Jace
68
253
262
365
376
463
522
584
629
694
733
735
784
823
874
969
1014
1016
1048
1174
1212
1226
1417
1484
1826
1871
2001
2054
2071
2222
2253
2263
2308
2691
2750
2781
2801
2922
3083
3104
3116
3169
3205
3258
3291
3393
3409
3464
3632
3680
3733
3782
3870
3891
3900
3953
3989
4006
4030
4068
4365
4479
4540
4563
4604
4620
4647
4666
4681
4699
4724
4739
4899
4945
5035
5093
5121
5237
5272
5297
5602
5709
5800
5984
6131
6283
6340
6420
6425
6498
6707
6726
6728
6736
6750
6828
6965
7031
7123
7193
7304
7493
7518
7708
7810
7812
7860
7939
7964
7989
8018
8060
8099
8168
8205
8207
8270
8278
8355
8422
8606
8631
8656
8688
8690
8725
8942
8991
9000
9090
9092
9164
9273
9374
9442
9468
9537
9599
9704
9718
9782
9853
9989
10051
10097
10099
10138
10148
10187
10196
10244
10348
10355
10533
10733
10879
10985
11015
11042
11133
11135
11183
11300
11371
11400
11438
11507
11638
11682
11723
11749
11807
11825
11839
11907
11954
12110
12112
12224
12268
12277
12460
12469
12521
12530
12711
12812
12869
12871
12906
12950
12987
13122
13160
13199
13413
13428
13464
13466
13551
13579
13648
13759
13784
13795
13885
14058
14084
14152
14197
14604
14828
14830
14849
14975
15078
15301
15635
15710
15930
15985
16121
16216
16398
16542
16557
16580
16669
16773
16779
17087
17146
17179
17181
17241
17255
17267
17378
17414
17446
17460
17581
17660
17837
17881
17883
17950
18004
18037
18086
18164
18438
18450
18488
18521
19306
19559
19564
19670
19672
19775
19921
19931
19936
20017
20151
20290
20321
20390
20407
20686
20807
20822
20824
20858
20927
21044
21119
21161
21354
21434
21468
21470
21492
21515
21521
21539
21555
21577
21579
21787
21959
22005
22168
22178
22224
22407
22461
22554
22589
22659
22860
22909
22922
23007
23140
23212
23232
23252
23338
23348
23437
23482
23554
23693
23695
23861
23884
23953
24194
24477
24516
24556
24562
24584
24660
24680
24747
24774
24788
24795
24805
24958
24987
24989
25069
25103
25111
25251
25279
25287
25437
25642
25806
25982
26013
26048
26056
26125
26282
26432
26512
26617
26700
26770
27005
27044
27084
27106
27127
27210
27310
27472
27522
27538
27546
27587
27596
27663
27778
27794
27796
27890
27928
28213
28865
29018
29024
29120
29168
29213
29240
29242
29443
29590
29603
29693
29728
29730
29740
29752
29761
29959
30027
30099
30122
30151
30161
30172
30260
30272
30361
30421
30475
30491
30493
30502
30516
30616
30702
30902
30957
30970
31181
31219
31370
31491
31493
31522
31549
31566
31594
31599
31691
31759
31774
31782
31938
32055
32149
32330
32342
32350
32408
32457
32490
32513
32634
32685
32833
32864
32869
32908
32910
32948
32955
33076
33115
33120
33122
33147
33300
33452
33624
33679
33714
33724
33726
33927
34130
34172
34212
34253
34287
34338
34509
34596
34606
34648
34719
34721
34816
34921
35037
35049
35058
35071
35135
35225
35292
35382
35407
35470
35612
35651
35653
35670
35799
35815
35871
35904
35940
35966
36028
36046
36184
36208
36237
36250
36262
36295
36329
36349
36408
36446
36484
36582
36610
36646
36660
36704
36900
37049
37051
37322
37347
37349
37382
37432
37459
37721
37822
37864
37910
37930
38261
38323
38531
38533
38538
38591
38600
38649
38669
38676
38678
38686
38757
38759
38836
38891
38947
39055
39122
39152
39211
39549
39708
39769
39937
40029
40078
40105
40278
40283
40285
40340
40361
40392
40428
40446
40460
40738
40755
40876
40891
40958
40993
41022
41060
41199
41233
41242
41437
41466
41590
41613
41643
41943
41945
42040
42159
42181
42236
42288
42322
42601
42631
42671
42681
42732
42759
42787
42832
42870
42891
42893
42967
43033
43115
43140
43159
43164
43171
43181
43186
43191
43241
43475
43480
43507
43522
43552
43613
43640
43683
43726
43728
43737
43767
43917
43983
44113
44150
44245
44295
44327
44378
44483
44489
44526
44594
44608
44658
44660
44930
44992
45066
45150
45231
45370
45757
45817
45869
45874
45886
45896
45942
45966
46008
46068
46173
46338
46555
46624
46629
46749
46783
46928
46930
47232
47633
47915
47929
47967
47982
47990
48282
48302
48564
48746
48811
48855
48871
48914
48969
48983
49032
49063
49158
49302
49313
49323
49360
49376
49454
49473
49479
49700
49749
49756
49781
50016
50018
50030
50093
50130
50157
50195
50229
50502
50516
50523
50601
50830
50898
50903
50908
50928
50992
51115
51367
51521
51580
51652
51743
51818
51820
51848
51876
51890
52000
52007
52009
52026
52031
52400
52402
52416
52438
52478
52483
52488
52704
52712
52798
52938
52971
52993
53110
53195
53228
53311
53334
53361
53489
53617
53642
Number of cuts: 748

Jester
2
205
252
308
329
647
660
1055
1346
1460
1474
1636
2148
2378
2549
2900
3079
3457
3465
3720
4160
4303
4508
4559
4756
4776
5267
5299
5711
5760
6415
6417
6462
6482
6575
6656
6910
7028
7078
7659
8272
9057
9669
9732
10355
10548
10569
10828
11676
11924
11978
11984
12021
12033
12042
12075
12097
12397
12609
12784
13353
13409
13818
13826
13985
14081
14087
14372
14616
14709
14720
15222
15380
15391
16532
17135
17137
17440
17488
17614
17633
18504
18513
18711
19051
20122
20299
20830
20879
21001
21010
21358
22010
22131
22259
22323
22936
23102
23546
23785
23838
24224
24601
24924
24981
25187
25356
25936
26165
28153
28545
29053
29190
29422
29532
29760
29769
30004
30433
30783
30916
30959
31460
31994
32467
32832
33585
33845
35451
36097
36414
36583
36672
37585
37869
38467
38752
39158
39168
39430
39435
39724
40074
40423
41246
41299
41726
42468
45525
45730
45923
45935
Number of cuts: 152

Krishelle
2
205
252
308
329
647
660
1055
1346
1460
1474
1636
2378
2549
2900
3079
3457
3465
3720
4303
4508
4559
4774
5299
5711
5760
6430
6477
6497
6590
6671
6925
7043
7093
7674
8287
9072
9747
10370
10563
10843
11691
11993
11999
12048
12057
12112
12561
12576
12860
13736
14112
14145
14153
14312
14408
14414
14684
14943
15036
15549
15707
15718
16859
17767
17815
17941
17960
18831
18840
19378
19817
20562
20803
21157
21337
21503
21670
21685
21935
22382
22460
22560
22710
22970
23016
23309
24214
24465
24572
24688
24949
25272
25329
25535
25704
26284
26623
26722
26824
27053
27055
28493
28501
28972
28994
29480
29743
29846
29956
30414
30649
31078
31428
31561
31604
32105
32639
33112
33636
34230
34490
35894
36751
37068
37326
38239
38523
39812
39822
40082
40087
40681
41947
42374
43116
45846
46368
46567
Number of cuts: 139

Lillie
2
205
252
308
329
647
660
1055
1346
1460
1474
1636
2378
2900
3079
3457
3465
3720
4303
4508
4559
4774
5299
5711
5760
6430
6477
6497
6590
6925
7043
7093
7693
10411
10604
10618
10625
10884
10945
11118
11980
12034
12040
12077
12089
12098
12131
12153
12453
13120
13409
13465
13709
13874
13882
14041
14137
14143
14164
14185
14428
14672
14776
15278
15436
15447
16588
17496
17670
18432
18560
18569
18767
19107
19248
19546
20355
20935
21716
22387
23610
23849
23902
24288
24665
24988
25045
25251
25383
25420
26000
26339
27247
28217
28609
28631
29117
29486
29596
30054
30289
30718
31068
31201
31244
31745
32279
32752
33276
33870
34130
35534
36382
36699
36957
37870
38154
39443
39453
39713
39718
40312
40736
40783
41578
42005
42747
45804
46009
46202
46214
Number of cuts: 131

Mahdia
180
488
730
872
963
1120
1285
1607
1840
2163
2165
2455
2613
2806
2827
2928
2944
3284
3800
3918
4125
4155
4294
4438
4599
4739
4741
4866
5143
5338
5606
5621
5708
6289
6594
6925
7005
7065
7441
7464
7466
7924
8074
8076
8086
8186
8312
8351
8353
8531
8613
8615
8847
8903
8961
9179
9181
9495
9678
9686
9688
10040
10096
10189
10246
10253
10268
10400
10513
10641
10774
10795
10939
10941
11276
11278
11662
11783
11795
11845
12318
12320
12338
12521
12824
13201
13309
13390
13520
13582
13622
13685
14142
14232
14774
14886
14888
15322
15338
15784
15947
16190
16192
16200
16892
16904
17048
17050
17124
17126
17128
17140
17345
17407
17457
17459
17497
18082
18084
18086
18338
18350
18352
18463
18508
18541
18543
18545
18670
18743
18745
18778
18780
18820
18822
19172
19174
19235
19458
19460
19462
19549
19579
19669
19915
20026
20231
20233
20314
20454
20629
20631
20846
21000
21002
21037
21109
21564
21566
21605
21657
21921
22260
22287
22491
22552
22716
22906
23061
23093
23643
24173
24175
24409
24613
24837
24924
25061
25233
25235
25254
25414
25602
25710
25712
25762
25994
26073
26186
26188
26391
26455
26465
26698
27165
27589
27831
27833
27892
28069
28315
28393
28478
28519
28521
28528
28658
28892
28894
28935
28937
29217
29227
29414
29986
30103
30105
30213
30799
30821
30967
31062
31256
31369
31414
31730
31776
32060
32062
32165
32357
32613
32908
32910
33090
33158
33601
33722
33862
34149
34151
34261
34302
34387
34457
34796
34876
34915
35044
35220
35343
35345
35448
35620
35668
35684
35691
36357
36514
36543
36545
36674
36676
36865
36867
37185
37323
37547
37957
38184
38316
38318
38465
38497
38553
38802
38855
39164
39448
39877
39988
40150
40152
40307
40739
40782
40784
41059
41296
41416
41681
42150
42239
42241
42278
42280
Number of cuts: 296

Naiad
2
205
252
308
329
647
660
1055
1346
1460
1474
1636
2378
2549
2900
3079
3457
3465
3720
4303
4508
4559
4774
5299
5711
5760
6430
6477
6497
6590
6671
6925
7043
7093
7693
10220
10411
10604
10618
10625
10884
10945
11118
11980
12034
12040
12077
12089
12098
12131
12153
12453
13120
13409
13465
13709
13874
13882
14041
14137
14143
14164
14185
14428
14672
14776
15278
15436
15447
16588
17496
17670
18432
18560
18569
18767
19107
19546
20355
20935
21716
22400
23623
23862
23915
24301
24678
25001
25058
25264
25396
25433
26013
26352
26782
27260
28230
28622
28644
29130
29499
29609
30067
30302
30731
31081
31214
31257
31758
32292
32765
33289
33883
34143
35547
36404
36721
36979
37892
38176
39465
39475
39735
39740
40334
41600
42027
42769
45826
46031
46224
46236
Number of cuts: 132

Nancinator
2
205
252
308
329
647
660
1055
1346
1460
1474
1636
2378
2549
2900
3079
3457
3465
3720
4303
4508
4559
4774
5299
5711
5760
6430
6477
6497
6590
6671
6925
7043
7093
7693
10220
10411
10604
10618
10625
10884
10945
11118
11980
12034
12040
12077
12089
12098
12131
12153
12453
13120
13409
13465
13709
13874
13882
14041
14137
14143
14164
14185
14428
14672
14776
15278
15436
15447
16588
17496
17670
18560
18569
18767
19107
19248
19546
20355
20935
22387
23610
23849
23902
24289
24666
24989
25046
25252
25384
25421
26001
26340
28218
28610
28632
29118
29255
29382
29485
29523
29595
29978
29987
30222
30651
30903
31001
31134
31177
31678
32212
32685
33050
33803
34063
35476
36324
36641
36810
36899
37812
38096
38335
39382
39392
39651
40075
40122
40917
41344
42086
45143
45348
45541
45553
Number of cuts: 136

Natosaleda
2
205
252
308
329
647
660
1055
1346
1460
1474
1636
2378
2900
3079
3457
3465
3720
4303
4508
4559
4774
5299
5711
5760
6430
6477
6497
6590
6671
6925
7043
7093
7693
10220
10411
10604
10618
10625
10884
10945
11118
11980
12034
12040
12077
12089
12098
12131
12153
12453
13120
13409
13465
13709
13874
13882
14041
14137
14143
14164
14185
14428
14672
14776
15278
15436
15447
16588
17496
17670
18560
18569
18767
19107
19248
19546
20355
20935
22387
23610
23849
23902
24288
24665
24988
25045
25251
25383
25420
26000
26339
28217
28609
28631
29117
29254
29381
29484
29522
29594
29977
29986
30221
30650
30902
31000
31133
31176
31677
32211
32684
33049
33802
34062
35475
36323
36640
36809
36898
37811
38095
38334
39381
39391
39651
39656
39945
40250
41518
41945
42687
45941
46134
46146
Number of cuts: 135

Partridge
2
205
252
293
329
481
642
655
1048
1339
1453
1467
1695
2207
2221
2437
2523
2608
2959
3138
3516
3524
3779
4567
4618
4833
5141
5326
5358
5770
5819
6474
6521
6541
6634
6701
6715
6969
7087
7137
7718
9140
10247
10438
10631
10652
10917
11151
12013
12067
12073
12110
12122
12131
12164
12186
12486
12698
12873
13247
13442
13498
13907
13915
14170
14176
15053
15311
15469
15480
15991
16324
16349
16621
17047
17703
17722
18465
18593
18602
19140
19298
19579
20324
20919
21090
21265
21389
21447
22255
22433
22699
23656
23949
24335
24451
24712
25035
25092
25298
25467
26083
26394
26422
26521
26623
26852
28292
28300
28771
28793
29279
29543
29646
29756
30878
31228
31361
31404
31905
32776
32912
33274
33769
34159
36088
36680
36997
37392
38169
38453
39742
39752
39877
40308
40613
40956
41110
42238
42306
46377
46570
46582
Number of cuts: 143

Pepy6
358
503
722
875
1190
1315
1980
2137
2926
2980
3215
3437
3623
3681
3960
4611
4867
5367
5594
6193
6687
8591
8626
9370
9719
10236
11696
12675
13047
13062
13181
13325
13458
13581
14255
14788
15801
16312
16693
17171
17337
17433
17537
18021
18529
18838
19093
19553
20121
21790
22388
22725
22987
22989
23236
23298
23490
23785
23967
24267
24843
25140
25619
26450
27100
27235
27425
28527
28861
29283
29568
29740
29939
30078
30192
30198
30257
30606
30664
30738
30876
31110
31354
31419
31440
31629
32289
32444
32496
32636
32955
33038
33524
33590
34241
34668
34710
34733
35998
36635
36943
37835
37881
38231
39034
39123
39624
40072
40114
40979
41188
41389
41741
42420
42660
43019
43052
43262
43431
44272
44554
44838
45038
45395
46003
46020
46285
46348
46875
47101
47299
47416
47627
47840
48118
48252
48348
48350
48954
49743
49789
49823
49825
50096
50302
50381
50629
50805
50828
50953
51248
51993
52066
52400
52463
52616
52804
53460
53615
54269
54278
54293
54838
55347
55401
55435
55497
55509
55549
55580
55612
55668
55818
56293
56476
56641
57516
57525
57702
57834
57902
58476
60223
60555
60646
60918
61405
61893
62003
62548
62657
62770
62867
63066
63304
63970
63999
64112
64481
64753
64910
64952
64954
65052
65187
65860
66094
67389
67613
69114
69180
69808
70109
70934
70963
71216
73102
73570
74327
74338
74937
75498
75992
76188
Number of cuts: 224

Peregrin
930
952
1274
1439
3892
4006
4795
5021
5806
6423
7569
9641
11283
12585
13598
13610
13749
15236
18409
18561
19578
19580
20017
20935
21183
26167
26506
26512
26604
26780
26782
27316
27600
28309
28870
28986
32546
36016
36232
38686
39304
39487
39703
41284
42953
43453
43560
43869
44210
44983
45907
47107
50820
51819
51966
60569
62393
63016
63924
65234
65408
65410
68071
68184
69319
69699
71912
71989
72739
74055
74285
74626
75409
75417
75674
78952
80543
80705
81840
82263
82917
83535
85586
86237
86950
87017
87137
88645
89279
90258
90610
91451
91458
92637
93430
95398
97007
97075
97209
97299
97424
98083
98491
98933
99266
99308
99599
99951
101982
102796
104057
104206
105025
105851
106306
107587
107700
108321
109064
109651
109884
110139
111024
111026
113840
115623
117524
117547
118928
122725
123131
123292
123294
123771
124277
125262
127504
127549
127570
128444
129997
130999
131021
131343
131508
Number of cuts: 145

Phrankenstein
2
205
252
308
329
647
660
1055
1346
1460
1474
1636
2378
2549
2900
3079
3457
3465
3720
4303
4508
4559
4774
5299
5711
5760
6430
6477
6497
6590
6671
6925
7043
7093
7693
10411
10604
10618
10625
10884
10945
11118
11980
12034
12040
12077
12089
12098
12131
12153
12453
13120
13409
13465
13709
13874
13882
14041
14137
14143
14164
14185
14428
14672
14776
15278
15436
15447
16588
17496
17670
18560
18569
18767
19107
19248
19546
20355
20935
22333
23556
23795
23848
24234
24611
24934
24991
25197
25329
25366
25946
26285
28163
28555
28577
29063
29329
29432
29542
30000
30235
30664
30916
31014
31147
31190
31691
32225
32698
33222
33816
34076
35480
36328
36645
36814
36903
37816
38100
39389
39399
39659
39664
40258
40682
40729
41524
41951
42693
45750
45955
46148
46160
Number of cuts: 133

Pine5
137
181
274
305
369
379
461
478
516
557
559
704
753
906
1008
1057
1453
2115
2134
2155
2206
2327
2850
2913
3123
3221
3292
3490
3656
3658
3698
3733
3814
4116
4231
4233
4253
4900
4956
4999
5001
5020
5046
5308
5415
5436
5980
6136
6237
6270
6315
6498
6633
6687
7022
7076
7078
7358
7553
7633
7800
7911
8154
8156
8190
8250
8381
8796
8879
9029
9073
9075
9238
9397
9483
9631
9710
9993
10060
10100
10256
10537
10543
10666
10677
10698
10735
10737
10748
10779
10895
10906
11020
11089
11330
11555
11633
11663
11691
11718
11720
11826
11925
11927
12002
12359
12361
12369
12463
12469
12563
12873
12962
13221
13595
13723
13863
13871
14163
14178
14221
14239
14630
14638
14703
14951
15020
15168
15624
15631
15638
15785
15800
15988
16096
16215
16365
16456
16782
16818
17171
17173
17243
17307
17973
18260
18345
18608
18620
18661
19050
19078
19092
19094
19497
19681
19966
20116
20229
20503
20554
20779
20945
21263
21290
21365
21568
21596
21614
21619
21667
21860
22022
22030
22070
22097
22226
22409
22411
22829
22964
23042
23099
23338
23469
23471
24008
24134
24275
24401
24431
24433
24499
24600
24602
24626
24752
24981
24983
25015
25017
25027
25459
25468
25480
25511
25535
25559
26061
26266
26282
26309
26311
26313
26559
26832
26893
26905
27036
27102
27198
27236
27253
27314
27457
27463
27465
27476
27614
27904
27906
27969
28020
28225
28227
28242
28617
28619
29467
29518
29679
29814
29816
29949
29974
30008
30487
30835
30854
30856
30925
31155
31266
31626
31737
31844
31894
31896
31985
32213
32661
32681
32698
32803
32840
33223
33535
33553
33689
33791
33793
33821
34110
34420
34619
34653
34759
34849
34939
35040
35662
35692
36530
36673
36765
36869
36871
36915
36950
37260
37463
37501
37837
38046
38130
38231
38233
38495
38537
38547
38549
38651
38837
38839
38935
39159
39170
39203
39254
39256
39286
39533
39572
39822
40077
40122
40217
40219
40242
40272
40304
40478
40711
40713
40769
40771
40789
40818
40820
40856
41042
41405
41459
41559
41561
41635
41656
41687
41689
41937
42158
42160
42183
42286
42563
42660
42662
42684
42686
42711
42832
42894
42939
42941
43000
43006
43128
43173
43241
43243
43634
43704
43706
43905
44460
44484
45099
45350
45423
45425
45456
45503
45625
46108
46132
46244
46578
46745
46747
46955
46957
47016
47018
47020
47038
47040
47042
47115
47218
47540
47867
47890
47918
47920
48055
48313
48804
48876
49260
49418
50008
50044
50164
50368
50552
50713
50783
50884
50948
50978
51013
51055
51077
51160
51162
51659
51661
51770
51946
51959
51969
51980
52042
52158
52301
52474
52570
52572
52732
53148
53513
53749
54002
54312
54397
54417
54655
54804
54933
55128
55209
55305
56210
56273
56319
56445
56694
56997
57087
57089
57157
57204
57267
57276
57342
57399
57411
57413
57844
57883
57885
58000
58123
58142
58251
58443
58539
58954
58956
59028
Number of cuts: 470

Poco6
407
480
722
875
1312
1334
2009
2138
2846
3317
3319
4170
4969
5173
5179
5263
5733
5907
6191
6333
6399
6414
6905
6937
6973
7614
7879
8007
8059
8080
9096
9450
10215
12022
12057
12654
12905
13150
13256
14735
14857
15111
15413
15575
15666
16126
16889
16909
17032
17732
17948
18330
18561
18874
18929
19081
19185
19290
19362
21194
21302
21368
21818
22493
22854
23812
25003
25005
25242
25249
25474
25503
25629
25980
26280
26500
26502
27153
27524
29248
29360
29636
30105
30205
30548
30880
31587
31759
32097
32211
32238
32622
32640
32698
33654
34284
34371
34666
34719
34811
34832
35409
35549
35615
36690
37071
37463
37641
37916
38965
39152
39451
41153
42115
42894
43191
43545
43849
44214
44439
44731
44812
45219
45245
45352
46632
46745
47244
47246
47619
48020
48301
48307
48487
48733
49409
49699
49722
50212
50236
50469
50816
51335
51337
51608
52227
52353
52480
52805
52868
53502
53575
53971
54124
54312
54689
54968
55022
55123
55777
55786
55912
56348
56633
56855
56909
56911
57057
57120
57326
58149
58970
59112
59121
59301
59433
59465
59600
59722
59724
60278
60326
60586
61424
61909
62119
62206
62368
62370
63468
64056
64712
64848
65696
65698
66408
66923
67145
67221
67235
67342
67727
68000
68558
69071
69379
69441
69608
69736
69883
70056
71301
72172
72197
72353
72434
72909
73614
73631
74007
74087
76182
76766
77260
77456
Number of cuts: 225

Rasputin
2
205
252
308
329
647
660
1055
1346
1460
1474
1636
2378
2549
2900
3079
3457
3465
3720
4303
4453
4508
4559
4774
5082
5267
5299
5760
6415
6462
6482
6575
6910
7028
7078
7659
8273
8832
9082
9694
10189
10380
10587
10594
10853
11949
12003
12009
12046
12058
12067
12100
12122
12422
12634
12809
13378
13434
13851
14010
14106
14112
14133
14397
14641
14745
14928
14989
15247
15405
15416
16260
16285
16557
16983
17465
17513
17524
17639
18736
19076
19515
20147
20324
20855
20904
21383
22044
22165
22357
23580
23873
24259
24375
24636
24959
25016
25222
25354
25971
26310
28188
28580
28602
29088
29225
29457
29567
30025
30260
30689
31039
31172
31215
31716
32250
32723
33247
33841
34101
35505
36353
36670
36928
37841
38125
39414
39424
39684
39689
40283
40707
41549
41976
42718
45775
45980
46173
46185
Number of cuts: 139

RER2
2
205
252
308
329
647
660
1055
1346
1460
1474
1636
2378
2900
3079
3457
3465
3720
4303
4508
4559
4774
5299
5711
5760
6430
6477
6497
6590
6925
7043
7093
7693
10411
10604
10618
10625
10884
10945
11118
11980
12034
12040
12077
12089
12098
12131
12153
12453
13120
13409
13465
13709
13874
13882
14041
14137
14143
14164
14185
14428
14672
14776
15278
15436
15447
16588
17014
17496
17670
18560
18569
18767
19107
19248
19546
20355
20886
20935
22387
22706
23000
23610
23849
23902
24288
24665
24988
25045
25251
25420
26000
26229
26769
28217
28945
29117
29254
29486
29524
29596
30054
30289
30718
31068
31201
31244
31745
32279
32752
33276
33870
34130
35534
35736
35790
36382
36699
36957
37870
38154
39443
39453
39713
39718
40312
40736
40783
41578
42005
42747
45804
46009
46202
46214
Number of cuts: 135

RexFury
2
205
252
308
329
678
691
1086
1377
1491
1505
1667
2409
2580
2931
3110
3488
3496
3751
4334
4539
4590
4805
5330
5742
5791
6461
6508
6528
6702
6956
7074
7124
7724
10442
10635
10649
10656
10915
10976
11149
12011
12065
12071
12108
12120
12129
12162
12184
12484
12696
13245
13440
13496
13740
13905
13913
14072
14168
14174
14195
14459
14703
14807
15309
15467
15478
16619
17527
17701
18591
18600
18798
19138
19279
19577
20386
20966
22418
23641
23880
23933
24319
24696
25019
25076
25282
25414
26031
26370
28248
28640
28662
29148
29285
29517
29627
30085
30320
30749
31099
31232
31275
31776
32310
32783
33307
33901
34161
35565
36413
36730
36899
36988
37901
38185
38424
39471
39481
39741
39746
40340
41608
42035
42777
45834
46039
46232
46244
Number of cuts: 129

RGL3
386
635
646
679
908
1082
1169
1458
1514
1560
1637
2147
2380
2466
2551
2902
3081
3722
4162
4305
4510
4561
4758
4776
5269
5301
5312
5626
5713
5997
6447
6470
6563
6575
6583
6650
7033
7383
7426
8171
8212
8805
8816
8818
8960
9255
10594
10859
11071
11446
11654
11955
12009
12015
12052
12064
12073
12106
12128
13042
13534
13543
13665
14295
14301
14490
14538
14923
15436
15611
15659
16047
16247
16466
16752
17178
17212
17252
17597
17621
17705
17831
17850
18593
18731
18743
19257
19693
19846
20050
20280
20787
20846
21000
21110
21158
21183
21339
21782
22120
22317
22319
22328
22365
22630
22816
22880
22900
22916
23019
23449
24006
24028
24386
24544
25251
25307
25479
25536
26039
26214
26393
26813
27009
27192
27280
27561
27885
28021
28216
28234
28879
29197
29234
29569
29789
30290
30494
30715
30724
30959
31268
31458
31914
32108
32415
33065
33398
33763
33922
34540
34713
34948
36264
36490
37017
37318
37430
37599
37694
37782
38019
38505
38838
38859
38879
39101
39117
39163
39421
39543
40162
40444
40643
40762
40833
41029
41414
41721
41847
41849
42567
43394
43777
44861
45501
45810
46119
46857
47113
47336
47661
47672
Number of cuts: 193

Rhodalysa
2
205
252
308
329
647
660
1055
1346
1460
1474
1636
2378
2900
3079
3457
3465
3720
4303
4508
4559
4774
5299
5711
5760
6430
6477
6497
6590
6925
7043
7093
7693
10411
10604
10618
10625
10884
10945
11118
11980
12034
12040
12077
12089
12098
12131
12153
12453
13120
13409
13465
13709
13874
13882
14041
14137
14143
14164
14185
14428
14672
14776
15278
15436
15447
16588
17496
17670
18432
18560
18569
18767
19107
19248
19546
20355
20781
20935
21716
22387
23610
23849
23902
24288
24665
24988
25045
25251
25383
25420
26000
26339
27247
28217
28609
28631
29117
29486
29596
30054
30289
30718
31068
31201
31244
31745
32279
32752
33276
33870
34130
35534
36382
36699
36957
37870
38154
39443
39453
39713
39718
40312
40736
40783
41578
42005
42747
45804
46009
46202
46214
Number of cuts: 132

StCroix
2
205
252
308
329
647
660
1055
1346
1460
1474
1636
2378
2549
2900
3079
3457
3465
3720
4303
4508
4559
4774
5299
5711
5760
6430
6477
6497
6590
6671
6925
7043
7093
7693
10220
10411
10604
10618
10625
10884
10945
11118
11980
12034
12040
12077
12089
12098
12131
12153
12453
13120
13409
13465
13709
13874
13882
14041
14137
14143
14164
14185
14428
14672
14776
15278
15436
15447
16588
17496
17670
18432
18560
18569
18767
19107
19546
20355
20935
21716
22400
23623
23862
23915
24301
24678
25001
25058
25264
25396
25433
26013
26352
26782
27260
28230
28622
28644
29130
29499
29609
30067
30302
30731
31081
31214
31257
31758
32292
32765
33289
33883
34143
35547
36404
36721
36979
37892
38176
39465
39475
39735
39740
40334
41600
42027
42769
45826
46031
46224
46236
Number of cuts: 132

Swann
2
205
252
308
329
647
660
1055
1346
1460
1474
1636
2378
2549
2900
3079
3457
3465
3720
4303
4508
4559
4774
5299
5711
5760
6430
6477
6497
6590
6925
7043
7093
7693
10411
10604
10618
10625
10884
10945
11118
11980
12034
12040
12077
12089
12098
12131
12153
12453
13120
13409
13465
13709
13874
13882
14041
14137
14143
14164
14185
14428
14672
14776
15278
15436
15447
16588
17496
17670
18560
18569
18767
19107
19546
20355
20935
22387
23610
23849
23902
24288
24665
24988
25045
25251
25383
26000
26339
28217
28609
28631
29117
29254
29381
29484
29594
30052
30287
30716
31066
31199
31242
31743
32277
32750
33274
33868
34128
35532
35734
35788
36380
36697
36955
37868
38152
39441
39451
39711
39716
40310
40734
40781
41576
42003
42745
45802
46007
46201
46213
Number of cuts: 131

Takoda
2
205
329
642
655
1048
1339
1453
1467
1629
2370
2541
2892
3449
3457
3712
4295
4500
4551
4748
4766
5074
5259
5291
5703
5752
6407
6454
6474
6567
6648
6902
7020
7070
7651
8264
8823
9073
9685
10180
10371
10585
10844
11078
11600
11940
11994
12000
12037
12049
12058
12091
12113
12413
12625
12800
13174
13369
13425
13801
14001
14097
14103
14736
14980
15238
15396
15407
15918
16251
16276
16548
16974
17456
17630
17649
18392
18520
18529
19067
19506
20251
20492
20846
20993
21166
21374
21588
21676
22035
22112
22181
22256
22359
22940
22970
23519
23582
23875
24261
24377
24638
24961
25018
25224
25356
25393
25973
26312
26742
28190
28604
28918
29090
29227
29356
29459
29569
29952
29961
30196
30625
30975
31108
31151
31652
32431
32498
32659
33021
33579
33774
33820
34304
35717
35973
36565
36882
37016
38053
38337
38961
39626
39636
39761
39898
39903
40192
42188
46222
46415
46427
Number of cuts: 152

Trina
684
1085
1316
1440
1498
2633
3746
4016
4058
4262
6244
6719
7426
8416
8418
9100
9241
10076
10084
10154
11292
11590
12322
12395
14877
15029
15317
15361
15629
15745
15881
16375
17359
17469
18405
18785
18846
18941
18965
19113
19841
20440
21291
23380
25367
26078
26969
27180
27350
29276
30849
31508
31529
31589
32829
32999
33066
34145
34147
35868
36658
37369
37954
38210
38408
38473
40993
41435
41717
42399
42854
44036
44222
44292
44768
44909
45194
45865
45905
45926
45979
46228
46358
46475
46706
47051
47069
47279
47550
48049
48330
48542
49087
49118
49340
49601
50033
50469
50539
51295
52086
52340
52794
53434
53642
54031
54536
55969
56305
56334
56522
56707
56915
57137
57593
57788
58088
58189
58265
58570
59653
59893
60829
61175
62140
63026
64357
64707
64785
65178
65723
65851
65853
66249
66251
66701
67001
67149
68311
69078
69083
69169
69234
69333
69536
69570
70984
71197
72370
73431
73436
75167
76098
76285
76518
76571
77196
77238
77569
78774
78923
79263
79649
80648
81943
82967
83005
85044
85207
85773
86030
86372
86390
86526
87236
87471
87473
87670
87672
88289
90757
90844
90853
90971
93236
94144
94189
94474
95069
95094
95660
98569
98893
100967
100969
101115
101508
102055
102387
103093
103117
103249
103791
104208
104596
106680
107319
107787
109110
110214
110546
111893
112068
112393
113677
114187
114285
115340
115753
115820
116020
116587
117266
118288
118968
119003
119449
120572
120987
121131
121133
121149
121261
121919
121921
122626
122645
122733
122753
122787
123040
123042
123964
124029
124632
125330
125538
125610
127629
127948
128615
128859
129598
129649
129873
130113
130136
130347
130358
130836
130853
130970
130972
131266
131473
131896
132022
133022
133618
134811
136334
137086
137487
137718
137842
137900
139035
Number of cuts: 277

TWAMP
2
205
252
308
329
647
660
1055
1346
1460
1474
1636
2378
2900
3079
3457
3465
3720
4303
4508
4559
4774
5299
5711
5760
6430
6477
6497
6590
6925
7043
7093
7693
10411
10604
10618
10625
10884
10945
11118
11980
12034
12040
12077
12089
12098
12131
12153
12453
13120
13409
13465
13709
13874
13882
14041
14137
14143
14164
14185
14428
14672
14776
15278
15436
15447
16588
17496
17670
18432
18560
18569
18767
19107
19248
19546
20355
20935
21716
22387
23610
23849
23902
24288
24665
24988
25045
25251
25383
25420
26000
26339
27247
28217
28609
28631
29117
29486
29596
30054
30289
30718
31068
31201
31244
31745
32279
32752
33276
33870
34130
35534
36382
36699
36957
37870
38154
39443
39453
39713
39718
40312
40736
40783
41578
42005
42747
45804
46009
46202
46214
Number of cuts: 131

UhSalsa
2
205
252
308
329
647
660
1055
1346
1460
1474
1636
2378
2549
2900
3079
3457
3465
3720
4303
4508
4559
4774
5299
5711
5760
6430
6477
6497
6590
6671
6925
7043
7093
7693
10220
10411
10604
10618
10625
10884
10945
11118
11980
12034
12040
12077
12089
12098
12131
12153
12453
13120
13409
13465
13709
13874
13882
14041
14137
14143
14164
14185
14428
14672
14776
15278
15436
15447
16588
17496
17670
18560
18569
18767
19107
19248
19546
20355
20935
22387
23610
23849
23902
24289
24666
24989
25046
25252
25384
25421
26001
26340
28218
28610
28632
29118
29255
29382
29485
29523
29595
29978
29987
30222
30651
30903
31001
31134
31177
31678
32212
32685
33050
33803
34063
35476
36324
36641
36810
36899
37812
38096
38335
39382
39392
39652
39657
39946
40251
41519
41946
42688
45745
45950
46143
46155
Number of cuts: 137

Weasels2
357
1006
1605
3111
3229
3253
3345
3735
3797
3957
3959
4039
4516
4544
4623
4641
6041
6945
8576
9135
10762
11942
12614
12833
13826
14023
14498
14584
14657
18372
19287
21443
21682
25999
26170
26779
26781
27599
28308
28747
28869
28985
30834
31005
32546
35792
36095
37623
38773
40148
40922
42828
43112
43286
43332
43793
45213
46094
46963
47560
47779
48580
49214
50738
50761
51604
51802
52773
52782
56705
59126
60021
60433
61428
61664
61715
62143
63228
63542
63810
65853
66005
66360
67810
67812
68697
69077
72070
72088
72638
73413
73734
76571
77412
79389
81448
82070
82202
83212
83255
85616
89318
89323
90544
92699
92973
94137
94647
96177
97632
98139
101733
103762
105262
106050
106089
106170
107421
107450
109044
109781
109802
110094
110172
110189
110394
110849
110854
110856
111301
112989
113829
114274
114317
114466
116025
117195
117203
117692
117907
117961
118416
120676
120833
123515
124637
124855
125106
125332
125576
126945
126947
127619
127621
128246
129288
130114
130259
130261
130717
131631
132062
132711
133310
134816
134934
134958
Number of cuts: 167

Yogi
2
205
252
308
329
647
660
1055
1346
1460
1474
1636
2148
2378
2549
2900
3079
3457
3465
3734
4303
4508
4559
4774
5082
5267
5299
5711
5760
6415
6462
6482
6575
6910
7028
7078
7659
8272
8831
9081
9693
10188
10379
10572
10593
10858
11092
11954
12008
12014
12051
12063
12072
12105
12127
12427
12639
12814
13383
13439
14015
14111
14117
14138
14402
14646
14750
14933
14994
15252
15410
15421
16265
16290
16562
16988
17470
17518
17529
17644
18741
19081
19520
20329
20860
20909
21031
21040
21388
22049
22361
22942
23584
23823
23876
24262
24639
24962
25019
25225
25394
25974
26203
26743
28191
28919
29091
29228
29460
29498
29570
30028
30263
30944
31042
31175
31218
31719
32253
32726
33091
33844
34104
34379
35505
35761
36602
36786
37050
37219
37308
38221
38505
38925
39103
39794
39804
40064
40069
40663
41087
41134
41929
42356
43098
46345
46538
46550
Number of cuts: 148

Yoncess
2
205
252
308
647
660
1055
1346
1460
1474
1636
2148
2378
2549
2900
3079
3457
3465
3734
4303
4508
4559
4774
5082
5267
5299
5760
6415
6462
6482
6575
6910
7028
7078
7659
8272
8831
9081
9693
10188
10379
10572
10593
10858
11092
11954
12008
12014
12051
12063
12072
12105
12127
12427
12639
12814
13383
13439
14015
14111
14117
14402
14646
14750
14994
15252
15410
15421
16265
16290
16562
16988
17470
17518
17529
17644
18741
19081
20152
20329
20860
20909
21388
21439
22049
22170
22298
22362
22975
23141
23585
23824
23877
24263
24640
24963
25020
25226
25395
25975
26204
28192
28584
29092
29229
29461
29571
29799
29808
30043
30472
30822
30955
30998
31499
32033
32345
32506
32871
33624
33884
33923
35490
36136
36453
36622
36711
37624
37908
39197
39207
39467
39472
40066
40490
40537
41280
41333
41763
42505
45563
45768
45961
45973
Number of cuts: 144

