Alatin
574
687
1304
1310
2071
2221
2254
2349
2503
2749
3333
4095
4392
5380
5392
5654
5918
5956
6388
6525
7460
7500
7668
7880
7893
7919
8445
9593
9673
9826
10084
10121
10249
10258
10395
10492
10764
10779
10837
11086
11245
11439
12454
12517
12777
12934
12975
13377
13426
13461
13654
14274
14719
14923
15180
15611
15617
15711
16049
16290
16454
16484
17078
17215
17326
17710
17780
18255
18664
19105
19745
20656
20896
20920
20981
21185
21248
21257
21373
21467
21485
21521
21539
21557
21575
21584
21670
21759
21879
21933
22069
22318
22560
22710
22878
22915
22921
23094
23268
23836
24342
24444
25108
25423
25564
25889
26217
26290
26717
26873
27061
27113
27244
27592
27811
28760
28919
28925
29120
30019
30419
30890
31037
31112
31887
32380
32423
32461
32563
32707
32924
32939
33568
33872
34428
34530
34593
35343
35378
35532
35605
35731
35875
36060
36099
36723
36741
36791
36818
36983
37317
37321
37381
37480
37540
37876
38509
38714
38945
40392
40790
41052
41234
41458
41524
42359
42827
43092
43556
43704
43946
43962
44300
44782
44875
45037
45074
45130
45233
45353
45438
45505
Number of cuts: 182

Alpacados
574
687
1304
1310
1600
2024
2311
2465
2711
3295
3723
4057
4160
4354
5258
5354
5426
5462
5616
5880
5918
6335
6472
7407
7447
7615
7827
7840
7866
7896
7911
9523
9603
10014
10179
10188
10325
10422
10442
10652
10715
10773
10803
11022
11181
11530
12347
12390
12713
12870
12911
13313
13362
13397
13590
14210
14655
14859
15116
15547
15553
15647
15985
16226
16420
17014
17262
17646
17716
18191
18427
18600
18749
19041
19248
19681
20229
20592
20917
21121
21184
21193
21211
21229
21309
21403
21421
21439
21552
21582
21761
21951
22093
22429
22579
22736
22747
22784
23137
23705
24211
24313
24977
25469
25794
26622
26778
26966
27018
27497
27716
28549
28562
28665
28830
29025
29470
29924
30324
30795
30942
31017
31792
32285
32328
32366
32468
32612
32829
32844
33473
33667
33778
34069
34354
34359
34432
34495
35245
35280
35434
35507
35633
35777
35962
36001
36245
36616
36634
36684
36711
36876
37210
37214
37274
37373
37433
37769
38402
38607
38670
39390
40215
40613
40817
41057
41281
41347
41834
42182
42650
42915
43379
43527
43769
43785
43968
44123
44605
44698
44860
44897
44953
45176
45261
45328
Number of cuts: 186

AngryOrchard
572
682
1297
1303
1593
2016
2166
2199
2294
2448
3278
3476
4040
4337
5195
5241
5337
5409
5599
5901
6318
6455
7390
7430
7598
7810
7823
7849
7879
7894
9506
9586
9739
9997
10162
10171
10308
10405
10425
10635
10698
10756
11005
11164
11358
11513
12330
12373
12696
12853
12894
13296
13345
13380
13573
14638
14842
15099
15435
15536
15630
15968
16209
16373
16403
16897
16997
17245
17629
17699
18174
18410
18583
19024
19231
19664
20575
20900
20957
21104
21167
21176
21194
21212
21292
21368
21535
21565
21934
22164
22424
22574
22742
22779
22785
22958
23701
24309
24546
24973
25429
25783
26581
26737
26791
26925
26977
27108
27675
28521
28624
28789
28984
29429
30217
30688
30835
30910
31685
32178
32392
32449
32505
32719
32734
33363
33592
33827
33937
33938
34229
34462
34514
34519
34556
34592
35405
35594
35667
35793
35937
36122
36161
36222
36405
36776
36794
36844
36871
37036
37370
37374
37434
37509
37533
37593
37929
38258
38562
40447
40844
41288
41512
41578
42288
42407
42484
42558
42773
42875
43088
43197
43274
43289
43481
43749
43803
44187
44824
44855
44917
45308
45393
45460
Number of cuts: 184

AppleCloud
338
482
1097
1103
1780
1930
2058
2458
3042
3804
4101
4959
5005
5101
5363
5665
6082
6219
7154
7194
7362
7574
7587
7613
7643
7658
9246
9319
9326
9737
9902
9911
10048
10145
10165
10411
10432
10490
10520
10739
10898
12182
12452
13342
13391
13523
13619
14888
15145
15481
15495
15582
15676
16014
16255
16419
16449
16943
17043
17291
17675
17745
18220
18456
18629
18778
19070
19710
20946
20996
21150
21213
21222
21240
21258
21338
21450
21468
21581
21611
21670
21844
22226
22335
22486
22514
22654
22810
22886
23270
23408
23739
24319
24556
24983
25439
25764
25793
26592
26748
26802
26936
26988
27467
28555
28611
28714
28879
28969
29074
29321
29516
30149
30620
30767
30842
31158
31617
32110
32153
32191
32293
32654
32669
33298
33458
33492
33596
33597
33888
34003
34223
35070
35105
35259
35332
35458
35602
35787
35826
36070
36441
36459
36509
36536
36701
37035
37039
37099
37198
37258
37594
38227
39230
40507
40769
40951
41175
41241
41728
42076
42544
42809
43273
43421
43663
43679
44017
44499
44592
44754
44791
44847
44950
45070
45155
45222
Number of cuts: 177

Belenaria
574
687
1304
1310
2071
2221
2254
2349
2503
2749
3333
4095
4392
5380
5392
5654
5918
5956
6388
6525
7460
7500
7668
7880
7893
7919
8445
9593
9673
9826
10084
10121
10249
10258
10395
10492
10764
10779
10837
11086
11245
11439
12454
12517
12777
12934
12975
13377
13426
13461
13654
14274
14719
14923
15180
15611
15617
15711
16049
16290
16454
16484
17078
17215
17326
17710
17780
18255
18664
19105
19745
20656
20920
20981
21185
21248
21257
21373
21467
21485
21503
21521
21530
21616
21705
21825
22157
22493
22811
22848
22854
23201
23769
24276
24378
25042
25357
25498
25823
26151
26224
26651
26807
26995
27047
27526
27745
28591
28694
28859
29054
29497
30285
30756
30903
30978
31753
32246
32289
32327
32429
32790
32805
33434
34294
34405
34468
35218
35253
35407
35480
35606
35750
35935
35974
36218
36589
36607
36657
36684
36849
37183
37187
37247
37346
37406
37742
38375
39378
40655
40917
41099
41323
41389
41876
42224
42692
42957
43421
43569
43811
43827
44165
44647
44740
44902
44939
44995
45098
45218
45303
45370
Number of cuts: 172

BobbyDazzler
574
687
1304
1310
1600
2136
2286
2325
2420
2574
2820
3404
3832
4166
4269
4463
5367
5463
5535
5571
5725
5989
6027
6444
6581
7516
7556
7724
7936
7949
7975
8005
8020
9632
9712
10123
10288
10297
10434
10531
10551
10761
10824
10882
11131
11290
11639
12456
12499
12822
12979
13020
13422
13471
13506
13699
14319
14764
14968
15225
15656
15662
15756
16094
16335
16517
16529
17123
17371
17755
17825
18300
18536
18709
18858
19150
19357
19790
20338
20701
21026
21230
21293
21302
21320
21338
21418
21512
21530
21548
21566
21661
21691
21870
22060
22689
22846
22857
22894
23815
24423
24660
25087
25543
25868
26696
26852
26906
27040
27092
27571
27790
28580
28623
28636
28739
28904
29099
29998
30398
30869
31016
31091
31866
32359
32402
32440
32542
32686
32903
32918
33547
33741
33852
34143
34407
34509
34572
35322
35357
35511
35584
35710
35854
36039
36078
36322
36693
36711
36761
36788
36953
37287
37291
37351
37450
37510
37846
38479
38747
39467
40362
40760
40964
41204
41428
41494
41982
42330
42798
43063
43527
43675
44271
44753
44846
45008
45045
45101
45324
45409
45476
Number of cuts: 182

Bonanza
574
687
1304
1310
2221
2254
2349
2503
2749
3333
3761
4095
4198
4392
5296
5392
5464
5500
5654
5918
5956
6373
6510
7445
7485
7653
7865
7878
7904
7934
7949
9561
9641
10052
10217
10226
10363
10460
10480
10690
10753
10811
10841
11060
11219
11568
12385
12428
12751
12908
12949
13351
13400
13435
13628
14248
14693
14897
15154
15585
15591
15685
16023
16264
16458
17052
17300
17684
17754
18229
18465
18638
18787
19079
19286
19719
20267
20630
20955
21159
21249
21267
21347
21423
21590
21620
21799
21989
22131
22467
22617
22785
22822
22828
23001
23175
23743
24249
24351
25015
25471
25796
26624
26780
26968
27020
27499
27718
28551
28564
28667
28832
29027
29472
29926
30326
30797
30944
31019
31794
32287
32330
32368
32470
32614
32831
32846
33475
33669
33780
34071
34356
34361
34434
34497
35247
35282
35436
35509
35635
35779
35964
36003
36247
36998
37016
37066
37093
37258
37592
37596
37656
37755
37815
38151
38784
38989
39052
39220
39772
40667
41065
41269
41509
41733
41799
42286
42634
43102
43367
43831
43979
44221
44237
44420
44546
44575
45057
45150
45312
45349
45405
45628
45713
45780
46865
Number of cuts: 186

Bradshaw
574
687
1304
1310
2071
2221
2254
2349
2503
2749
3333
4095
4392
5380
5392
5654
5918
5956
6388
6525
7460
7500
7668
7880
7893
7919
8445
9593
9673
9826
10084
10121
10249
10258
10395
10492
10764
10779
10837
11086
11245
11439
12454
12517
12777
12934
12975
13377
13426
13461
13654
14274
14719
14923
15180
15611
15617
15711
16049
16290
16454
16484
17078
17215
17326
17710
17780
18255
18664
19105
19745
20656
20920
20981
21185
21248
21257
21373
21467
21485
21503
21521
21530
21616
21705
21825
21879
22015
22157
22493
22811
22848
22854
23201
23769
24275
24377
25041
25356
25497
25822
26150
26223
26650
26806
26994
27046
27177
27525
27744
28693
28852
28858
29053
29952
30352
30823
30970
31045
31820
32313
32356
32394
32496
32640
32857
32872
33501
33805
34361
34463
34526
35276
35311
35465
35538
35664
35808
35993
36032
36656
36674
36724
36751
36916
37250
37254
37314
37413
37473
37809
38442
38647
38878
40325
40723
40985
41167
41391
41457
42292
42760
43025
43489
43637
43879
43895
44233
44715
44808
44970
45063
45286
45371
45438
Number of cuts: 175

Bryce
574
687
1304
1310
2071
2221
2254
2349
2503
2749
3333
3761
4095
4198
4392
5296
5392
5464
5500
5654
5918
5956
6373
6510
7445
7485
7653
7865
7878
7904
7934
7949
9561
9641
10052
10217
10226
10363
10460
10480
10690
10753
10811
11060
11219
11568
12385
12428
12751
12908
12949
13351
13400
13435
13628
14248
14693
14897
15154
15585
15591
15685
16023
16264
16446
16458
17300
17684
17754
18229
18465
18638
18787
19079
19286
19719
20267
20630
20955
21159
21222
21249
21267
21347
21441
21459
21477
21495
21590
21620
21799
21989
22618
22775
22786
22823
23744
24352
24589
25016
25472
25797
26625
26781
26969
27021
27500
27719
28509
28552
28565
28668
28833
29028
30106
30577
30724
30799
31574
32067
32110
32148
32250
32394
32611
32626
33255
33449
33560
33851
34115
34217
34280
35030
35065
35219
35292
35418
35562
35747
35786
36030
36401
36419
36469
36496
36661
36995
36999
37059
37158
37218
37554
38187
39175
40070
40468
40672
40912
41136
41202
41690
42038
42506
42771
43235
43383
43979
44461
44554
44716
44753
44809
45032
45117
45184
Number of cuts: 176

ChewyVIII
326
1594
2370
3204
4293
4338
4341
4602
5209
5317
5825
5934
6259
6363
6914
7805
8115
8444
8897
8900
9723
10352
10421
11081
11422
11435
11743
11851
12064
12085
12561
13184
13585
14000
14189
14239
14849
15472
15553
15586
15967
16060
16191
16555
16575
17143
17161
17224
17547
17662
17725
17752
17815
17833
18075
18434
18734
18833
19504
20235
20349
20473
20926
21120
21735
21767
21833
22083
22163
22176
22283
22661
22824
23141
23391
24045
24189
24274
25004
25098
25183
25306
25920
26073
26130
26187
26232
26440
26755
26782
26902
27094
27137
27212
28260
28671
28943
28952
29303
29483
29627
29912
30021
30200
30704
31145
31373
31746
32498
32515
33970
34952
35371
35789
35810
35819
36808
36904
36943
37279
37284
37674
37810
38315
39049
39232
39238
39382
39424
39755
39911
40121
40296
40607
40676
40791
40814
41017
41403
41941
42442
43063
43376
43381
43620
43785
44894
44993
45185
45327
45501
45726
45879
45942
46377
47630
47667
48099
48220
48606
49306
49807
49929
50013
50052
50079
50571
50637
50805
51593
52002
52092
52318
53376
53792
53792
53965
54028
54088
54163
54703
55269
55302
55585
55608
56243
56384
57086
57371
57797
58948
59346
59408
59576
59692
59695
59803
60103
60178
60240
60832
61369
62026
62117
62126
62216
62231
62341
62500
62597
62681
63053
63179
64337
64484
64556
64755
65880
65913
66038
67795
68188
68723
68885
68902
68966
Number of cuts: 226

CosmicSans
574
687
1304
1310
2071
2221
2254
2349
2503
2749
3333
4095
4392
5380
5392
5654
5918
5956
6388
6525
7460
7500
7668
7880
7893
7919
8445
9593
9673
9826
10084
10121
10249
10258
10395
10492
10764
10779
10837
11086
11245
11439
12454
12517
12777
12934
12975
13377
13426
13461
13654
14274
14719
14923
15180
15611
15617
15711
16049
16290
16454
16484
17078
17215
17326
17710
17780
18255
18664
19105
19745
20656
20920
20981
21185
21248
21257
21373
21467
21485
21503
21521
21530
21616
21705
21825
21879
22157
22493
22811
22848
22854
23201
23769
24275
24377
25041
25497
25822
26150
26223
26650
26806
26994
27046
27177
27525
27744
28693
28852
28858
29053
29952
30352
30823
30970
31045
31820
32313
32356
32394
32496
32640
32857
32872
33501
33805
34361
34463
34526
35276
35311
35465
35538
35664
35808
35993
36032
36276
36647
36665
36715
36742
36907
37241
37245
37305
37404
37464
37800
38433
38638
38869
40316
40714
40918
41158
41382
41448
41935
42283
42751
43016
43480
43628
43870
43886
44224
44706
44799
44961
44998
45054
45123
45277
45362
45429
Number of cuts: 177

Dinger
143
575
684
1299
1305
2067
2217
2250
2345
2499
3329
4091
4388
5246
5292
5388
5460
5650
5952
6369
6506
7441
7481
7649
7861
7874
7900
7930
7945
9557
9637
9790
10048
10213
10222
10359
10456
10476
10734
10749
10807
11056
11564
12424
12747
12904
12945
13347
13396
13431
13624
14893
15150
15486
15587
15681
16019
16260
16424
16454
16948
17048
17185
17296
17680
17750
18225
18461
18634
19075
19162
19282
19715
20951
21001
21155
21227
21245
21263
21343
21419
21586
21616
21717
21795
21849
22234
22476
22626
22794
22831
22837
23010
23753
24361
24598
25025
25481
25806
25835
26634
26790
26844
26978
27030
27509
28597
28653
28756
28921
29011
29116
29364
29559
30221
30692
30839
30914
31689
32182
32225
32365
32453
32509
32726
32741
33370
33731
33800
33834
33938
33939
34230
34605
34668
35418
35607
35680
35806
35950
36135
36174
36418
36789
36807
36857
36884
37049
37383
37387
37447
37522
37546
37606
37942
38489
38575
39563
40460
40858
41302
41526
41592
42306
42425
42502
42576
42791
42893
43106
43292
43499
43619
43767
43821
44205
44360
44830
44842
44935
45325
45410
45477
45893
Number of cuts: 184

DocB7
533
992
1458
1491
1545
1604
2195
2683
2852
2981
2984
3212
3317
3597
4288
4328
4976
5116
5152
5239
5485
5610
5637
5668
5730
5928
6507
6519
6699
7978
8374
8470
8578
8659
9031
9712
9841
10324
11947
12214
12820
13039
13042
13315
13509
13830
13939
14839
14939
15409
16164
16185
16674
16798
16845
17284
17593
17614
18140
18518
18797
18840
20474
21134
21560
21569
21828
21857
23156
23532
23916
24431
24533
24587
24941
25295
25352
26417
26565
26993
27712
28129
28204
28516
28651
29443
29450
29560
29644
29889
30225
30258
30390
30399
30700
30756
31491
31665
31679
32133
32553
33255
34437
35139
35282
36488
36532
36617
37269
37401
37440
37446
37931
37999
38179
38291
38344
38640
38758
39187
39220
39259
39681
39770
40229
40299
40787
41420
41566
41597
42061
42930
43159
43284
43295
44277
44816
44978
45057
45235
45641
45650
45892
46692
47101
47342
48090
48781
49502
49604
50089
51314
51608
51683
52825
53355
53455
53523
53547
53880
54021
54159
54253
54691
55183
55195
55275
55617
55975
55986
56015
56443
56560
57422
57624
57777
58097
58114
58363
58580
58972
59234
59327
59365
59908
59965
60535
60550
60576
60956
61088
61093
61095
61100
61288
61753
62172
62637
62719
62883
63286
63297
64429
64632
64777
64836
64896
64930
65169
65250
65676
66024
66469
68482
69533
70294
70498
70827
70913
71186
71394
72041
72262
72655
72697
73191
74248
74341
74403
74915
75097
75244
75600
Number of cuts: 233

E3
219
327
686
728
2410
2659
3181
3556
3775
4017
4026
4137
4245
4764
4890
5073
5447
5603
6090
6145
6301
6331
6349
6878
7097
7342
7938
8460
8857
8900
9238
9437
9494
9551
10075
11580
12051
12108
12225
12486
13163
13343
13457
13697
13818
14628
15211
15656
15941
15956
16868
17468
17709
17850
18218
18502
18670
19237
19265
20194
20890
20929
21004
21294
22665
22841
23111
23141
23165
23222
23332
23653
23891
23913
23933
24151
24324
24662
24991
25161
25580
25798
25804
25984
26098
26593
26707
26971
27005
27045
27352
27538
27719
27866
28157
28228
28466
28495
28752
28752
30788
31199
31481
31544
31650
31794
32372
32648
32682
32868
33228
33387
33703
34338
34716
34788
35122
35177
35640
35916
36204
36964
37196
37906
38619
38683
38904
39075
40336
40668
40768
41443
41587
41943
42306
42520
42552
42606
42788
42966
43295
43921
43981
43987
44131
44146
44443
44612
45584
45590
45756
45806
45857
46321
46690
46705
46792
47417
47445
47707
48493
48584
48612
49147
49409
49487
49676
49853
49949
49997
50036
50174
50258
50336
50387
50387
50474
50744
50756
50807
50837
51287
51305
51536
51961
52987
53017
53469
53666
53732
54148
54159
54707
54941
55131
55157
55340
55878
56079
56194
56508
56583
57177
57269
57452
57578
57731
57764
57770
57870
58148
58178
58199
58277
58367
58391
58406
58622
58722
58869
58942
59127
59385
59439
59817
60108
60114
60171
60283
60316
60520
60797
60923
60959
61193
61196
61199
62022
62996
63092
63321
63362
63416
63557
63572
63578
64081
64662
65045
65255
65297
65396
65888
66086
66161
66251
66435
66635
66755
66797
67070
67186
67339
67483
67759
68058
68154
68989
69916
70114
71215
71328
71466
71658
71803
72118
72136
72145
72157
72478
73300
73429
73822
74377
74989
75022
75510
75995
76051
76860
76890
77148
77502
77602
77622
78596
79001
79037
79292
79355
79568
79649
80044
80491
80533
80737
80876
81034
81064
81346
81409
81731
82000
82138
82249
82553
82600
82891
82975
83209
83272
83338
83712
84005
84119
84520
85057
85536
85867
86256
86709
87173
87173
87179
87236
87895
87946
88158
88335
89314
89498
89807
90077
90728
90917
91079
91226
91963
92218
92741
93177
94215
94253
94446
94628
94665
94997
95015
95518
95922
96285
96471
97014
97032
97078
97136
97247
97409
97622
97694
97718
98193
98307
98484
98702
99167
100279
100505
100561
101070
101571
101662
101742
102433
102894
103906
104033
104084
104165
104579
105014
105143
105608
105731
106379
106388
106455
106499
106817
106892
106907
106928
107280
107634
107685
107736
108171
108750
109562
109682
110158
110485
110899
111231
111326
111615
111948
112092
112294
112643
113012
113177
113204
113252
113370
114346
114779
114839
114842
115193
115203
115400
115543
115688
116187
116587
117270
117980
118007
118109
118145
118229
118539
118660
118834
119037
119085
119329
119629
119694
120028
120067
120118
120325
120938
121003
121083
121371
121680
123134
123329
123541
123923
124288
124667
124860
124872
125372
125585
125743
126890
127226
127729
127750
128710
129255
129458
129737
130111
130375
130484
130495
130594
131124
131289
131310
131502
131589
132414
132612
132720
133400
133409
133703
133745
133796
133916
134081
134147
134201
134264
134321
134375
134603
134795
134828
134861
134894
134990
135194
135383
135572
135866
135887
135899
136136
136470
136974
137526
138150
138369
138424
139079
139202
139298
139712
139946
140004
140012
140337
140667
141051
141279
141429
142047
142188
142308
142437
142500
Number of cuts: 539

Erik
574
687
1304
1310
2071
2221
2254
2349
2503
2749
3333
4095
4392
5380
5392
5654
5918
5956
6388
6525
7460
7500
7668
7880
7893
7919
8445
9592
9672
9825
10083
10120
10248
10257
10394
10491
10763
10778
10836
11085
11244
11438
12453
12516
12776
12933
12974
13376
13425
13460
13653
14273
14718
14922
15179
15610
15616
15710
16048
16289
16453
16483
17077
17214
17325
17709
17779
18254
18663
19104
19744
20655
20919
20980
21184
21247
21256
21372
21466
21484
21502
21520
21529
21615
21704
21824
22156
22492
22810
22847
22853
23200
23767
24273
24375
25039
25354
25495
25820
26148
26221
26648
26804
26992
27044
27523
27742
28588
28691
28856
29051
29496
30284
30755
30902
30977
31752
32245
32288
32326
32428
32572
32789
32804
33433
33737
34293
34395
34458
35208
35243
35397
35470
35596
35740
35925
35964
36208
36579
36597
36647
36674
36839
37173
37177
37237
37336
37396
37732
38365
38570
38801
40545
40749
40989
41213
41279
41766
42114
42582
42847
43311
43459
43701
43717
44055
44537
44630
44792
44829
44885
44954
45108
45193
45260
Number of cuts: 175

Espica
574
687
1304
1310
2071
2221
2254
2349
2503
2749
3333
4095
4392
5380
5392
5654
5918
5956
6388
6525
7460
7500
7668
7880
7893
7919
8445
9593
9673
9826
10084
10121
10249
10258
10395
10492
10764
10779
10837
11086
11245
11439
12454
12517
12777
12934
12975
13377
13426
13461
13654
14274
14719
14923
15180
15611
15617
15711
16049
16290
16454
16484
17078
17215
17326
17710
17780
18255
18664
19105
19745
20656
20920
20981
21185
21248
21257
21373
21467
21485
21503
21521
21530
21616
21705
21825
22157
22493
22811
22848
22854
23201
23769
24276
24378
25042
25357
25498
25823
26151
26224
26651
26807
26995
27047
27526
27745
28591
28694
28859
29054
29497
30285
30756
30903
30978
31753
32246
32289
32327
32429
32790
32805
33414
33434
34294
34405
34468
35218
35253
35407
35480
35606
35750
35935
35974
36218
36589
36607
36657
36684
36849
37183
37187
37247
37346
37406
37742
38375
39378
40655
40917
41099
41323
41389
41876
42224
42692
42957
43421
43569
43811
43827
44165
44647
44740
44902
44939
44995
45098
45218
45303
45370
Number of cuts: 173

Finch
112
459
756
1378
2117
2352
2439
3023
3077
3467
3646
3706
4062
4312
4395
4652
4778
4842
5623
6434
6495
6530
6884
7352
7386
8297
8493
8776
8899
9091
9267
9634
10187
10301
10344
10459
10485
12117
12295
12352
12382
12670
12843
13091
13778
13785
13811
13829
14093
14495
14543
14555
15315
15835
16263
16276
16315
16332
17358
17409
17413
17419
17542
17658
17704
17821
18097
18148
18769
18874
18898
18967
18967
19274
19694
19787
19797
19850
20533
20619
21071
21107
21155
21603
22019
22277
22489
22538
22706
23662
24076
25020
25113
25215
25618
25765
25983
26007
26085
26103
26196
26256
27194
27248
27320
27632
27928
28405
28682
28728
28917
29247
29261
29564
29838
30455
31622
31642
31742
31763
31955
32051
32111
33825
34778
34892
35177
35312
35354
36013
36876
37018
37539
38599
39318
39387
39516
40114
40171
40411
40659
40794
40799
41218
41425
41464
41548
42181
43135
43447
43537
43759
44343
44730
44783
45122
45848
45865
46180
46216
46516
46540
46616
46663
47086
47098
47209
47308
47314
47452
47673
47724
47856
48047
48239
48604
48907
49111
50286
50313
50424
50522
50547
50742
51045
51054
51312
51648
51687
51703
52180
52237
52245
52305
52371
52392
52398
52404
52464
52489
52590
52638
52641
52729
52795
52829
52923
52977
53220
53289
53568
53631
53694
53733
53871
54054
54129
54399
54492
54623
54707
54814
54864
55205
55232
55281
55472
55784
56147
56346
56385
57003
57132
57716
57776
57806
58382
59153
59233
59389
59577
59925
60003
60180
60667
60932
61015
61211
62123
62283
62560
62737
62794
63259
63301
63948
64325
64534
65119
65399
65725
66532
66622
67015
67102
67225
67432
67573
67861
68023
68113
68515
68711
68931
69108
69231
69282
69451
69525
70000
70330
70773
70899
71005
71640
71911
71941
72142
72404
72626
72634
73436
73550
73905
74068
74112
74166
74709
74847
74853
74892
75181
75406
75619
75742
76012
76295
76369
76379
76735
76745
76898
77026
77357
77629
77887
78070
78311
78503
78925
79238
79292
80133
80611
80680
80897
81188
81437
81455
81566
82335
82529
82589
82765
82891
82961
83426
83632
83747
83963
84257
84343
84466
84489
84549
85047
85162
85306
85784
86014
86149
86530
86671
86838
87236
87532
87632
87833
87919
87954
88160
88224
88759
89260
89404
89738
89942
89958
90128
90224
90259
90260
90322
90635
90763
90813
90930
90964
91101
91109
91121
91202
92016
92353
92455
92479
92617
92985
93054
93186
93354
93745
94078
94500
95120
95159
95247
95495
95582
95606
95858
96038
96089
96292
96527
96883
97111
97305
97475
97579
97650
97859
98067
98360
98906
98964
99203
99333
99447
99670
99796
100014
100045
100175
100316
100481
100535
100649
100728
100811
100934
100991
101606
101736
101790
101850
102009
102207
102416
102625
102752
102783
102789
103264
103666
103979
104194
104646
104996
106005
106801
106867
108321
108330
108525
108827
109013
109239
109501
109506
109543
109657
109911
110568
111020
111072
111386
111575
112797
113645
113740
113789
114029
114563
114764
114874
114879
114922
114937
115772
116079
116115
116217
116295
116835
116880
117036
117854
118037
118138
118144
118246
118456
118804
118810
118838
118951
119297
119384
119689
120012
120200
120783
120986
121149
121227
121344
121431
121471
121624
121704
121717
121728
121809
121889
123007
124076
124567
124601
124768
124819
124936
125233
125428
125910
125929
126210
126540
126634
126817
126869
127493
127958
128007
128644
128649
128686
129421
129889
129889
129928
130006
130276
130342
130387
130393
130792
130819
130903
130993
130996
131044
131044
131185
131395
131527
131647
131768
131914
132190
132421
132487
132592
132859
133129
133923
134097
134130
134613
134786
135380
136404
137157
137172
137196
137383
138207
138377
138512
Number of cuts: 579

Gollum
574
687
1304
1310
2071
2221
2254
2349
2503
2749
3333
4095
4392
5380
5392
5654
5918
5956
6388
6525
7460
7500
7668
7880
7893
7919
8445
9593
9673
9826
10084
10121
10249
10258
10395
10492
10764
10779
10837
11086
11245
11439
12454
12517
12777
12934
12975
13377
13426
13461
13654
14274
14719
14923
15180
15611
15617
15711
16049
16290
16454
16484
17078
17215
17326
17710
17780
18255
18664
19105
19745
20656
20920
20981
21185
21248
21257
21373
21467
21485
21503
21521
21530
21616
21705
21825
22157
22493
22811
22848
22854
23769
24275
24377
25041
25356
25497
25822
26150
26223
26650
26806
26994
27046
27525
27744
28590
28693
28858
29053
29496
29950
30350
30821
30968
31043
31818
32311
32354
32392
32494
32855
32870
33479
33499
34095
34359
34461
34524
35274
35309
35463
35536
35662
35806
35991
36030
36274
36645
36663
36713
36740
36905
37239
37243
37303
37402
37462
37798
38431
39434
40258
40656
40860
41100
41324
41390
41877
42225
42693
42958
43422
43570
43812
43828
44166
44648
44741
44903
44940
44996
45099
45219
45304
45371
Number of cuts: 175

Grayson
148
228
428
1130
1387
4709
5617
5664
6418
7302
7893
8917
9082
9188
9202
9854
10595
10667
10842
11331
11941
12959
13066
13251
13305
13407
15324
15576
15686
15817
17069
17075
19292
19355
20278
20427
20502
21011
21289
21751
22623
23204
23850
23943
23988
24000
24264
24558
25226
25488
25953
26443
28657
28851
29076
30410
32707
32709
32924
33272
33548
34094
35554
35777
36014
36170
36404
38116
38772
40579
40757
40856
41027
41972
44726
45446
45983
46625
47119
47156
47180
47378
47605
48047
48317
48353
48530
48813
48884
51236
51380
51449
51839
52114
52944
53546
54076
54511
55506
55912
56234
56877
57804
58206
59061
59511
60221
61461
61776
62336
63735
64017
64409
64593
65043
65097
65436
67514
67709
68797
68926
69087
70159
70835
71201
71228
72331
72449
72515
72691
73415
73465
73699
74712
74835
75186
76538
78374
78714
79411
80072
81972
82460
83103
84132
84872
85401
85652
87040
87453
87782
88314
88653
88871
88954
90491
91049
91373
91648
91721
91817
92300
93092
93323
93863
94178
94348
95798
95989
96075
97777
98324
98505
99120
99302
99422
101551
103281
104195
104823
105661
106280
107134
108252
110076
110535
110599
110850
110878
110928
111188
112107
112579
113002
113008
113199
113450
113814
114957
115638
116343
116885
117136
117950
118395
120123
120771
121955
123148
123161
123470
123696
124737
124846
124939
125835
126664
126965
127088
127335
127880
127940
128103
129049
129129
129329
130031
130288
Number of cuts: 228

Harlequin
574
687
1304
1310
2071
2221
2254
2349
2503
2749
3333
4095
4392
5250
5296
5392
5464
5654
5918
5956
6373
6510
7445
7485
7653
7865
7878
7904
7934
7949
9537
9617
10028
10193
10202
10339
10436
10456
10666
10729
10787
11036
11195
11544
12361
12404
12727
12884
12925
13327
13376
13411
13604
14224
14669
14873
15130
15561
15567
15661
15999
16240
16422
16434
17276
17660
17730
18205
18441
18614
18763
19055
19262
19695
20243
20606
20931
21135
21198
21225
21243
21323
21417
21435
21471
21489
21507
21525
21620
21650
21829
22019
22648
22805
22816
22853
23774
24382
24619
25046
25502
25827
26655
26811
26999
27051
27530
27749
28539
28582
28595
28698
28863
29058
30136
30607
30754
30829
31604
32097
32140
32178
32280
32424
32641
32656
33285
33479
33590
33881
34145
34247
34310
35060
35095
35249
35322
35448
35592
35777
35816
36060
36431
36449
36499
36526
36691
37025
37029
37089
37188
37248
37584
38485
38635
39205
40106
40163
40280
40947
41171
41237
41725
42073
42541
42806
43270
43418
44014
44496
44589
44751
44788
44844
45067
45152
45219
Number of cuts: 177

Hiro
574
687
1304
1310
2221
2254
2349
2503
2749
3333
3761
4095
4198
4392
5296
5392
5464
5500
5654
5918
5956
6373
6510
7445
7485
7653
7865
7878
7904
7934
7949
9537
9610
9617
10028
10193
10202
10339
10436
10456
10702
10723
10781
10811
11030
11189
11383
12473
12743
13633
13682
13814
13910
15179
15436
15772
15873
15967
16305
16546
16740
17234
17334
17582
17966
18036
18511
18747
18920
19361
19568
20001
21237
21287
21441
21504
21513
21531
21549
21629
21741
21759
21872
21902
21961
22135
22517
22626
22777
22805
22945
23101
23177
23561
23699
24029
24637
24874
25301
25757
26082
26910
27066
27120
27254
27306
27785
28004
28794
28837
28850
28953
29118
29313
29758
30212
30612
31083
31230
31305
32080
32573
32616
32654
32756
32900
33117
33132
33761
33955
34066
34357
34621
34723
34786
35536
35571
35725
35798
35924
36068
36253
36292
36536
36907
36925
36975
37002
37167
37501
37505
37565
37664
37724
38060
38693
38961
39129
39681
40576
40974
41178
41418
41642
41708
42196
42544
43012
43277
43741
43889
44485
44967
45060
45222
45259
45315
45538
45623
45690
Number of cuts: 180

Jace
136
239
1109
1355
1619
2693
2996
3832
4120
4585
5121
5747
5780
6371
6859
6967
7054
7106
7443
7606
8424
8652
8772
8823
9114
9243
9809
9942
9963
10122
10203
10356
10767
10797
11592
12345
12681
12768
13794
13848
14715
14749
14891
15014
15365
15479
15662
15905
15959
16076
16133
16904
17072
18049
18103
18160
18436
18532
18730
18806
19192
19374
19387
19408
19573
19913
20275
20422
20827
21234
21673
21721
21886
21888
22104
22599
23442
23845
24109
25325
25609
25792
25888
27397
27498
28048
28135
28284
28311
28359
28611
29039
29388
29399
29790
29805
29912
29939
30341
30738
30921
31050
31120
31573
31675
31824
32042
32066
32084
32519
33147
33405
33437
33888
34179
34296
34552
34999
35491
36583
36700
36721
36854
36902
36914
37213
37429
37498
37629
37911
37992
37998
38199
38274
38929
39025
39055
39091
39651
40310
40649
41191
41564
41639
41764
41771
41969
42190
42241
43573
43798
44043
44327
44470
44652
44900
45295
45438
46437
46656
46686
46770
47112
47602
47680
48016
48214
48304
49196
49740
50164
50597
50657
50735
51290
51305
51364
51458
51470
51770
52235
52927
52972
53334
Number of cuts: 184

Jester
574
687
1304
1310
2071
2221
2254
2349
2503
2749
3333
4095
4392
5250
5296
5392
5464
5654
5918
5956
6373
6510
7445
7485
7653
7865
7878
7904
7934
7949
9537
9617
10028
10193
10202
10339
10436
10456
10702
10723
10781
10811
11030
11189
11383
12326
12721
12878
12919
13321
13370
13405
13598
14867
15124
15460
15474
15561
15655
15993
16159
16234
16428
16922
17022
17270
17654
17724
18199
18435
18608
18757
19049
19256
19689
20237
20600
20925
21129
21192
21219
21237
21317
21411
21429
21447
21465
21560
21590
21769
21959
22579
22736
22747
22784
23705
24313
24550
24977
25433
25758
26586
26742
26930
26982
27461
27680
28470
28513
28526
28629
28794
28989
30067
30538
30685
30760
31535
32028
32071
32109
32211
32355
32572
32587
33216
33410
33521
33812
34076
34178
34241
34991
35026
35180
35253
35379
35523
35708
35747
35991
36362
36380
36430
36457
36622
36956
36960
37020
37119
37179
37515
38416
38566
39136
40037
40094
40211
40878
41102
41168
41656
42004
42472
42737
43201
43349
43945
44427
44520
44682
44719
44775
44998
45083
45150
Number of cuts: 176

Krishelle
574
687
1304
1310
2071
2221
2254
2349
2503
2749
3333
4095
4392
5380
5392
5654
5918
5956
6388
6525
7460
7500
7668
7880
7893
7919
7949
7964
9552
9625
9632
10043
10208
10217
10354
10451
10471
10717
10738
10796
10826
11045
11204
12488
12758
13648
13697
13829
13925
15194
15451
15787
15801
15888
15982
16320
16561
16725
16755
17249
17349
17597
17981
18051
18526
18762
18935
19084
19376
20016
21252
21302
21456
21519
21528
21546
21564
21644
21792
21810
21923
21953
22012
22186
22568
22677
22828
22856
22996
23152
23228
23612
23750
24081
24661
24898
25325
25781
26106
26135
26934
27090
27144
27278
27330
27809
28897
28953
29056
29221
29311
29416
29663
30312
30712
31183
31330
31405
32180
32673
32716
32754
32856
33000
33217
33232
33861
34165
34721
34823
34886
35636
35671
35825
35898
36024
36168
36353
36392
37016
37034
37084
37111
37276
37610
37614
37674
37773
37833
38169
38802
39007
39238
40685
41083
41345
41527
41751
41817
42652
43120
43385
43849
43997
44239
44255
44593
45075
45168
45330
45367
45423
45526
45646
45731
45798
Number of cuts: 176

Lillie
574
687
1304
1310
2071
2221
2254
2349
2503
2749
3333
4095
4392
5380
5392
5654
5918
5956
6388
6525
7460
7500
7668
7880
7893
7919
8445
9593
9673
9826
10084
10121
10249
10258
10395
10492
10764
10779
10837
11086
11245
11439
12454
12517
12777
12934
12975
13377
13426
13461
13654
14274
14719
14923
15180
15611
15617
15711
16049
16290
16454
16484
17078
17215
17326
17710
17780
18255
18664
19105
19745
20656
20920
20981
21185
21248
21257
21467
21485
21503
21521
21530
21616
21705
21825
21879
22157
22493
22811
22848
22854
23201
23769
24275
24377
25041
25497
25822
26150
26223
26650
26806
26994
27046
27177
27525
27744
28693
28852
28858
29053
29952
30352
30823
30970
31045
31820
32313
32356
32394
32496
32640
32857
32872
33501
33805
34361
34463
34526
35276
35311
35465
35538
35664
35808
35993
36032
36276
36647
36665
36715
36742
36907
37241
37245
37305
37404
37464
37800
38433
38638
38869
40316
40714
40918
41158
41382
41448
41935
42283
42751
43016
43480
43628
43870
43886
44224
44706
44799
44961
44998
45054
45123
45277
45362
45429
Number of cuts: 176

Mahdia
340
406
494
603
624
672
838
1005
1020
1155
1227
1671
1806
1821
1890
2289
2358
2469
2529
2881
2976
3120
3328
3336
3367
3536
3666
4448
4689
4828
4852
4900
4938
5287
5403
5562
5602
5676
5709
6061
6205
6235
6265
6274
6382
6517
7004
7120
7251
7593
7837
7911
7953
8052
8193
8210
8719
8773
8877
9081
9090
9434
9798
9877
10008
10110
10269
10371
10420
10492
10587
10800
11049
11157
11340
11352
11631
11872
12004
12310
12445
13089
13176
13786
13873
13991
14059
14070
14079
14118
14193
14320
14616
14634
14971
15006
15019
15030
15153
15204
15288
15429
15546
15565
15708
15878
16098
16237
16345
16713
16955
17414
17945
18161
18357
18437
18518
18602
18704
18854
18964
18979
19129
19177
19291
19651
19985
20144
20339
20393
20611
20726
20993
21206
21216
21538
21811
21826
21988
22033
22067
22114
22198
22709
22813
23234
23449
24246
24334
24804
24854
25010
25088
25361
25469
25581
26103
26115
26151
26409
26534
26727
26837
26924
26964
27239
27355
27370
27391
27464
28029
28267
28276
28593
28763
28767
28791
28879
29168
29708
30062
30066
30183
30297
30632
30837
30890
31035
31474
31480
31525
31861
31894
32179
32481
32550
32567
32593
33048
33050
33240
33366
33477
33516
33522
33750
33783
33878
34059
34371
34581
34689
34811
34869
34893
34950
34958
34988
35262
35422
35448
35467
35476
35564
35573
35773
35839
35848
35947
36132
36153
36195
36278
36546
36645
36969
36979
37006
37152
37238
37304
37415
37429
37529
37565
37582
37606
37613
37778
37825
37869
38245
38290
38332
38790
38871
38955
39000
39018
39128
39200
39248
39708
39958
40624
40788
41338
41421
41511
41560
41582
41781
41794
41958
42339
42372
Number of cuts: 276

Naiad
574
687
1304
1310
2071
2221
2254
2349
2503
2749
3333
4095
4392
5380
5392
5654
5918
5956
6388
6525
7460
7500
7668
7880
7893
7919
8445
9593
9673
9826
10084
10121
10249
10258
10395
10492
10764
10779
10837
11086
11245
11439
12454
12517
12777
12934
12975
13377
13426
13461
13654
14274
14719
14923
15180
15611
15617
15711
16049
16290
16454
16484
17078
17215
17326
17710
17780
18255
18664
19105
19745
20656
20896
20920
20981
21185
21248
21257
21373
21467
21485
21503
21521
21530
21616
21705
21825
21879
22015
22264
22506
22656
22824
22861
22867
23040
23214
23782
24288
24390
25054
25369
25510
25835
26163
26236
26663
26819
27007
27059
27190
27538
27757
28706
28865
28871
29066
29965
30365
30836
30983
31058
31833
32326
32369
32407
32509
32653
32870
32885
33514
33818
34374
34476
34539
35289
35324
35478
35551
35677
35821
36006
36045
36669
36687
36737
36764
36929
37263
37267
37327
37426
37486
37822
38455
38660
38891
40338
40736
40998
41180
41404
41470
42305
42773
43038
43502
43650
43892
43908
44246
44728
44821
44983
45020
45076
45179
45299
45384
45451
Number of cuts: 180

Nancinator
574
687
1304
1310
2071
2221
2254
2349
2503
2749
3333
4095
4392
5380
5392
5654
5918
5956
6388
6525
7460
7500
7668
7880
7893
7919
8445
9593
9673
9826
10084
10121
10249
10258
10395
10492
10764
10779
10837
11086
11245
11439
12454
12517
12777
12934
12975
13377
13426
13461
13654
14274
14719
14923
15180
15611
15617
15711
16049
16290
16454
16484
17078
17215
17326
17710
17780
18255
18664
19105
19745
20656
20920
20981
21185
21248
21257
21373
21467
21485
21503
21521
21530
21616
21705
21825
22157
22493
22811
22848
22854
23201
23769
24276
24378
25042
25357
25498
25823
26151
26224
26651
26807
26995
27047
27526
27745
28591
28694
28859
29054
29497
30285
30756
30903
30978
31753
32246
32289
32327
32429
32790
32805
33414
33434
34294
34405
34468
35218
35253
35407
35480
35606
35750
35935
35974
36218
36589
36607
36657
36684
36849
37183
37187
37247
37346
37406
37742
38375
39378
39655
40053
40257
40497
40721
40787
41274
41622
42090
42355
42819
42967
43209
43225
43563
44045
44138
44300
44337
44393
44496
44616
44701
44768
Number of cuts: 174

Natosaleda
574
687
1304
1310
2071
2221
2254
2349
2503
2749
3333
4095
4392
5380
5392
5654
5918
5956
6388
6525
7460
7500
7668
7880
7893
7919
8445
9593
9673
9826
10084
10121
10249
10258
10395
10492
10764
10779
10837
11086
11245
11439
12454
12517
12777
12934
12975
13377
13426
13461
13654
14274
14719
14923
15180
15611
15617
15711
16049
16290
16454
16484
17078
17215
17326
17710
17780
18255
18664
19105
19745
20656
20920
20981
21185
21248
21257
21373
21467
21485
21503
21521
21530
21616
21705
21825
22157
22493
22811
22848
22854
23201
23769
24275
24377
25041
25356
25497
25822
26150
26223
26650
26806
26994
27046
27525
27744
28590
28693
28858
29053
29496
30284
30755
30902
30977
31752
32245
32288
32326
32428
32789
32804
33413
33433
34293
34404
34467
35217
35252
35406
35479
35605
35749
35934
35973
36217
36588
36606
36656
36683
36848
37182
37186
37246
37345
37405
37741
38374
39377
40654
40916
41098
41322
41388
41875
42223
42691
42956
43420
43568
43810
43826
44164
44646
44739
44901
44938
44994
45097
45217
45302
45369
Number of cuts: 173

Partridge
143
572
682
1297
1303
1593
2130
2280
2313
2408
2562
2808
3392
4154
4451
5309
5355
5451
5523
5713
6015
6432
6569
7504
7544
7712
7924
7937
7963
7993
8008
9620
9700
9853
10111
10276
10285
10422
10519
10539
10812
10870
11119
11278
11627
12487
12810
12967
13008
13410
13459
13494
13687
14752
14956
15213
15549
15650
15744
16082
16323
16487
16517
17011
17111
17248
17359
17743
17813
18288
18524
18697
19138
19225
19345
21014
21064
21218
21290
21308
21326
21406
21482
21563
21649
21679
21780
21858
21912
22297
22539
22689
22857
22894
22900
23073
23816
24424
24661
25088
25580
25905
25934
26733
26889
26943
27077
27129
27608
28696
28752
28855
29020
29110
29215
29463
29658
30112
30126
30512
30983
31130
31980
32473
32516
32744
32800
33014
33029
33658
33887
34094
34095
34386
34501
34761
34824
35574
35763
35836
35962
36106
36291
36574
36945
36963
37013
37040
37205
37540
37544
37604
37679
37703
37763
38099
38646
38732
39720
40617
41015
41459
41683
41749
42460
42656
42846
42922
43137
43239
43452
43638
43653
43845
43965
44113
44167
44551
44706
45176
45188
45281
45670
45755
45822
46238
Number of cuts: 186

Pepy6
196
357
504
585
640
672
1146
1593
1669
1869
2072
2144
2240
2381
2493
2799
2849
2876
3444
3757
4357
4530
4751
5153
5759
5826
6089
6183
6470
7267
7461
7469
7878
8898
9077
9209
9881
9895
9919
10338
10523
10798
10848
11243
12368
13543
13844
14593
14679
15270
16023
17208
18212
19876
19981
20705
20807
21260
21669
21699
22525
22576
22630
22760
23164
23353
23413
23516
23578
23683
24022
24139
24173
24772
25150
25462
25501
25711
26165
26246
27059
27143
27327
27415
27732
27995
28433
28727
29288
29439
29828
30017
30079
30121
30491
30499
30640
31058
31279
31820
32216
32576
33286
33362
33482
33948
33995
34513
34787
34867
34952
35311
35775
36153
36450
36639
37083
37477
37494
38047
38123
38173
38209
40383
40525
40759
41361
41380
42620
42674
42761
43082
43223
43368
43894
44207
44667
45016
45182
45485
45646
46600
46883
46934
46986
47024
47211
47315
47343
47406
47522
48010
48922
49225
49421
49712
50778
50802
51197
51560
52620
53346
53636
53703
53991
54306
54776
54861
54929
55374
55808
56752
56870
56966
57087
57392
57899
57928
58306
58472
58521
58584
58675
58763
58927
59050
59077
59180
59247
59340
59679
60149
60173
60449
60676
60780
60864
61862
62120
62233
62982
63688
64861
64998
65094
65127
65302
65340
65630
66208
66393
66705
67209
67302
67888
68248
68310
68580
70731
70754
71031
71803
72228
72343
72544
72559
72788
73327
74545
74944
75264
75963
Number of cuts: 232

Peregrin
138
217
1410
2756
3647
4537
4757
5069
5227
5272
5335
5541
6253
6615
8396
8502
8516
9168
9909
9963
9981
10017
10645
12380
12565
12721
12883
13640
14432
14709
15044
15175
15941
16674
18907
18913
19830
19979
20054
20264
20455
20918
21789
22370
23016
23109
23154
23166
23430
23752
24132
28171
28590
31191
32054
32330
32876
33908
34796
35087
36399
36898
37554
38815
39359
39537
39636
39807
40752
44226
44736
44763
45899
45936
45960
46827
47097
47334
47664
50019
50025
50232
50292
50897
51266
52329
53294
54289
56171
56573
57428
57878
58588
59412
60143
60335
60703
61906
62102
62384
62909
63098
63461
63515
63854
64500
64600
65939
66134
67351
68569
69245
69611
69638
70435
70613
70925
71101
71825
72109
72474
72634
73842
74689
74812
74884
74931
76265
78582
79400
79611
79868
79934
80053
80603
82468
82995
83619
83851
84019
84163
84633
84759
85571
87372
88476
88643
89922
90480
90804
91152
91248
91731
92754
93295
93609
95028
97443
97445
97566
97748
97868
98174
99312
100625
101838
101938
103683
104600
105784
106082
107409
107882
108260
109737
110511
110849
111170
112692
112847
112853
113089
113446
113810
115561
117151
117693
117944
118728
119436
119579
122630
123196
124326
124583
124656
124801
124828
125137
125318
125536
126585
126695
126791
127701
128125
128873
129158
129321
129351
130207
130286
131479
132825
Number of cuts: 214

Phrankenstein
574
687
1304
1310
2071
2221
2254
2349
2503
2749
3333
4095
4392
5380
5392
5654
5918
5956
6388
6525
7460
7500
7668
7880
7893
7919
8445
8526
9593
9673
9826
10084
10121
10249
10258
10395
10492
10764
10779
10837
11086
11245
11439
12454
12517
12777
12934
12975
13377
13426
13461
13654
14274
14719
14923
15180
15611
15617
15711
16049
16290
16454
16484
17078
17215
17326
17710
17780
18255
18664
19105
19745
20656
20920
20981
21185
21248
21257
21373
21467
21476
21562
21651
21771
22103
22439
22757
22794
22800
23147
23715
24221
24323
24987
25443
25768
26096
26169
26596
26752
26940
26992
27471
27690
28536
28639
28804
28999
29444
29898
30298
30769
30916
30991
31766
32259
32302
32340
32442
32586
32803
32818
33447
33751
34307
34409
34472
35222
35257
35411
35484
35610
35754
35939
35978
36222
36593
36611
36661
36688
36853
37187
37191
37251
37350
37410
37746
38379
38584
38815
40262
40660
40864
41104
41328
41394
41881
42229
42697
42962
43426
43574
43816
43832
44170
44652
44745
44907
44944
45000
45103
45223
45308
45375
Number of cuts: 174

Pine5
314
530
654
1217
1295
1416
1511
1617
1987
2065
2185
2717
2869
2914
3055
3177
3447
3527
3606
3732
4719
4952
4979
5021
5117
5675
5687
6721
6808
6886
7282
7522
7663
7853
7879
7885
7978
8218
8254
8329
8659
8893
8935
8975
8980
9253
9430
9577
9623
9898
9964
10102
10510
10977
10994
11793
11847
12216
12333
12384
12390
12436
12597
13321
13654
13709
13780
13798
13879
13958
13991
14042
14093
14384
14534
14701
15222
15453
15555
15734
16016
16046
16106
16202
16310
16461
16521
16559
16633
16768
17225
17308
17356
17602
17725
18098
18385
18481
18604
18607
18640
18645
18854
19192
19618
19624
19690
19810
20022
20180
20186
20718
21225
21334
21367
21681
22029
22260
22377
22386
22407
22419
22602
22645
23343
23442
23449
23803
24079
24228
24561
24834
24906
25065
25096
25134
25209
25287
25300
25305
25431
25479
26021
26132
26225
26255
26348
26402
26504
26510
27020
27173
27208
27298
27319
27667
27709
27715
27972
27988
28482
28536
28566
28584
28620
28740
28794
28903
28939
29023
29107
29191
29560
29620
29917
30070
30228
30360
30537
30576
30630
31058
32040
32059
32356
32974
33417
33420
33627
34061
34206
34238
34370
34464
35916
35925
36162
36784
36823
36970
36985
37231
37408
38263
38332
38365
38500
38524
39460
39631
39700
40258
40435
41119
41179
41197
41365
41407
41979
42006
42059
42159
42416
42491
42941
43343
43351
43358
43406
43438
43817
43832
44149
44194
44275
44564
44753
44960
45156
45780
46077
46152
46466
46496
46598
46669
46688
46775
47231
47461
47726
47762
47822
48080
48309
48416
48682
48972
49182
50696
50922
51162
51279
51366
51809
52257
52486
52492
52543
52585
52642
52838
52874
53071
53242
53272
53326
53575
53608
53608
53673
54128
54183
54200
54329
54521
54795
54992
55431
55442
55520
55887
56023
56176
56354
56508
56544
56928
56958
56984
57113
57125
57158
57190
57293
57618
57784
58069
58147
Number of cuts: 309

Poco6
504
1590
2208
2776
2784
3094
3117
3160
3282
4158
4319
4391
4664
4782
4956
5046
5078
5123
5223
5474
5691
5747
5803
6004
6604
6777
7172
7268
7340
8264
8340
8760
9119
9520
9782
10031
10115
10641
10649
12508
12518
12526
12964
13312
13350
13768
13953
14228
15301
16185
16632
16938
16994
17295
17976
19860
20136
20632
20643
21419
22003
22829
22946
23217
23282
23691
23721
24550
24584
24655
25177
25366
25426
25478
25591
25696
25804
26035
26152
26186
26785
27163
27460
27470
27496
27514
27617
27655
27724
28178
28706
29072
29156
29169
29361
29410
29508
29592
29751
31307
31320
32036
32140
32533
32785
33091
33517
33527
33722
33845
34241
34601
34624
34699
35387
35973
36020
36809
36889
36974
37797
38175
38412
39499
39786
39814
40069
40145
41068
41505
41884
42482
42560
43020
43862
44252
44414
44468
44532
44857
45249
45718
46420
46507
46699
46941
47034
47064
47586
48723
48801
49136
49215
49226
49555
49583
49646
49762
50437
50734
53069
53103
53169
54128
54854
55144
55211
55499
56174
56284
56369
56437
56765
57316
57947
58246
58286
58538
58695
58998
59000
59527
59939
60103
60226
60253
60380
60426
60441
61981
62405
62829
63040
63772
64310
64806
65351
65653
66087
66693
66753
67028
67225
67342
67778
68365
68899
68949
69426
69865
69997
70326
70691
70790
71781
71994
72017
72461
72612
73066
73422
73490
73605
73821
74050
74571
74589
74723
75126
75807
76805
76812
77231
Number of cuts: 233

Rasputin
574
687
1304
1310
2071
2221
2254
2349
2503
2749
3333
4095
4392
5296
5392
5464
5500
5654
5918
5956
6373
6510
7445
7485
7653
7865
7878
7904
7934
7949
9562
9642
9795
10053
10218
10227
10364
10461
10685
10733
10748
10806
10836
11055
11214
11408
12380
12423
12746
12903
12944
13346
13395
13430
13623
14243
14688
14892
15149
15580
15586
15680
16018
16259
16453
17295
17679
17749
18224
18460
18633
18782
19074
19281
19714
20262
20625
20950
21154
21217
21226
21244
21262
21342
21436
21454
21472
21585
21615
21794
22463
22613
22781
22818
22824
22997
23740
24348
24585
25012
25468
25793
26121
26194
26621
26777
26965
27017
27496
27715
28561
28664
28829
29469
29923
30323
30794
30941
31016
31791
32284
32327
32365
32467
32611
32828
32843
33472
33776
34332
34434
34497
35247
35282
35436
35509
35635
35779
35964
36003
36247
36618
36636
36686
36713
36878
37212
37216
37276
37375
37435
37771
38404
38609
38840
40287
40685
40889
41129
41353
41419
41906
42254
42722
42987
43451
43599
43841
43857
44195
44677
44770
44932
44969
45025
45128
45248
45333
45400
Number of cuts: 179

RER2
574
687
1304
1310
2071
2221
2254
2349
2503
2749
3333
4095
4392
5380
5392
5654
5918
5956
6388
6525
7460
7500
7668
7880
7893
7919
8445
9593
9673
9826
10084
10121
10249
10258
10395
10492
10764
10779
10837
11086
11245
11439
12454
12517
12777
12934
12975
13377
13426
13461
13654
14274
14719
14923
15180
15611
15617
15711
16049
16290
16454
16484
17078
17215
17326
17710
17780
18255
18664
19105
19745
20656
20981
21185
21248
21257
21373
21467
21485
21503
21521
21530
21616
21705
21825
22157
22493
22643
22800
22811
22848
23769
24275
24377
25041
25497
25822
26650
26806
26994
27046
27525
27744
28577
28590
28693
28858
29053
29498
29952
30352
30823
30970
31045
31820
32313
32356
32394
32496
32640
32857
32872
33501
33805
34361
34463
34526
35276
35311
35465
35538
35664
35808
35993
36032
36276
36647
36665
36715
36742
36907
37241
37245
37305
37404
37464
37800
38433
38638
38869
40316
40714
40918
41158
41382
41448
41935
42283
42751
43016
43480
43628
43870
43886
44224
44706
44799
44961
44998
45054
45157
45277
45362
45429
Number of cuts: 174

RexFury
574
718
1335
1341
2102
2252
2285
2380
2534
2780
3364
4126
4423
5411
5423
5685
5949
5987
6419
6556
7491
7531
7699
7911
7924
7950
8476
9624
9704
9857
10115
10152
10280
10289
10426
10523
10795
10810
10868
11117
11276
11470
12485
12808
12965
13006
13318
13408
13457
13492
13685
14305
14750
14954
15211
15642
15648
15742
16080
16321
16485
16515
17109
17246
17357
17741
17811
18286
18695
19136
19776
20687
20951
21012
21216
21279
21288
21404
21498
21516
21534
21552
21561
21647
21736
21856
22188
22524
22842
22879
22885
23232
23800
24306
24408
25072
25528
25853
26181
26254
26681
26828
26837
27025
27077
27556
27775
28621
28724
28889
28979
29529
29983
30383
30854
31001
31076
31851
32344
32387
32425
32527
32671
32888
32903
33532
33836
34392
34494
34557
35307
35342
35496
35569
35695
35839
36024
36063
36307
36678
36696
36746
36773
36938
37272
37276
37336
37435
37495
37831
38464
39467
40744
41006
41188
41412
41478
41965
42313
42781
43046
43510
43658
43900
43916
44254
44736
44829
44991
45028
45084
45187
45307
45392
45459
Number of cuts: 175

RGL3
673
1252
1285
2070
2126
2220
2351
2933
3160
3335
3763
4159
4863
4872
4927
5184
5382
5421
5502
5523
5920
6232
6614
6620
7391
7451
7491
7870
7883
8131
8435
8516
9525
9559
9765
10053
10227
10634
10691
10733
10745
10754
11166
11183
11264
11453
13502
13586
13779
13940
14877
15081
15680
15716
15781
15875
16213
16342
16636
16648
16758
17331
17376
17487
17871
17941
18416
18607
19086
19255
19750
20731
20846
20936
21404
21526
21560
21589
21718
22119
22371
22477
22738
22847
22998
23026
23398
23788
24593
24772
24865
25367
25394
25436
25532
26465
26631
26641
26683
27298
27496
27835
27969
28021
28512
28672
28735
28885
29537
29702
30140
30798
31164
31451
31493
31640
31821
32318
32567
32962
33155
33286
33518
33812
33817
33872
34114
34241
34548
34839
35213
35372
35397
35906
35960
36232
36421
36467
36494
36532
36617
36746
36770
36818
36979
37049
37259
37642
37660
37710
37759
37902
38001
38049
38253
38257
38317
38416
38809
39264
39678
39741
39836
41049
41250
41632
41643
41835
42014
42290
42308
42776
42872
43097
43433
43469
43641
43896
44545
44732
44760
45231
45285
45381
45405
45654
45735
45783
46429
46569
46725
46902
47172
47271
47382
47503
Number of cuts: 196

Rhodalysa
574
687
1304
1310
2071
2221
2254
2349
2503
2749
3333
4095
4392
5380
5392
5654
5918
5956
6388
6525
7460
7500
7668
7880
7893
7919
8445
9593
9673
9826
10084
10121
10249
10258
10395
10492
10764
10779
10837
11086
11245
11439
12454
12517
12777
12934
12975
13377
13426
13461
13654
14274
14719
14923
15180
15611
15617
15711
16049
16290
16454
16484
17078
17215
17326
17710
17780
18255
18664
19105
19745
20656
20920
20981
21185
21248
21257
21373
21467
21485
21503
21521
21530
21616
21705
21825
21879
22157
22493
22811
22848
22854
23201
23769
24275
24377
25041
25497
25822
26150
26223
26650
26806
26994
27046
27177
27525
27744
28693
28852
28858
29053
29952
30352
30823
30970
31045
31820
32313
32356
32394
32496
32640
32857
32872
33501
33805
34361
34463
34526
35276
35311
35465
35538
35664
35808
35993
36032
36276
36647
36665
36715
36742
36907
37241
37245
37305
37404
37464
37800
38433
38638
38869
40316
40714
40918
41158
41382
41448
41935
42283
42751
43016
43480
43628
43870
43886
44224
44706
44799
44961
44998
45054
45123
45277
45362
45429
Number of cuts: 177

StCroix
574
687
1304
1310
2071
2221
2254
2349
2503
2749
3333
4095
4392
5380
5392
5654
5918
5956
6388
6525
7460
7500
7668
7880
7893
7919
8445
9593
9673
9826
10084
10121
10249
10258
10395
10492
10764
10779
10837
11086
11245
11439
12454
12517
12777
12934
12975
13377
13426
13461
13654
14274
14719
14923
15180
15611
15617
15711
16049
16290
16454
16484
17078
17215
17326
17710
17780
18255
18664
19105
19745
20656
20896
20920
20981
21185
21248
21257
21373
21467
21485
21503
21521
21530
21616
21705
21825
21879
22015
22264
22506
22656
22824
22861
22867
23040
23214
23782
24288
24390
25054
25369
25510
25835
26163
26236
26663
26819
27007
27059
27190
27538
27757
28706
28865
28871
29066
29965
30365
30836
30983
31058
31833
32326
32369
32407
32509
32653
32870
32885
33514
33818
34374
34476
34539
35289
35324
35478
35551
35677
35821
36006
36045
36669
36687
36737
36764
36929
37263
37267
37327
37426
37486
37822
38455
38660
38891
40338
40736
40998
41180
41404
41470
42305
42773
43038
43502
43650
43892
43908
44246
44728
44821
44983
45020
45076
45179
45299
45384
45451
Number of cuts: 180

Swann
574
687
1304
1310
2071
2221
2254
2349
2503
2749
3333
4095
4392
5380
5392
5654
5918
5956
6388
6525
7460
7500
7668
7880
7893
7919
8445
9593
9673
9826
10084
10121
10249
10258
10395
10492
10764
10779
10837
11086
11245
11439
12454
12517
12777
12934
12975
13377
13426
13461
13654
14274
14719
14923
15180
15611
15617
15711
16049
16290
16454
16484
17078
17215
17326
17710
17780
18255
18664
19105
19745
20656
20896
20920
20981
21185
21248
21257
21373
21467
21485
21503
21521
21530
21616
21705
21825
22157
22493
22811
22848
22854
23201
23769
24275
24377
25041
25497
25822
26150
26223
26650
26806
26994
27046
27525
27744
28590
28693
28858
29053
29496
29950
30350
30821
30968
31043
31818
32311
32354
32392
32494
32638
32855
32870
33499
33803
34359
34461
34524
35274
35309
35463
35536
35662
35806
35991
36030
36274
36645
36663
36713
36740
36905
37239
37243
37303
37402
37462
37798
38431
38636
38867
40314
40712
40916
41156
41380
41446
41933
42281
42749
43014
43478
43626
43868
43884
44222
44704
44797
44959
44996
45052
45155
45275
45360
45427
Number of cuts: 177

Takoda
143
572
682
1297
1303
2063
2213
2341
2495
3325
3523
4087
4384
5242
5288
5384
5456
5646
5948
6365
6502
7437
7477
7645
7857
7870
7896
7926
7941
9553
9633
9786
10044
10209
10218
10355
10452
10472
10682
10731
10739
10797
11046
11205
11399
11554
12371
12414
12737
12894
12935
13337
13386
13421
13614
14679
14883
15140
15476
15577
15671
16009
16250
16414
16444
16938
17038
17286
17670
17740
18215
18451
18624
19065
19272
19705
20616
20941
20998
21145
21208
21217
21253
21333
21409
21576
21606
21975
22205
22465
22615
22783
22820
22826
22999
23173
23742
24350
24587
25014
25470
25795
25824
26623
26779
26833
26967
27019
27150
27717
28563
28666
28825
28831
29026
29471
30259
30730
30877
30952
31727
32220
32434
32491
32547
32761
32776
33405
33634
33869
33979
33980
34271
34535
34646
34709
35459
35648
35721
35847
35991
36176
36215
36276
36459
36830
36848
36898
36925
37090
37424
37428
37488
37563
37587
37647
37983
38312
38616
40501
40807
40898
41342
41566
41632
42342
42400
42461
42538
42612
42827
42929
43142
43240
43280
43482
43497
43689
43957
44011
44395
45032
45125
45516
45601
45668
Number of cuts: 186

Trina
2837
6613
6795
7159
9104
9491
9662
9807
10984
11045
12210
12732
14485
14656
14661
15065
15683
16063
16213
16339
19004
20067
20090
20225
20759
20948
21866
23383
24933
24971
25434
26089
26788
27051
27126
27976
28724
31421
31575
31659
31995
33158
33330
33417
34001
34064
34565
35240
35558
36107
37122
37951
38131
38384
38989
39018
39451
39962
40914
41712
42126
42374
42960
42967
43225
44113
44251
44311
44497
44683
44980
45034
45088
46918
48076
49072
49255
50638
51018
51126
52171
53402
53738
53918
54060
54578
54776
54797
54907
55887
57685
58546
58765
59125
59152
59318
59760
59788
60782
61176
61703
61787
61859
62305
63559
63646
64280
65075
65254
66085
67706
68157
68160
68297
68301
68415
69532
69590
70445
70487
70532
70559
71760
71916
72041
72254
72472
73069
73162
73299
75192
75633
76187
76974
77464
77841
78565
78972
80905
80911
84465
84785
85133
85571
85906
86015
86281
86774
87449
89026
89116
89799
91249
91954
93170
93804
93967
95175
95763
95994
96093
96117
96721
97592
97960
98003
98776
98925
98940
100479
100953
101413
101715
102636
103293
104248
105373
106062
106128
106260
106731
107874
108580
109233
109285
109669
110035
110137
111075
111259
111277
111321
111393
111829
111941
113173
113245
113574
115265
115284
115531
115737
117657
119504
119793
120369
121206
121649
122299
122370
123393
123564
123571
123715
124138
124946
125547
126270
126363
126481
127099
128146
128451
128816
129291
129936
130442
131076
131978
133276
133773
133848
134932
135080
135116
135363
135987
139239
Number of cuts: 238

TWAMP
574
687
1304
1310
2071
2221
2254
2349
2503
2749
3333
4095
4392
5380
5392
5654
5918
5956
6388
6525
7460
7500
7668
7880
7893
7919
8445
9593
9673
9826
10084
10121
10249
10258
10395
10492
10764
10779
10837
11086
11245
11439
12454
12517
12777
12934
12975
13377
13426
13461
13654
14274
14719
14923
15180
15611
15617
15711
16049
16290
16454
16484
17078
17215
17326
17710
17780
18255
18664
19105
19745
20656
20920
20981
21185
21248
21257
21373
21467
21485
21503
21521
21530
21616
21705
21825
21879
22157
22493
22811
22848
22854
23201
23769
24275
24377
25041
25497
25822
26150
26223
26650
26806
26994
27046
27177
27525
27744
28693
28852
28858
29053
29952
30352
30823
30970
31045
31820
32313
32356
32394
32496
32640
32857
32872
33501
33805
34361
34463
34526
35276
35311
35465
35538
35664
35808
35993
36032
36276
36647
36665
36715
36742
36907
37241
37245
37305
37404
37464
37800
38433
38638
38869
40316
40714
40918
41158
41382
41448
41935
42283
42751
43016
43480
43628
43870
43886
44224
44706
44799
44961
44998
45054
45123
45277
45362
45429
Number of cuts: 177

UhSalsa
574
687
1304
1310
2071
2221
2254
2349
2503
2749
3333
4095
4392
5380
5392
5654
5918
5956
6388
6525
7460
7500
7668
7880
7893
7919
8445
9593
9673
9826
10084
10121
10249
10258
10395
10492
10764
10779
10837
11086
11245
11439
12454
12517
12777
12934
12975
13377
13426
13461
13654
14274
14719
14923
15180
15611
15617
15711
16049
16290
16454
16484
17078
17215
17326
17710
17780
18255
18664
19105
19745
20656
20920
20981
21185
21248
21257
21373
21467
21485
21503
21521
21530
21616
21705
21825
22157
22493
22811
22848
22854
23201
23769
24276
24378
25042
25357
25498
25823
26151
26224
26651
26807
26995
27047
27526
27745
28591
28694
28859
29054
29497
30285
30756
30903
30978
31753
32246
32289
32327
32429
32790
32805
33414
33434
34294
34405
34468
35218
35253
35407
35480
35606
35750
35935
35974
36218
36589
36607
36657
36684
36849
37183
37187
37247
37346
37406
37742
38375
39378
40655
40917
41099
41323
41389
41876
42224
42692
42957
43421
43569
43811
43827
44165
44647
44740
44902
44939
44995
45098
45218
45303
45370
Number of cuts: 173

Weasels2
150
252
300
516
543
688
733
885
1262
1322
1640
1993
2015
2377
2456
2555
3131
3157
6199
8913
9232
9348
9517
10231
10303
10878
11808
12282
13589
13643
14642
15369
15625
15877
16118
18802
19480
19486
20415
20520
20805
21426
22313
23298
23423
23516
24126
24138
24806
25068
25533
26061
27233
28170
28364
29926
30677
30791
31332
32140
32352
32881
33316
35386
35623
35779
36013
37744
39808
40015
40203
40381
41922
42637
42723
43585
44518
45544
45571
45841
46681
46867
47362
50809
51013
51103
51403
51528
51681
51686
52050
52068
52338
53643
54430
54669
55047
55380
57365
58669
58822
59698
60319
60516
60537
60907
61153
61288
61454
61849
63055
63251
66436
66728
67450
68225
69581
70257
70649
70787
70857
71879
71945
72601
73189
73461
73831
75989
76043
76166
76183
76238
78172
78905
80106
80842
82003
82868
83433
84635
84943
84956
85124
85532
85612
85819
86147
86713
86979
88182
88818
89414
90288
90877
91474
92940
93544
94517
94841
95116
95282
95287
96023
96934
97111
97342
99675
100000
100783
101112
101940
103443
103811
103883
103941
105116
106819
107020
107859
108788
109006
109844
110829
111552
112115
113140
114326
114503
114783
115120
115552
116240
116265
117135
117288
117455
117877
119282
119390
119399
120464
121537
121680
122291
122720
124416
124598
125194
125793
126144
126809
126847
127213
128176
128511
128870
128905
129698
129951
130764
131201
131855
131957
132005
132221
132248
132393
132438
132590
132967
133027
133345
133698
133720
134082
134161
134260
134836
134862
Number of cuts: 239

Yogi
574
687
1304
1310
2221
2254
2349
2503
2749
3333
3761
4095
4198
4392
5296
5392
5464
5500
5654
5918
5956
6373
6510
7445
7485
7653
7865
7878
7904
7934
7949
9561
9641
10052
10217
10226
10363
10460
10480
10690
10753
10811
10841
11060
11219
11568
12385
12428
12751
12908
12949
13351
13400
13435
13628
14248
14693
14897
15154
15585
15591
15685
16023
16264
16458
17052
17300
17684
17754
18229
18465
18638
18787
19079
19286
19719
20267
20630
20955
21159
21249
21267
21347
21423
21590
21620
21799
21989
22131
22467
22617
22785
22822
22828
23001
23175
23743
24249
24351
25015
25471
25796
26624
26780
26968
27020
27499
27718
28551
28564
28667
28832
29027
29472
29926
30326
30797
30944
31019
31794
32287
32330
32368
32470
32614
32831
32846
33475
33669
33780
34071
34356
34361
34434
34497
35247
35282
35436
35509
35635
35779
35964
36003
36247
36998
37016
37066
37093
37258
37592
37596
37656
37755
37815
38151
38784
38989
39052
39220
39772
40667
41065
41269
41509
41733
41799
42286
42634
43102
43367
43831
43979
44221
44237
44420
44546
44575
45057
45150
45312
45349
45405
45628
45713
45780
46863
Number of cuts: 186

Yoncess
574
687
1304
1310
2071
2221
2254
2349
2503
2749
3333
3761
4095
4198
4392
5296
5392
5464
5500
5654
5918
5956
6373
6510
7445
7485
7653
7865
7878
7904
7934
7949
9561
9641
10052
10217
10226
10363
10460
10480
10690
10753
10811
10841
11060
11219
11568
12385
12428
12751
12908
12949
13351
13400
13435
13628
14248
14693
14897
15154
15585
15591
15685
16023
16264
16446
16458
17052
17300
17684
17754
18229
18465
18638
18787
19079
19286
19719
20267
20630
20955
21159
21222
21231
21249
21267
21347
21441
21459
21477
21495
21590
21620
21799
21989
22618
22775
22786
22823
23744
24352
24589
25016
25472
25797
26625
26781
26969
27021
27500
27719
28509
28552
28565
28668
28833
29028
30106
30577
30724
30799
31574
32067
32110
32148
32250
32394
32611
32626
33255
33449
33560
33851
34115
34217
34280
35030
35065
35219
35292
35418
35562
35747
35786
36030
36401
36419
36469
36496
36661
36995
36999
37059
37158
37218
37554
38187
38455
39175
40070
40468
40672
40912
41136
41202
41693
42041
42509
42774
43239
43387
43983
44465
44558
44720
44757
44813
45036
45121
45188
Number of cuts: 180

