Alatin
756
1071
1088
1115
1122
1289
1683
1879
2511
2679
2940
3335
3704
3752
3885
3984
4049
4104
4265
4464
4517
4571
4790
4813
4981
5056
5132
5414
5513
5554
5699
5981
6040
6642
6813
6823
7027
7119
7172
7278
7668
7679
8030
8412
8958
9042
9203
9254
9302
9314
9553
9768
9801
9831
9991
10001
10202
10237
10834
10897
11388
12739
12888
13110
13200
13398
13473
13683
13728
13740
14241
14520
14649
14805
14817
14898
14904
14946
15252
15325
15732
16232
16327
16780
16828
16990
17038
17200
17245
17684
17830
18050
18078
18414
18664
18737
18822
19118
19234
19372
20137
21963
22027
22552
22560
22969
23079
23394
23577
23651
23876
24150
24476
24888
25043
25426
25604
25731
26078
26196
27260
27466
27647
27848
27896
28039
28108
28299
28398
28426
28496
28662
28718
28748
28760
28814
28821
30179
30681
30693
30719
30918
31212
31497
31700
31751
31935
32402
32461
32942
33026
33304
33427
33888
33899
33987
34007
34264
34363
34395
34422
34455
34493
34527
34727
35072
35207
35643
35746
35755
36181
36560
36611
36743
36940
37049
37058
37090
37602
37693
37726
37936
38165
38267
38307
38944
39094
39238
39380
39609
39759
39990
40059
40233
40414
40454
40473
40558
40792
40961
41402
41516
41849
42179
42267
42657
42857
43179
43594
43701
43749
43934
43944
44042
44058
44280
44466
44649
44702
44827
44894
44953
44997
45107
45411
45462
45663
45823
46045
Number of cuts: 229

Alpacados
756
1071
1088
1115
1122
1289
1832
2473
2641
2902
3297
3946
4011
4066
4227
4426
4479
4533
4752
4775
4943
5018
5069
5094
5376
5516
5661
5943
6002
6526
6589
6760
6770
6974
7066
7225
7615
7626
7899
7977
8561
8888
8972
9133
9184
9232
9244
9333
9483
9698
9731
9761
9921
10071
10132
10167
10413
10770
10833
11324
11710
12117
12582
12675
13046
13136
13334
13409
13619
13664
13676
14447
14456
14468
14585
14741
14753
14834
15221
15243
15261
15310
15507
15668
16263
16974
17136
17181
17620
17766
17930
17986
18014
18350
18600
18673
19170
19872
20073
20832
21059
21638
21677
21845
22124
22421
22429
22838
22948
23026
23446
23520
23745
24019
24345
24757
24912
25295
25509
25636
25701
25983
26007
26348
26693
27179
27371
27552
27753
27801
27944
28013
28204
28303
28331
28401
28567
28726
30084
30586
30598
30624
30823
31117
31402
31605
31840
32307
32366
32847
32931
33176
33209
33332
33793
33892
33912
34169
34300
34327
34395
34429
34629
34974
35109
35545
35648
35657
36083
36196
36453
36504
36636
36942
36951
36983
37495
37586
37619
38058
38200
38744
39131
39273
39502
39652
39883
39952
40056
40136
40237
40277
40296
40381
40615
40784
41035
41225
41339
41672
42002
42090
42480
42605
42680
42807
43002
43417
43524
43572
43757
43767
43865
43881
44103
44289
44472
44525
44650
44717
44776
44820
44930
45234
45285
45486
45646
45868
46009
Number of cuts: 229

AngryOrchard
637
751
1064
1081
1108
1115
1282
1824
2456
2624
2885
3280
3502
3697
3994
4049
4210
4409
4462
4516
4735
4758
4926
5001
5052
5359
5458
5499
5605
5644
5926
5985
6387
6450
6572
6743
6753
6957
7049
7102
7208
7598
7609
7882
7960
8544
8871
8955
9116
9167
9215
9227
9681
9714
9744
9904
10054
10115
10150
10396
10753
10816
11307
11693
12100
12565
12658
13029
13119
13317
13392
13602
13647
13659
14397
14430
14474
14568
14724
14736
14817
14865
15226
15244
16151
16246
16699
16747
16909
16957
17164
17603
17749
17881
17969
17997
18333
18583
18656
18741
19037
19153
19735
19855
20110
20815
22416
22424
22833
22943
23441
23466
23515
23741
24015
24135
24425
24753
24908
25254
25469
25596
25943
25967
26143
26307
26487
26652
27330
27511
27712
27775
27903
27972
28163
28262
28290
28426
28526
28612
28678
28685
29882
29977
30479
30491
30517
30716
31010
31295
31498
31733
31997
32230
32298
32383
32664
32821
33099
33953
34052
34072
34329
34460
34487
34555
34589
34789
35134
35269
35705
35808
35817
36243
36356
36613
36664
36796
36993
37655
37746
37779
37989
38082
38183
38218
38360
38997
39291
39433
39662
39814
40045
40114
40288
40368
40527
40601
40612
40846
41015
41456
41570
41902
41941
42405
42514
43061
43224
43496
43511
43639
43869
44084
44100
44322
44691
44744
44869
44936
45098
45193
45203
45366
45392
45417
45607
45854
45973
46114
Number of cuts: 230

AppleCloud
404
551
864
881
908
915
1082
1390
2220
2388
2649
3044
3461
3485
3594
3693
3758
3813
3974
4173
4226
4280
4499
4522
4690
4765
5123
5222
5263
5408
5690
5749
6336
6507
6517
6721
6813
6866
6972
7103
7362
7373
7646
7724
8308
8611
8856
8907
8955
8967
9056
9088
9206
9421
9454
9484
9644
9794
9855
9890
10400
10487
10550
11041
11427
11834
12070
12293
12391
12400
12930
13075
13165
13363
13438
13555
13648
13693
13705
14485
14614
14692
14722
14782
14863
15290
16197
16292
16649
16745
16793
16955
17003
17165
17210
17649
17795
17927
18015
18043
18379
18629
18702
19199
19245
19781
19901
20102
20156
20244
20861
21088
21667
21874
22060
22142
22264
22532
22866
23053
23079
23090
23479
23779
24145
24763
24918
25301
25479
25606
25953
26150
26498
26663
27135
27341
27723
27786
27983
28174
28273
28301
28483
28616
28702
28714
28775
29909
30411
30423
30449
30648
30942
31430
31665
31929
32132
32191
32238
32756
33034
33157
33497
33612
33711
33731
34214
34221
34379
34454
34799
34934
35370
35473
35482
35908
36021
36278
36329
36461
36767
36776
36808
37320
37411
37444
37654
37883
37985
38025
38812
38956
39053
39098
39324
39566
39705
39774
39948
40040
40275
40509
40678
41119
41233
41566
41896
41984
42374
42574
42896
43311
43418
43466
43651
43661
43759
43775
43997
44183
44366
44419
44544
44611
44670
44714
44824
45128
45179
45380
45540
45762
Number of cuts: 232

Belenaria
756
1071
1088
1115
1122
1289
1683
1879
2511
2679
2940
3335
3704
3752
3885
3984
4049
4104
4265
4464
4517
4571
4790
4813
4981
5056
5132
5414
5513
5554
5699
5981
6040
6642
6813
6823
7027
7119
7172
7278
7668
7679
8030
8412
8958
9042
9203
9254
9302
9314
9553
9768
9801
9831
9991
10001
10202
10237
10834
10897
11388
12739
12888
13110
13200
13398
13473
13683
13728
13740
14241
14520
14649
14805
14817
14898
14904
14946
15252
15325
15732
16232
16327
16780
16828
16990
17038
17200
17245
17684
17830
18050
18078
18414
18664
18737
18822
19118
19234
19372
20137
21909
21973
22188
22485
22493
22902
23012
23090
23327
23584
23809
24083
24204
24410
24822
24977
25360
25538
25665
26012
26130
26377
26722
27400
27581
27782
27830
27973
28042
28233
28332
28360
28430
28596
28755
29950
30045
30547
30559
30585
30784
30958
31078
31363
31566
31617
31801
32268
32327
32808
32892
33170
33293
33754
33853
33873
34130
34229
34261
34288
34330
34368
34402
34602
34947
35082
35518
35621
35630
36056
36169
36426
36477
36609
36915
36924
36956
37468
37559
37592
37802
38031
38133
38173
38960
39104
39201
39246
39472
39714
39853
39922
40096
40188
40423
40657
40826
41267
41381
41714
42044
42132
42522
42722
43044
43459
43566
43614
43799
43809
43907
43923
44145
44331
44514
44567
44692
44759
44818
44862
44972
45276
45327
45528
45688
45910
Number of cuts: 227

BobbyDazzler
756
1071
1088
1115
1122
1289
1747
1944
2582
2750
3011
3406
4055
4120
4336
4535
4588
4642
4861
4884
5052
5127
5178
5203
5485
5625
6052
6111
6635
6698
6869
6879
7083
7175
7334
7724
7735
8008
8086
8670
8997
9081
9242
9293
9341
9353
9442
9592
9807
9840
9870
10030
10180
10241
10276
10522
10879
10942
11433
11819
12226
12691
12784
13155
13245
13443
13518
13728
13773
13785
14556
14565
14577
14694
14850
14862
14943
15330
15352
15370
15419
15616
15777
16277
16372
17083
17245
17290
17729
17875
18039
18095
18123
18459
18709
18782
19279
19981
20182
20941
21747
21786
21954
22140
22234
22531
22539
22621
22948
23058
23136
23556
23630
23855
24129
24249
24455
24539
24867
25022
25405
25583
25710
25775
26057
26081
26422
26767
27157
27253
27445
27626
27827
27875
28018
28087
28278
28377
28405
28475
28641
28800
30158
30660
30672
30698
30897
31191
31476
31679
31914
32381
32440
32921
33005
33250
33283
33406
33495
33867
33966
33986
34243
34374
34401
34434
34472
34506
34706
35051
35186
35725
35734
36160
36273
36530
36581
36713
37019
37028
37060
37572
37663
37696
38135
38277
38821
39208
39350
39579
39729
39960
40029
40203
40283
40384
40424
40443
40528
40762
40931
41182
41372
41486
41820
42150
42238
42628
42753
42828
42955
43150
43565
43672
43720
43905
44029
44251
44437
44620
44673
44798
44865
44924
44968
45382
45433
45634
45794
46016
46157
Number of cuts: 231

Bonanza
756
1071
1088
1115
1122
1289
1683
1879
2511
2679
2940
3335
3984
4049
4265
4464
4517
4571
4790
4813
4981
5056
5107
5132
5414
5554
5699
5981
6040
6564
6627
6798
6808
7012
7104
7263
7653
7664
7937
8015
8599
8926
9010
9171
9222
9270
9282
9371
9521
9736
9769
9799
9959
10109
10170
10205
10451
10808
10871
11362
11748
12155
12620
12713
13084
13174
13372
13447
13657
13702
13714
14485
14494
14506
14623
14779
14791
14872
15259
15281
15299
15348
15545
15706
16301
17012
17174
17219
17658
17804
17968
18024
18052
18388
18638
18711
19208
19910
20111
20870
21097
21676
21715
21883
22162
22459
22467
22876
22986
23301
23484
23783
24057
24177
24795
24950
25333
25511
25638
25703
25985
26009
26350
26695
27181
27373
27554
27755
27803
27946
28015
28206
28305
28333
28403
28569
28728
30086
30588
30600
30626
30825
30999
31119
31404
31607
31842
32309
32368
32544
32849
32933
33178
33211
33334
33795
33894
33914
34171
34302
34329
34397
34431
34631
34976
35111
35547
35650
35659
36085
36198
36886
37018
37324
37333
37365
37877
37968
38001
38440
38582
39126
39655
39884
40034
40265
40334
40508
40588
40689
40729
40748
40833
41067
41236
41487
41677
41791
42124
42454
42542
42932
43057
43132
43454
43869
44024
44209
44219
44317
44333
44344
44555
44741
44924
44977
45102
45169
45228
45272
45382
45686
45737
45938
46305
46446
Number of cuts: 226

Bradshaw
756
1071
1088
1115
1122
1289
1683
1879
2511
2679
2940
3335
3704
3752
3885
3984
4049
4104
4265
4464
4517
4571
4790
4813
4981
5056
5132
5414
5513
5554
5699
5981
6040
6642
6813
6823
7027
7119
7172
7278
7668
7679
8030
8412
8958
9042
9203
9254
9302
9314
9553
9768
9801
9831
9991
10001
10202
10237
10834
10897
11388
12739
12888
13110
13200
13398
13473
13683
13728
13740
14241
14520
14649
14805
14817
14898
14904
14946
15252
15325
15732
16232
16327
16780
16828
16990
17038
17200
17245
17684
17830
18050
18078
18414
18664
18737
18822
19118
19234
19372
20137
21909
21973
22188
22485
22493
22902
23012
23327
23510
23584
23809
24083
24409
24821
24976
25359
25537
25664
26011
26129
26721
27193
27399
27580
27781
27829
27972
28041
28232
28331
28359
28429
28595
28651
28681
28693
28747
28754
30112
30614
30626
30652
30851
31145
31430
31633
31684
31868
32335
32394
32875
32959
33237
33360
33821
33832
33920
33940
34197
34296
34328
34355
34388
34426
34460
34660
35005
35140
35576
35679
35688
36114
36493
36544
36676
36873
36982
36991
37023
37535
37626
37659
37869
38098
38200
38240
38877
39027
39171
39313
39542
39692
39923
39992
40166
40347
40387
40406
40491
40725
40894
41335
41449
41782
42112
42200
42590
42790
43112
43527
43634
43682
43867
43877
43975
43991
44213
44399
44582
44760
44827
44886
45040
45344
45370
45395
45411
45596
45756
46119
Number of cuts: 231

Bryce
756
1071
1088
1115
1122
1289
1683
1879
2511
2679
2940
3335
3984
4049
4265
4464
4517
4571
4790
4813
4981
5056
5107
5132
5414
5554
5981
6040
6564
6627
6798
6808
7012
7104
7263
7653
7664
7937
8015
8599
8926
9010
9171
9222
9270
9282
9371
9521
9736
9769
9799
9959
10109
10170
10205
10451
10808
10871
11362
11748
12155
12620
12713
13084
13174
13372
13447
13657
13702
13714
14485
14494
14506
14623
14779
14791
14872
15259
15281
15299
15348
15545
15706
16206
16301
17012
17174
17219
17658
17804
17968
18024
18052
18388
18638
18711
19208
19910
20111
20870
21097
21676
21715
21883
22069
22163
22460
22468
22550
22877
22987
23065
23485
23559
23784
24058
24178
24384
24796
24951
25334
25512
25639
25704
25986
26010
26351
26696
27086
27168
27374
27555
27756
27947
28016
28207
28306
28334
28404
28570
28729
29635
29866
30368
30380
30406
30605
30899
31184
31387
31622
32089
32148
32629
32713
32958
32991
33114
33203
33575
33674
33694
33951
34082
34109
34142
34180
34214
34414
34759
34894
35433
35442
35868
35981
36238
36289
36421
36727
36736
36768
37280
37371
37404
37843
37985
38529
38772
38916
39058
39287
39437
39668
39737
39911
39991
40092
40132
40151
40236
40470
40639
40890
41080
41194
41528
41858
41946
42336
42461
42536
42663
42858
43273
43380
43428
43613
43737
43959
44145
44328
44381
44506
44573
44676
45090
45141
45342
45353
45502
45724
45865
Number of cuts: 232

ChewyVIII
24
83
227
365
458
646
673
795
1027
1135
1327
2076
2097
2242
2302
2340
2426
2590
2677
2775
3499
3505
3625
3709
3796
3886
4165
4311
4368
4404
4427
4499
4549
5061
5240
5538
5592
5627
5660
5751
6714
7232
7337
7446
7547
7556
7598
7643
7687
7721
7802
8037
8253
8405
8480
8564
8822
8864
8880
8918
9236
9353
9371
9381
9419
9453
9692
9765
9771
9832
9847
9856
9996
10011
10086
10508
10652
10835
10847
10901
11095
11266
11312
11380
11395
11557
11622
11722
11788
12109
12207
12465
12582
12615
12624
12805
12867
12904
12999
13184
13199
13408
13563
13731
13922
14015
14046
14132
14141
14168
14401
14437
14473
14504
14592
14654
14666
14675
14834
14887
14939
14984
15178
15215
15544
16065
16110
16252
16308
16440
17430
17511
17550
17970
18021
18033
18344
18395
18551
18602
18757
18850
19060
19348
19603
19726
19767
19996
20103
20173
20352
20470
20517
20551
20571
20599
20815
20935
21012
21024
21240
21276
21681
21989
22050
22101
22127
22197
22347
22802
22931
23009
23304
23562
23696
23809
23845
23902
24151
24342
24881
24923
26044
26074
26103
26283
26310
26328
26397
26407
26547
26703
26755
26778
26899
27048
27089
27182
27317
27415
27558
27787
27956
27964
27970
28254
28313
28578
28823
28933
29135
29450
29500
29515
29669
29705
29734
29780
29858
29927
29966
30032
30062
30095
30185
30219
30327
30515
30531
30540
30593
30629
30754
30893
31024
31590
31751
31846
31874
32054
32120
32239
32252
32476
32546
32668
32716
32821
32932
33452
33466
33476
33484
33718
33729
33829
33937
34054
34075
34138
34165
34390
34415
35143
35369
35417
35497
35518
35908
36811
36986
37042
37959
38257
38332
38513
38593
38701
38725
39247
39346
39472
39502
39812
39870
39957
39998
40103
40724
41092
41125
41134
41269
41415
42202
42556
42589
42610
43176
43298
43713
43851
43977
44191
44477
44588
45053
45282
45618
45729
46302
46742
46812
46848
47268
47649
48187
48564
48748
49207
49567
49822
50130
50478
50589
51033
51126
51261
51329
51383
51632
51738
51845
51870
51996
52050
52178
52818
52881
53199
53226
53301
53603
53689
53762
53832
54277
54384
54400
54654
54795
55141
55537
55543
55810
55849
55870
56010
56420
56635
56963
56990
57057
57170
57214
57514
57620
57725
57959
58371
58385
58441
58504
58870
59089
59309
59692
59785
59868
60181
60271
60566
60703
60736
60742
60898
60963
61015
61560
62698
62767
63776
66445
66569
67668
67689
67726
67858
68070
68186
68982
Number of cuts: 401

CosmicSans
756
1071
1088
1115
1122
1289
1683
1879
2511
2679
2940
3335
3704
3752
3885
3984
4049
4104
4265
4464
4517
4571
4790
4813
4981
5056
5132
5414
5513
5554
5699
5981
6040
6642
6813
6823
7027
7119
7172
7278
7668
7679
8030
8412
8958
9042
9203
9254
9302
9314
9553
9768
9801
9831
9991
10001
10202
10237
10834
10897
11388
12739
12888
13110
13200
13398
13473
13683
13728
13740
14241
14520
14649
14805
14817
14898
14904
14946
15252
15325
15732
16232
16327
16780
16828
16990
17038
17200
17245
17684
17830
18050
18078
18414
18664
18737
18822
19118
19234
19372
20137
21909
21973
22188
22485
22493
22902
23012
23090
23510
23584
23809
24083
24409
24821
24976
25313
25322
25537
25664
26011
26129
26376
26721
27193
27399
27580
27781
27829
27972
28041
28232
28331
28359
28429
28595
28681
28747
28754
30112
30614
30626
30652
30851
31145
31430
31633
31684
31868
32132
32335
32394
32875
32959
33237
33360
33821
33832
33920
33940
34197
34296
34328
34355
34388
34426
34460
34660
35005
35140
35576
35679
35688
36114
36227
36484
36535
36667
36864
36973
36982
37014
37526
37617
37650
37860
38089
38191
38231
38868
39018
39162
39304
39533
39683
39914
39983
40157
40249
40338
40378
40397
40482
40716
40885
41136
41326
41440
41773
42103
42191
42581
42781
43103
43518
43625
43673
43858
43868
43966
43982
44204
44390
44573
44626
44751
44818
44877
44921
45031
45335
45386
45587
45747
45969
46110
Number of cuts: 236

Dinger
639
753
1066
1083
1117
1284
1679
1875
2507
2675
3331
3553
3672
3748
3980
4045
4100
4261
4460
4513
4567
4786
4809
4977
5052
5103
5128
5410
5509
5550
5656
5658
5695
5977
6036
6501
6623
6794
6804
7008
7100
7153
7259
7399
7649
7660
7933
8011
8595
8922
9006
9167
9218
9266
9278
9517
9732
9765
9795
10105
10166
10201
10447
10711
10804
10867
11358
11744
12151
12616
12858
13080
13170
13368
13443
13653
13698
13710
14448
14481
14619
14787
14868
14916
15277
15295
15702
16202
16297
16750
16798
16960
17008
17170
17215
17549
17654
17800
17932
18020
18048
18384
18634
18707
18792
19088
19204
19786
19906
20107
20161
20866
21093
21131
21672
21777
21879
21943
22070
22140
22420
22468
22476
22785
22885
22995
23493
23518
23793
24067
24187
24805
24960
25343
25521
25648
25995
26192
26540
26705
27177
27383
27585
27765
27828
28025
28216
28315
28343
28525
28658
28744
28756
28817
29152
29981
30483
30495
30521
30720
31014
31299
31502
31737
32001
32204
32232
32302
32828
33098
33106
33229
33839
33954
34053
34073
34330
34399
34488
34530
34568
34602
34802
35282
35718
35830
36256
36369
36626
36677
36809
37115
37124
37156
37479
37668
37759
37792
38002
38196
38231
38373
38504
38917
39304
39446
39675
39827
40058
40127
40301
40381
40540
40614
40625
40860
40981
41029
41470
41584
41718
41917
42423
42530
42532
42723
43079
43242
43424
43514
43657
43887
44102
44118
44129
44340
44709
44762
44887
44954
45013
45116
45211
45383
45409
45434
45450
46133
Number of cuts: 248

DocB7
144
166
230
319
494
610
724
947
968
1081
1290
1347
1831
1963
2029
2077
2095
2305
2362
2438
2515
2608
2651
3031
3230
3543
3707
3937
4018
4142
4189
4369
4390
4519
4771
5018
5039
5258
5386
5551
5581
5898
6001
6010
6082
6123
6228
6417
6699
6854
6887
6917
7365
7418
8494
9675
9852
10073
10701
10730
10829
11255
11339
11346
11357
11639
11712
11872
11887
11966
11992
12146
12316
12416
12530
12677
12730
12746
12799
12814
12896
13109
13429
13632
13735
13876
14057
14167
14185
14199
14663
15040
15134
15214
15499
15577
15589
15669
15722
15783
15844
15983
16119
16128
16255
16300
16351
16530
16555
16585
16653
16677
16740
16798
17071
17129
17155
17261
17279
17420
17422
17531
17592
17725
17896
18269
18905
18965
19004
19305
19410
19482
19514
19826
19847
19907
20096
20221
20525
20830
21032
21053
21464
21920
22218
22220
22331
22755
22845
23127
23159
23444
24038
24067
24278
24506
24608
24693
24707
24728
24846
24878
25124
25221
25502
25541
25604
25845
26522
26543
26642
26717
26750
26804
26864
27077
27140
27349
27860
27868
27898
27995
28042
28147
28260
28567
28666
28867
28963
29234
29274
29611
29908
30192
30837
30882
30945
30995
31085
31109
31215
31338
31380
31419
31444
31790
31797
32404
32675
33296
33335
33549
33700
33738
33794
33960
34060
34106
34416
34642
34794
34918
35258
35283
35646
35823
35841
36068
36440
36598
37101
37419
37461
37640
37745
37871
38228
38297
38423
38441
38701
38753
38774
39030
39195
39347
39432
39452
39494
39619
39925
39984
40050
40074
40092
40323
40361
40575
40966
41017
41189
41253
41320
41359
41724
41848
41885
41935
41988
42234
42294
42317
42758
42798
42819
42851
42935
43109
43140
43308
43314
43321
43946
44057
44286
44509
44762
44831
44990
45036
45135
45272
45336
45364
45380
45702
45770
45819
46126
46190
46478
46567
46813
46978
47170
47189
47260
47352
47455
47529
47575
48215
48269
48287
48415
48489
48609
48726
48751
48765
49033
49051
49424
49513
49669
49717
50149
50305
50392
50470
50533
50682
50838
50883
51129
51150
51345
51359
51559
51569
52081
52114
52237
52312
52450
52573
52844
52963
53155
53194
53764
53788
53863
53877
54135
54252
54358
54364
54606
54751
54866
55344
55456
55839
56479
56779
56960
57068
57076
57152
57241
57554
57566
57582
57858
57936
58283
58289
58644
58869
58917
58929
59282
59695
59761
59884
59890
59944
59978
60141
60367
60457
61285
61320
61339
61423
61429
61453
61572
61699
61701
61761
61813
61930
62019
62304
62452
62489
62591
62621
62656
62875
63175
63184
63292
63322
63822
63994
64036
64114
64315
64331
64863
64938
65139
65295
65376
65400
65682
65888
66296
66441
66505
66558
66618
66691
66723
66937
67148
67465
67598
67733
67907
68141
68384
68386
68517
68942
68973
69000
69942
70077
70289
70834
70913
70966
71188
71323
71478
71496
71512
71532
71630
71781
71933
71992
72119
72146
72167
72173
72319
72422
72461
72545
72846
73012
73112
73211
73285
73316
73361
73519
73549
73669
73794
73996
74004
74124
74203
74398
74575
74694
74769
75028
75094
75456
75465
75511
75513
75552
75600
Number of cuts: 501

E3
348
392
431
440
654
766
1329
1440
1840
2137
2323
2386
2512
2527
2720
2803
3139
3313
3427
3451
3583
3649
3916
3988
4267
4333
4447
4645
4932
5326
5747
5815
5987
6148
6788
6896
7112
7417
7548
7713
8085
8117
8434
8833
9404
9492
9740
10027
10051
10722
11206
11296
11478
11604
11745
11901
12288
12405
12423
12809
13040
13331
13703
13913
14298
14520
14906
14965
15827
15858
16208
16883
17048
17230
17443
17629
18425
18625
19270
19425
19452
19515
20155
20167
20816
20840
21404
21446
21643
21676
22011
22082
22106
22318
22760
22937
23533
23927
24468
24967
25260
25349
25525
25604
25996
26444
26467
27562
27745
27766
27847
28174
29309
29357
29396
29557
30062
30582
30668
30906
30923
31364
31538
32304
32558
32568
32606
32841
33136
33531
33597
33984
34173
34242
34275
34563
34746
34758
35097
35324
35595
35721
36087
36665
36712
36820
36899
36949
36959
38850
38874
39262
39535
39544
39612
39774
39958
40041
40152
40162
40294
40417
40429
40504
40728
40920
40941
40966
40995
41185
41356
41491
41718
42123
42132
42516
42758
43388
43711
43723
44006
44296
44308
44568
44682
44723
45014
45248
45650
46178
46247
46423
46767
46891
46939
47053
47239
47632
47818
47836
47848
47854
47906
47953
48163
48367
48405
48746
48812
48927
49034
49046
49052
49277
49364
49502
49532
49568
49601
49659
49815
49976
51164
51679
52027
52078
52330
52470
52699
52705
52751
52753
53105
53388
53394
53491
53627
53873
53882
54070
54091
54192
54342
55298
55517
56017
56040
56698
56964
57006
57232
57269
57467
57491
57717
57944
58013
58334
58421
58737
58804
59076
59382
59643
60030
60197
60388
60641
60672
60875
60887
60905
61025
61064
61175
61403
62279
62294
62669
62792
63359
63410
63518
63662
63871
63934
64115
64241
64848
64876
65009
65168
65378
65483
66320
66537
66674
66695
66746
67228
67339
67378
67399
67477
67714
67827
68121
68205
68310
68343
68525
68744
69217
69319
69343
69434
69784
69961
69970
70753
71066
71080
71173
71442
71463
71706
72340
72370
72388
72637
72739
72772
72853
73231
73420
73459
73636
74011
74170
74434
74548
74563
75225
75365
75673
75900
76480
76515
76830
77007
77778
78129
78389
78941
78950
79034
79064
79508
79547
79789
79802
79909
80059
80128
80278
80377
80716
81331
81379
81412
81674
81724
81823
82096
82468
82516
83053
83194
83338
83425
83521
84032
84595
84681
84757
85189
85671
85764
86028
86157
86259
86274
86469
86793
87122
87394
87472
87572
88359
88526
89289
89855
89873
89879
90074
90152
90308
90341
90680
91264
91286
91477
92257
92270
92414
92558
92621
92739
92810
93114
93261
93536
93659
93692
93776
94022
94031
94113
94311
94335
94643
94658
94715
94772
94952
95294
95701
95713
95806
95818
95925
96549
96789
97175
97313
97526
97562
97628
97673
97781
97807
97809
97879
98295
98307
98355
98870
98939
99296
99497
99530
99734
99949
100042
100136
100195
100780
101028
101091
101365
101385
101604
102199
102343
102430
102554
102640
102738
102753
102780
102855
102973
103180
103264
103963
103973
104022
104129
104795
104822
104915
104979
105234
105525
105947
106223
106280
106586
106622
106673
106736
106757
106988
107063
107205
107259
107337
107355
107430
107445
107452
107523
107595
107688
107931
107937
108069
108268
108548
108587
108978
109126
109155
109221
109499
109544
109754
109781
110329
110458
110503
110716
110808
110853
110874
111012
111093
111282
111807
111864
111957
112388
112559
112766
113331
113517
113699
113711
113726
113855
114106
114253
114364
114445
115259
115385
115777
116439
116454
116466
116603
116605
116669
117326
117504
117551
117827
118328
118388
118460
118547
118761
118768
119128
119461
119539
119892
120367
120486
120519
120556
120564
120639
120699
120956
121056
121149
121281
121467
121473
121506
121743
121803
121884
122172
122307
122694
122966
123353
123568
123655
123673
124279
124651
124905
124920
125223
125675
126001
126580
126611
126637
126776
127011
127304
127322
127649
127959
127977
128139
128549
128606
128713
128828
129015
129344
129731
130156
130207
130660
130890
130899
131151
131173
132411
132906
133118
133337
133343
133430
133466
133889
133931
134021
134141
134399
134792
136034
136139
136205
137187
137253
137334
137520
137973
138216
138288
138301
138928
139542
140174
140710
140906
142008
142149
142485
Number of cuts: 666

Erik
756
1071
1088
1115
1122
1289
1683
1879
2511
2679
2940
3335
3704
3752
3885
3984
4049
4104
4265
4464
4517
4571
4790
4813
4981
5056
5132
5414
5513
5554
5699
5981
6040
6642
6813
6823
7027
7119
7172
7278
7668
7679
8030
8412
8957
9041
9202
9253
9301
9313
9552
9767
9800
9830
9990
10000
10201
10236
10833
10896
11387
12738
12887
13109
13199
13397
13472
13682
13727
13739
14240
14519
14648
14804
14816
14897
14903
14945
15251
15324
15731
16231
16326
16779
16827
16989
17037
17199
17244
17683
17829
18049
18077
18413
18663
18736
18821
19117
19233
19371
20136
21908
21972
22187
22484
22492
22901
23011
23089
23509
23582
23807
24081
24407
24819
24974
25357
25535
25662
26009
26127
26374
26719
27397
27578
27779
27827
27970
28039
28230
28329
28357
28427
28593
28752
29949
30044
30546
30558
30584
30783
30957
31077
31362
31565
31616
31800
32267
32326
32807
32891
33136
33169
33292
33753
33764
33852
33872
34129
34228
34260
34287
34320
34358
34392
34592
34937
35072
35508
35611
35620
36046
36159
36416
36467
36599
36796
36905
36914
36946
37458
37549
37582
37792
38021
38123
38163
38800
38950
39094
39236
39465
39615
39846
39915
40089
40228
40313
40547
40716
40967
41157
41271
41604
41934
42022
42412
42612
42934
43349
43456
43504
43689
43699
43797
43813
44035
44221
44404
44457
44582
44649
44708
44752
44862
45166
45217
45418
45578
45800
Number of cuts: 230

Espica
756
1071
1088
1115
1122
1289
1683
1879
2511
2679
2940
3335
3704
3752
3885
3984
4049
4104
4265
4464
4517
4571
4790
4813
4981
5056
5132
5414
5513
5554
5699
5981
6040
6642
6813
6823
7027
7119
7172
7278
7668
7679
8030
8412
8958
9042
9203
9254
9302
9314
9553
9768
9801
9831
9991
10001
10202
10237
10834
10897
11388
12739
12888
13110
13200
13398
13473
13683
13728
13740
14241
14520
14649
14805
14817
14898
14904
14946
15252
15325
15732
16232
16327
16780
16828
16990
17038
17200
17245
17684
17830
18050
18078
18414
18664
18737
18822
19118
19234
19372
20137
21909
21973
22188
22485
22493
22902
23012
23090
23327
23584
23809
24083
24204
24410
24822
24977
25360
25538
25665
26012
26130
26377
26722
27400
27581
27782
27830
27973
28042
28233
28332
28360
28430
28596
28755
29950
30045
30547
30559
30585
30784
30958
31078
31363
31566
31617
31801
32268
32327
32808
32892
33137
33170
33293
33754
33853
33873
34130
34229
34261
34288
34330
34368
34402
34602
34947
35082
35518
35621
35630
36056
36169
36426
36477
36609
36915
36924
36956
37468
37559
37592
37802
38031
38133
38173
38960
39104
39201
39246
39472
39714
39853
39922
40096
40188
40423
40657
40826
41267
41381
41714
42044
42132
42522
42722
43044
43459
43566
43614
43799
43809
43907
43923
44145
44331
44514
44567
44692
44759
44818
44862
44972
45276
45327
45528
45688
45910
Number of cuts: 228

Finch
66
253
540
838
918
1020
1293
1458
1623
1773
1911
1960
2090
2172
2330
2661
3347
3793
4175
4229
4530
4557
5072
5221
5234
5316
5664
6732
6741
6908
7148
7505
7560
7587
7853
7964
7991
8746
8854
10040
10143
10248
10383
10455
10671
10758
10936
11464
11559
11736
11748
11911
12141
12189
12246
12642
13072
13509
13595
13760
14078
14582
14987
15033
15117
15123
15362
15457
15714
15886
16654
16894
16981
17080
17127
17155
17473
18043
18103
18436
18457
18479
18489
18523
18596
18643
19009
19025
19067
19295
19424
19433
19814
19832
19838
20094
20138
20194
21398
21921
22107
22787
22897
22990
23401
23446
23734
23864
23890
24326
25797
26199
26617
27015
27120
27925
27997
28006
28486
28537
28962
29028
29085
29423
29539
29546
29753
29799
29855
30129
30369
30744
30761
30776
30824
31046
31136
31793
31898
32105
32846
32892
32957
33037
33092
33175
33226
33446
33610
33642
34059
34686
34751
34763
34904
34925
35745
36033
36223
36415
36429
36567
36601
36710
36826
36847
36909
37020
37421
37439
37944
38156
38301
38391
38796
39063
39130
39231
39249
39300
39471
39618
39675
39705
39774
39795
39915
40159
40370
40378
40597
40659
41229
41274
41313
41344
41371
41524
41666
41903
42028
42106
42244
42253
43165
43177
43376
43471
43570
43965
44100
44508
44825
44942
44957
45014
45059
45601
45616
46291
46351
46693
46735
46777
46891
47126
47281
47416
47437
47731
47740
47758
48235
49207
49476
49488
49506
49555
49605
49716
49833
50079
51333
51601
51609
51683
51942
52239
53088
53151
53315
53337
53697
53796
53988
54027
54159
55121
55250
55557
55830
56202
56320
56733
57069
57941
58169
58205
58608
58642
58730
58815
58863
58893
59111
59173
59452
60051
60108
60344
60430
60550
60652
61880
61940
62090
62300
62366
63337
63745
63829
64033
64185
64471
64564
64672
64936
64948
65086
65605
66295
66331
66745
66826
67531
67738
67975
68057
68074
68431
68440
68470
69009
69060
69066
69297
69426
69483
69822
69958
70037
70163
70491
70742
70749
70818
71013
71043
71073
71470
71773
72166
72289
72601
72661
72703
72742
73586
74829
75382
75392
75514
75937
75994
76185
76197
76496
76865
77047
77870
78216
78342
78818
78854
79057
79084
79163
79486
79638
79645
79914
80191
80474
80551
80729
80778
80945
81652
82061
82101
82436
82547
82936
83231
83237
83444
83605
83731
83819
83830
83935
84222
84460
85341
85955
86057
86110
86280
86444
86467
86566
86974
86997
87218
87308
87601
87824
87942
88424
88780
89170
89915
90119
90277
90368
90997
91018
91815
92589
92872
92898
93163
93444
93612
93843
94666
94790
94838
95588
95675
95945
95966
96503
96847
97039
97582
97794
99662
100236
100573
100652
101282
101382
101478
102513
102628
102948
103259
103602
103632
103695
103829
103847
104389
104434
104470
104817
105301
105598
105668
106026
106176
106237
106418
106732
106765
106986
107131
107170
107229
107331
107457
107651
107705
107729
107757
108035
108565
109095
109629
109921
110094
110318
110640
110855
111660
111748
111864
112053
112077
112184
112315
112647
112839
112942
113076
113507
113626
113676
114220
114397
114702
114809
114855
114958
114965
115263
115327
115377
115513
115578
115648
115694
116091
116106
117012
117067
117165
118093
118235
118423
118545
118603
119071
119221
119413
119492
120000
120090
120189
120365
120539
120783
121242
121524
121533
121784
122048
122475
122865
123098
123286
123317
124299
124565
124735
125202
125248
126023
126334
126751
126789
126915
127250
127389
127503
127544
128322
128599
128872
129305
129517
129817
129961
130115
130588
130834
130951
131443
132025
132337
132829
132922
133124
133189
133872
133938
134322
134685
135772
135984
136071
136126
136386
136446
136479
137151
137514
137526
137610
137701
137791
138126
138261
138320
138428
138575
138623
138686
138755
Number of cuts: 590

Gollum
756
1071
1088
1115
1122
1289
1683
1879
2511
2679
2940
3335
3704
3752
3885
3984
4049
4104
4265
4464
4517
4571
4790
4813
4981
5056
5132
5414
5513
5554
5699
5981
6040
6642
6813
6823
7027
7119
7172
7278
7668
7679
8030
8412
8958
9042
9203
9254
9302
9314
9553
9768
9801
9831
9991
10001
10202
10237
10834
10897
11388
12739
12888
13110
13200
13398
13473
13683
13728
13740
14241
14520
14649
14805
14817
14898
14904
14946
15252
15325
15732
16232
16327
16780
16828
16990
17038
17200
17245
17684
17830
18050
18078
18414
18664
18737
18822
19118
19234
19372
20137
21909
21973
22188
22485
22493
22902
23012
23584
23809
24083
24409
24821
24976
25359
25537
25664
26011
26129
26376
26721
27399
27580
27781
27829
27972
28041
28232
28331
28359
28429
28595
28754
30110
30612
30624
30650
30849
31143
31428
31631
31682
31866
32333
32392
32873
32957
33202
33235
33358
33819
33918
33938
34195
34294
34326
34353
34386
34424
34458
34658
35003
35138
35574
35677
35686
36112
36225
36482
36533
36665
36971
36980
37012
37524
37615
37648
37858
38087
38189
38229
39016
39160
39257
39302
39528
39856
39925
40099
40280
40320
40339
40424
40658
40827
41078
41268
41382
41715
42045
42133
42523
42723
43045
43460
43567
43615
43800
43810
43908
43924
44146
44332
44515
44693
44760
44819
44863
44973
45277
45328
45529
45689
Number of cuts: 223

Grayson
113
153
1386
1873
2006
2485
2729
3126
3362
3432
3504
3709
3940
4490
4567
4669
4675
4921
5434
5608
5804
6181
6220
6520
6690
7149
7212
7353
7484
8101
8130
8148
8393
8982
9070
9236
9396
9788
9872
9963
10121
10183
10309
10471
10962
12279
12380
12394
12556
12596
12652
12784
12802
12931
13147
13821
14128
14647
14662
14749
14876
14915
14936
15387
15459
15516
15576
15742
15952
16364
16516
16598
16817
16959
17228
17521
17548
17644
17801
17909
17918
18029
18456
18509
18845
18929
19801
19897
19914
19996
20011
20213
20336
20442
20468
20706
21107
21109
21198
21370
21750
22177
22817
22975
23438
23486
23811
23945
24003
25033
25111
25137
25204
25218
25514
25757
25827
25839
25979
26069
26425
26576
26727
26766
26866
27099
27260
27336
27408
27642
27697
27799
28076
28159
28214
28321
28561
28697
28950
29795
29868
30377
30498
30512
31039
31128
31190
31229
31482
32012
32055
32148
32214
32220
32570
33139
33778
33865
34290
34610
34718
35364
35444
35460
35847
36143
36213
36270
36285
36533
36789
37168
37792
37821
38222
38367
38456
38565
38582
38715
38877
38998
39050
39157
39345
39974
40007
40218
40622
40676
41045
41162
41312
41348
41511
41601
41764
42034
42273
42353
42387
42425
42790
42880
42965
43090
43706
43744
43759
44209
44812
44879
45320
45632
45653
45686
45710
45827
45995
47019
47078
47193
47246
47279
47386
47501
47826
47999
48140
48272
48799
48836
49139
49620
49955
50215
50237
50384
50450
50545
50591
50822
51183
52060
52222
52308
52418
52514
52880
52904
53363
54089
54145
54205
54429
54627
54956
55044
55131
55374
55645
55871
55953
56239
56460
56553
57540
57777
57837
57904
58363
58431
58471
58557
59068
59077
59094
59331
59421
60083
60295
60510
60771
60798
61067
61400
61533
61566
61632
61659
61911
61926
61983
62318
62459
62471
62840
63057
63336
63510
63621
64604
64706
64760
65013
65114
65611
65965
66025
66193
66325
66371
66435
66754
66936
67345
67633
67784
68306
68410
68452
68479
68485
68518
68605
69131
69182
69724
69826
69891
70130
70253
70574
70646
70797
71069
72004
72189
72416
72506
72644
72973
73327
73484
73619
73826
74087
74194
74234
74553
74769
75738
75988
76094
76122
76142
76370
76650
76787
77250
77370
77570
77601
77753
78768
78776
78782
78815
78865
79537
79635
79676
79701
80333
80624
80741
80747
81210
81418
81460
82610
82618
82821
82839
83000
83302
83450
83480
83498
83618
83681
83964
84127
84239
84387
84567
84660
84671
84779
84833
84968
85079
85165
85233
85735
85825
85900
85963
86086
86199
86587
86616
86729
86780
86843
86915
87175
87375
87519
87635
87680
88079
88353
88749
88788
88992
89241
89578
89755
89906
90022
90515
90561
90764
90941
91130
91239
91352
91400
91718
91749
91957
92556
92784
92811
93167
93350
93736
93934
94476
94672
94785
94820
95576
95920
96072
96192
96275
96432
96522
96664
97251
97543
97573
97849
98153
98340
98360
98637
98871
99742
99811
100016
100152
100182
100431
100574
100587
100812
101437
101452
101662
101836
101893
102197
102240
102354
102446
102533
103242
103371
103531
103565
103709
103937
103968
104176
104260
104353
104501
104727
105148
105434
105700
105745
107219
107346
107735
107774
108139
108253
108864
109578
109746
109789
110029
111486
112047
112615
112771
112858
113026
113193
113532
113751
113775
113820
113943
114120
114170
114488
114601
114649
114842
115314
115379
115428
115605
116216
116273
116399
117372
117706
117905
117947
117959
118834
118952
119184
119232
119396
119955
120900
121025
122023
122560
123735
124134
124500
124987
125094
125179
125321
125686
125728
125844
126223
126878
127520
127637
127684
127915
128434
128901
129014
129054
130287
130774
130907
131386
131630
Number of cuts: 581

Harlequin
756
1071
1088
1115
1122
1289
1683
1879
2511
2679
2940
3335
3752
3776
3885
3984
4049
4104
4265
4464
4517
4571
4790
4813
4981
5056
5414
5513
5554
5660
5662
5699
5981
6040
6627
6798
6808
7012
7104
7157
7263
7394
7653
7664
7937
8015
8599
8902
9147
9198
9246
9258
9319
9347
9379
9497
9712
9745
9775
9935
10085
10146
10181
10427
10784
10847
11338
11724
12131
12596
12689
13060
13150
13348
13423
13633
13678
13690
14461
14470
14482
14599
14755
14767
14848
15235
15257
15275
15324
15521
15682
16182
16277
16988
17150
17195
17634
17780
17944
18000
18028
18364
18614
18687
19184
19886
20087
20846
21073
21706
21745
21913
22099
22193
22490
22498
22580
22907
23017
23095
23515
23589
23814
24088
24208
24414
24826
24981
25364
25542
25669
25734
26016
26040
26381
26726
27116
27198
27404
27585
27786
27977
28046
28237
28336
28364
28434
28600
28759
29665
29896
30398
30410
30436
30635
30929
31214
31417
31652
32119
32178
32659
32743
32988
33021
33144
33233
33605
33704
33724
33981
34112
34139
34172
34210
34244
34444
34789
34924
35463
35472
35898
36011
36268
36319
36451
36757
36766
36798
37310
37401
37434
37644
37873
38652
38802
38946
39088
39317
39349
39396
39469
39700
39769
39814
39943
40270
40800
40925
41115
41229
41563
41893
41981
42371
42496
42571
42698
42893
43308
43415
43463
43648
43772
43994
44180
44363
44416
44541
44608
44711
45125
45176
45377
45537
45759
45900
Number of cuts: 237

Hiro
413
756
1071
1088
1115
1122
1289
1683
1879
2511
2679
2940
3335
3984
4049
4265
4464
4517
4571
4790
4813
4981
5056
5107
5132
5414
5554
5981
6040
6564
6627
6798
6808
7012
7104
7263
7394
7653
7664
7937
8015
8599
8902
9147
9198
9246
9258
9347
9379
9497
9712
9745
9775
9935
10085
10146
10181
10691
10778
10841
11332
11718
12125
12160
12361
12584
12682
12691
12803
13221
13366
13422
13456
13654
13729
13846
13939
13984
13996
14776
14905
14983
15013
15073
15154
15581
16488
16583
16940
17036
17084
17246
17294
17456
17501
17940
18086
18218
18334
18670
18920
18993
19078
19374
19490
20072
20192
20393
20447
20535
21152
21379
21958
22165
22351
22433
22555
22823
23344
23370
23381
23770
24069
24343
24463
24669
24753
25081
25236
25619
25797
25924
25989
26271
26295
26636
26981
27371
27467
27659
27840
28041
28089
28232
28301
28492
28591
28619
28689
28855
29014
30372
30874
30886
30912
31111
31405
31690
31893
32128
32595
32654
33135
33219
33464
33497
33620
33709
34081
34180
34200
34457
34588
34615
34648
34686
34720
34920
35265
35400
35939
35948
36374
36487
36744
36795
36927
37233
37242
37274
37786
37877
37910
38349
38451
38491
39035
39564
39793
39943
40174
40243
40417
40497
40598
40638
40657
40742
40976
41145
41396
41586
41700
42034
42364
42452
42842
42967
43042
43169
43364
43779
43886
43934
44119
44243
44465
44651
44834
44887
45012
45079
45138
45182
45292
45596
45647
45848
46008
46230
46371
Number of cuts: 241

Jace
402
477
567
601
709
770
896
950
1107
1304
2297
2558
2607
2774
3044
3434
3533
4060
4180
4370
4786
5147
5352
5544
5592
5633
5667
5763
5813
5840
5853
6032
6308
6320
6815
6935
7142
7689
7737
8069
8183
8616
9016
9172
9844
9922
9942
10179
10584
10854
10995
11166
11217
11383
11385
11431
11568
11857
11874
12090
12243
12345
12367
12654
12684
13194
13440
13482
13492
13977
14239
14340
14547
14559
14664
14735
14771
14936
15143
15161
15353
15962
15975
16055
16235
16370
16388
17154
17779
18134
18359
18403
18529
18652
18748
18811
18850
19145
19324
19807
20473
20919
21237
21349
21510
21613
21766
21852
21951
22545
22731
22767
22812
22914
23013
23130
23242
23463
23561
23790
23921
23990
24155
24332
24444
24894
25783
25885
25918
25987
26270
26609
26786
26846
26921
27095
27371
27454
28351
28793
28842
29081
29488
29970
30281
30323
31610
31657
32171
32297
33026
33036
33495
33638
34038
34050
34113
34427
34436
34767
35377
35563
35599
35682
36163
36371
36433
36453
36471
36532
37258
37671
37884
38034
38055
38106
38124
38369
38444
39106
39488
40181
40778
40943
41140
41494
41710
41920
42820
42934
43048
43214
43955
44207
44409
44618
44972
45197
45350
46116
46479
46659
46722
47057
47854
48292
48388
48627
48951
49963
50010
50101
50617
50657
50882
51068
51107
51120
51167
51472
51726
51965
52325
52467
52825
53126
53208
53674
Number of cuts: 228

Jester
756
1071
1088
1115
1122
1289
1683
1879
2511
2679
2940
3335
3752
3776
3885
3984
4049
4104
4265
4464
4517
4571
4790
4813
4981
5056
5414
5513
5554
5660
5662
5699
5981
6040
6627
6798
6808
7012
7104
7157
7263
7394
7653
7664
7937
8015
8599
8902
9147
9198
9246
9258
9319
9347
9379
9497
9712
9745
9775
10085
10146
10181
10691
10778
10841
11332
11500
11718
12125
12590
12683
13054
13144
13342
13417
13627
13672
13684
14464
14593
14626
14701
14842
15269
16271
16628
16724
16772
16934
16982
17144
17189
17628
17774
17906
17994
18022
18358
18608
18681
19178
19880
20081
20840
21067
21646
21685
21853
22030
22124
22421
22429
22511
22838
22948
23026
23446
23520
23745
24019
24139
24345
24757
24912
25295
25473
25600
25665
25947
25971
26312
26657
27047
27129
27335
27516
27717
27908
27977
28168
28267
28295
28365
28531
28690
29596
29827
30329
30341
30367
30566
30860
31145
31348
31583
32050
32109
32590
32674
32919
32952
33075
33164
33536
33635
33655
33912
34043
34070
34103
34141
34175
34375
34720
34855
35394
35403
35829
35942
36199
36250
36382
36688
36697
36729
37241
37332
37365
37575
37804
38583
38733
38877
39019
39248
39280
39327
39400
39631
39700
39745
39874
40201
40731
40856
41046
41160
41494
41824
41912
42302
42427
42502
42629
42824
43239
43346
43394
43579
43703
43925
44111
44294
44347
44472
44539
44642
45056
45107
45308
45468
45690
45831
Number of cuts: 233

Krishelle
756
1071
1088
1115
1122
1289
1683
1879
2511
2679
2940
3335
3704
3752
3885
3984
4049
4104
4265
4464
4517
4571
4790
4813
4981
5056
5132
5414
5513
5554
5699
5981
6040
6642
6813
6823
7027
7119
7172
7278
7668
7679
7952
8030
8614
8917
9162
9213
9261
9273
9362
9394
9512
9727
9760
9790
9950
10100
10161
10196
10706
10793
10856
11347
11733
12140
12376
12599
12697
12706
13236
13381
13471
13669
13744
13861
13954
13999
14011
14791
14920
14998
15028
15088
15169
15596
16503
16598
16955
17051
17099
17261
17309
17471
17516
17955
18101
18233
18321
18349
18685
18935
19008
19505
19551
20087
20207
20408
20462
20550
21167
21394
22009
22216
22402
22484
22606
22874
23208
23395
23421
23432
23821
24121
24487
25105
25260
25643
25821
25948
26295
26492
26840
27005
27477
27683
28065
28128
28325
28516
28615
28643
28825
28958
29044
29056
29117
30472
30974
30986
31012
31211
31505
31790
31993
32044
32228
32695
32754
33235
33319
33597
33720
34181
34192
34280
34300
34557
34656
34688
34715
34748
34786
34820
35020
35365
35500
35936
36039
36048
36474
36853
36904
37036
37233
37342
37351
37383
37895
37986
38019
38229
38458
38560
38600
39237
39387
39531
39673
39902
40052
40283
40352
40526
40707
40747
40766
40851
41085
41254
41695
41809
42142
42472
42560
42950
43150
43472
43887
43994
44042
44227
44237
44335
44351
44573
44759
44942
44995
45120
45187
45246
45290
45400
45704
45730
45755
45771
46328
46393
Number of cuts: 240

Lillie
756
1071
1088
1115
1122
1289
1683
1879
2511
2679
2940
3335
3704
3752
3885
3984
4049
4104
4265
4464
4517
4571
4790
4813
4981
5056
5132
5414
5513
5554
5699
5981
6040
6642
6813
6823
7027
7119
7172
7278
7668
7679
8030
8412
8958
9042
9203
9254
9302
9314
9553
9768
9801
9831
9991
10001
10202
10237
10834
10897
11388
12739
12888
13110
13200
13398
13473
13683
13728
13740
14241
14520
14649
14805
14817
14898
14904
14946
15252
15325
15732
16232
16327
16780
16828
16990
17038
17200
17245
17684
17830
18050
18078
18414
18664
18737
18822
19118
19234
19372
20137
21909
21973
22188
22485
22493
22902
23012
23090
23510
23584
23809
24083
24409
24821
24976
25313
25322
25537
25664
26011
26129
26376
26721
27193
27399
27580
27781
27829
27972
28041
28232
28331
28359
28429
28595
28681
28747
28754
30112
30614
30626
30652
30851
31145
31430
31633
31684
31868
32132
32335
32394
32875
32959
33237
33360
33821
33832
33920
33940
34197
34296
34328
34355
34388
34426
34460
34660
35005
35140
35576
35679
35688
36114
36227
36484
36535
36667
36864
36973
36982
37014
37526
37617
37650
37860
38089
38191
38231
38868
39018
39162
39304
39533
39683
39914
39983
40157
40249
40338
40378
40397
40482
40716
40885
41136
41326
41440
41773
42103
42191
42581
42781
43103
43518
43625
43673
43858
43868
43966
43982
44204
44390
44573
44626
44751
44818
44877
44921
45031
45335
45386
45587
45747
45969
46110
Number of cuts: 236

Mahdia
816
856
1438
2256
3027
3264
3445
3536
4374
4428
4798
4830
4938
4981
5148
5208
5244
5559
5793
6133
6349
7092
7100
7227
7674
7740
7892
7902
8022
8148
8427
8908
8968
9290
9881
9940
10203
10461
10560
10623
10950
11190
11379
11391
11514
11526
11613
11682
11694
11700
11745
11802
11850
11880
11892
11916
11937
12144
12165
12510
12685
12939
12990
13228
13587
14193
14243
14580
15612
16242
16371
17156
17177
17321
17988
18134
18677
18752
19479
19490
19615
20413
20699
20795
20858
20918
21020
21065
21104
21249
21331
21427
21478
21556
21637
21757
22652
22757
22795
23168
23207
23270
23452
23719
23791
24037
24121
24247
24509
24713
24732
24798
24857
25368
25770
25889
25967
26039
26126
26241
26364
26475
26865
26922
27075
27292
27690
27770
27778
27873
28127
28267
28470
29163
29723
29733
29859
29882
29961
30439
30753
31107
31133
31211
31528
31759
31920
32007
32424
32555
32567
32766
33153
33748
34032
34197
34242
34659
34700
35312
35506
35522
35653
36281
36313
36345
36364
37066
37078
38006
38520
38885
39559
40069
40598
41162
41188
41272
41360
41690
41717
Number of cuts: 181

Naiad
756
1071
1088
1115
1122
1289
1683
1879
2511
2679
2940
3335
3704
3752
3885
3984
4049
4104
4265
4464
4517
4571
4790
4813
4981
5056
5132
5414
5513
5554
5699
5981
6040
6642
6813
6823
7027
7119
7172
7278
7668
7679
8030
8412
8958
9042
9203
9254
9302
9314
9553
9768
9801
9831
9991
10001
10202
10237
10834
10897
11388
12739
12888
13110
13200
13398
13473
13683
13728
13740
14241
14520
14649
14805
14817
14898
14904
14946
15252
15325
15732
16232
16327
16780
16828
16990
17038
17200
17245
17684
17830
18050
18078
18414
18664
18737
18822
19118
19234
19372
20137
21909
21973
22498
22506
22915
23025
23340
23523
23597
23822
24096
24422
24834
24989
25372
25550
25677
26024
26142
27206
27412
27593
27794
27842
27985
28054
28245
28344
28372
28442
28608
28664
28694
28706
28760
28767
30125
30627
30639
30665
30864
31158
31443
31646
31697
31881
32348
32407
32888
32972
33250
33373
33834
33845
33933
33953
34210
34309
34341
34368
34401
34439
34473
34673
35018
35153
35589
35692
35701
36127
36506
36557
36689
36886
36995
37004
37036
37548
37639
37672
37882
38111
38213
38253
38890
39040
39184
39326
39555
39705
39936
40005
40179
40360
40400
40419
40504
40738
40907
41348
41462
41795
42125
42213
42603
42803
43125
43540
43647
43695
43880
43890
43988
44004
44226
44412
44595
44648
44773
44840
44899
44943
45053
45357
45408
45609
45769
45991
Number of cuts: 229

Nancinator
756
1071
1088
1115
1122
1289
1683
1879
2511
2679
2940
3335
3704
3752
3885
3984
4049
4104
4265
4464
4517
4571
4790
4813
4981
5056
5132
5414
5513
5554
5699
5981
6040
6642
6813
6823
7027
7119
7172
7278
7668
7679
8030
8412
8958
9042
9203
9254
9302
9314
9553
9768
9801
9831
9991
10001
10202
10237
10834
10897
11388
12739
12888
13110
13200
13398
13473
13683
13728
13740
14241
14520
14649
14805
14817
14898
14904
14946
15252
15325
15732
16232
16327
16780
16828
16990
17038
17200
17245
17684
17830
18050
18078
18414
18664
18737
18822
19118
19234
19372
20137
21909
21973
22188
22485
22493
22902
23012
23090
23327
23584
23809
24083
24204
24410
24822
24977
25360
25538
25665
26012
26130
26377
26722
27400
27581
27782
27830
27973
28042
28233
28332
28360
28430
28596
28755
29950
30045
30547
30559
30585
30784
30958
31078
31363
31566
31617
31801
32268
32327
32808
32892
33137
33170
33293
33754
33853
33873
34130
34229
34261
34288
34330
34368
34402
34602
34947
35082
35518
35621
35630
36056
36169
36426
36477
36609
36915
36924
36956
37468
37559
37592
37802
38031
38133
38173
38960
39104
39201
39246
39496
39677
39717
39736
39821
40055
40224
40475
40665
40779
41112
41442
41530
41920
42120
42442
42857
42964
43012
43197
43207
43305
43321
43543
43729
43912
43965
44090
44157
44216
44260
44370
44674
44725
44926
45086
45308
Number of cuts: 227

Natosaleda
756
1071
1088
1115
1122
1289
1683
1879
2511
2679
2940
3335
3704
3752
3885
3984
4049
4104
4265
4464
4517
4571
4790
4813
4981
5056
5132
5414
5513
5554
5699
5981
6040
6642
6813
6823
7027
7119
7172
7278
7668
7679
8030
8412
8958
9042
9203
9254
9302
9314
9553
9768
9801
9831
9991
10001
10202
10237
10834
10897
11388
12739
12888
13110
13200
13398
13473
13683
13728
13740
14241
14520
14649
14805
14817
14898
14904
14946
15252
15325
15732
16232
16327
16780
16828
16990
17038
17200
17245
17684
17830
18050
18078
18414
18664
18737
18822
19118
19234
19372
20137
21909
21973
22188
22485
22493
22902
23012
23090
23327
23584
23809
24083
24203
24409
24821
24976
25359
25537
25664
26011
26129
26376
26721
27399
27580
27781
27829
27972
28041
28232
28331
28359
28429
28595
28754
29949
30044
30546
30558
30584
30783
30957
31077
31362
31565
31616
31800
32267
32326
32807
32891
33136
33169
33292
33753
33852
33872
34129
34228
34260
34287
34329
34367
34401
34601
34946
35081
35517
35620
35629
36055
36168
36425
36476
36608
36914
36923
36955
37467
37558
37591
37801
38030
38132
38172
38959
39103
39200
39245
39471
39713
39852
39921
40095
40187
40422
40656
40825
41266
41380
41713
42043
42131
42521
42721
43043
43458
43565
43613
43798
43808
43906
43922
44144
44330
44513
44566
44691
44758
44817
44861
44971
45275
45326
45901
46042
Number of cuts: 227

Partridge
637
751
1064
1081
1115
1282
1742
1938
2570
2738
2999
3394
3616
3735
3811
4043
4108
4163
4324
4523
4576
4630
4849
4872
5040
5115
5166
5191
5473
5572
5613
5719
5721
5758
6040
6099
6564
6686
6857
6867
7071
7163
7216
7322
7462
7712
7723
7996
8074
8658
8985
9069
9230
9281
9329
9341
9580
9795
9828
9858
10168
10229
10264
10510
10867
10930
11421
11807
12214
12679
12921
13143
13233
13431
13506
13716
13761
13773
14511
14544
14682
14850
14931
14979
15340
15358
15765
16265
16360
16813
16861
17023
17071
17233
17278
17612
17717
17863
17995
18083
18111
18447
18697
18770
18855
19151
19267
19849
19969
20170
20224
20929
21156
21194
21735
21840
21942
22006
22133
22203
22531
22539
22848
22948
23058
23556
23581
23856
24130
24250
24868
25023
25406
25620
25747
26094
26291
26639
26804
27276
27482
27684
27864
27927
28124
28315
28414
28442
28624
28757
28843
28855
28916
30033
30272
30774
30786
30812
31011
31305
31590
31793
31844
32028
32292
32495
32523
32593
32959
33116
33386
33394
33517
34110
34209
34229
34555
34617
34644
34686
34758
34958
35438
35986
36525
36782
36833
36965
37162
37271
37280
37312
37636
37825
37916
37949
38159
38353
38388
38490
38530
38661
39074
39461
39603
39832
39984
40215
40284
40458
40538
40697
40771
40782
41017
41138
41186
41627
41741
41875
42074
42577
42686
42820
43425
43588
43770
43860
44003
44233
44273
44448
44475
44686
45055
45108
45233
45300
45359
45461
45556
45728
45754
45779
45795
46478
Number of cuts: 246

Pepy6
126
219
538
888
911
1378
1443
1474
1582
1627
1799
1816
1892
1971
2183
2276
2352
2408
2514
2541
2556
2571
2666
2879
3084
3205
3291
3318
3363
3393
3691
3969
4156
4184
4460
4571
4616
4742
4830
4844
4877
4898
5022
5206
5253
5285
5354
5544
5871
5886
5894
5901
6060
6126
6295
6499
6533
6725
6897
7271
7575
8015
8264
8273
8381
8489
8511
8715
8748
8835
8843
9156
9192
9339
9621
9684
9705
9725
9791
9966
10142
10250
10483
10522
10610
10717
10866
10978
11161
11302
11452
11473
11511
11970
12097
12706
12751
12919
12928
12997
13220
13335
13534
13676
13789
13894
13916
13948
14040
14094
14123
14139
14308
14314
14478
14538
14588
14677
14706
14809
14926
14932
15176
15346
15370
16100
16380
16515
16541
16561
16623
16708
17278
17310
17747
17981
18149
18273
18279
18286
18292
18307
18506
18519
18869
18894
19133
19230
19301
19309
19315
19343
19495
19839
20037
20088
20295
20374
20534
20570
20703
20957
21029
21326
21403
21424
21853
21883
21924
22196
22289
22298
22541
22657
22865
22966
23224
23260
23402
23791
23809
24056
24399
24716
24800
24881
25399
25651
25657
25823
25890
25904
26021
26401
26643
26673
27027
27044
27060
27465
27825
28552
28601
28718
28853
29313
29435
29672
29726
30416
30775
31166
31300
31321
31501
31522
31585
31741
31748
31789
31966
32078
32188
32434
32725
32896
32968
33415
33451
33493
33547
33559
33647
33659
33724
33766
34211
34340
34381
34427
34595
34628
34694
34715
34765
34820
34831
35078
35092
35167
35341
35362
35444
35865
36258
36471
36487
36543
36599
36760
36937
37078
37155
37210
37531
37626
37635
37677
37870
38570
38665
38799
38829
39116
39471
39576
39613
39632
39704
39736
39820
39851
39868
40005
40017
40086
40155
40254
40272
40603
40632
40764
40890
40914
40923
41010
41049
41406
41712
41959
42368
42387
42438
42866
42881
42893
42908
43100
43161
43193
43347
43368
43425
43629
43813
43822
43885
44065
44101
44218
44252
44267
44362
44476
44530
44546
44668
44710
44856
45047
45117
45427
45520
45620
45752
45827
45976
46094
46206
46447
46456
46904
47082
47367
47411
47447
47504
47580
47952
48074
48209
48279
48370
48591
48656
49042
49393
49446
49592
49622
49864
50010
50067
50138
50190
50283
50355
50679
50969
50984
51020
51075
51206
51216
51297
51324
51353
51462
51525
51546
51731
52004
52409
52628
52745
52904
52955
53051
53225
53288
53678
53742
53790
53901
53991
54671
54920
54932
55311
55409
55622
55647
55676
55691
55698
55710
55962
56126
56208
56249
56376
56403
56415
56436
56499
56509
56544
56559
56626
56832
56840
56895
56955
57197
57396
57916
58120
58172
58304
58330
58355
58364
58608
58690
58775
58805
58927
59052
59093
59129
59434
59482
59551
59565
59635
59800
59806
59816
59825
60062
60126
60301
60394
60528
60573
60619
60709
60969
61035
61101
61110
61129
61141
61652
61686
61700
61912
61955
62204
62230
62330
62339
62474
62620
62714
62777
62886
63206
63355
63480
63498
63544
63580
63646
63808
63917
64095
64589
64626
64659
65040
65098
65556
65620
66025
66040
66211
66251
66369
66388
66531
66773
66794
66845
66897
67149
67215
67235
67280
67332
67405
67581
67641
67659
67736
67756
67765
67839
67903
67912
67963
68040
68251
68308
68397
68632
68822
68891
68933
68946
69009
69140
69197
69282
69294
69315
69398
69468
69576
69587
69599
69612
69633
69683
70040
70299
70350
70736
70827
70886
70923
71066
71126
71273
71370
71851
72043
72102
72142
72156
72472
72670
72719
72789
72893
72933
73201
73374
73380
73386
73627
73719
73726
74116
74152
74215
74314
74491
74781
74976
75010
75144
75160
75408
75523
75849
76284
76399
76491
76546
76586
Number of cuts: 591

Peregrin
143
434
1409
1896
2679
2751
3135
3144
3317
3390
3460
3532
3737
3926
3938
4135
4395
4497
4503
4622
4736
5123
5142
5266
5440
5600
5723
6058
6221
6355
6462
6577
6797
7191
7440
7458
7697
8042
8205
8296
8384
8393
8710
9102
9186
9277
9435
9497
9785
9997
10276
11593
11694
11870
11966
12098
12245
12461
12778
12817
13135
13307
13460
13520
13979
13994
14004
14081
14264
14273
14405
14745
14817
14874
14934
15100
15310
16197
16416
16558
17120
17147
17243
17502
17511
17535
17622
18008
18061
18397
18481
19395
19466
19548
19724
19765
19994
20168
20263
20536
20917
20960
21343
21983
22604
22652
22977
23111
23169
23777
23981
24519
24607
24711
24778
24792
25091
25334
25404
25416
25556
25791
26002
26153
26238
26304
26321
26343
26443
26669
26686
26774
26850
26922
27138
27156
27211
27590
27673
27728
28075
28211
28464
29309
29382
30012
30438
30504
30618
30990
31352
31851
31921
32560
32582
32647
33072
33210
33392
33500
33594
34146
34226
34242
34629
35001
35058
35819
35950
36574
36603
36780
37004
37034
37149
37238
37347
37364
37497
37779
37831
37938
38126
38755
38999
39402
39456
39825
39942
40092
40128
40544
40779
41053
41133
41167
41660
41745
41870
41988
42486
42524
42539
42989
43363
43592
43659
44100
44406
44433
44466
44607
44775
46026
46059
46166
46281
46606
46779
46890
47145
47556
47579
47616
47919
48400
48645
48738
48998
49020
49167
49233
49328
49374
49605
49892
49966
50843
51005
51201
51710
51931
52422
52462
52825
52872
52916
52928
52988
53102
53212
53410
53720
53739
53827
54157
54428
54654
54686
54736
55022
55243
55336
55907
56144
56204
56838
56924
57435
57444
57461
57698
57788
58450
58662
58877
59138
59165
59434
59767
59900
59933
59999
60026
60278
60293
60350
60685
60826
60838
61207
61388
61424
61703
61988
62930
63431
63576
64029
64156
64383
64443
64492
64726
64860
65179
65361
65770
66209
66464
66731
66877
66904
66943
67509
67556
67607
68149
68336
68540
68663
68757
68984
69056
69119
69207
69980
70532
70826
70916
71054
71383
71737
72029
72248
72518
72558
72579
72660
72830
73263
73667
73803
74064
74148
74171
74211
74530
74746
74770
74794
75251
75253
75334
75424
75739
75917
76023
76051
76071
76296
76749
76994
77188
77460
77780
77811
77963
78942
78976
78984
79023
79367
79767
80158
80224
80256
80864
81155
81206
81272
81491
81740
81949
81991
82048
82205
82238
82452
82712
83195
83343
83391
83478
83511
83574
83851
83884
84126
84274
84547
84666
84720
84834
84855
84966
85077
85183
85364
85654
85776
85819
85882
86005
86095
86118
86398
86506
86535
86648
86709
86762
86989
87094
87294
87342
87438
87654
87972
88165
88515
88721
88932
88944
89012
89456
89946
89992
90195
90561
90670
90783
91149
91180
91388
91987
92215
92242
92406
92487
92598
93168
93366
93687
93800
93835
94472
94676
94746
95308
95465
95552
95578
95697
96250
96281
96574
96806
97317
98257
98293
98623
99189
99222
100139
100570
100928
100966
100982
101205
101213
102049
102223
102280
102310
102599
102642
102848
103644
103773
103933
103967
104111
104370
104581
104665
104757
104905
105133
105321
105360
105554
106166
106971
107494
107545
107619
108008
108047
108288
108565
108621
109219
109690
111104
111264
111368
111443
111527
112036
112214
112616
112871
113022
113367
113747
113771
113780
113816
113942
114492
114605
114653
114846
114969
115322
115386
115847
115970
116105
116148
116272
116488
116714
117084
117207
118514
118737
118755
120097
120215
120447
120495
120543
120659
121221
121343
121385
121765
122522
123545
124147
124174
125015
125575
125980
126348
126444
127041
127293
127493
128674
129167
129662
130069
130212
130503
131478
131965
132748
132820
Number of cuts: 581

Phrankenstein
756
1071
1088
1115
1122
1289
1683
1879
2511
2679
2940
3335
3704
3752
3885
3984
4049
4104
4265
4464
4517
4571
4790
4813
4981
5056
5132
5414
5513
5554
5699
5981
6040
6642
6813
6823
7027
7119
7172
7278
7668
7679
8030
8412
8958
9042
9203
9254
9302
9314
9553
9768
9801
9831
9991
10001
10202
10237
10834
10897
11388
12739
12888
13110
13200
13398
13473
13683
13728
13740
14241
14520
14649
14805
14817
14898
14904
14946
15252
15325
15732
16232
16327
16780
16828
16990
17038
17200
17245
17684
17830
18050
18078
18414
18664
18737
18822
19118
19234
19372
20137
21855
21919
22134
22431
22439
22848
22958
23036
23456
23530
23755
24029
24355
24767
24922
25259
25268
25483
25610
25957
26075
26322
26667
27345
27526
27727
27775
27918
27987
28178
28277
28305
28375
28541
28700
30058
30560
30572
30598
30797
30971
31091
31376
31579
31630
31814
32281
32340
32821
32905
33183
33306
33767
33778
33866
33886
34143
34242
34274
34301
34334
34372
34406
34606
34951
35086
35522
35625
35634
36060
36173
36430
36481
36613
36919
36928
36960
37472
37563
37596
37806
38035
38137
38177
38814
39108
39250
39479
39629
39860
39929
40103
40284
40324
40343
40428
40662
40831
41082
41272
41386
41719
42049
42137
42527
42727
43049
43464
43571
43619
43804
43814
43912
43928
44150
44336
44519
44572
44697
44764
44823
44867
44977
45281
45332
45533
45693
45915
Number of cuts: 229

Pine5
263
386
416
716
929
1771
2230
2444
3268
3328
3375
3444
3555
3693
4282
4417
4650
5120
5168
5332
5534
5669
5765
5801
5955
6465
6649
6655
6706
6907
6964
7015
7027
7132
7567
7612
7625
7709
7768
7819
8128
8134
8350
8386
8610
8884
8941
9181
9443
10021
10272
10303
10693
10846
10913
11048
11158
11247
11608
11789
12219
12330
12456
12732
12894
12903
13102
13205
13238
13486
13552
13575
13675
13684
13801
13825
13936
13979
14063
14291
14510
14655
14815
15452
15710
15795
15854
15947
15953
16088
16301
16307
16654
16789
16885
16936
17350
17386
17749
17962
18094
18127
18226
18244
18412
18433
18701
18983
19025
19330
19348
19741
19933
19975
20201
20297
20387
20757
21032
21039
21099
21459
21525
21534
21708
21741
22113
22170
22179
22290
22335
22356
22374
22710
22926
23187
23217
23229
23241
23259
23430
24126
24161
24249
24462
24613
24687
24723
24930
24957
25167
25251
25377
25389
25473
25593
25744
26054
26111
26249
26276
26476
26744
26798
26804
27140
27178
27505
27568
27577
27763
27769
27832
27856
27892
28090
28173
28398
28491
28497
28764
28821
28881
29162
29218
29365
29392
29578
29710
29734
29905
30051
30183
30231
30297
30516
30807
30885
30967
31017
31226
31242
31337
31402
31533
31640
31784
31805
32181
32453
32516
32755
32775
32884
32922
32985
33732
33798
33930
34158
34179
34236
34323
34858
34948
35021
35309
35553
35996
36039
36051
36580
36922
36940
37348
37534
37543
37729
38071
38110
38155
38164
38290
38354
38368
38443
38449
38722
38944
38968
39274
39706
39733
39807
39853
39982
40212
40387
40399
40603
40666
40681
40722
41147
41488
41506
41524
41530
41695
42039
42132
42452
42491
42572
42739
42758
42905
43282
43316
43373
43565
43741
44060
44079
44188
44194
44540
45029
45178
45283
45585
45591
45684
46035
46041
46050
46266
46322
46361
46433
46442
46619
46763
46840
47230
47384
47549
47555
47636
47669
48068
48130
48290
48404
48460
48502
48550
48580
48637
48761
48820
49152
49178
49355
49739
49943
50085
50274
50355
51099
51108
51127
51318
51330
51348
51354
51642
51735
51827
51848
51887
51917
52054
52069
52198
52522
52588
52636
52892
52954
53587
53856
54092
54273
54809
54833
55043
55300
55349
56185
56296
56375
56418
56616
56634
56646
56676
56745
56805
56816
57011
57032
57460
57531
57802
57975
58099
58626
59130
59188
Number of cuts: 380

Poco6
126
182
888
916
1375
1440
1579
1624
1764
1838
1875
2197
2265
2430
2445
2689
2728
3097
3190
3355
3604
3719
3995
4028
4139
4218
4359
4394
4469
4589
4649
4655
4712
4761
4788
4803
4818
5126
5269
5384
5452
5538
5576
5610
5612
5925
6027
6070
6277
6431
6707
6943
7025
7077
7124
7269
7500
7517
7532
7601
7694
7714
7727
7740
7781
8073
8149
8165
8250
8424
8691
8753
8833
8886
9035
9541
9818
9840
9882
10016
10451
10853
10908
11111
11298
11449
11467
11521
11695
11704
11812
11942
12144
12146
12179
12266
12274
12587
12623
12770
13115
13136
13156
13222
13397
13555
13573
13839
14147
14296
14591
14637
14717
15019
15095
15223
15236
15295
15356
15458
15647
16097
16157
16370
16379
16395
16671
16786
16985
17240
17291
17345
17367
17399
17491
17534
17746
17811
18106
18130
18774
18860
19336
19395
19480
19629
19797
19918
19987
20399
20479
20508
20613
20869
20933
20940
20973
20982
21006
21222
21507
21600
22059
22110
22290
22303
22305
22317
22370
22556
22592
22805
22979
23051
23348
23380
23446
23875
23905
23946
24566
24671
24682
24806
24817
24982
25237
25273
25415
25822
26057
26367
26412
26813
26894
27226
27412
27670
27836
27903
28023
28103
28414
28656
28686
29040
29057
29289
29497
29813
29844
29901
29926
30071
30403
30451
30457
30469
30515
30620
30872
30964
31149
31412
31454
31691
31745
32810
33191
33319
33325
33346
33547
33766
33773
33814
33991
34103
34165
34213
34459
34921
34993
35014
35278
35455
35476
35572
35672
35791
35895
36236
36269
36277
36449
36491
36541
36650
36683
36703
36737
36787
36842
36853
36955
37100
37114
37189
37363
37887
38280
38344
38509
38637
38782
38995
39021
39087
39100
39177
39184
39232
39371
39553
39639
39648
39763
39795
40592
40687
40779
40821
40851
41010
41411
41612
41935
41941
41970
42004
42068
42092
42104
42173
42341
42429
42590
42883
43208
43656
43775
44080
44144
44162
44181
44193
44232
44295
44297
44584
44688
44701
44806
44920
44950
45032
45239
45290
45537
45646
45709
45872
45901
45937
46054
46103
46301
46312
46366
46382
46508
46899
47051
47080
47210
47282
47335
47650
47743
47927
47957
48098
48190
48208
48331
48389
48408
48648
48657
48795
49068
49106
49265
49337
49651
49676
49687
49744
49820
50002
50008
50183
50527
50536
50902
51050
51101
51108
51131
51155
51302
51376
51522
51579
51650
51780
51798
51870
51915
52194
52496
52511
52529
52547
52725
52833
52918
53024
53034
53141
53240
53513
53954
54136
54253
54463
54559
54733
54796
54925
55186
55250
55298
55409
55499
56030
56179
56428
56486
56500
56656
56819
56903
56917
57130
57155
57184
57199
57206
57218
57401
57706
57716
57757
57911
57923
57944
58052
58067
58134
58162
58294
58428
58778
58992
59036
59566
59621
59665
59678
59707
59759
59866
59951
60052
60103
60134
60634
60712
60726
60807
60972
60978
60988
60997
61060
61152
61323
61330
61502
61592
61774
61922
62236
62302
62527
62579
62593
62644
62666
62715
62817
62860
63259
63292
63421
63532
63613
63656
64033
64178
64304
64402
64432
64657
64701
64758
64809
65238
65354
65438
65475
65508
66054
66386
66491
66556
66869
66951
67025
67285
67295
67456
67476
67523
67530
67756
67828
67866
67974
68047
68110
68152
68166
68218
68244
68283
68317
68319
68655
68707
68778
68821
68913
69157
69504
69517
69543
69567
69773
69795
69868
69972
69997
70100
70135
70185
70322
70410
70439
70538
70566
70602
70620
70634
70659
70671
70847
70938
70991
71053
71289
71325
71555
71565
71616
71879
71999
72090
72332
72533
72573
72633
73113
73154
73305
73364
73404
73494
73674
73734
73932
74051
74072
74141
74155
74195
74522
74544
74636
74642
74648
74889
74988
75222
75378
75414
75477
75576
75753
76043
76244
76278
76412
76428
76676
77117
77552
77667
77759
77853
Number of cuts: 611

Rasputin
756
1071
1088
1115
1122
1289
1683
1879
2511
2679
2940
3335
3704
3752
3885
3984
4049
4104
4265
4464
4517
4571
4790
4813
4981
5056
5107
5132
5414
5554
5981
6040
6564
6627
6798
6808
7104
7263
7653
7664
7937
8015
8600
8927
9011
9172
9223
9271
9283
9372
9770
9800
9960
10110
10171
10206
10866
11088
11357
11743
12150
12615
12708
13079
13169
13367
13442
13652
13697
13709
14480
14489
14501
14618
14774
14786
14867
15254
15276
15294
15343
15540
15701
16201
16296
17007
17169
17214
17653
17799
17963
18019
18047
18383
18633
18706
19203
19905
20106
20865
21671
21710
21878
22064
22158
22455
22463
22872
22982
23480
23505
23780
24054
24174
24464
24792
24947
25293
25330
25508
25635
25982
26100
26347
26692
27370
27551
27605
27752
27800
27943
28012
28203
28302
28330
28400
28566
28725
30083
30585
30597
30623
30822
31116
31401
31604
31655
31839
32103
32306
32365
32846
32930
33208
33331
33792
33803
33891
33911
34168
34267
34299
34326
34359
34397
34431
34631
34976
35111
35547
35650
35659
36085
36198
36455
36506
36638
36835
36944
36953
36985
37497
37588
37621
37831
38060
38162
38202
38839
38989
39133
39275
39504
39654
39885
39954
40128
40309
40349
40368
40453
40687
40750
40856
41107
41297
41411
41744
42074
42162
42552
42752
43074
43489
43596
43644
43829
43839
43937
43953
44175
44361
44544
44597
44722
44789
44848
44892
45002
45306
45357
45558
45718
45940
Number of cuts: 234

RER2
756
1071
1088
1115
1122
1289
1683
1879
2511
2679
2940
3335
3704
3752
3885
3984
4049
4104
4265
4464
4517
4571
4790
4813
4981
5056
5132
5414
5513
5554
5699
5981
6040
6642
6813
6823
7027
7119
7172
7278
7668
7679
8030
8412
8958
9042
9203
9254
9302
9314
9553
9768
9801
9831
9991
10001
10202
10237
10834
10897
11388
12739
12888
13110
13200
13398
13473
13683
13728
13740
14241
14520
14649
14805
14817
14898
14904
14946
15252
15325
15732
16232
16327
16780
16828
16990
17038
17200
17245
17684
17830
18050
18078
18414
18664
18737
18822
19118
19234
19372
20137
20896
21909
21973
22188
22485
22493
22902
23012
23090
23510
23584
23809
24083
24409
24821
24976
25359
25537
25664
25729
26011
26035
26376
26721
27207
27399
27580
27781
27829
27972
28041
28232
28331
28359
28429
28595
28754
30112
30614
30626
30652
30851
31145
31430
31633
31684
31868
32335
32394
32875
32959
33237
33360
33821
33832
33920
33940
34197
34296
34328
34355
34388
34426
34460
34660
35005
35140
35576
35679
35688
36114
36227
36484
36535
36667
36864
36973
36982
37014
37526
37617
37650
37860
38089
38191
38231
38868
39018
39162
39304
39533
39683
39914
39983
40157
40338
40378
40397
40482
40716
40885
41136
41326
41440
41773
42103
42191
42581
42781
43103
43518
43625
43673
43858
43868
43966
43982
44204
44390
44573
44626
44751
44818
44877
44921
45031
45335
45386
45587
45747
45969
Number of cuts: 232

RexFury
640
787
1102
1119
1146
1153
1320
1714
1910
2542
2710
2971
3366
3735
3783
3916
4015
4080
4135
4296
4495
4548
4602
4821
4844
5012
5087
5163
5445
5544
5585
5730
6012
6071
6673
6844
6854
7058
7150
7203
7309
7699
7710
8061
8443
8989
9073
9234
9285
9333
9345
9584
9799
9832
9862
10022
10032
10233
10268
10514
10865
10928
11419
12677
12770
12919
13231
13429
13504
13714
13759
13771
14272
14551
14680
14836
14848
14929
14935
14977
15283
15356
15763
16263
16358
16811
16859
17021
17069
17231
17276
17715
17861
18081
18109
18445
18695
18768
18853
19149
19265
19403
20168
21940
22004
22219
22516
22524
22933
23043
23121
23358
23615
23840
24114
24234
24440
24852
25007
25353
25390
25568
25695
26042
26160
26407
26752
27430
27611
27812
27860
28003
28072
28263
28362
28390
28460
28626
28785
30143
30645
30657
30683
30882
31176
31461
31664
31715
31899
32366
32425
32906
32990
33268
33391
33852
33863
33951
33971
34228
34327
34359
34386
34419
34457
34491
34691
35036
35171
35607
35710
35719
36145
36258
36515
36566
36698
37004
37013
37045
37557
37648
37681
37891
38120
38222
38262
39049
39193
39290
39335
39561
39803
39942
40011
40185
40277
40512
40746
40915
41356
41470
41803
42133
42221
42611
42811
43133
43548
43655
43703
43888
43898
43996
44012
44234
44420
44603
44656
44781
44848
44907
44951
45061
45365
45416
45617
45777
45999
Number of cuts: 229

RGL3
128
699
733
787
1069
1519
1683
1878
2388
2513
2606
2675
2681
3086
3337
3778
3887
3974
4028
4051
4106
4466
4519
4573
4815
4927
5556
5946
6042
6513
6635
6671
6738
6813
6893
7017
7109
7659
7670
8020
8231
8498
8593
8708
8780
8924
9002
9008
9220
9268
9369
9486
9797
9960
10110
10143
10171
11094
11209
11360
11383
11749
12156
12179
12233
12500
13235
13268
13598
13808
13865
14150
14288
14453
14645
14741
14807
14855
14975
15056
15139
15242
15483
15532
15576
15735
15853
16054
16396
16491
16873
17022
17154
17202
17347
17361
17406
17547
17712
17845
17991
18211
18239
18286
18575
18829
18871
18972
19100
19110
19140
19384
19816
20095
20302
20794
21220
21472
21754
22251
22269
22518
22619
22776
22930
23935
23954
24016
24574
24809
25223
25781
25850
25909
26157
26990
27613
27715
27772
28183
28567
28588
28816
28959
29028
29220
29322
29726
29804
29814
30265
31284
31296
31335
31551
31576
31746
32100
32328
32538
32556
32777
33004
33164
33521
33605
33915
34006
34031
34572
34692
34737
34764
34957
35048
35538
35662
35670
36053
36584
36632
36676
36692
36707
37178
37530
37662
37808
38079
38383
38596
38650
38659
38849
38869
39063
39126
39328
39348
40095
40127
40242
40316
40369
40489
40630
40638
40651
40789
40960
42003
42009
42524
42700
42997
43162
43172
43564
43735
43876
43948
44182
44287
44657
44718
44972
45119
45434
45572
45690
45932
46138
46402
47399
47707
Number of cuts: 235

Rhodalysa
756
1071
1088
1115
1122
1289
1683
1879
2511
2679
2940
3335
3704
3752
3885
3984
4049
4104
4265
4464
4517
4571
4790
4813
4981
5056
5132
5414
5513
5554
5699
5981
6040
6642
6813
6823
7027
7119
7172
7278
7668
7679
8030
8412
8958
9042
9203
9254
9302
9314
9553
9768
9801
9831
9991
10001
10202
10237
10834
10897
11388
12739
12888
13110
13200
13398
13473
13683
13728
13740
14241
14520
14649
14805
14817
14898
14904
14946
15252
15325
15732
16232
16327
16780
16828
16990
17038
17200
17245
17684
17830
18050
18078
18414
18664
18737
18822
19118
19234
19372
20137
21909
21973
22188
22485
22493
22902
23012
23090
23510
23584
23809
24083
24409
24821
24976
25313
25322
25537
25664
26011
26129
26376
26721
27193
27399
27580
27781
27829
27972
28041
28232
28331
28359
28429
28595
28681
28747
28754
30112
30614
30626
30652
30851
31145
31430
31633
31684
31868
32132
32335
32394
32875
32959
33237
33360
33821
33832
33920
33940
34197
34296
34328
34355
34388
34426
34460
34660
35005
35140
35576
35679
35688
36114
36227
36484
36535
36667
36864
36973
36982
37014
37526
37617
37650
37860
38089
38191
38231
38868
39018
39162
39304
39533
39683
39914
39983
40157
40249
40338
40378
40397
40482
40716
40885
41136
41326
41440
41773
42103
42191
42581
42781
43103
43518
43625
43673
43858
43868
43966
43982
44204
44390
44573
44626
44751
44818
44877
44921
45031
45335
45386
45587
45747
45969
46110
Number of cuts: 236

StCroix
756
1071
1088
1115
1122
1289
1683
1879
2511
2679
2940
3335
3704
3752
3885
3984
4049
4104
4265
4464
4517
4571
4790
4813
4981
5056
5132
5414
5513
5554
5699
5981
6040
6642
6813
6823
7027
7119
7172
7278
7668
7679
8030
8412
8958
9042
9203
9254
9302
9314
9553
9768
9801
9831
9991
10001
10202
10237
10834
10897
11388
12739
12888
13110
13200
13398
13473
13683
13728
13740
14241
14520
14649
14805
14817
14898
14904
14946
15252
15325
15732
16232
16327
16780
16828
16990
17038
17200
17245
17684
17830
18050
18078
18414
18664
18737
18822
19118
19234
19372
20137
21909
21973
22498
22506
22915
23025
23340
23523
23597
23822
24096
24422
24834
24989
25372
25550
25677
26024
26142
27206
27412
27593
27794
27842
27985
28054
28245
28344
28372
28442
28608
28664
28694
28706
28760
28767
30125
30627
30639
30665
30864
31158
31443
31646
31697
31881
32348
32407
32888
32972
33250
33373
33834
33845
33933
33953
34210
34309
34341
34368
34401
34439
34473
34673
35018
35153
35589
35692
35701
36127
36506
36557
36689
36886
36995
37004
37036
37548
37639
37672
37882
38111
38213
38253
38890
39040
39184
39326
39555
39705
39936
40005
40179
40360
40400
40419
40504
40738
40907
41348
41462
41795
42125
42213
42603
42803
43125
43540
43647
43695
43880
43890
43988
44004
44226
44412
44595
44648
44773
44840
44899
44943
45053
45357
45408
45609
45769
45991
Number of cuts: 229

Swann
756
1071
1088
1115
1122
1289
1683
1879
2511
2679
2940
3335
3704
3752
3885
3984
4049
4104
4265
4464
4517
4571
4790
4813
4981
5056
5132
5414
5513
5554
5699
5981
6040
6642
6813
6823
7027
7119
7172
7278
7668
7679
8030
8412
8958
9042
9203
9254
9302
9314
9553
9768
9801
9831
9991
10001
10202
10237
10834
10897
11388
12739
12888
13110
13200
13398
13473
13683
13728
13740
14241
14520
14649
14805
14817
14898
14904
14946
15252
15325
15732
16232
16327
16780
16828
16990
17038
17200
17245
17684
17830
18050
18078
18414
18664
18737
18822
19118
19234
19372
20137
21909
21973
22188
22485
22493
22902
23012
23090
23510
23584
23809
24083
24203
24409
24821
24976
25359
25537
25664
26011
26129
26376
26721
27399
27580
27781
27829
27972
28041
28232
28331
28359
28429
28595
28754
30110
30612
30624
30650
30849
31143
31428
31631
31682
31866
32333
32392
32873
32957
33235
33358
33819
33830
33918
33938
34195
34294
34326
34353
34386
34424
34458
34658
35003
35138
35574
35677
35686
36112
36225
36482
36533
36665
36862
36971
36980
37012
37524
37615
37648
37858
38087
38189
38229
38866
39016
39160
39302
39531
39681
39912
39981
40155
40336
40376
40395
40480
40714
40883
41134
41324
41438
41771
42101
42189
42579
42779
43101
43516
43623
43671
43856
43866
43964
43980
44202
44388
44571
44624
44749
44816
44875
44919
45029
45333
45384
45585
45745
45967
Number of cuts: 230

Takoda
637
751
1064
1081
1108
1115
1282
1871
2378
2503
2671
2932
3327
3549
3744
3976
4041
4096
4257
4419
4456
4509
4563
4782
4805
4973
5048
5099
5406
5505
5546
5652
5691
5973
6032
6434
6497
6619
6790
6800
7004
7096
7149
7255
7645
7656
7929
8007
8591
8918
9002
9163
9214
9262
9274
9513
9728
9761
9791
9951
10101
10162
10197
10443
10707
10794
10857
11348
11734
12141
12606
12699
13070
13160
13358
13433
13643
13688
13700
14438
14471
14609
14765
14777
14858
14864
14906
15267
15285
15531
16192
16287
16740
16788
16950
16998
17205
17644
17790
17922
18010
18038
18374
18624
18697
18782
19078
19194
19776
19896
20151
20856
22457
22465
22874
22984
23482
23556
23782
24056
24176
24466
24794
24949
25295
25510
25637
25984
26008
26181
26694
27166
27372
27553
27754
27817
27945
28014
28205
28304
28332
28402
28468
28568
28654
28720
28727
28897
28909
29924
30019
30521
30533
30559
30758
31052
31337
31540
31775
32039
32272
32340
32425
32706
32863
33141
33264
33995
34094
34114
34371
34470
34502
34529
34571
34609
34643
34843
35188
35323
35759
35862
35871
36297
36389
36410
36667
36718
36850
37047
37709
37800
37833
38136
38237
38272
38414
39051
39345
39487
39716
39868
40099
40168
40342
40422
40581
40655
40666
40900
41069
41510
41624
41956
41995
42459
42568
43115
43432
43704
43719
43847
44077
44292
44308
44530
44899
44952
45077
45144
45306
45401
45411
45574
45600
45625
45641
45815
46182
46323
Number of cuts: 240

Trina
501
607
1067
1240
1386
1477
1742
3682
4004
4288
4341
4591
4779
5260
5278
6497
6766
6812
7127
7273
7369
7504
7586
7866
7962
8219
8318
8780
9008
9416
9527
9635
9738
9871
10053
10098
10134
10227
10639
10700
10725
10819
10939
11407
11525
11920
12043
12157
12342
13390
13826
13912
14455
14477
14599
15110
15197
15494
15500
15683
15961
16066
16129
16320
16719
16784
16913
16937
17475
17537
17899
17935
17961
18344
18854
18896
19225
19673
19967
20653
21168
21696
22025
22419
22464
23053
23493
23783
23833
24141
24255
24521
24808
25247
25503
25560
25572
25947
25962
26164
26178
26463
26502
26913
27519
27675
27710
27854
27937
27948
27969
28022
28167
28169
28354
28466
28489
29190
29397
29580
29656
29927
29955
29970
30135
30235
30710
30812
30962
31060
32026
32143
32158
32230
32887
33916
33932
34043
34283
34352
34574
34607
34937
35008
35304
35345
35362
35507
35798
35828
36369
36462
36684
36747
36795
36864
37452
37515
37581
37996
38050
38179
38230
38607
38701
39647
39751
39974
40170
40463
40614
40654
40800
40860
41150
41367
42190
42347
42533
42782
42957
43193
43246
44143
44512
45802
46861
47236
47362
47581
47722
47733
47884
48208
48307
48325
48355
48436
48601
48646
49589
50662
50673
51551
51664
51936
52226
52286
52355
52424
52433
52592
52823
52874
52951
53057
53332
53582
53821
54013
54211
54271
54497
54611
55297
55402
55459
56012
56111
56166
56607
57394
57505
57514
57939
57970
57972
58180
59863
60157
60673
60685
60692
61373
61774
61816
62047
62362
62602
63054
63100
63710
63721
63751
63758
64008
64125
64175
64382
64454
64483
64636
64702
65074
65164
65545
65888
65909
66118
66307
66561
66886
67103
67269
67298
67553
67622
67929
68142
68333
68427
68498
68535
68595
68762
68966
68975
69059
69137
69176
69188
69476
69968
69985
70201
70565
71058
71682
71792
71979
72148
72891
73130
73237
73536
74428
74692
74707
75096
75456
75472
75794
76093
76117
76126
76229
76275
76605
76676
76721
76773
77221
77688
78520
78532
78565
78718
79201
79527
79570
79671
79859
79880
80261
80524
81682
82108
82133
82554
82617
82632
83938
83986
84397
84521
84736
85021
85088
85229
85565
85669
85831
86104
86338
86543
86618
87198
87304
87603
88232
89081
89281
89536
89902
90440
90467
91490
91631
91850
91928
92794
93036
93098
93390
93692
93891
93912
94029
94211
94259
94275
94758
94940
95018
95382
95556
95745
96141
96325
97103
97148
97350
97504
97535
97586
97793
98143
98360
98438
99151
99298
99719
100649
100716
100911
101196
101296
102219
102406
102453
102537
102804
102810
103002
103913
104256
105312
105689
105729
106194
106235
106242
106751
106782
106791
106820
106845
106865
106899
107312
107694
107739
107928
108298
108573
108596
110011
110383
110581
110920
110998
111315
111429
111911
112085
112226
112360
112456
112477
112700
112944
113086
113289
113460
113548
113691
113819
113892
114080
114327
114496
114651
114997
115113
115514
115667
115883
116095
116119
116436
116512
116659
116692
117282
117374
117584
117869
118355
118593
118931
118993
119207
119322
119375
119462
119501
119516
120286
120819
121076
121143
121305
121404
121692
121739
121926
122256
122876
122952
124012
124056
124087
124098
125024
125148
125484
125662
126700
126706
127867
127980
128433
128689
128767
128798
128826
129039
129186
129546
129817
129981
130783
130841
130908
130965
131073
131188
131209
131923
131975
132191
132293
132316
132391
132420
132514
132600
132706
134085
134641
134848
135158
135206
135381
135411
135450
135880
135945
136062
136903
137009
137469
137642
137788
137879
138144
Number of cuts: 556

TWAMP
756
1071
1088
1115
1122
1289
1683
1879
2511
2679
2940
3335
3704
3752
3885
3984
4049
4104
4265
4464
4517
4571
4790
4813
4981
5056
5132
5414
5513
5554
5699
5981
6040
6642
6813
6823
7027
7119
7172
7278
7668
7679
8030
8412
8958
9042
9203
9254
9302
9314
9553
9768
9801
9831
9991
10001
10202
10237
10834
10897
11388
12739
12888
13110
13200
13398
13473
13683
13728
13740
14241
14520
14649
14805
14817
14898
14904
14946
15252
15325
15732
16232
16327
16780
16828
16990
17038
17200
17245
17684
17830
18050
18078
18414
18664
18737
18822
19118
19234
19372
20137
21909
21973
22188
22485
22493
22902
23012
23090
23510
23584
23809
24083
24409
24821
24976
25313
25322
25537
25664
26011
26129
26376
26721
27193
27399
27580
27781
27829
27972
28041
28232
28331
28359
28429
28595
28681
28747
28754
30112
30614
30626
30652
30851
31145
31430
31633
31684
31868
32132
32335
32394
32875
32959
33237
33360
33821
33832
33920
33940
34197
34296
34328
34355
34388
34426
34460
34660
35005
35140
35576
35679
35688
36114
36227
36484
36535
36667
36864
36973
36982
37014
37526
37617
37650
37860
38089
38191
38231
38868
39018
39162
39304
39533
39683
39914
39983
40157
40249
40338
40378
40397
40482
40716
40885
41136
41326
41440
41773
42103
42191
42581
42781
43103
43518
43625
43673
43858
43868
43966
43982
44204
44390
44573
44626
44751
44818
44877
44921
45031
45335
45386
45587
45747
45969
46110
Number of cuts: 236

UhSalsa
756
1071
1088
1115
1122
1289
1683
1879
2511
2679
2940
3335
3704
3752
3885
3984
4049
4104
4265
4464
4517
4571
4790
4813
4981
5056
5132
5414
5513
5554
5699
5981
6040
6642
6813
6823
7027
7119
7172
7278
7668
7679
8030
8412
8958
9042
9203
9254
9302
9314
9553
9768
9801
9831
9991
10001
10202
10237
10834
10897
11388
12739
12888
13110
13200
13398
13473
13683
13728
13740
14241
14520
14649
14805
14817
14898
14904
14946
15252
15325
15732
16232
16327
16780
16828
16990
17038
17200
17245
17684
17830
18050
18078
18414
18664
18737
18822
19118
19234
19372
20137
21909
21973
22188
22485
22493
22902
23012
23090
23327
23584
23809
24083
24204
24410
24822
24977
25360
25538
25665
26012
26130
26377
26722
27400
27581
27782
27830
27973
28042
28233
28332
28360
28430
28596
28755
29950
30045
30547
30559
30585
30784
30958
31078
31363
31566
31617
31801
32268
32327
32808
32892
33137
33170
33293
33754
33853
33873
34130
34229
34261
34288
34330
34368
34402
34602
34947
35082
35518
35621
35630
36056
36169
36426
36477
36609
36915
36924
36956
37468
37559
37592
37802
38031
38133
38173
38960
39104
39201
39246
39472
39714
39853
39922
40096
40188
40423
40657
40826
41267
41381
41714
42044
42132
42522
42722
43044
43459
43566
43614
43799
43809
43907
43923
44145
44331
44514
44567
44692
44759
44818
44862
44972
45276
45327
45528
45688
45910
Number of cuts: 228

Weasels2
173
423
565
653
660
682
1233
1322
1739
1857
2163
2576
2668
3170
3440
3469
3618
4070
4409
4693
5020
5281
5434
6001
6250
6339
6527
6699
6729
6769
7001
7388
7516
7811
7832
7851
8011
8081
8092
8459
8653
8782
8875
9043
9297
9385
9508
9606
9727
10181
10263
10483
10667
10896
10917
11417
11480
11669
11829
12021
12699
12753
12787
12922
13050
13074
13092
13369
13793
13841
14040
14090
14141
14522
14719
14895
14981
14996
15006
15083
15171
15210
15231
15271
15342
15688
15760
15809
15877
16043
16253
16889
17108
17330
17402
17806
18143
18463
18670
18817
18829
19045
19367
19405
19526
19654
20016
20102
20260
20310
20535
20799
21056
21425
21759
21923
21994
22406
23011
23219
23384
23516
23626
23652
24089
24156
24613
24717
24784
24798
25094
25337
25407
25419
25559
25794
26005
26156
26241
26307
26346
26506
26568
26577
26773
26921
27137
27155
27589
27672
27727
28074
28210
28463
28657
28996
29308
29381
29893
30014
30028
30097
30267
30280
30731
30906
30965
31143
31500
31725
32056
32187
32677
32747
32772
33387
33421
33449
33650
33899
34082
34219
34327
34421
34947
35752
35822
35879
35894
36142
36398
36967
37479
37850
37880
37995
38084
38208
38310
38343
38548
39655
39739
40246
40273
40300
40582
40936
41069
41369
41396
42025
42071
42900
43268
43860
44224
44248
44632
44746
44819
44893
44932
44992
45079
45097
45274
45435
45592
46084
46747
47047
47377
47497
47662
47674
47701
47884
47917
47992
48223
48250
48252
48310
48397
48421
48477
48607
48691
48717
49504
49581
49624
49764
49786
50017
50049
50094
50140
50371
51139
51449
51985
52447
52578
52930
53656
53700
53712
53772
54039
54082
54446
54585
54672
54708
54915
55186
55655
55713
55854
56001
56821
56848
57531
57570
57624
57903
58003
58021
58392
58416
58511
58542
58553
58594
58611
58970
59244
59334
59832
59986
60088
60133
60291
60321
60473
61003
61027
61087
61175
61354
61646
61669
61683
61831
61972
61984
62018
62230
62469
62525
63010
63089
63137
63151
63407
63511
63677
63830
63971
64034
64295
64423
64507
64754
64898
64985
65048
65451
65482
65697
65829
65944
66692
66803
66854
67141
67524
67850
67874
67880
67907
68682
68954
69155
69342
69448
69983
70068
70131
70200
70583
71170
71188
71425
71846
71936
72406
72729
72771
72940
73132
73285
73779
73866
73963
74410
74428
74453
74581
74698
74779
74921
74956
75001
75133
75270
75424
75565
76100
76148
76514
76616
77022
77262
77353
77526
77954
78368
78410
78838
79108
79778
79862
79946
80139
80193
80313
80384
80637
81237
81327
81360
82004
82524
82632
82696
82840
82917
83456
83477
83656
83696
83708
83860
83953
83969
84148
84205
84253
84401
84524
84599
84665
84768
84851
84872
84893
85211
85418
85640
85995
86007
86437
86772
86863
87188
87236
87254
87266
87356
87554
87726
87794
87848
87911
87941
88004
88251
88308
88424
88559
88873
88901
88991
89066
89119
89129
89172
89246
89252
89342
89753
89782
90047
90059
90146
90841
90979
91198
91517
91577
92521
93168
93313
93449
93688
93704
93820
93983
94079
94409
94598
94707
94820
95321
95577
96029
96191
96420
96805
96841
96881
97186
97369
97640
97673
97813
97822
98014
98430
98449
98465
98528
98573
98618
98892
99291
99374
99478
99713
99737
99758
99939
100113
100143
100370
100808
100930
101068
101158
101329
101398
101473
101739
101798
102501
102589
102778
102991
103095
103404
103627
103666
103850
103985
104024
104545
104586
105386
105443
105681
105788
106112
106451
106468
106899
107097
107124
107319
107631
107835
107959
108078
108725
108883
109219
109567
109748
109773
109859
110425
110470
110491
111093
111102
111729
112171
112199
113384
113612
113681
114266
114296
114347
114604
114733
114982
115003
115164
115195
115329
115341
115350
115364
115658
115688
115847
115934
116373
116820
117078
117624
117723
117783
118517
118590
119595
119934
119955
120073
120283
120325
120366
120431
120800
121190
121342
121458
122631
123442
123579
123856
124126
124338
124350
125005
125132
125286
125459
125501
126562
126727
126763
127027
127093
127644
127975
128066
128381
128443
128677
129489
129542
129763
129850
129894
129901
130961
131017
131423
131429
131878
132128
132270
132358
132365
132387
132938
133027
133444
133562
133868
134281
134373
134875
Number of cuts: 667

Yogi
756
1071
1088
1115
1122
1289
1683
1879
2511
2679
2940
3335
3984
4049
4265
4464
4517
4571
4790
4813
4981
5056
5107
5132
5414
5554
5699
5981
6040
6564
6627
6798
6808
7012
7104
7263
7653
7664
7937
8015
8599
8926
9010
9171
9222
9270
9282
9371
9521
9736
9769
9799
9959
10109
10170
10205
10451
10808
10871
11362
11748
12155
12620
12713
13084
13174
13372
13447
13657
13702
13714
14485
14494
14506
14623
14779
14791
14872
15259
15281
15299
15348
15545
15706
16301
17012
17174
17219
17658
17804
17968
18024
18052
18388
18638
18711
19208
19910
20111
20870
21097
21676
21715
21883
22162
22459
22467
22876
22986
23301
23484
23783
24057
24177
24795
24950
25333
25511
25638
25703
25985
26009
26350
26695
27181
27373
27554
27755
27803
27946
28015
28206
28305
28333
28403
28569
28728
30086
30588
30600
30626
30825
30999
31119
31404
31607
31842
32309
32368
32544
32849
32933
33178
33211
33334
33795
33894
33914
34171
34302
34329
34397
34431
34631
34976
35111
35547
35650
35659
36085
36198
36886
37018
37324
37333
37365
37877
37968
38001
38440
38582
39126
39655
39884
40034
40265
40334
40508
40588
40689
40729
40748
40833
41067
41236
41487
41677
41791
42124
42454
42542
42932
43057
43132
43454
43869
44024
44209
44219
44317
44333
44344
44555
44741
44924
44977
45102
45169
45228
45272
45382
45686
45737
45938
46305
46446
Number of cuts: 226

Yoncess
756
1071
1088
1115
1122
1289
1683
1879
2511
2679
2940
3335
3984
4049
4265
4464
4517
4571
4790
4813
4981
5056
5107
5132
5414
5554
5981
6040
6564
6627
6798
6808
7012
7104
7263
7653
7664
7937
8015
8599
8926
9010
9171
9222
9270
9282
9371
9521
9736
9769
9799
9959
10109
10170
10205
10451
10808
10871
11362
11748
12155
12620
12713
13084
13174
13372
13447
13657
13702
13714
14485
14494
14506
14623
14779
14791
14872
15259
15281
15299
15348
15545
15706
16206
16301
17012
17174
17219
17658
17804
17968
18024
18052
18388
18638
18711
19208
19910
20111
20870
21097
21676
21715
21883
22069
22163
22460
22468
22550
22877
22987
23065
23485
23559
23784
24058
24178
24384
24468
24796
24951
25334
25512
25639
25704
25986
26010
26351
26696
27086
27168
27374
27555
27584
27609
27756
27804
27947
28016
28207
28306
28334
28404
28570
28729
29866
30368
30380
30406
30605
30899
31184
31387
31622
32089
32148
32629
32713
32958
32991
33114
33575
33674
33694
33951
34082
34109
34142
34180
34214
34759
34894
35433
35442
35868
35981
36238
36289
36421
36727
36736
36768
37280
37371
37404
37843
37985
38529
38916
39058
39287
39437
39668
39737
39911
39991
40092
40132
40151
40236
40470
40639
40890
41080
41194
41528
41861
41949
42339
42464
42539
42862
43277
43384
43432
43617
43741
43963
44149
44332
44385
44510
44577
44636
44680
45094
45145
45346
45506
45728
45869
Number of cuts: 231

