Alatin
33
220
359
371
718
819
1234
1272
1301
2114
2237
2706
2835
3312
3380
4403
4829
4914
5035
5749
5814
6006
6232
6423
6516
6735
6870
7900
8131
8585
9403
9681
9822
9834
9918
10508
10905
11001
11423
11618
11802
12249
12321
12339
12378
12746
12785
14633
14763
14970
15096
15156
15411
15509
15524
15845
15895
16051
16240
16528
16597
16831
17131
17178
17203
17365
17637
17815
17951
18417
18598
18845
18876
18960
18996
19129
19220
19320
19339
19507
19534
19606
19681
19693
19749
19825
19891
19939
20128
20313
20422
20488
20502
20575
20855
21086
21239
21845
21903
21941
21966
22082
22119
22701
23160
23532
23635
24108
24350
24423
24486
25220
25229
25270
25293
25404
25897
26348
26579
26633
26677
26857
27289
27373
27460
27793
28233
28742
28874
29312
29346
29534
29934
29972
30072
30291
30318
30569
30893
30965
31001
31172
31226
31824
31997
32018
32093
32392
32401
32601
32617
32869
32980
33216
33367
33687
33909
34001
34741
35596
35946
36075
36258
36312
36351
37097
37126
37822
38159
38414
38557
38632
38722
38759
39220
39445
39637
39649
39741
39749
40263
40427
40499
40874
41126
41257
41458
41591
42849
43011
43220
43402
43547
43859
44510
44635
45023
45029
45848
46056
46601
46653
Number of cuts: 202

Alpacados
33
220
359
371
718
819
1234
1272
1301
2067
2668
2797
3274
3342
4365
4791
4876
4997
5711
5776
5968
6370
6463
6682
6817
7438
7847
8091
8172
8241
8529
9611
9752
9773
9848
10438
10841
11359
11554
11738
12185
12257
12275
12314
12682
12721
13223
14569
14699
14906
15032
15092
15347
15445
15460
15717
15781
15831
15987
16176
16464
16533
16767
17067
17114
17139
17301
17573
17637
17751
17887
18353
18534
18781
18896
18932
19256
19275
19470
19542
19629
19679
19685
19761
19827
19875
19938
20064
20249
20358
20424
20438
21727
21785
21823
21848
21964
22001
22570
22990
23029
23401
23504
23977
24219
24292
24355
25070
25089
25098
25139
25162
25273
25429
25448
25802
26253
26484
26538
26582
26762
27194
27278
27365
27698
28138
28553
28647
28779
29217
29251
29439
29839
29877
29977
30196
30223
30474
30798
30870
30906
31077
31131
31729
31902
31923
31998
32297
32306
32522
32774
32885
33272
33592
33814
33906
34308
34643
35498
35848
35977
36151
36205
36990
37019
37715
38052
38450
38525
38615
38652
39113
39338
39530
39542
39634
39642
40086
40250
40322
40697
40949
41080
41281
41414
42672
42834
43043
43225
43370
43682
44333
44458
44846
44852
45671
45879
46421
46473
Number of cuts: 199

AngryOrchard
33
359
371
713
814
1227
1294
2059
2651
2780
3325
4348
4774
4842
4859
4980
5694
5759
5951
6177
6353
6800
7830
8074
8155
8224
8512
9594
9735
9756
9831
10421
10824
10969
11342
11537
11721
11795
12168
12240
12258
12297
12665
12704
13206
14552
14682
14794
15015
15075
15330
15428
15443
15764
15814
15970
16159
16516
16750
16807
17050
17097
17105
17284
17495
17556
17734
17870
18336
18764
18795
18879
18915
19048
19239
19258
19453
19525
19600
19662
19668
19744
19810
19921
20047
20167
20232
20341
20421
20494
20725
20958
21158
21710
21768
21806
21831
21866
22565
23024
23499
23782
23973
24215
24288
25066
25085
25094
25135
25158
25762
26443
26497
26541
26721
27153
27237
27324
27657
27818
28097
28512
28606
28738
29176
29210
29398
30089
30116
30367
30691
30763
30970
31024
31622
31795
31816
32038
32199
32274
32415
32440
32667
32775
33162
33230
33628
33662
33671
33752
33974
34066
34539
34803
35658
36008
36137
36311
36365
37167
37179
37875
38212
38685
38775
38812
39273
39690
39702
39796
39804
39881
40318
40482
40553
40664
40868
40928
41180
41311
41512
41644
42255
42644
42746
42952
43056
43265
43447
43499
43592
43769
44552
44677
45206
45984
46525
46563
46577
Number of cuts: 199

AppleCloud
33
513
614
1027
1094
1823
2415
2544
3089
3307
3441
4112
4538
4606
4623
4744
4993
5458
5523
5715
6073
6117
6202
6218
6429
6564
7185
7594
7838
7919
7988
8276
9334
9475
9487
9571
10161
10558
10654
10703
11076
11271
11455
11980
12166
12244
12352
12418
12648
12754
12760
12829
12835
12841
12863
13252
14499
14598
14741
14872
14935
15061
15121
15376
15474
15843
15860
16016
16205
16562
16796
16853
17143
17151
17168
17330
17541
17602
17780
17916
18382
18563
18810
18925
18961
19185
19285
19304
19499
19571
19646
19658
19708
19714
19790
19856
19904
19967
20093
20278
20387
20467
20540
20887
20998
21004
21255
21756
21814
21852
21877
21993
22030
22176
22584
22708
23399
23820
23985
24225
24298
25076
25095
25104
25145
25168
25279
25772
26454
26508
26552
26732
27164
27175
27248
27335
27555
27668
27695
28108
28602
28696
28828
29265
29297
30021
30048
30299
30673
30695
30731
30932
30956
31319
31554
31727
31748
31970
32122
32131
32347
32599
32710
33097
33130
33417
33633
33725
33994
34468
35323
35802
35976
36030
36815
36844
37540
37877
38275
38350
38440
38477
38938
39160
39352
39364
39456
39978
40139
40213
40591
40843
40974
41175
41308
42566
42728
42937
43119
43264
43576
44227
44352
44740
44746
45565
45773
46317
46369
Number of cuts: 209

Belenaria
33
220
359
371
718
819
1234
1272
1301
2114
2237
2706
2835
3312
3380
4403
4829
4914
5035
5749
5814
6006
6232
6423
6516
6735
6870
7900
8131
8585
9403
9681
9822
9834
9918
10508
10905
11001
11423
11618
11802
12249
12321
12339
12378
12746
12785
14633
14763
14970
15096
15156
15411
15509
15524
15845
15895
16051
16240
16528
16597
16831
17131
17178
17203
17365
17637
17815
17951
18417
18598
18845
18876
18960
18996
19129
19220
19320
19339
19507
19534
19606
19681
19693
19749
19825
19891
19939
20128
20313
20422
20488
20502
20575
20855
21086
21239
21791
21849
21887
21912
22065
22086
22634
23054
23093
23465
23568
24041
24284
24357
24420
25135
25154
25163
25204
25227
25338
25831
26282
26513
26567
26611
26791
27223
27234
27307
27394
27727
28167
28676
28808
29246
29278
30157
30184
30435
30759
30831
30867
31038
31092
31690
31863
31884
31959
32258
32267
32467
32483
32735
32846
33082
33233
33553
33775
33867
34616
35471
35821
35950
36124
36178
36963
36992
37688
38025
38423
38498
38588
38625
39086
39308
39500
39512
39604
40126
40287
40361
40739
40991
41122
41323
41456
42714
42876
43085
43267
43412
43724
44375
44500
44888
44894
45713
45921
46466
46518
Number of cuts: 198

BobbyDazzler
33
220
359
371
718
819
1234
1272
1301
2179
2777
2906
3383
3451
4474
4900
4985
5106
5820
5885
6077
6479
6572
6791
6926
7547
7956
8200
8281
8350
8638
9720
9861
9882
9957
10547
10950
11468
11663
11847
12294
12366
12384
12423
12791
12830
13332
14678
14808
15015
15141
15201
15456
15554
15569
15826
15890
15940
16096
16285
16573
16642
16876
17176
17223
17248
17410
17682
17746
17860
17996
18462
18643
18890
19005
19041
19365
19384
19579
19651
19738
19788
19794
19870
19936
20047
20173
20358
20467
20533
20547
21084
21335
21836
21894
21932
21957
22110
22186
22316
22680
23100
23139
23511
23614
24087
24329
24402
24465
25180
25199
25208
25249
25272
25383
25876
26327
26558
26612
26656
26836
27268
27352
27439
27772
28212
28627
28721
28853
29291
29325
29513
29913
29951
30051
30270
30297
30548
30872
30944
30980
31151
31205
31803
31976
31997
32072
32371
32380
32580
32596
32848
32959
33346
33666
33888
33980
34720
35575
35925
36054
36228
36282
37067
37096
37511
37792
38129
38527
38602
38692
38729
38836
39190
39415
39607
39619
39711
39719
39796
40233
40397
40469
40844
41096
41227
41428
41562
42820
42982
43191
43373
43518
43830
44481
44606
44994
45000
46027
46569
46621
Number of cuts: 201

Bonanza
33
220
359
371
718
819
1234
1272
1301
2114
2706
2835
3312
3380
4403
4829
4914
5035
5749
5814
6006
6408
6501
6720
6855
7476
7885
8129
8210
8279
8567
9649
9790
9811
9886
10476
10879
11397
11592
11776
12223
12295
12313
12352
12720
12759
13261
14607
14737
14944
15070
15130
15385
15483
15498
15755
15819
15869
16025
16214
16502
16571
16805
17105
17152
17177
17339
17611
17675
17789
17925
18391
18572
18819
18934
18970
19294
19313
19508
19580
19667
19717
19723
19799
19865
19976
20102
20287
20396
20462
20476
21060
21459
21765
21823
21861
21886
22002
22039
22608
23067
23439
23542
24015
24257
24330
24393
25108
25127
25136
25177
25200
25311
25804
26255
26486
26540
26584
26764
27196
27280
27367
27700
28140
28555
28649
28781
29219
29253
29441
29841
29879
29979
30198
30225
30476
30800
30872
30908
31079
31133
31731
31904
31925
32000
32299
32308
32524
32776
32887
33274
33594
33816
33908
34310
34645
35500
35850
35979
36153
36207
36347
36368
36402
36805
37372
37401
38097
38434
38832
38907
38997
39034
39495
39720
39912
39924
40016
40024
40538
40702
40774
41149
41401
41532
41733
41866
43124
43286
43495
43677
43822
44134
44785
44910
45298
45304
46316
46898
46912
Number of cuts: 200

Bradshaw
33
220
359
371
718
819
1234
1272
1301
2114
2237
2706
2835
3312
3380
4403
4829
4914
5035
5749
5814
6006
6232
6423
6516
6735
6870
7900
8131
8585
9403
9681
9822
9834
9918
10508
10905
11001
11423
11618
11802
12249
12321
12339
12378
12746
12785
14633
14763
14970
15096
15156
15411
15509
15524
15845
15878
15895
16051
16240
16528
16597
16831
17131
17178
17203
17365
17637
17815
17951
18417
18598
18845
18876
18960
18996
19129
19220
19320
19339
19507
19534
19606
19681
19693
19749
19825
19891
19939
20313
20422
20488
20502
20575
20855
21086
21239
21791
21849
21887
21912
22065
22086
22634
23054
23093
23465
23568
24041
24283
24356
24419
25153
25162
25203
25226
25337
25830
26281
26512
26566
26610
26790
27222
27306
27393
27726
28166
28675
28807
29245
29279
29467
29867
29905
30005
30224
30251
30502
30826
30898
30934
31105
31159
31757
31930
31951
32026
32325
32334
32534
32550
32802
32913
33149
33300
33620
33842
33934
34674
35529
35879
36008
36191
36245
36284
37030
37059
37755
38092
38347
38490
38565
38655
38692
39153
39378
39570
39582
39674
39682
40196
40360
40432
40807
41059
41190
41391
41524
42782
42944
43153
43335
43480
43792
44443
44934
44956
44962
45781
45989
46534
46586
Number of cuts: 203

Bryce
33
220
359
371
718
819
1234
1272
1301
2114
2706
2835
3312
3380
4403
4829
4914
5035
5749
5814
6006
6408
6501
6720
6855
7885
8129
8210
8279
8567
9649
9790
9811
9886
10476
10879
11397
11592
11776
12223
12295
12313
12352
12720
12759
13261
14607
14737
14944
15070
15130
15385
15483
15498
15755
15819
15869
16025
16214
16502
16571
16805
17105
17152
17177
17339
17611
17675
17789
17925
18391
18572
18819
18934
18970
19294
19313
19508
19580
19667
19717
19723
19799
19865
19976
20102
20287
20396
20462
20476
21060
21213
21765
21823
21861
21886
22039
22115
22245
22609
23029
23068
23440
23543
24016
24258
24331
24394
25109
25128
25137
25178
25201
25312
25805
26256
26487
26541
26585
26765
27197
27281
27368
27701
28141
28556
28650
28782
29220
29254
29978
30005
30256
30580
30652
30688
30859
30913
31511
31684
31705
31780
32079
32088
32288
32304
32556
32667
33054
33374
33596
33688
34428
35283
35633
35762
35936
35990
36775
36804
37500
37837
38235
38310
38400
38437
38898
39315
39327
39419
39427
39941
40105
40177
40552
40804
40935
41136
41270
42528
42690
42899
43081
43226
43538
44189
44314
44702
44708
45527
45735
46275
46327
Number of cuts: 193

ChewyVIII
156
202
263
760
885
2019
2280
2409
2631
2691
2757
2903
2943
3035
3348
3565
3592
3756
3874
3982
4014
4024
4190
4635
5308
5574
5684
5744
5795
5925
5965
6046
6291
6776
7049
7349
7436
7672
7939
7950
8110
8360
8623
9714
9897
9979
10074
10208
10451
10453
10687
10892
10928
11488
11519
11929
12504
12597
12641
12882
13014
13194
13300
13344
13545
13892
14323
14774
14795
15031
15210
15271
15417
15472
16029
16563
16949
16998
17049
17078
18123
18200
18236
18539
18644
18841
18860
19139
19844
19905
19959
20273
21128
21202
21381
21605
21615
21758
22490
22511
23172
23415
23601
24013
24276
24375
25417
25486
25560
25629
25846
25986
26058
26301
26969
27203
27218
27344
27626
27913
28442
28662
28761
29104
29384
30019
30040
30208
30523
30587
30809
30910
31073
31166
31283
31432
31897
32489
32587
32742
33014
33592
33817
34513
34669
34964
35379
35424
35536
35977
36058
36304
36534
36640
36646
36802
37130
37479
37602
37682
37905
38022
38440
38454
38467
38865
39078
39229
39390
39461
40243
40287
40462
40586
40598
40619
40796
40874
40948
41869
42193
42379
42412
42886
43248
43347
43354
43510
43628
43769
44384
44450
44657
44902
44927
45180
45513
45744
45944
46002
46014
46103
46712
46766
47018
47259
47313
47502
47812
47943
48300
48614
48671
48781
48884
48901
49015
49455
49461
49578
49898
49907
49976
50123
50226
50228
50286
50454
50562
50771
51050
51086
51378
51407
51725
51773
51860
52241
52302
52497
52575
52812
52865
53045
53095
53522
54103
54286
54480
54649
54863
55277
55734
55863
56215
56375
56386
56554
56876
56939
57077
58003
59061
59134
59163
59210
59464
59632
59663
59886
60061
60094
60447
60628
60846
61018
61176
61260
61676
61944
62005
62034
62262
62284
63170
63284
63321
63834
63842
63868
64223
64253
64345
64436
64799
64873
64927
64945
65119
65436
65841
65889
66029
66273
66336
66696
66961
67030
67137
67159
67632
68308
68323
68369
68633
68708
69143
Number of cuts: 317

CosmicSans
33
220
359
371
718
819
1234
1272
1301
2114
2237
2706
2835
3312
3380
4403
4829
4914
5035
5749
5814
6006
6232
6423
6516
6735
6870
7900
8131
8585
9403
9681
9822
9834
9918
10508
10905
11001
11423
11618
11802
12249
12321
12339
12378
12746
12785
14633
14763
14970
15096
15156
15411
15509
15524
15845
15878
15895
16051
16240
16528
16597
16831
17131
17178
17203
17365
17637
17815
17951
18417
18598
18845
18876
18960
18996
19129
19220
19320
19339
19507
19534
19606
19681
19693
19749
19825
19891
19939
20128
20313
20422
20488
20502
20575
20855
21086
21239
21791
21849
21887
21912
22065
22086
22634
23054
23093
23465
23568
24041
24283
24356
24419
25134
25153
25162
25203
25226
25830
26281
26512
26566
26610
26790
27222
27306
27393
27726
28166
28675
28807
29245
29279
29467
29867
29905
30005
30224
30251
30502
30826
30898
30934
31105
31159
31757
31930
31951
32026
32173
32325
32334
32534
32550
32802
32913
33149
33300
33620
33842
33934
34674
35529
35879
36008
36182
36236
37021
37050
37746
38083
38338
38481
38556
38646
38683
39144
39369
39561
39573
39665
39673
40187
40351
40423
40798
41050
41181
41382
41515
42773
42935
43144
43326
43471
43783
44434
44559
44947
44953
45772
45980
46524
46576
Number of cuts: 204

Dinger
33
359
371
715
816
1229
1296
2110
2702
2831
3308
3376
3728
4399
4825
4893
4910
5031
5745
5810
6002
6228
6404
6716
6851
7324
7881
8125
8206
8275
8563
9645
9786
9807
9882
10472
10875
11224
11393
11588
11772
12219
12291
12309
12348
12716
12755
13257
14603
15066
15126
15381
15479
15494
15815
15865
16021
16210
16498
16567
16801
16858
17101
17148
17156
17173
17335
17607
17785
17921
18387
18568
18846
18930
18966
19099
19190
19290
19309
19504
19576
19651
19713
19719
19795
19861
19909
19972
20098
20283
20392
20472
20494
20545
20776
21009
21056
21761
21819
21857
21882
22035
22617
23076
23448
23551
23834
24025
24267
24340
25118
25137
25146
25187
25210
25321
25814
26496
26550
26594
26774
27206
27217
27290
27377
27597
27710
27737
28150
28644
28738
28870
29308
29340
30093
30120
30371
30695
30767
30803
30974
31028
31626
31799
31820
31895
31922
32042
32194
32203
32278
32444
32671
32782
33169
33202
33635
33678
33711
33759
33975
34067
34816
35671
36066
36150
36324
36378
37180
37192
37888
38225
38623
38698
38788
38932
39286
39703
39715
39809
39817
39894
40331
40495
40566
40677
40942
41194
41325
41526
41659
42273
42662
42764
42970
43074
43283
43465
43517
43610
43787
44570
44695
45224
46092
46545
46583
46597
Number of cuts: 208

DocB7
13
211
406
1097
1145
1209
1320
1584
1894
1903
2427
2488
2743
2954
3051
3151
3415
3716
3823
3842
3853
4963
4969
5936
6033
6576
7019
7435
7801
7926
8041
8077
8143
8194
8306
8451
8458
8541
8551
8569
8785
8910
9162
9332
9427
9433
9745
9912
10234
10257
10332
10889
10903
11057
11387
12109
12124
12138
12253
12847
12985
13033
13093
13189
13219
13387
13791
14710
15262
15448
16271
16287
16733
17053
17089
17223
17319
18611
19449
19503
20309
20398
21803
21978
22115
22394
22504
23340
23411
24092
24113
24212
24463
24794
24914
24932
25373
25470
25513
26222
26329
26623
27056
27101
27241
27379
27775
28524
28597
28620
28634
28680
28716
29185
29227
29362
29448
29600
29805
30080
30138
30335
30639
30648
30806
31242
31244
31433
31925
32189
32214
32493
32807
32903
33726
33733
33808
34247
34371
34656
35126
35186
35544
36047
36670
36709
37448
37481
37508
37610
37768
37948
38317
38543
39011
39250
39611
39704
39913
40069
40322
40341
40606
40658
40808
41007
41612
41691
41698
41943
42130
42383
42506
42599
42669
42908
43307
43407
43625
43734
44593
44885
45401
45422
45488
45712
45883
45916
46178
46465
46676
46800
46942
46977
47092
47321
47493
47913
48098
48198
48259
48393
49199
49507
49570
49759
50490
50767
50822
50831
51334
51597
51818
52662
52987
53070
53115
53322
54391
54570
54760
54846
54963
55177
55687
55791
55983
56006
56225
56707
57100
57406
58080
58222
58253
58399
58787
58813
58863
58890
59200
59475
59883
61599
62137
62194
62303
62685
62724
63277
63734
64095
64222
64364
64456
64574
65028
65258
65375
65609
65625
66089
66221
66592
66651
66710
67005
67439
67648
67971
68436
68637
68768
68849
68878
68894
68951
69053
69159
69290
69305
69368
69896
69937
71215
71826
71966
72596
72760
72913
73455
73567
73717
74036
74160
74211
74332
74382
75235
75249
75408
Number of cuts: 301

E3
150
641
952
1214
1464
1762
2248
2352
2455
2526
2641
2779
3256
3340
3610
3748
3865
3977
4245
4303
4653
4908
5648
6181
6226
6806
6949
7258
7273
7542
7605
8850
8925
8939
9121
9165
9611
9788
9874
9949
10120
10290
10406
10694
10703
10999
11086
11513
11673
11808
11931
11943
12014
12021
12309
12321
12561
12590
12940
12950
13271
13351
13484
13688
13706
13712
13763
13889
14092
14315
15118
15156
15208
15219
15877
16195
16675
16791
17155
17466
17754
17993
18125
18376
18468
18782
19795
19912
20236
20508
21052
21054
21108
22021
22435
22605
22632
22832
23072
23132
24342
24369
24456
24565
24653
24722
24832
24895
25003
25048
25169
25457
25806
25888
25963
26523
26563
26653
26923
27098
27127
27769
28039
28045
28300
28683
29335
29375
29618
30146
30764
30851
30952
31388
32641
32690
32700
32862
33081
33534
33786
33864
34269
34787
34925
35191
35396
35512
35861
36754
37312
37594
37912
37959
38414
38610
38997
39135
39572
39659
39885
40095
40458
41787
42093
42270
42815
42915
42960
43175
43274
43989
44187
44206
44359
44440
44472
45323
45344
45392
45571
45689
45908
45937
46467
46492
47190
47586
47625
47926
48051
48066
48274
48382
48703
48766
49259
49433
49595
49700
49802
49889
50060
50554
51464
51496
51608
51922
52050
52174
52285
52413
52574
52680
52720
52960
53375
53696
53780
53810
53867
54000
54010
54998
55019
55695
55799
56277
56577
56706
57193
57220
57431
57448
57593
57749
57931
58358
58877
59040
59148
59175
59181
59328
59565
59670
60654
61097
61201
62537
62546
62978
63547
64089
64134
64261
64270
64300
64536
64704
64973
65093
65099
65422
65510
65723
65905
65929
65957
66010
66076
66242
66778
66830
66857
66899
66917
67140
67221
67570
67638
67796
67805
67974
68030
68136
68162
68466
68836
68980
69193
69885
70006
70552
70756
70768
70911
70935
71026
71248
71390
71396
71403
71415
71550
71666
72153
72460
72751
72867
72952
73036
73053
73668
73692
74368
74683
74767
74953
75213
75219
75624
75717
76572
76892
77108
77205
77292
77402
77487
77670
77721
78006
78096
78114
78288
78349
78425
79363
79604
79606
80085
80104
80218
80896
81162
81193
81511
81526
82008
82024
82146
82569
82615
82816
82959
83217
83359
83380
83625
83803
83817
84074
84212
84420
84453
84814
85110
85474
85908
86088
86103
86202
86292
86769
86952
87050
87151
87296
87448
87582
88350
88367
88655
88943
89054
89127
89317
89584
89798
89932
89986
90016
90703
90889
90925
91183
91328
91364
91755
91864
92016
92209
92251
92265
92591
93548
93562
93619
93674
93707
93869
93968
94368
94568
94625
94847
95062
95626
95695
95725
96216
96267
96405
96476
96510
96972
97288
97793
98201
98315
98574
98592
98751
98858
99167
99283
99539
99961
100078
100087
100263
100573
100591
100651
101157
101260
101556
101625
101757
102081
102154
102503
102717
102948
103883
104189
104570
104624
104686
105269
106025
106082
106126
106411
106600
106631
106946
107235
108120
108219
108455
108466
108780
108881
109077
109332
109643
110166
110314
110338
110476
110671
110756
110868
111029
111588
111678
111834
111885
111929
111978
112134
112679
112685
113690
113824
114088
114274
115172
115325
115444
115654
115759
115837
116013
117113
117130
117335
117511
117616
117656
117701
117806
118610
118863
119100
119233
119269
119546
119637
119736
120184
120298
120883
122376
122629
123007
123020
123038
123104
123152
123374
123450
123514
123826
123859
125025
125716
125968
126301
126330
126817
127079
127313
127373
127388
127402
127542
127591
127836
128199
128316
128318
128495
128528
129105
129628
129713
129773
129830
129907
130225
130369
130383
130624
131094
131348
131499
131570
131769
131838
131846
131873
131901
132139
132153
132165
132462
132579
132623
132820
132872
133113
133292
133571
133784
134024
134072
134500
134512
134645
134723
134836
135052
135235
135497
135667
135835
135979
136015
136106
136303
136312
136461
136884
136923
136938
136962
137076
137162
137382
137865
137879
137934
138591
138609
138816
138891
139004
139181
139343
139732
139847
140334
140385
140517
140564
140691
140858
141033
141159
141383
141608
141944
142196
142395
142538
Number of cuts: 638

Erik
33
220
359
371
718
819
1234
1272
1301
2114
2237
2706
2835
3312
3380
4403
4829
4914
5035
5749
5814
6006
6232
6423
6516
6735
6870
7900
8131
8585
9402
9680
9821
9833
9917
10507
10904
11000
11422
11617
11801
12248
12320
12338
12377
12745
12784
14632
14762
14969
15095
15155
15410
15508
15523
15844
15877
15894
16050
16239
16527
16596
16830
17130
17177
17202
17364
17636
17814
17950
18416
18597
18844
18875
18959
18995
19128
19219
19319
19338
19506
19533
19605
19680
19692
19748
19824
19890
19938
20127
20312
20421
20487
20501
20574
20854
21085
21238
21790
21848
21886
21911
22064
22085
22633
23053
23092
23464
23566
24039
24281
24354
24417
25132
25151
25160
25201
25224
25335
25828
26279
26510
26564
26608
26788
27220
27231
27304
27391
27724
28164
28673
28805
29243
29277
30156
30183
30434
30758
30830
30866
31037
31091
31689
31862
31883
31958
32257
32266
32466
32482
32734
32845
33232
33552
33774
33866
34606
35461
35811
35940
36114
36168
36953
36982
37678
38015
38270
38413
38488
38578
38615
39076
39301
39493
39505
39597
39605
40119
40254
40629
40881
41012
41213
41346
42604
42766
42975
43157
43302
43614
44265
44390
44778
44784
45603
45811
46357
46409
Number of cuts: 199

Espica
33
220
359
371
718
819
1234
1272
1301
2114
2237
2706
2835
3312
3380
4403
4829
4914
5035
5749
5814
6006
6232
6423
6516
6735
6870
7900
8131
8585
9403
9681
9822
9834
9918
10508
10905
11001
11423
11618
11802
12249
12321
12339
12378
12746
12785
14633
14763
14970
15096
15156
15411
15509
15524
15845
15895
16051
16240
16528
16597
16831
17131
17178
17203
17365
17637
17815
17951
18417
18598
18845
18876
18960
18996
19129
19220
19320
19339
19507
19534
19606
19681
19693
19749
19825
19891
19939
20128
20313
20422
20488
20502
20575
20855
21086
21239
21791
21849
21887
21912
22065
22086
22634
23054
23093
23465
23568
24041
24284
24357
24420
25135
25154
25163
25204
25227
25338
25831
26282
26513
26567
26611
26791
27223
27234
27307
27394
27727
28167
28676
28808
29246
29278
30157
30184
30435
30759
30831
30867
31038
31092
31690
31863
31884
31959
32258
32267
32467
32483
32735
32846
33233
33553
33775
33867
34616
35471
35950
36124
36178
36963
36992
37688
38025
38423
38498
38588
38625
39086
39308
39500
39512
39604
40126
40287
40361
40739
40991
41122
41323
41456
42714
42876
43085
43267
43412
43724
44375
44500
44888
44894
45713
45921
46465
46517
Number of cuts: 196

Finch
108
136
216
801
872
1443
1544
1794
1857
2129
2423
2438
2637
2679
2967
3179
3876
3927
4105
4204
4347
4598
4660
4808
5183
5938
6641
7231
7352
7360
7396
7412
7436
7613
7963
8237
8288
8437
8680
9370
9702
10214
10321
10352
10402
10464
10493
10859
10974
11109
11286
11538
11882
11927
12021
12558
13322
13390
13520
13727
13819
14000
14012
14101
14291
14489
14516
14585
14948
14981
15092
15176
15416
15469
15756
15858
16065
16152
16254
16422
16827
17184
17754
18239
18745
18958
19524
19571
20033
20045
20545
20868
21141
21314
21436
22285
22497
22540
22583
22723
23017
23062
23227
23355
23428
24052
24212
24261
24703
24814
25232
25284
25407
26379
26772
26787
27236
27302
27389
27479
27497
27569
27623
27806
27948
28207
28402
28630
28728
28782
29088
29178
30311
30338
30455
30475
30487
30513
30764
30790
30895
31300
31661
31733
32026
32165
32264
32534
32582
33624
34020
34104
34226
34297
34546
34564
34799
34808
34937
35213
35387
35921
36060
36149
36468
36717
36749
37218
37429
37550
37692
37758
38094
38811
38975
40111
40324
40377
40625
40799
41166
41192
41460
41556
41625
41840
42189
42337
42364
42463
42492
42868
43069
43126
43767
43831
43950
43980
44328
44382
44801
44927
45107
45116
45220
45361
45370
45649
46032
46129
46381
46447
46537
46615
46632
46684
46696
46902
46936
47077
47155
47200
47308
47365
47658
47890
48187
48199
48514
48706
48727
49053
49144
49296
49658
49790
49803
49917
50019
50151
50313
50462
50640
50937
51053
51711
52158
52514
52931
53271
53280
53724
53874
54005
54137
54194
54209
54287
54456
54483
54709
54803
54835
54872
56037
56142
56177
56289
56427
56568
56819
56994
57412
57904
57995
59037
59064
59275
59433
59969
60011
60134
60279
60511
60513
60526
60799
60892
60976
61008
61023
61113
61225
61483
61715
61835
61932
62351
62578
62977
63300
63939
63993
64227
64574
64924
64962
65202
65530
65665
66055
66244
66436
66523
66856
67006
67633
67666
67704
67951
68092
68119
68554
68763
69894
70072
70296
70321
70348
70434
70599
71106
71648
72022
72058
72220
72550
72610
72923
73109
73259
73355
73511
73553
73637
73655
73859
73983
74085
74091
74138
74250
74334
74541
74844
75268
75711
75775
76096
76166
76655
76889
76901
77507
77803
77986
78329
78335
78443
78511
78933
79779
79896
80133
80749
80799
80859
80888
81328
81353
81428
81457
81676
81939
82219
82313
82592
83919
84316
84944
84953
85086
85172
85305
85422
86005
86157
86349
86518
86591
86679
86871
87000
87137
87244
87475
88683
88737
88739
88824
89146
89268
89395
89720
90022
90136
90226
90313
90387
90405
90566
90821
90861
90897
90927
91129
91336
91769
92024
92111
92225
92487
92554
92675
92721
92946
93402
93690
93963
94105
94323
94397
94477
94687
94986
94995
95167
95866
96065
96098
96668
96695
96781
96802
96865
96961
97347
97581
97770
98088
98172
98384
98816
98864
99117
99226
99287
99374
99415
99637
99847
99997
100120
100191
100250
100448
100591
100838
100979
101084
101366
101835
102119
102530
102616
102627
102807
102839
102956
102962
103152
103272
103305
103314
103590
103760
103790
103867
103937
104482
104711
105209
105520
105770
106086
106496
106523
107124
107439
107472
108127
108180
108264
108456
108522
108582
108657
109046
109840
109988
110015
110219
110231
110357
110562
110576
110606
110679
110744
110757
110888
110981
111298
111337
112246
112253
112557
113226
113298
113345
113421
113542
113887
113969
114605
114683
114713
114794
115045
115220
115353
115536
115597
115702
115741
115939
116328
116351
116477
116518
116901
116970
117141
117179
117398
117429
117443
117652
118447
118579
118741
119019
119062
119106
119128
119202
119502
120108
120219
120264
120852
120909
120933
121038
121362
121383
121677
122354
122408
122537
122543
122789
123217
123385
123703
123998
124262
124283
124370
124429
124541
124647
124683
124759
124795
125114
125298
125514
125927
126483
126929
127019
127106
127130
127214
127520
127898
128212
128350
128643
128820
129062
129607
129988
130123
130384
130591
130810
130894
131035
131089
131167
131176
131344
131596
131617
131841
131905
132181
132219
132241
132412
132544
132625
132948
133018
133144
133192
133386
133437
133680
133764
134193
134217
134357
134900
134939
135197
135371
135558
135846
135939
136107
136221
136275
136395
136623
136872
137106
137204
137490
137643
138359
138488
138828
Number of cuts: 675

Gollum
33
220
359
371
718
819
1234
1272
1301
2114
2706
2835
3312
3380
4403
4829
4914
5035
5749
5814
6006
6232
6423
6516
6735
6870
7900
8131
8585
9403
9681
9822
9834
9918
10508
10905
11001
11423
11618
11802
12249
12321
12339
12378
12746
12785
14633
14763
14970
15096
15156
15411
15509
15524
15845
15895
16051
16240
16528
16597
16831
17131
17178
17186
17203
17365
17637
17815
17951
18417
18598
18845
18876
18960
18996
19129
19220
19320
19339
19534
19606
19681
19693
19749
19825
19891
19939
20313
20422
20488
20502
20575
20855
21086
21239
21791
21849
21887
21912
22065
22086
22634
23054
23093
23465
23568
24041
24283
24356
24419
25153
25162
25203
25226
25337
25830
26281
26512
26566
26610
26790
27222
27233
27306
27393
27726
28166
28675
28807
29245
29277
29465
29865
29903
30003
30222
30249
30500
30824
30896
30932
31103
31157
31755
31928
31949
32024
32323
32332
32532
32548
32800
32911
33298
33618
33840
33932
34672
35527
35877
36006
36180
36234
37019
37048
37744
38081
38479
38554
38644
38681
39142
39364
39556
39568
39660
40129
40293
40365
40740
40992
41123
41324
41457
42715
42877
43086
43268
43413
43725
44376
44889
44895
45714
45922
46463
46515
Number of cuts: 197

Grayson
594
901
1027
1048
1346
1646
2155
2639
2765
3514
4865
5303
6192
6213
6269
6425
6887
7101
7513
9184
9415
10005
10112
10226
10556
10640
10675
10873
11154
11413
11641
11949
12085
12113
13616
13655
14222
14496
15066
15332
15380
15434
16026
16988
18173
18284
18786
18881
19111
19578
20054
20124
20356
21386
22032
22689
22852
23243
23380
23585
23883
24041
25118
25276
26037
26451
26518
26654
27132
27446
27589
27815
28170
28523
28614
29384
29444
29531
29716
30406
30862
31027
31256
32902
33607
34184
34264
34555
34666
34887
35524
35974
36365
36412
37673
38021
38406
38647
38982
39034
39388
39710
41011
41236
41281
42268
42497
42559
43205
43449
43509
44644
44728
44786
44908
45762
46326
46756
47440
47512
47534
47860
47950
48623
48667
48695
49447
49466
49573
49589
49715
49897
50090
50759
50983
51308
51487
51749
51775
52269
52432
52701
53391
53985
54044
54502
54560
55317
55337
55864
56067
56318
56431
56509
56809
56873
57283
57571
59386
59473
59513
60414
60984
61017
61363
61469
61593
61747
62446
62943
63090
63167
63827
64115
64463
65088
65313
65329
65558
67233
67453
67588
68358
68380
68820
68909
68939
68978
69351
69947
70437
71374
71811
71893
72259
72722
73473
74744
74844
74997
77959
77993
78290
78365
78547
79175
80049
80489
80998
81855
82751
83086
83104
84080
84334
84977
85018
85292
85680
86005
86774
86813
87077
88130
88310
88367
88394
88561
90819
90859
91220
91641
91882
94186
94317
94407
94617
94752
94998
95156
95356
95444
95887
95959
96139
96170
97118
97283
97942
99544
99555
99879
99892
101486
103306
104089
104962
107208
108105
108692
108904
109190
109483
110022
110321
110541
110624
112201
112303
112557
113179
113266
113475
113535
114563
114706
114932
115736
116035
116151
116814
116874
116986
117351
117572
117946
119283
119679
119685
120016
120135
120456
121087
121331
121963
122273
122370
122524
122635
122905
123203
123224
123368
123830
124663
124680
124727
124745
125215
125336
125802
126230
126973
126994
127139
127184
128066
129495
129802
129928
129949
130247
130547
131056
131540
131666
Number of cuts: 326

Harlequin
33
220
359
371
718
819
1234
1272
1301
2114
2706
2835
3312
3380
3598
3732
4403
4829
4897
4914
5035
5284
5749
5814
6006
6232
6408
6720
6855
7328
7885
8129
8210
8279
8567
9269
9625
9766
9787
9862
10452
10855
11373
11568
11752
12199
12271
12289
12328
12696
12735
13237
14583
14713
14920
15046
15106
15361
15459
15474
15731
15795
15845
16001
16190
16478
16547
16781
17081
17128
17153
17315
17587
17651
17765
17901
18367
18548
18795
18910
18946
19270
19289
19484
19556
19643
19693
19699
19775
19841
19952
20078
20263
20372
20438
20452
21036
21189
21795
21853
21891
21916
22069
22145
22275
22639
23059
23098
23470
23573
24046
24288
24361
24424
25139
25158
25167
25208
25231
25342
25835
26286
26517
26571
26615
26795
27227
27311
27398
27731
28171
28586
28680
28812
29250
29284
30008
30035
30286
30610
30682
30718
30889
30943
31541
31714
31735
31810
32109
32118
32318
32334
32586
32697
33084
33404
33626
33718
34458
35313
35663
35792
35966
36020
36805
36834
37530
37867
38265
38340
38430
38467
38574
38928
39357
39451
39459
39973
40134
40587
40707
40839
40970
41171
41305
42563
42725
42934
43116
43261
43573
44224
44349
44737
44743
45562
45770
46311
46363
Number of cuts: 199

Hiro
33
220
359
371
718
819
1234
1272
1301
2114
2706
2835
3312
3380
4403
4829
4914
5035
5749
5814
6006
6408
6501
6720
6855
7476
7885
8129
8210
8279
8567
9625
9766
9778
9862
10452
10849
10945
10994
11367
11562
11746
12271
12457
12535
12643
12709
12939
13045
13051
13120
13126
13132
13154
13543
14790
14889
15032
15163
15226
15352
15412
15667
15765
15780
16134
16151
16307
16496
16784
16853
17087
17144
17434
17442
17459
17621
17832
17893
18071
18207
18673
18854
19101
19132
19216
19252
19476
19576
19595
19790
19862
19937
19999
20081
20147
20195
20258
20384
20569
20678
20758
20831
21178
21289
21295
21546
22047
22105
22143
22168
22284
22321
22467
22875
22999
23671
23690
24301
24543
24616
24679
25394
25413
25422
25463
25486
25597
26090
26541
26772
26826
26870
27050
27482
27566
27653
27986
28426
28841
28935
29067
29505
29539
29727
30127
30165
30265
30484
30511
30762
31086
31158
31194
31365
31419
32017
32190
32211
32286
32585
32594
32794
32810
33062
33173
33560
33880
34102
34194
34934
35789
36139
36268
36442
36496
37281
37310
37725
38006
38343
38741
38816
38906
38943
39404
39629
39821
39833
39925
39933
40447
40611
40683
41058
41310
41441
41642
41776
43034
43196
43405
43587
43732
44044
44695
44820
45208
45214
46033
46241
46782
46834
Number of cuts: 213

Jace
800
989
1037
1133
1363
1448
1556
1663
1673
1786
1901
2063
2228
2378
2393
2501
2720
3004
3016
3071
3299
3418
3526
3811
3921
3934
4141
4354
4485
5045
5402
5717
5728
5738
5783
5834
5912
5921
5996
6068
6185
6226
6995
7370
7578
8042
8197
8466
8505
8831
9122
9195
9228
9524
9589
9971
9998
10014
10069
10479
10677
10788
11027
11745
12264
12486
12576
12768
13134
13755
13809
13824
13845
13965
14442
14496
14667
15137
15194
15310
15563
15601
15759
15898
16067
16196
16387
16441
16646
16955
16994
17112
17141
18214
18319
18457
18688
18826
18940
19093
19110
19135
19176
19486
19636
19734
19798
20080
20314
20341
20461
20491
20678
20718
20769
21214
21664
21675
21696
22364
22396
22493
22577
22794
22965
23421
23490
23760
23913
24124
24132
24138
24172
24237
24629
25137
25867
26032
26693
27073
27173
27405
27506
27742
28350
28385
28490
28498
28670
29111
29141
29569
29781
29796
29834
30005
30338
30349
30570
30690
30929
31058
31242
31450
31557
31827
31860
32162
32435
32630
32887
32934
33338
33855
34137
34323
34639
34681
34966
34989
35207
35264
35664
35763
36229
36736
36810
37489
37513
38013
38150
38824
38884
38995
39195
39221
39255
39326
39458
39741
40646
41182
41292
41351
41391
41603
41815
42570
43128
43908
44045
44201
44342
44436
44686
44980
45220
45385
45551
45560
45975
46275
46536
46617
46721
46913
46956
46983
47162
47258
47264
47273
47279
47312
47674
48024
48037
48160
48229
48657
48780
48837
49002
49080
49213
49298
49337
49388
50179
50575
50648
51096
51179
51701
51917
52121
52130
52136
52386
52458
52548
52780
52845
52881
53039
53142
53222
53427
53732
53907
Number of cuts: 270

Jester
33
220
359
371
718
819
1234
1272
1301
2114
2706
2835
3312
3380
3598
3732
4403
4829
4897
4914
5035
5284
5749
5814
6006
6232
6408
6720
6855
7328
7885
8129
8210
8279
8567
9269
9625
9766
9778
9862
10452
10849
10945
10994
11367
11562
11746
12193
12265
12271
12283
12322
12690
12729
13231
14577
14851
14914
15040
15100
15355
15453
15822
15839
15995
16184
16541
16775
16832
17122
17130
17147
17520
17581
17759
17895
18361
18542
18789
18904
18940
19264
19283
19478
19550
19637
19687
19693
19769
19835
19946
20072
20257
20366
20432
20446
21030
21183
21735
21793
21831
21856
22000
22076
22206
22570
22990
23029
23401
23504
23977
24219
24292
24355
25070
25089
25098
25139
25162
25273
25766
26217
26448
26502
26546
26726
27158
27242
27329
27662
28102
28517
28611
28743
29181
29215
29939
29966
30217
30541
30613
30649
30820
30874
31472
31645
31666
31741
32040
32049
32249
32265
32517
32628
33015
33335
33557
33649
34389
35244
35594
35723
35897
35951
36736
36765
37461
37798
38196
38271
38361
38398
38505
38859
39288
39382
39390
39904
40065
40518
40638
40770
40901
41102
41236
42494
42656
42865
43047
43192
43504
44155
44280
44668
44674
45493
45701
46242
46294
Number of cuts: 199

Krishelle
33
220
359
371
718
819
1234
1272
1301
2114
2237
2706
2835
3312
3380
4403
4829
4914
5035
5749
5814
6006
6232
6423
6516
6735
6870
7900
8144
8225
8294
8582
9640
9781
9793
9877
10467
10864
10960
11009
11382
11577
11761
12286
12472
12550
12658
12724
12954
13060
13066
13135
13141
13147
13169
13558
14805
14904
15047
15178
15241
15367
15427
15682
15780
16149
16166
16322
16511
16868
17102
17159
17449
17457
17474
17636
17847
17908
18086
18222
18688
18869
19116
19231
19267
19491
19591
19610
19805
19877
19952
19964
20014
20020
20096
20162
20210
20273
20399
20584
20693
20773
20846
21193
21304
21310
21561
22098
22156
22194
22219
22335
22372
22518
22926
23050
23741
24162
24327
24567
24640
25418
25437
25446
25487
25510
25621
26114
26796
26850
26894
27074
27506
27517
27590
27677
27897
28010
28037
28450
28944
29038
29170
29607
29639
29827
30227
30265
30365
30584
30611
30862
31186
31258
31294
31465
31519
32117
32290
32311
32386
32685
32694
32894
32910
33162
33273
33509
33660
33980
34202
34294
35034
35889
36239
36368
36551
36605
36644
37390
37419
38115
38452
38707
38850
38925
39015
39052
39513
39738
39930
39942
40034
40042
40556
40720
40792
41167
41419
41550
41751
41884
43142
43304
43513
43695
43840
44152
44803
44928
45316
45322
46339
46555
46576
46966
Number of cuts: 216

Lillie
33
220
359
371
718
819
1234
1272
1301
2114
2237
2706
2835
3312
3380
4403
4829
4914
5035
5749
5814
6006
6232
6423
6516
6735
6870
7900
8131
8585
9403
9681
9822
9834
9918
10508
10905
11001
11423
11618
11802
12249
12321
12339
12378
12746
12785
14633
14763
14970
15096
15156
15411
15509
15524
15845
15878
15895
16051
16240
16528
16597
16831
17131
17178
17203
17365
17637
17815
17951
18417
18598
18845
18876
18960
18996
19129
19220
19320
19339
19507
19534
19606
19681
19693
19749
19825
19891
19939
20128
20313
20422
20488
20502
20575
20855
21086
21239
21791
21849
21887
21912
22065
22086
22634
23054
23093
23465
23568
24041
24283
24356
24419
25134
25153
25162
25203
25226
25830
26281
26512
26566
26610
26790
27222
27306
27393
27726
28166
28675
28807
29245
29279
29467
29867
29905
30005
30224
30251
30502
30826
30898
30934
31105
31159
31757
31930
31951
32026
32173
32325
32334
32534
32550
32802
32913
33149
33300
33620
33842
33934
34674
35529
35879
36008
36182
36236
37021
37050
37746
38083
38338
38481
38556
38646
38683
39144
39369
39561
39573
39665
39673
40187
40351
40423
40798
41050
41181
41382
41515
42773
42935
43144
43326
43471
43783
44434
44559
44947
44953
45772
45980
46524
46576
Number of cuts: 204

Mahdia
50
348
585
611
846
1431
1461
1881
1914
2002
2035
2770
3165
3309
3498
3644
3854
4339
4659
5139
5631
5803
5811
5836
6120
6220
6265
6525
6842
7036
7050
7341
7725
7919
8010
8132
8306
8458
8788
8868
8885
10583
10698
10749
10808
11005
11028
11343
11537
11639
12048
12120
12261
12312
12436
12816
13887
14465
14574
14813
15014
15177
15410
15455
15621
15660
15900
16106
16115
16266
16443
16697
16793
16910
16926
17662
17777
17887
18011
18332
18712
18972
19033
19096
19931
20152
20321
20498
20546
20996
21179
21214
21844
22015
22412
22861
23040
23069
23082
23110
23299
23359
23952
24030
24192
24357
24438
24453
24521
25067
25135
25475
25990
26429
26498
26718
26945
27032
27057
27340
27581
27680
27907
28400
28911
29399
29774
30294
30362
30491
30539
31286
31393
31545
31572
31934
31956
32010
32249
32396
32534
32547
32713
32793
32858
32972
33347
33788
33830
33875
34124
34157
34377
34565
35071
35385
35421
35555
35931
35944
36074
36762
36873
36912
37345
37414
37579
37769
37837
37850
38041
38606
38616
38940
39322
39435
39585
39895
40091
40337
40585
40731
40796
41022
41590
41777
41972
41990
42247
42360
Number of cuts: 190

Naiad
33
220
359
371
718
819
1234
1272
1301
2114
2237
2706
2835
3312
3380
4403
4829
4914
5035
5749
5814
6006
6232
6423
6516
6735
6870
7900
8131
8585
9403
9681
9822
9834
9918
10508
10905
11001
11423
11618
11802
12249
12321
12339
12378
12746
12785
14633
14763
14970
15096
15156
15411
15509
15524
15845
15895
16051
16240
16528
16597
16831
17131
17178
17203
17365
17637
17815
17951
18417
18598
18845
18876
18960
18996
19129
19220
19320
19339
19507
19534
19606
19681
19693
19749
19825
19891
19939
20128
20313
20422
20488
20502
20575
20855
21086
21239
21791
21849
21887
21912
22028
22065
22647
23106
23478
23581
24054
24296
24369
24432
25166
25175
25216
25239
25350
25843
26294
26525
26579
26623
26803
27235
27319
27406
27739
28179
28688
28820
29258
29292
29480
29880
29918
30018
30237
30264
30515
30839
30911
30947
31118
31172
31770
31943
31964
32039
32338
32347
32547
32563
32815
32926
33162
33313
33633
33855
33947
34687
35542
35892
36021
36204
36258
36297
37043
37072
37768
38105
38360
38503
38578
38668
38705
39166
39391
39583
39595
39687
39695
40209
40373
40445
40820
41072
41203
41404
41537
42795
42957
43166
43348
43493
43805
44456
44581
44969
44975
45794
46002
46547
46599
Number of cuts: 202

Nancinator
33
220
359
371
718
819
1234
1272
1301
2114
2237
2706
2835
3312
3380
4403
4829
4914
5035
5749
5814
6006
6232
6423
6516
6735
6870
7900
8131
8585
9403
9681
9822
9834
9918
10508
10905
11001
11423
11618
11802
12249
12321
12339
12378
12746
12785
14633
14763
14970
15096
15156
15411
15509
15524
15845
15895
16051
16240
16528
16597
16831
17131
17178
17203
17365
17637
17815
17951
18417
18598
18845
18876
18960
18996
19129
19220
19320
19339
19507
19534
19606
19681
19693
19749
19825
19891
19939
20128
20313
20422
20488
20502
20575
20855
21086
21239
21791
21849
21887
21912
22065
22086
22634
23054
23093
23465
23568
24041
24284
24357
24420
25135
25154
25163
25204
25227
25338
25831
26282
26513
26567
26611
26791
27223
27234
27307
27394
27727
28167
28676
28808
29246
29278
30157
30184
30435
30759
30831
30867
31038
31092
31690
31863
31884
31959
32258
32267
32467
32483
32735
32846
33233
33553
33775
33867
34616
35471
35950
36124
36178
36963
36992
37688
38025
38423
38498
38588
38625
39086
39308
39526
39690
39762
40137
40389
40520
40721
40854
42112
42274
42483
42665
42810
43122
43773
43898
44286
44292
45111
45319
45864
45916
Number of cuts: 193

Natosaleda
33
220
359
371
718
819
1234
1272
1301
2114
2237
2706
2835
3312
3380
4403
4829
4914
5035
5749
5814
6006
6232
6423
6516
6735
6870
7900
8131
8585
9403
9681
9822
9834
9918
10508
10905
11001
11423
11618
11802
12249
12321
12339
12378
12746
12785
14633
14763
14970
15096
15156
15411
15509
15524
15845
15895
16051
16240
16528
16597
16831
17131
17178
17203
17365
17637
17815
17951
18417
18598
18845
18876
18960
18996
19129
19220
19320
19339
19507
19534
19606
19681
19693
19749
19825
19891
19939
20128
20313
20422
20488
20502
20575
20855
21086
21239
21791
21849
21887
21912
22065
22086
22634
23054
23093
23465
23568
24041
24283
24356
24419
25134
25153
25162
25203
25226
25337
25830
26281
26512
26566
26610
26790
27222
27233
27306
27393
27726
28166
28675
28807
29245
29277
30156
30183
30434
30758
30830
30866
31037
31091
31689
31862
31883
31958
32257
32266
32466
32482
32734
32845
33232
33552
33774
33866
34615
35470
35949
36123
36177
36962
36991
37687
38024
38422
38497
38587
38624
39085
39307
39499
39511
39603
40125
40286
40360
40738
40990
41121
41322
41455
42713
42875
43084
43266
43411
43723
44374
44499
44887
44893
45912
46455
46507
Number of cuts: 195

Partridge
33
359
371
713
814
1227
1294
2173
2765
2894
3371
3439
3791
4462
4888
4956
4973
5094
5808
5873
6065
6291
6467
6779
6914
7387
7944
8188
8269
8338
8626
9708
9849
9870
9945
10535
10938
11083
11456
11651
11835
12282
12354
12372
12411
12779
12818
13320
14666
15129
15189
15444
15542
15557
15878
15928
16084
16273
16561
16630
16864
16921
17164
17211
17219
17236
17398
17670
17848
17984
18450
18631
18909
18993
19029
19162
19253
19353
19372
19567
19639
19714
19776
19782
19858
19924
19972
20035
20161
20346
20455
20535
20557
20608
20839
21072
21119
21824
21882
21920
21945
22098
22680
23139
23511
23614
23897
24088
24330
24403
25181
25200
25209
25250
25273
25384
25540
25559
25913
26595
26649
26693
26873
27305
27316
27389
27476
27696
27809
27836
28249
28743
28837
28969
29407
29439
30027
30165
30384
30411
30662
30986
31058
31094
31265
31319
31917
32090
32111
32186
32333
32485
32494
32569
32735
32962
33070
33457
33490
33923
33966
33999
34131
34223
34492
34972
35827
36222
36438
36444
36480
36534
36573
37336
37348
38045
38382
38780
38855
38945
39443
39860
39872
39966
39974
40488
40652
40723
40834
41099
41351
41482
41683
41816
42427
42777
43008
43110
43316
43420
43629
43811
43863
43956
44133
44916
45041
45569
46437
46890
46928
46942
Number of cuts: 212

Pepy6
267
299
306
423
704
735
923
1037
1077
1137
1385
1733
2169
2267
2315
2434
2790
2987
3814
3848
4414
4784
5075
5089
5198
5572
5860
5940
5949
6095
6118
6159
6362
6376
6549
6568
6581
6598
6839
7242
7314
7975
8302
8677
9804
10561
10845
11106
11570
11950
12370
12580
12619
12727
13006
13235
13383
13494
13666
13893
14334
14721
15464
15549
15735
16211
16783
16825
16956
17003
17230
17446
17973
18589
19136
19407
19902
19946
20071
20280
20469
21058
21146
21251
21547
21986
22053
22076
22099
22507
23380
23596
23602
23854
24100
24360
25158
25315
25360
25414
25678
26534
26635
26836
28283
28535
28735
28757
28934
30172
30208
30240
30507
31666
31852
31940
33694
33892
34192
34321
34810
35302
35554
36144
36210
36275
36354
36398
36527
36647
36828
36990
37035
37793
37895
37962
38385
38528
38552
39099
39712
39759
40584
40710
41073
41637
41799
42217
42272
43139
43172
43208
43515
43568
43667
43776
44867
44995
45170
45263
45606
45969
46159
46176
47275
47530
47546
47572
47786
48188
48637
48916
49168
49516
49924
50169
50259
50691
50772
50786
51230
51725
51982
52268
52379
52534
53330
53372
53627
53918
54065
54143
54569
54617
54784
54992
55109
55181
55183
55372
55535
55799
55874
56042
56361
56583
56704
56792
56861
56990
57023
57044
57407
57422
57494
57794
58072
59008
59041
59200
59206
59541
60313
60457
61180
61689
61902
62199
62241
62510
62570
62593
62681
62904
62990
63011
63261
63293
64087
64613
64886
64917
64998
65286
65881
67062
67186
67247
67695
67992
68265
68286
68489
68821
69149
69166
70050
70077
70253
70331
70868
71105
71906
71916
72415
72509
72701
72960
73134
73173
73332
74391
74418
74997
75492
75582
75625
75635
75770
75801
76263
Number of cuts: 281

Peregrin
389
621
715
926
1073
1669
1880
1993
2087
2184
2567
2802
3147
3210
3266
3542
4185
4616
5580
5925
6030
6051
6260
6414
6826
7080
7229
8051
8498
8729
9319
9426
9654
9989
10069
10468
10837
10955
11399
11427
11881
12930
12969
13066
14738
15384
16587
17552
17766
18433
18528
18663
19130
19606
19676
21198
21855
22409
22546
22751
23049
23207
23545
24429
24692
24850
26095
26231
26960
27329
27422
27684
28037
28958
29045
29230
29333
29369
29896
30056
30490
30694
31089
31169
31684
33046
33337
33448
33669
33949
34756
34852
35136
35327
36455
36803
37188
37429
37763
37815
38169
38491
38806
39791
40016
40061
40454
40460
41048
41277
41339
42229
42289
43424
43508
43566
43688
44183
44498
44542
44918
45106
45536
46220
46292
46314
46730
47447
48266
48278
48303
48353
48498
48680
48873
49766
50091
50270
50532
50558
51052
51215
51484
51895
52174
52290
52768
53285
53343
53648
54100
54120
54489
54610
54647
54850
55214
55292
55650
55938
57503
57753
57840
57880
58654
58781
59351
59384
59730
59960
60114
60813
61310
61457
61534
62194
62482
63028
63731
63751
63976
64518
65208
65878
66013
66805
67245
67334
67364
67403
68223
68285
68357
68847
69784
70582
71132
71655
71793
71883
72266
72318
72938
73049
73139
73184
73240
73441
73694
74634
74821
74974
75345
76672
77262
77576
77867
78169
78203
78498
78573
78755
78915
79408
79565
82352
82590
82642
83706
83967
84221
84905
85599
86055
86732
86841
87788
87884
87909
88556
88618
88729
89368
90250
90290
90651
91072
91313
92134
92618
93612
93767
94012
94357
94412
94524
94926
95203
96151
96313
97990
98001
98441
99027
99048
99290
100084
100231
100276
100289
100698
100891
101873
103708
104491
104659
105368
105566
105879
107483
107857
108378
108449
109000
109609
109683
109982
110202
110285
110798
110958
111427
111538
111622
111773
111873
112289
112543
113004
113172
113210
113262
113471
113531
113935
114066
114121
114146
114228
114567
115536
116334
116466
116665
116856
117622
118159
118724
119215
119338
119456
119966
120077
120546
121121
121446
122380
122622
123066
123285
123319
123811
124207
124647
124870
124899
125035
125296
125389
126511
126575
126733
126880
126899
127225
127563
128004
128031
128176
128221
129510
130458
130690
130784
130995
131142
131738
131949
132062
132156
132253
132636
132871
Number of cuts: 363

Phrankenstein
33
220
359
371
718
819
1234
1272
1301
2114
2237
2706
2835
3312
3380
4403
4829
4914
5035
5749
5814
6006
6232
6423
6516
6735
6870
7900
8131
8517
8585
9403
9681
9822
9834
10508
10905
11001
11423
11618
11802
12249
12321
12339
12378
12746
12785
14633
14763
14970
15096
15156
15411
15509
15524
15845
15878
15895
16051
16240
16528
16597
16831
17131
17178
17203
17365
17637
17815
17951
18417
18598
18845
18876
18960
18996
19129
19220
19320
19339
19507
19534
19606
19681
19693
19749
19825
19891
19939
20128
20313
20422
20488
20502
20575
20855
21086
21239
21737
21795
21833
21858
22011
22032
22580
23000
23039
23411
23514
23987
24229
24302
24365
25080
25099
25108
25149
25172
25776
26227
26458
26512
26556
26736
27168
27179
27252
27339
27672
28112
28621
28753
29191
29225
29413
29813
29851
29951
30170
30197
30448
30772
30844
30880
31051
31105
31703
31876
31897
31972
32271
32280
32480
32496
32748
32859
33095
33246
33566
33788
33880
34620
35475
35825
35954
36128
36182
36967
36996
37692
38029
38284
38427
38502
38592
38629
39090
39315
39507
39519
39611
39619
40133
40297
40369
40744
40996
41127
41328
41461
42719
42881
43090
43272
43417
43729
44380
44505
44893
44899
45718
45926
46468
46520
Number of cuts: 204

Pine5
349
497
538
566
1066
1124
1225
1846
1995
2047
2490
2675
2766
2826
2877
2892
3546
3569
3612
4809
4877
4907
4982
5580
5611
5939
6019
7492
8035
8104
8149
8305
8341
8650
8683
9057
9261
9559
9876
10345
10474
10582
10985
11412
11940
12381
12833
12915
13177
13269
13519
13702
13737
13792
13800
14525
14564
14665
14803
15088
15213
15644
16072
16318
16330
16776
16966
17129
17164
17364
17425
17526
17610
17671
17833
18135
18208
18598
18668
18968
19392
19551
19849
19945
20151
20185
20237
20413
21021
21603
21834
21846
21921
21942
22149
22232
22283
22367
22643
23274
23493
23625
23873
23934
24042
24075
24552
24636
24942
25041
25062
25073
25224
25722
25825
26029
26233
26356
26393
26450
26512
26581
27216
27378
27868
28036
28338
28566
28592
28698
28763
29140
29199
29212
29256
29316
29620
29743
29875
30019
30084
30357
30473
30528
30621
30777
30848
30945
31591
31702
31959
32007
32601
32637
32706
32847
32916
33162
33425
33543
33705
33726
34197
34410
34455
34765
35113
35155
35171
35224
35278
35299
35469
35537
35850
36418
36537
36610
36750
36828
37042
37167
37476
37741
37815
38139
38213
38221
38254
38505
38617
38679
38758
39295
39417
39648
39660
39715
39906
40084
40179
40321
40381
40452
40569
41175
41223
41601
41620
41631
41775
41878
41996
42110
42790
42817
43144
43228
43270
43334
43654
44319
44491
44597
44608
44761
44773
44860
44992
45062
45412
45492
45521
45540
45671
45914
46011
46122
46405
46459
46487
46514
46612
47007
47164
47813
47821
47857
48241
48277
48308
48359
48448
48568
48829
48835
49053
49080
49724
49777
49823
50216
50541
50547
50592
50753
51224
51458
51512
51569
51952
52081
52209
52410
52999
53044
53128
53194
53536
53566
53581
53823
54077
54095
54136
54235
54254
54374
54483
54698
54731
55689
56049
56540
56585
56723
56798
57358
57424
57594
57644
57855
58087
58247
58673
59047
Number of cuts: 306

Poco6
306
806
923
1077
1137
1160
1382
1730
2100
2424
2517
2782
2792
3147
3270
3654
3696
3774
3885
4519
4562
4628
5037
5145
5811
6352
6612
6661
6848
7322
7360
7633
7767
8300
8386
8768
8968
9071
9359
10057
10119
10494
10871
11078
11125
11476
12108
12388
12898
13027
13235
13958
13991
14219
14275
14536
14985
15106
15821
16031
16070
16178
16354
16457
16945
17867
18042
18224
18435
18495
19094
19591
19621
19866
19975
20634
20775
21094
21362
21475
21924
21968
22093
23080
23569
24008
24098
24121
24532
25393
25609
25615
25648
25846
25867
26113
26517
26722
26860
27366
27373
27622
27691
28267
28547
28849
29090
29164
29511
29789
29864
29956
30005
30308
30424
30500
30527
30554
30577
30971
31049
31575
31799
32191
32227
32259
32541
33557
33691
33877
34018
35138
35184
35289
35719
35917
36217
36832
37564
37576
38007
38166
38232
38376
38420
38549
38669
38850
38978
39012
39057
39387
39404
39473
39543
39660
39960
39984
40136
40407
40550
40574
41121
41521
41675
41796
41805
42482
42945
42951
43327
43439
43601
43820
43915
44033
44243
44659
45301
45493
45867
46447
46800
46847
47115
47344
47398
48141
48368
48378
48401
49515
49786
49812
49923
49969
50431
51022
51241
51436
51681
51774
52005
52206
52296
52320
52739
53491
53777
53887
54042
54880
55426
55651
55750
56125
56533
56617
56689
56880
56992
57043
57307
57382
57550
57640
57748
58106
58171
58240
58323
58457
58640
59003
59018
59090
60169
60184
60217
60379
61173
61514
61822
62331
62356
63119
63310
63410
63513
63969
64000
64343
64552
65342
65462
65630
65661
65712
65817
66033
66235
67350
67400
67590
67609
67899
68174
68229
68268
68342
68514
68796
68829
69489
69542
69713
69729
70007
70044
70152
70363
70514
70649
70724
71009
71089
71505
71519
71714
72131
72368
73168
73178
73771
73963
74222
74396
74435
74543
74580
74594
75020
75512
75591
75653
76154
76265
76760
76850
76903
77038
77069
77531
Number of cuts: 313

Rasputin
33
220
359
371
718
819
1234
1272
1301
2114
2237
2706
2835
3312
3380
4403
4829
4914
5035
5749
5814
6006
6408
6501
6720
6855
7476
7885
8130
8211
8280
8568
9650
9791
9812
9887
10477
10874
10970
10988
11039
11392
11587
11771
12218
12290
12308
12347
12715
12754
13256
14602
14732
14939
15065
15125
15380
15478
15493
15750
15814
15864
16020
16209
16497
16566
16800
17100
17147
17172
17334
17606
17670
17784
17920
18386
18567
18814
18929
18965
19289
19308
19503
19575
19662
19712
19718
19794
19860
19971
20097
20282
20391
20457
20471
21008
21760
21818
21856
21881
21997
22034
22110
22240
22604
23063
23435
23538
23821
24012
24254
24327
25105
25124
25133
25174
25197
25308
25801
26252
26483
26537
26581
26761
27193
27204
27277
27364
27697
28137
28646
28778
29216
29250
29438
29838
29876
29976
30195
30222
30473
30797
30869
30905
31076
31130
31728
31901
31922
31997
32144
32296
32305
32505
32521
32773
32884
33120
33271
33591
33813
33905
34645
35500
35850
35979
36153
36207
36992
37021
37717
38054
38309
38452
38527
38617
38654
39115
39340
39532
39544
39636
39644
40158
40322
40394
40769
41021
41152
41353
41486
42744
42906
43115
43297
43442
43754
44405
44530
44918
44924
45743
45951
46497
46549
Number of cuts: 205

RER2
33
220
359
371
718
819
1234
1272
1301
2114
2237
2706
2835
3312
3380
4403
4829
4914
5035
5749
5814
6006
6232
6423
6516
6735
6870
7900
8131
8585
9403
9681
9822
9834
9918
10508
10905
11001
11423
11618
11802
12249
12321
12339
12378
12746
12785
14633
14970
15096
15156
15411
15509
15524
15845
15895
16051
16240
16528
16597
16831
17131
17178
17186
17203
17365
17637
17815
17951
18417
18598
18845
18876
18960
18996
19129
19220
19320
19339
19507
19534
19606
19681
19693
19749
19825
19891
19939
20128
20313
20422
20488
20502
20575
21039
21239
21791
21849
21887
21912
22065
22086
22634
23054
23093
23465
23568
24041
24283
24356
24419
25134
25153
25162
25203
25226
25337
25830
26281
26512
26566
26610
26790
27222
27306
27393
27726
28166
28581
28675
28807
29245
29279
29467
29867
29905
30005
30224
30251
30502
30826
30898
30934
31105
31159
31757
31930
31951
32026
32325
32334
32534
32550
32802
32913
33149
33300
33620
33842
33934
34674
35529
35879
36008
36182
36236
37021
37050
37746
38083
38338
38481
38556
38646
38683
39144
39369
39561
39573
39665
39673
40187
40351
40423
40798
41050
41181
41382
41515
42773
42935
43144
43326
43471
43783
44434
44559
44947
44953
45772
45980
46524
46576
Number of cuts: 203

RexFury
33
220
359
371
749
850
1265
1303
1332
2145
2268
2737
2866
3343
3411
4434
4860
4945
5066
5780
5845
6037
6263
6454
6547
6766
6901
7931
8162
8616
9434
9712
9853
9865
9949
10539
10936
11032
11454
11649
11833
12280
12352
12370
12409
12777
12816
13318
14664
14794
15001
15127
15187
15442
15540
15555
15876
15926
16082
16271
16559
16628
16862
17162
17209
17217
17234
17396
17668
17846
17982
18448
18629
18876
18907
18991
19027
19160
19251
19351
19370
19565
19637
19712
19724
19780
19856
19922
19970
20344
20453
20519
20533
20606
20886
21117
21270
21822
21880
21918
21943
22096
22117
22665
23085
23124
23496
23599
24072
24314
24387
24450
25165
25184
25193
25234
25257
25368
25861
26312
26543
26597
26641
26821
26836
27253
27264
27337
27424
27757
28197
28706
28838
29276
29310
29498
29898
29936
30036
30255
30282
30533
30857
30929
30965
31136
31190
31788
31961
31982
32057
32356
32365
32565
32581
32833
32937
32944
33180
33331
33651
33873
33965
34705
35560
36039
36213
36267
37052
37081
37777
38114
38512
38587
38677
38714
39175
39397
39589
39601
39693
40215
40376
40450
40828
41080
41211
41412
41545
42803
42965
43174
43356
43501
43813
44464
44589
44977
44983
45802
46010
46555
46607
Number of cuts: 203

RGL3
33
445
805
1141
1215
1863
1890
2113
2708
2719
2837
3382
3600
4183
4405
4486
4831
4838
5037
5751
5816
6008
6213
6352
6416
6860
7688
8149
8575
8717
8792
9297
9647
9800
10044
10477
10880
10976
10994
11045
11395
11593
11777
11904
12224
12296
12302
12314
12322
12365
13577
13931
14187
14744
16009
16215
16404
16692
16741
16761
17292
17364
17526
17976
18055
18112
18489
18578
18760
19026
19613
19636
19753
19828
19855
19972
20038
20086
20502
20619
20698
21214
21421
21837
21909
22041
22697
23148
23286
23472
23496
23535
23946
24049
24333
24683
24771
24844
25122
25515
25625
25694
25717
25828
25984
26243
26526
26923
27207
27268
27487
27541
27585
27765
28182
28209
28293
28713
29069
29076
29118
29154
29635
29746
30186
30511
30894
30921
31172
31496
31638
31738
31829
32192
32427
32600
32621
32696
32840
32983
33196
33448
33509
33559
33946
34269
34394
34452
34499
34813
34877
35204
35240
35285
35435
35498
35788
35819
36254
36508
36761
36850
36918
37093
37123
37371
37449
38216
39024
39347
39581
39707
40152
40471
40479
40991
41046
41069
41727
42098
42188
42480
42707
42829
42931
43093
43567
43917
44081
44101
44838
44927
45153
45184
45251
45743
45782
46054
46167
46560
46637
46682
46768
46966
46987
47086
47942
48052
Number of cuts: 208

Rhodalysa
33
220
359
371
718
819
1234
1272
1301
2114
2237
2706
2835
3312
3380
4403
4829
4914
5035
5749
5814
6006
6232
6423
6516
6735
6870
7900
8131
8585
9403
9681
9822
9834
9918
10508
10905
11001
11423
11618
11802
12249
12321
12339
12378
12746
12785
14633
14763
14970
15096
15156
15411
15509
15524
15845
15878
15895
16051
16240
16528
16597
16831
17131
17178
17203
17365
17637
17815
17951
18417
18598
18845
18876
18960
18996
19129
19220
19320
19339
19507
19534
19606
19681
19693
19749
19825
19891
19939
20128
20313
20422
20488
20502
20575
20855
21086
21239
21791
21849
21887
21912
22065
22086
22634
23054
23093
23465
23568
24041
24283
24356
24419
25134
25153
25162
25203
25226
25830
26281
26512
26566
26610
26790
27222
27306
27393
27726
28166
28675
28807
29245
29279
29467
29867
29905
30005
30224
30251
30502
30826
30898
30934
31105
31159
31757
31930
31951
32026
32173
32325
32334
32534
32550
32802
32913
33149
33300
33620
33842
33934
34674
35529
35879
36008
36182
36236
37021
37050
37746
38083
38338
38481
38556
38646
38683
39144
39369
39561
39573
39665
39673
40187
40351
40423
40798
41050
41181
41382
41515
42773
42935
43144
43326
43471
43783
44434
44559
44947
44953
45772
45980
46524
46576
Number of cuts: 204

StCroix
33
220
359
371
718
819
1234
1272
1301
2114
2237
2706
2835
3312
3380
4403
4829
4914
5035
5749
5814
6006
6232
6423
6516
6735
6870
7900
8131
8585
9403
9681
9822
9834
9918
10508
10905
11001
11423
11618
11802
12249
12321
12339
12378
12746
12785
14633
14763
14970
15096
15156
15411
15509
15524
15845
15895
16051
16240
16528
16597
16831
17131
17178
17203
17365
17637
17815
17951
18417
18598
18845
18876
18960
18996
19129
19220
19320
19339
19507
19534
19606
19681
19693
19749
19825
19891
19939
20128
20313
20422
20488
20502
20575
20855
21086
21239
21791
21849
21887
21912
22028
22065
22647
23106
23478
23581
24054
24296
24369
24432
25166
25175
25216
25239
25350
25843
26294
26525
26579
26623
26803
27235
27319
27406
27739
28179
28688
28820
29258
29292
29480
29880
29918
30018
30237
30264
30515
30839
30911
30947
31118
31172
31770
31943
31964
32039
32338
32347
32547
32563
32815
32926
33162
33313
33633
33855
33947
34687
35542
35892
36021
36204
36258
36297
37043
37072
37768
38105
38360
38503
38578
38668
38705
39166
39391
39583
39595
39687
39695
40209
40373
40445
40820
41072
41203
41404
41537
42795
42957
43166
43348
43493
43805
44456
44581
44969
44975
45794
46002
46547
46599
Number of cuts: 202

Swann
33
220
359
371
718
819
1234
1272
1301
2114
2237
2706
2835
3312
3380
4403
4829
4914
5035
5749
5814
6006
6232
6423
6516
6735
6870
7900
8131
8585
9403
9681
9822
9834
9918
10508
10905
11001
11423
11618
11802
12249
12321
12339
12378
12746
12785
14633
14763
14970
15096
15156
15411
15509
15524
15845
15878
15895
16051
16240
16528
16597
16831
17131
17178
17203
17365
17637
17815
17951
18417
18598
18845
18876
18960
18996
19129
19220
19320
19339
19507
19534
19606
19681
19693
19749
19825
19891
19939
20128
20313
20422
20488
20502
20575
20855
21086
21239
21791
21849
21887
21912
22065
22086
22634
23054
23093
23465
23568
24041
24283
24356
24419
25134
25153
25162
25203
25226
25337
25830
26281
26512
26566
26610
26790
27222
27233
27306
27393
27726
28166
28675
28807
29245
29277
29865
29903
30003
30222
30249
30500
30824
30896
30932
31103
31157
31755
31928
31949
32024
32323
32332
32532
32548
32800
32911
33147
33298
33618
33840
33932
34672
35527
35877
36006
36180
36234
37019
37048
37744
38081
38336
38479
38554
38644
38681
39142
39367
39559
39571
39663
39671
40185
40349
40421
40796
41048
41179
41380
41513
42771
42933
43142
43324
43469
43781
44432
44557
44945
44951
45770
45978
46524
46576
Number of cuts: 204

Takoda
33
359
371
713
814
1227
1294
2106
2698
2827
3304
3372
4395
4821
4889
4906
5027
5741
5806
5998
6224
6400
6847
7877
8121
8202
8271
8559
9641
9782
9803
9878
10468
10865
11383
11578
11762
11836
12209
12281
12299
12338
12706
12745
13247
14593
14723
14835
15056
15116
15371
15469
15484
15805
15855
16011
16200
16557
16791
16848
17091
17138
17146
17325
17536
17597
17775
17911
18377
18805
18836
18920
18956
19089
19280
19299
19494
19566
19641
19709
19785
19851
19962
20088
20208
20273
20382
20462
20535
20766
20999
21199
21751
21809
21847
21872
21907
22606
23065
23437
23540
23823
24014
24256
24329
25107
25126
25135
25176
25199
25803
26485
26539
26583
26763
27195
27279
27366
27699
27860
28139
28467
28554
28648
28780
29218
29252
29440
30131
30158
30409
30733
30805
31012
31066
31664
31837
31858
32080
32241
32316
32457
32482
32709
32817
33120
33204
33670
33704
33713
33794
34016
34044
34108
34857
35712
36062
36191
36365
36419
37221
37233
37929
38266
38664
38739
38829
38866
39327
39744
39756
39850
39858
39935
40372
40497
40607
40718
40922
40982
41234
41365
41566
41698
42309
42698
42800
43006
43110
43383
43473
43655
43800
43977
44760
44885
45414
46193
46282
46735
46773
46787
Number of cuts: 202

Trina
397
560
807
1023
1186
1250
2108
2421
2614
3014
3170
3397
4080
4505
5397
5671
6417
6851
7024
7080
7451
7604
8118
8155
8243
8496
8642
8696
9136
9333
9343
9415
9808
9960
10962
11158
11278
11344
11353
11627
11701
11818
11959
12694
13026
13077
13290
13666
13756
13787
13871
14135
14260
14489
14637
14652
14797
14807
15113
15232
16467
16829
16856
17512
17764
17970
18243
18764
19709
20141
20707
20869
21192
21359
21402
21905
21985
22500
22582
22728
22817
23608
23926
23938
24323
24431
24716
24912
25754
25872
25881
26034
26254
26390
26401
26447
27429
27563
27725
27804
27936
28259
28370
28512
28921
28996
29061
29165
30546
30999
31006
31429
31444
31467
31667
31872
32087
32471
33256
33272
33500
33941
34198
34315
34384
34447
34462
34772
34781
35059
35528
36270
36386
37139
37900
37932
37961
38188
38319
38423
38490
38627
38685
38906
39067
39376
39445
39988
40012
40088
40203
40257
40694
40913
41116
41472
41980
42016
42144
42160
42278
42356
42585
43061
44067
44097
44199
44338
45062
45348
45475
45625
45703
45987
46366
46628
47680
47997
48093
48752
48775
48852
49272
49676
49686
49732
49763
50050
50161
50256
50372
50557
50864
51013
51067
51382
51397
51465
51611
51700
51778
52298
52480
52492
52662
52780
53102
53559
53736
53748
54082
54424
54489
54601
54625
54700
54733
54799
55429
55838
56131
56646
56742
56898
56906
56924
57237
57333
57359
58205
58218
58976
59069
59522
59599
59608
59975
60372
60773
60998
61029
61348
61579
61896
62102
62121
62215
62226
62385
62617
62639
62719
62979
63125
63139
63849
64468
65335
65369
65898
66418
66786
67128
67358
67535
67798
67962
68693
68912
69019
69727
70038
70113
70852
71204
71377
71426
71506
71522
71780
72556
72730
73025
73083
73293
73511
73556
73786
74900
74936
74951
75262
75758
76026
76153
76533
76692
77160
77416
77472
77521
77610
77994
78222
78375
78636
78744
78976
79113
79955
80214
80230
80318
80442
80473
80902
81304
81552
81563
82035
82196
82221
82309
83541
83890
84498
84639
85180
85612
85805
85928
85986
86421
87172
87402
88202
88846
89000
90104
90629
90820
91610
91682
91945
92080
92244
92324
92388
92546
92758
92947
93268
93559
93755
93898
93960
94412
94532
94843
94984
95003
95043
95108
95430
95714
96202
96440
96497
96515
96582
97685
97888
98251
98737
98814
98987
99033
99355
99427
99558
99664
99879
100079
100241
100335
100727
101079
101379
102034
102354
102364
102417
103832
103858
103889
104011
104108
104684
104901
104928
105396
105823
106001
106538
106983
106990
107394
107418
107586
107641
108220
108580
108611
108814
108840
109032
109642
109801
109811
110028
110043
110566
110656
110790
110874
111030
111268
111461
112297
112372
112758
113737
113838
114204
114412
114672
115075
115292
115397
115745
115841
116118
116137
116204
116744
116772
118262
118566
118623
119276
119629
119958
119987
120196
120520
120551
120737
121063
121241
121461
121592
121877
122050
123029
123249
123266
123388
123514
123555
123579
123597
123652
123663
123775
123829
124035
124237
124388
124845
125060
125137
125256
125989
126020
126472
126532
126762
127097
127131
127429
127488
127533
127743
128222
128500
128540
128956
129171
129209
129389
129473
129710
129918
129944
130060
130147
130457
130687
130871
131125
131418
131495
131732
131770
131957
132243
132576
133076
133547
133751
134127
134184
134219
134464
134604
135063
135132
135232
135286
135490
135575
135655
135686
135820
136289
136391
136799
136962
137209
137425
137588
137652
138510
138823
139016
Number of cuts: 545

TWAMP
33
220
359
371
718
819
1234
1272
1301
2114
2237
2706
2835
3312
3380
4403
4829
4914
5035
5749
5814
6006
6232
6423
6516
6735
6870
7900
8131
8585
9403
9681
9822
9834
9918
10508
10905
11001
11423
11618
11802
12249
12321
12339
12378
12746
12785
14633
14763
14970
15096
15156
15411
15509
15524
15845
15878
15895
16051
16240
16528
16597
16831
17131
17178
17203
17365
17637
17815
17951
18417
18598
18845
18876
18960
18996
19129
19220
19320
19339
19507
19534
19606
19681
19693
19749
19825
19891
19939
20128
20313
20422
20488
20502
20575
20855
21086
21239
21791
21849
21887
21912
22065
22086
22634
23054
23093
23465
23568
24041
24283
24356
24419
25134
25153
25162
25203
25226
25830
26281
26512
26566
26610
26790
27222
27306
27393
27726
28166
28675
28807
29245
29279
29467
29867
29905
30005
30224
30251
30502
30826
30898
30934
31105
31159
31757
31930
31951
32026
32173
32325
32334
32534
32550
32802
32913
33149
33300
33620
33842
33934
34674
35529
35879
36008
36182
36236
37021
37050
37746
38083
38338
38481
38556
38646
38683
39144
39369
39561
39573
39665
39673
40187
40351
40423
40798
41050
41181
41382
41515
42773
42935
43144
43326
43471
43783
44434
44559
44947
44953
45772
45980
46524
46576
Number of cuts: 204

UhSalsa
33
220
359
371
718
819
1234
1272
1301
2114
2237
2706
2835
3312
3380
4403
4829
4914
5035
5749
5814
6006
6232
6423
6516
6735
6870
7900
8131
8585
9403
9681
9822
9834
9918
10508
10905
11001
11423
11618
11802
12249
12321
12339
12378
12746
12785
14633
14763
14970
15096
15156
15411
15509
15524
15845
15895
16051
16240
16528
16597
16831
17131
17178
17203
17365
17637
17815
17951
18417
18598
18845
18876
18960
18996
19129
19220
19320
19339
19507
19534
19606
19681
19693
19749
19825
19891
19939
20128
20313
20422
20488
20502
20575
20855
21086
21239
21791
21849
21887
21912
22065
22086
22634
23054
23093
23465
23568
24041
24284
24357
24420
25135
25154
25163
25204
25227
25338
25831
26282
26513
26567
26611
26791
27223
27234
27307
27394
27727
28167
28676
28808
29246
29278
30157
30184
30435
30759
30831
31038
31092
31690
31863
31884
31959
32258
32267
32467
32483
32735
32846
33233
33553
33775
33867
34616
35471
35950
36124
36178
36963
36992
37688
38025
38423
38498
38588
38625
39086
39308
39500
39512
39604
40126
40287
40361
40739
40991
41122
41323
41456
42714
42876
43085
43267
43412
43724
44375
44500
44888
44894
45713
45921
46467
46519
Number of cuts: 195

Weasels2
882
1173
1186
1825
2111
2404
2781
3156
3241
3319
4272
4534
4556
4798
5221
5337
5418
7167
7177
7947
8316
8458
9829
10010
10412
10886
11473
11982
12426
12440
12454
12745
13246
15461
15471
15633
15681
16252
16327
17279
17321
17704
17977
18102
18352
18409
18861
19227
20975
21934
21976
21988
22002
22153
23456
23614
23694
24038
24698
24856
25610
26098
26234
27128
27328
27651
27683
28036
28127
28957
29044
29229
29332
29500
29749
29922
30188
30376
30545
30843
31290
31494
32055
32510
33512
33873
33879
34776
35133
35217
35473
35583
35974
36021
37007
37301
37649
38034
38190
38739
39023
39340
39833
40211
40438
40860
40898
41736
41875
41903
42338
42607
42848
42984
43087
43104
44532
44901
45033
45334
45585
45591
45651
45727
46691
47074
48076
48999
49018
49038
49084
49141
50308
50532
50991
51238
51313
51339
51541
51836
51999
52257
52268
52631
52681
52958
53074
53446
53605
53828
54050
54059
54127
54878
55407
55499
55723
55923
55972
56050
56381
56456
56805
58883
58903
59154
59309
59664
59934
60612
60626
60643
61200
61285
61296
61959
62508
62683
62872
63328
63343
64833
66181
66310
66491
66900
67777
67786
68248
68689
69085
69231
69363
69435
69881
70486
70504
70795
70849
71239
71314
71584
71647
71689
72319
72580
73180
73312
73359
74159
74351
74431
74565
74597
74642
74790
74813
75839
76075
76175
76222
76328
76482
77967
77975
78824
79494
79787
80819
81313
81843
82107
83036
83223
84073
84106
84137
84917
84997
85342
85496
86010
86419
86528
86648
87158
88846
88999
89461
90104
91732
91900
93777
94267
94287
94327
94484
94688
95109
95329
95763
96340
96546
97749
98126
98397
98655
98813
99013
99101
99170
99622
99807
100764
101103
101262
101430
101903
102483
103085
103424
104319
104561
105660
106548
107138
107481
107528
108023
108036
108220
108934
109449
109679
109853
110366
111543
111613
112286
112708
112845
113048
114035
114223
114235
114246
114420
114646
114792
116213
116418
116512
116748
119020
119122
119783
120421
120585
120752
121201
121557
122530
122675
122702
124196
124558
124581
124715
125095
125120
125193
125237
125362
125405
125567
125765
125881
125910
126986
127247
127324
127614
128074
128569
128906
129205
129224
129335
129428
129514
129837
130143
130504
130638
130996
131011
131072
131209
131702
132587
132878
132891
133530
133816
134109
134486
134861
134946
Number of cuts: 368

Yogi
33
220
359
371
718
819
1234
1272
1301
2114
2706
2835
3312
3380
4403
4829
4914
5035
5749
5814
6006
6408
6501
6720
6855
7476
7885
8129
8210
8279
8567
9649
9790
9811
9886
10476
10879
11397
11592
11776
12223
12295
12313
12352
12720
12759
13261
14607
14737
14944
15070
15130
15385
15483
15498
15755
15819
15869
16025
16214
16502
16571
16805
17105
17152
17177
17339
17611
17675
17789
17925
18391
18572
18819
18934
18970
19294
19313
19508
19580
19667
19717
19723
19799
19865
19976
20102
20287
20396
20462
20476
21060
21459
21765
21823
21861
21886
22002
22039
22608
23067
23439
23542
24015
24257
24330
24393
25108
25127
25136
25177
25200
25311
25804
26255
26486
26540
26584
26764
27196
27280
27367
27700
28140
28555
28649
28781
29219
29253
29441
29841
29879
29979
30198
30225
30476
30800
30872
30908
31079
31133
31731
31904
31925
32000
32299
32308
32524
32776
32887
33274
33594
33816
33908
34310
34645
35500
35850
35979
36153
36207
36347
36368
36402
36805
37372
37401
38097
38434
38832
38907
38997
39034
39495
39720
39912
39924
40016
40024
40538
40702
40774
41149
41401
41532
41733
41866
43124
43286
43495
43677
43822
44134
44785
44910
45298
45304
46316
46896
46910
Number of cuts: 200

Yoncess
33
220
359
371
718
819
1234
1301
2114
2706
2835
3312
3380
4403
4829
4914
5035
5749
5814
6006
6408
6501
6720
6855
7476
7885
8129
8210
8279
8567
9649
9790
9811
9886
10476
10879
11397
11592
11776
12223
12295
12313
12352
12720
12759
13261
14607
14737
14944
15070
15130
15385
15483
15498
15755
15819
15869
16025
16214
16502
16571
16805
17105
17152
17177
17339
17611
17675
17789
17925
18391
18572
18819
18934
18970
19294
19313
19508
19580
19667
19717
19723
19799
19865
19976
20102
20287
20396
20462
20476
21264
21765
21823
21861
21886
22039
22115
22245
22609
23029
23068
23440
23543
24016
24258
24331
24394
25109
25128
25137
25178
25201
25312
25805
26256
26487
26541
26585
26765
27197
27281
27368
27701
28141
28351
28556
28650
28782
29220
29254
29978
30005
30256
30580
30652
30688
30859
30913
31511
31684
31705
31780
32079
32088
32288
32304
32556
32667
33054
33374
33596
33688
34428
35283
35633
35762
35936
35990
36775
36804
37500
37837
38235
38310
38400
38437
38544
38898
39315
39327
39419
39427
39941
40105
40177
40552
40804
40935
41136
41270
42531
42693
42903
43085
43230
43542
44193
44318
44706
44712
45531
45739
46281
46333
Number of cuts: 194

