Alatin
369
770
1825
2071
2266
2482
2752
2833
2962
3341
3424
3743
3750
3789
3825
3897
3927
4065
4141
4162
4281
4440
4638
4698
4746
4904
5099
6182
6319
6659
7120
7488
7530
7533
7810
8279
8344
8484
8514
8592
9453
10086
10432
11125
11149
11178
11517
11631
11861
12877
12973
13053
13657
14053
14367
14401
14479
14542
14599
14977
15403
15443
15843
16083
16975
17055
17161
17215
17240
17356
17510
17720
17822
18610
18734
19027
19802
20159
20266
20416
20543
20615
21083
21203
21757
21922
22057
22304
22323
22338
22783
23436
23572
23989
24009
24967
25120
25345
25486
25845
25854
25955
26722
26789
26816
27058
27467
27546
28497
28749
29103
29109
29986
30144
30217
30301
30396
30489
30593
30857
31089
31197
31236
32488
32867
32927
32938
33074
33086
33263
33299
33386
33419
33650
33715
33900
34023
34249
34416
34826
34829
35229
35713
35959
36253
36376
36790
36881
36902
37064
37080
37172
37309
38999
39115
39227
39453
39500
40766
41456
41492
41495
42048
42359
42741
43194
43424
44131
45044
45056
45447
45758
45975
Number of cuts: 173

Alpacados
369
770
1946
2012
2024
2228
2444
2714
2795
2924
3303
3386
3672
3751
3787
3889
4027
4103
4243
4402
4600
4660
4708
4866
5061
6144
6198
6266
6606
7067
7435
7477
7480
7757
7914
8179
8306
8428
8903
8939
9383
9750
10016
10362
10581
10668
11061
11085
11114
11453
11797
12499
12510
12804
12807
12909
12989
14241
14303
14337
14415
14535
15227
15339
15379
15779
16911
17097
17292
17704
17758
18546
18670
18963
19540
20032
20061
20095
20352
20479
21019
21139
21804
21939
22074
22652
23305
23441
23858
23878
24836
24989
25214
25750
25759
25860
26074
26627
26721
27372
27451
28402
28654
29008
29014
29891
30049
30122
30140
30301
30394
30498
30762
31102
31141
32393
32772
32832
32843
32979
32991
33145
33168
33291
33324
33555
33620
33805
33928
34154
34318
34728
34731
35131
35546
35615
35861
36269
36683
36774
36795
36921
36957
36973
37065
37202
38892
39008
40589
41279
41315
41318
41871
42564
43017
43247
44867
44879
45270
45498
45581
45798
Number of cuts: 162

AngryOrchard
254
369
765
2016
2211
2778
2907
2997
3286
3695
3734
3770
3872
4010
4086
4107
4226
4385
4583
4643
4691
4849
5044
6127
6249
6573
6589
7050
7418
7460
7463
7740
7897
8162
8289
8411
9366
9999
10121
10345
10651
11044
11068
11097
11331
11436
11780
12482
12787
12790
12972
13935
14224
14320
14398
14518
15286
15322
15362
15762
16741
16894
16974
17080
17275
17639
17741
18653
19193
20044
20057
20078
20138
20185
20335
20462
21002
21122
21787
22057
22168
22187
22202
22215
22647
23300
23328
23436
23497
23854
23874
24832
24985
25210
25351
25710
25719
25820
26586
26653
26680
26922
27331
27973
27997
28613
28967
28973
29942
30015
30033
30194
30287
30391
30655
30995
31493
32299
32449
32593
32665
32722
32733
33035
33058
33181
33214
33626
33653
33965
34088
34314
34478
34888
34891
35291
35775
36021
36429
36843
36934
36937
36955
37117
37133
37192
37362
38741
38782
39052
39168
39982
40051
40294
40938
40941
41248
41510
41546
41549
41734
42101
42246
42310
42789
43053
43074
43239
44478
45402
45903
Number of cuts: 171

AppleCloud
541
565
1534
1780
1975
2191
2542
3050
3133
3459
3498
3534
3636
3774
3850
3990
4149
4347
4407
4455
4613
4808
5389
5891
6013
6806
6814
7182
7224
7227
7504
7661
7926
8053
8175
9106
9739
10085
10304
10615
10773
10778
10831
11514
11975
12080
12186
12314
12375
12416
12456
12469
12767
12950
13018
13622
14270
14332
14444
14516
14942
15332
15368
15408
15808
16048
16940
17020
17126
17205
17321
17685
17787
18699
18992
19767
20061
20103
20115
20124
20231
20447
20662
21168
21833
21974
22104
22781
22817
23535
23892
23912
23951
23996
24842
24995
25361
25720
25729
26597
26664
26691
26933
27342
27421
28008
28703
29057
29063
29874
29947
30031
30126
30219
30323
30587
30927
30930
32218
32597
32657
32668
32816
32970
32993
33116
33149
33296
33343
33445
33624
33747
33817
33973
34553
34556
34956
35440
35686
36508
36599
36620
36782
36798
36890
37027
38447
38717
38833
38918
38945
39168
39215
39711
41173
41209
41212
41765
42076
42458
42911
43141
43848
44761
44773
45164
45475
45692
Number of cuts: 168

Belenaria
369
770
1825
2071
2266
2482
2752
2833
2962
3341
3424
3743
3750
3789
3825
3897
3927
4065
4141
4162
4281
4440
4638
4698
4746
4904
5099
6182
6319
6659
7120
7488
7530
7533
7810
8279
8344
8484
8514
8592
9453
10086
10432
11125
11149
11178
11517
11861
12877
12973
13053
13657
14053
14367
14401
14479
14542
14599
14977
15403
15443
15843
16083
16975
17055
17161
17215
17240
17356
17510
17720
17822
18610
18734
19802
20159
20266
20416
20543
20615
21083
21203
21789
21868
22138
22716
23369
23505
23922
23942
24901
25054
25279
25420
25779
25788
25889
26656
26750
26992
27401
27480
28431
28683
29037
30010
30083
30101
30167
30262
30355
30459
30723
31063
31102
32354
32733
32793
32804
32940
32952
33129
33165
33252
33285
33516
33581
33766
33889
34115
34282
34450
34701
34704
35104
35588
35834
36656
36747
36768
36930
36946
37038
37175
38595
38865
38981
39066
39093
39316
39363
39859
41321
41357
41360
41913
42224
42606
43059
43289
43996
44909
44921
45312
45623
45714
45840
Number of cuts: 167

BobbyDazzler
369
770
2058
2124
2136
2337
2553
2823
2904
3033
3412
3495
3781
3860
3896
3998
4136
4212
4233
4352
4511
4709
4769
4817
4975
5170
6253
6307
6375
6715
7176
7544
7866
8023
8288
8415
8537
9492
9859
10125
10471
10690
10777
11170
11194
11223
11562
11906
12608
12619
12913
12916
13018
13098
13702
14350
14412
14446
14524
14644
15336
15448
15488
15888
17020
17206
17401
17813
17867
18655
18779
19072
19649
20170
20204
20311
20461
20588
21128
21248
21913
22048
22184
22762
23137
23415
23551
23968
23988
24101
24946
25099
25324
25465
25824
25833
25934
26148
26701
26795
27037
27446
27525
28476
28728
29082
29139
29965
30123
30196
30214
30280
30375
30468
30572
30836
31068
31176
31215
32467
32846
32906
32917
33053
33065
33219
33242
33278
33365
33398
33629
33694
33879
34002
34228
34395
34805
34808
35208
35938
36346
36760
36851
36872
36998
37034
37050
37142
37279
38699
38969
39085
40736
41426
41462
41465
42019
42712
43165
44102
45015
45027
45418
45646
45729
45946
Number of cuts: 166

Bonanza
369
770
1825
2071
2266
2482
2752
2833
2962
3341
3424
3710
3789
3825
3927
4065
4141
4162
4281
4440
4638
4698
4746
4904
5099
6182
6236
6304
6644
7105
7473
7795
7952
8217
8344
8466
8941
8977
9421
9788
10054
10400
10619
10706
11099
11123
11152
11491
11835
12537
12548
12842
12845
12947
13027
14279
14341
14375
14453
14573
15265
15377
15417
15817
16949
17135
17330
17742
17796
18584
18708
19001
19578
20070
20099
20133
20240
20390
20517
21057
21177
21842
21977
22112
22690
23343
23479
23896
23916
24874
25027
25252
25393
25752
25761
25862
26076
26629
26723
27374
27453
28404
28656
29010
29016
29893
30051
30124
30142
30303
30396
30500
30764
31104
31143
32395
32774
32834
32845
32981
32993
33147
33170
33293
33326
33557
33622
33807
33930
34156
34320
34730
34733
35133
35548
35863
36417
36585
36588
37065
37156
37177
37339
37355
37447
37584
39274
39390
39475
41041
41731
41767
41770
42323
43016
43469
43699
45319
45331
45722
46235
Number of cuts: 161

Bradshaw
369
770
1825
2071
2266
2482
2833
2932
3341
3424
3743
3750
3789
3825
3927
4065
4141
4162
4281
4440
4638
4698
4746
4904
5099
6182
6319
6659
7120
7488
7530
7533
7810
8279
8344
8484
8514
8592
9453
10086
10208
10432
11125
11149
11178
11517
11631
11861
12877
12973
13053
13657
14053
14367
14401
14479
14542
14599
14977
15403
15443
15843
16083
16975
17055
17161
17215
17240
17356
17510
17720
17822
18610
18734
19802
20159
20266
20416
20543
21083
21203
21703
21868
22003
22138
22716
23369
23505
23922
23942
24900
25053
25278
25419
25778
25787
25888
26655
26749
26991
27400
27479
28430
28682
29036
29042
29919
30077
30150
30234
30329
30422
30526
30790
31022
31130
31169
32421
32800
32860
32871
33007
33019
33196
33232
33319
33352
33583
33648
33833
33956
34182
34349
34759
34762
35162
35646
35892
36186
36309
36723
36814
36835
36997
37013
37105
37242
38932
39048
39160
39386
39433
40699
41389
41425
41428
41981
42292
42674
43127
43357
44064
44977
44989
45380
45908
Number of cuts: 166

Bryce
369
770
2071
2266
2482
2752
2833
2962
3341
3424
3710
3789
3825
3927
4065
4141
4162
4281
4440
4638
4698
4746
4904
5099
6182
6236
6304
6644
7105
7473
7515
7518
7795
7952
8217
8344
8466
9421
9788
10054
10400
10619
10706
11099
11123
11152
11491
11835
12537
12548
12842
12845
12947
13027
14279
14341
14375
14453
14573
15265
15377
15417
15817
16949
17046
17135
17330
17742
17796
18584
18708
19001
19578
20099
20133
20240
20390
20517
21057
21177
21842
21977
22113
22691
23066
23344
23480
23897
23917
24030
24571
24875
25028
25253
25394
25753
25762
25863
26630
26724
26966
27375
27454
28405
28657
29011
29068
29831
29904
29922
30083
30176
30280
30544
30776
30884
30923
32175
32554
32614
32625
32761
32773
32927
32950
33073
33106
33337
33402
33587
33710
33936
34103
34513
34516
34916
35646
36054
36468
36559
36580
36706
36742
36758
36850
36987
38407
38677
40444
41134
41170
41173
41727
42420
42873
43810
44723
44735
45126
45354
45437
45654
Number of cuts: 162

ChewyVIII
514
624
627
782
829
1012
1131
1158
1282
1291
1355
1417
1488
1504
1665
1674
1697
2231
2281
2284
2554
2719
2725
2734
2865
2886
2988
3105
3234
3237
3338
3596
3760
3763
3967
4001
4042
4380
4448
4496
4511
4919
4922
4927
5149
5207
5359
5572
5575
5578
5642
5879
6697
6763
7053
7118
7137
7209
7229
7284
7287
7569
7673
7842
8035
8038
8050
8111
8173
8184
8232
8280
8633
8693
9011
9032
9056
9131
9226
9812
10075
10078
10135
10401
10410
10514
10539
10623
10688
10920
11064
11169
11590
11708
11794
11815
11888
11930
11933
11936
12361
12369
12388
12424
12592
12595
12598
12973
12979
13066
13143
13152
13269
13334
13648
13726
13902
14130
14190
14237
14312
14315
14351
14375
14467
14574
14690
14865
14918
15038
15175
15410
15560
15623
15745
15799
16033
16168
16171
16324
16327
16415
16873
16963
16999
17089
17124
17407
17436
17485
17722
17887
17937
18091
18240
18245
18322
18431
18758
19097
19128
19163
19166
19419
19675
19695
19811
20002
20206
20338
20446
20460
20476
20577
20580
20701
20878
20925
20968
20983
20991
21001
21235
21322
21385
21451
21633
21678
21712
21909
21995
22056
22071
22111
22146
22236
22302
22368
22494
22617
22649
22739
22865
22908
23071
23537
23602
23944
24020
24187
24543
24546
24555
24756
24812
25208
25259
25370
25418
25630
25719
25732
25747
25801
26056
26059
26072
26305
26377
26779
26905
27118
27219
27222
27235
27737
27776
27833
27854
28015
28192
28368
28443
28452
28626
29001
29040
29088
29130
29154
29225
29388
29391
29501
29568
29685
29777
29913
29957
30093
30248
30368
30375
30452
30630
30743
30870
31167
31239
31284
31455
31608
31623
31898
32150
32177
32603
33233
33305
33353
33494
33542
33593
33602
33848
33974
34019
34130
34289
34421
34424
34427
34613
34616
34829
34862
34937
35537
35540
35590
35777
35867
35875
35878
36121
36164
36215
36218
36302
36412
36445
36682
36685
36698
36758
37112
37372
37441
37456
37603
37661
37672
37762
37876
37927
38380
38566
38569
38852
38875
38908
38996
39026
39149
39329
39358
39375
39427
39443
39462
39515
39548
39551
39674
39831
39867
39915
39943
39963
40179
40185
40202
40353
40407
40590
40620
40662
40813
41093
41234
41468
41807
41915
42197
42344
42464
42500
42523
42530
42635
42806
42914
42950
43252
43375
43529
43728
43944
43983
44156
44232
44235
44418
44646
44829
44838
45304
45408
45463
45474
45730
45831
45865
45921
46003
46018
46179
46203
46281
46314
46570
46599
46767
46836
46854
46857
46907
46920
46938
46965
47055
47076
47157
47229
47292
47298
47304
47331
47386
47745
47894
48061
48100
48119
48166
48247
48426
48457
48514
48543
48561
48585
48611
48660
48663
48669
48696
48699
49258
49294
49316
49438
49441
49462
49498
49534
49878
49905
49986
50181
50188
50738
50845
51090
51345
51348
51408
51510
51678
51717
51729
51763
51840
51876
51906
52413
52515
52659
52681
52746
52813
53307
53350
53556
53964
54167
54268
54467
54712
55191
55197
55200
55309
55408
55417
55444
55663
55730
55738
55816
55915
56138
56216
56414
56558
56561
56591
56859
57430
58075
58150
58288
58561
58714
58801
58804
58807
58885
58897
59059
59161
59211
59214
59722
59756
59759
59887
59890
60004
60145
60158
60218
60531
60583
60610
60613
60847
60850
60853
60964
61138
61245
61276
61844
61912
61921
61960
62038
62263
62324
62465
62711
63125
63575
63635
63724
64254
64296
64437
64449
64461
64477
64587
64597
64671
64752
64773
64800
64803
64845
64848
64938
65010
65087
65148
65259
65358
65409
65440
65584
65756
65773
65788
65845
65866
65893
65908
65929
65959
65977
66070
66112
66388
66451
66713
66755
66887
66962
67003
67070
67097
67160
67311
67413
67479
67530
67615
67630
67633
67636
67677
67768
67816
67825
67875
68083
68098
68116
68196
68219
68330
68825
68855
68979
69030
Number of cuts: 615

CosmicSans
369
770
1825
2071
2266
2482
2833
2932
3341
3424
3743
3750
3789
3825
3927
4065
4141
4162
4281
4440
4638
4698
4746
4904
5099
6182
6319
6659
7120
7488
7530
7533
7810
8279
8344
8484
8514
8592
9453
10086
10208
10432
11125
11149
11178
11517
11631
11861
12877
12973
13053
13657
14053
14367
14401
14479
14542
14599
14977
15403
15443
15843
16083
16975
17055
17161
17215
17240
17356
17510
17720
17822
18610
18734
19802
20159
20266
20416
20543
21083
21203
21703
21868
22053
22138
22716
23369
23505
23922
23942
24900
25278
25419
25778
25787
25888
26655
26749
26991
27400
27479
28430
28682
29036
29042
29919
30077
30150
30234
30329
30422
30526
30790
31022
31130
31169
32421
32800
32860
32871
33007
33019
33196
33232
33319
33352
33583
33648
33833
33956
34182
34349
34759
34762
35162
35577
35646
35892
36714
36805
36826
36988
37004
37096
37233
38923
39039
39151
39377
39424
40690
41380
41416
41419
41972
42283
42665
43118
43348
44055
44968
44980
45371
45682
45899
Number of cuts: 165

Dinger
369
767
2067
2262
2478
2829
3337
3420
3746
3785
3821
3923
4061
4137
4277
4436
4634
4694
4742
4900
5095
6178
6300
7101
7469
7511
7514
7791
7948
8213
8340
8462
9417
10050
10396
10525
10702
10932
11119
11148
11487
11831
12533
12544
12838
12841
12943
13023
13627
14275
14371
14449
14569
15337
15373
15413
15813
16945
17025
17131
17210
17326
17690
17792
18580
18704
18997
20066
20108
20129
20236
20386
20452
20513
20667
20987
21053
21173
21783
21838
21979
22220
22239
22254
23074
23352
23380
23488
23549
23906
23926
24884
25037
25403
25762
25771
26639
26706
26733
26975
27384
27463
28050
28374
28745
29099
29105
29854
29946
30019
30037
30103
30198
30291
30395
30659
30999
31038
32290
32303
32453
32669
32729
32740
33042
33065
33188
33488
33787
34089
34315
34482
34901
34904
35304
35463
36034
36442
36856
36947
36950
37130
37146
37375
38754
38795
39065
39181
40064
40307
40952
41524
41560
41563
41749
42119
42264
42328
42807
43071
43092
43257
43772
44496
45419
45922
Number of cuts: 166

DocB7
374
845
1474
1507
2030
2055
2378
2447
2495
2534
3446
3638
3888
4001
4178
4451
4466
4643
4673
4865
5054
5057
5557
5638
5784
6893
7052
7796
7952
7966
8150
8379
8609
8747
8875
9071
9639
10811
10821
10860
11373
11475
11718
12047
12470
12626
12752
12762
12839
12956
13115
13300
13789
14253
14583
14790
14943
14997
15272
15321
15541
16057
16339
16507
16556
16659
17015
17030
17271
18143
18256
18334
18337
18618
19130
19530
19535
20097
20487
20581
20845
20965
21033
21071
21109
21175
21446
21753
21906
22036
22194
22796
23718
23766
24068
24099
24171
24288
24567
24623
24870
25577
25698
25701
25776
25973
26094
26661
26694
26912
27293
27407
27686
28075
28709
29095
29460
29842
29890
29927
30604
30636
30724
30888
30991
31047
31069
31132
31396
31776
31899
32285
32467
32555
32823
33072
33869
34183
34756
34759
35082
35119
35163
35270
35361
35448
35835
35955
37288
37742
38108
38813
38945
39160
39335
39495
39767
39848
40003
40395
40779
41080
41154
41573
41600
41807
42558
43383
43560
43595
43632
44106
44136
44301
44313
44463
44466
44580
44583
44586
44751
44796
45024
45027
45097
46214
46479
47155
48435
48663
49043
49091
50428
51123
51780
51814
52025
52120
52130
52409
52448
52813
52891
53243
53246
53644
53809
53812
54839
55054
55894
55904
56530
56581
56903
57232
57897
58134
58206
58794
58811
58870
58930
59839
60103
60488
61250
61471
61525
61537
61540
61906
61927
61945
62029
62818
62899
63507
63620
63647
63898
63973
64391
64409
64850
64869
65161
65229
65268
65382
65401
66564
67328
67631
67744
67805
67856
68099
68326
68342
68668
69106
69326
69442
69582
69747
70009
70078
70986
71233
71636
71658
72269
72446
72791
74320
75375
Number of cuts: 277

E3
44
151
274
295
615
632
1020
1023
1032
1139
1149
1152
1446
1510
1763
1874
2081
2138
2180
2300
2353
2356
2359
2402
2615
2639
2642
2645
2743
2857
2867
2879
2938
3113
3178
3904
3959
4096
4114
4153
4162
4304
4307
4315
4367
4551
4610
4613
4628
4631
4860
4866
4891
4906
4909
4912
5116
5129
5152
5203
5233
5463
5581
5657
5709
6042
6212
6224
6317
6335
6571
6637
6717
6807
6810
6828
7445
7495
8160
8172
8297
8665
8749
8851
9137
9197
9256
9498
9582
9687
9956
10040
10046
10085
10118
10291
10656
10704
10707
10827
10899
11046
11212
11236
11336
11427
11430
11517
11746
11806
11911
11974
12028
12034
12217
12400
12622
12699
12702
12843
12846
12924
13064
13179
13461
13485
13488
13553
13605
13647
13770
13779
14143
14152
14299
14430
14723
14871
14975
15062
15065
15094
15119
15170
15187
15364
15390
15400
15439
15442
15612
15627
15630
15633
15666
15794
15884
16017
16069
16154
16190
16217
16333
16473
16566
16842
16941
16974
17043
17108
17117
17147
17153
17231
17366
17444
17486
17555
17572
17671
17773
18066
18108
18248
18608
18644
18702
18795
18843
18852
18873
18897
18942
18969
19136
19289
19292
19355
19521
19585
19640
19789
19952
20120
20200
20291
20413
20629
20647
20772
20784
20802
20859
20984
21005
21062
21211
21463
21579
21617
21661
21751
22107
22258
22360
22468
22593
22642
22654
22727
22812
22893
23085
23348
23360
23387
23558
23617
23871
23874
23990
24060
24146
24167
24312
24337
24340
24343
24376
24690
24870
24873
24876
24968
25049
25138
25161
25389
25425
25440
25458
25523
25592
25631
25634
25637
25655
25670
25792
25889
25928
25958
25967
25970
25982
26015
26255
26546
26657
26702
26713
26795
26810
26819
26894
26909
27005
27245
27405
27466
27479
27542
27554
27740
27853
27911
27986
27989
28007
28043
28106
28118
28139
28145
28263
28340
28388
28597
28737
28825
28911
28962
29079
29104
29355
29358
29369
29426
29484
29506
29532
29544
29547
29619
29622
29826
29829
29877
29970
29991
30027
30030
30063
30114
30138
30143
30174
30192
30330
30417
30450
30453
30492
30507
30528
30552
30555
30600
30603
30645
30687
30741
30753
30768
30867
30929
30932
31083
31146
31185
31239
31269
31509
31677
31773
31776
31846
31896
31960
31969
32005
32062
32077
32121
32124
32215
32254
32444
32745
32760
32824
32863
32920
32970
33003
33082
33493
33496
33514
33637
33768
33847
34030
34066
34102
34111
34195
34458
34461
34759
34788
34791
34879
34926
34972
35050
35313
35373
35376
35496
35620
35717
35769
35820
35862
35865
35904
36093
36310
36414
36487
36692
36826
36877
36896
36905
36947
37040
37181
37208
37211
37262
37310
37313
37316
37478
37555
37595
37598
37667
37730
37733
37805
37850
37942
37963
37982
38027
38111
38120
38123
38132
38162
38168
38186
38258
38342
38447
38626
38671
38728
38739
38749
38911
38971
39058
39070
39226
39280
39310
39343
39394
39433
39484
39545
39640
39831
39851
39854
39859
39939
39988
40273
40285
40315
40357
40375
40384
40423
40426
40459
40462
40525
40571
40589
40628
40891
41046
41122
41125
41300
41366
41429
41633
41639
41654
41800
42010
42019
42022
42094
42097
42129
42169
42172
42322
42481
42613
42616
42901
42904
42955
42958
42961
42982
42985
43221
43404
43434
43520
43901
43904
44063
44117
44204
44213
44354
44357
44441
44444
44566
44569
44798
45125
45254
45324
45341
45356
45387
45627
45677
45680
45906
45957
46063
46079
46654
46978
47170
47359
47528
47681
47801
47830
47954
48149
48169
48638
48683
48738
48797
48804
48840
48876
48879
49001
49011
49035
49058
49127
49166
49248
49251
49275
49362
49389
49409
49434
49437
49479
49641
49878
49935
49941
49982
49989
49992
50216
50231
50246
50336
50394
50439
50510
50535
50603
50618
50700
50816
51015
51404
51465
51500
51606
51776
51794
51842
52040
52057
52091
52118
52121
52283
52524
52565
52659
52724
52775
53323
53362
53365
53368
53658
53709
53712
53760
53763
53781
53796
53808
53811
54038
54076
54152
54247
54280
54283
54406
54493
54830
54870
54957
55011
55110
55245
55356
55416
55548
55602
55735
55783
55786
56101
56223
56272
56275
56278
56311
56473
56778
56862
57064
57127
57169
57309
57486
57492
57882
57932
57935
57960
57996
58050
58113
58224
58310
58365
58422
58668
58686
58750
58777
58889
59093
59116
59179
59380
59383
59461
59485
59593
59668
59752
59794
59944
60193
60332
60800
60819
61373
61391
61424
61532
61595
61634
61637
61700
61769
61781
61946
61964
61979
62255
62373
62442
62489
62541
62571
62922
62925
62988
63096
63146
63198
63288
63443
63482
63668
63714
63816
63950
63992
64009
64045
64262
64322
64328
64477
64534
64552
64564
64576
64660
64892
64946
65010
65031
65034
65049
65100
65129
65426
65784
65853
65879
65906
65909
65958
66008
66089
66228
66231
66269
66318
66366
66369
66458
66474
66501
66584
66723
66861
66914
66945
67005
67008
67011
67037
67080
67107
67325
67364
67470
67571
67725
67816
67858
68026
68074
68082
68113
68133
68140
68218
68221
68245
68290
68655
68819
68822
68831
68837
68918
68942
69070
69092
69337
69380
69401
69425
69428
69446
69518
69533
69719
69746
69803
69839
70175
70199
70202
70220
70559
70628
70754
70784
70904
71072
71261
71272
71419
71718
71721
71841
72054
72262
72524
72616
72730
72859
73037
73105
73271
73340
73343
73465
73574
74029
74440
74609
74936
75022
75068
75080
75174
75220
75235
75271
75316
75444
75514
75555
75762
75912
75958
76067
76382
76442
76573
76576
76678
76729
76746
76801
76861
76869
76872
76957
77005
77008
77017
77238
77241
77418
77463
77466
77488
77491
77497
77628
77887
78094
78115
78135
78138
78156
78378
78395
78404
78407
78426
78429
78734
78737
78975
78978
79010
79022
79055
79257
79286
79439
79493
79548
79584
79655
79721
79885
79915
79918
80065
80156
80159
80279
80378
80405
80422
80492
80521
80540
80573
80687
80737
80740
80783
80793
80816
80888
80981
80996
81008
81163
81238
81425
81439
81455
81485
81539
81542
81599
81697
81733
81754
81860
81872
81970
81988
82018
82021
82187
82211
82270
82339
82402
82433
82439
82484
82573
82613
82709
82769
82891
82898
82936
82939
82942
83191
83200
83203
83215
83263
83270
83372
83378
83431
83588
83597
83647
83895
84033
84216
84328
84560
84755
84758
84830
84992
85076
85079
85100
85106
85190
85312
85368
85567
85609
85657
85704
85762
85855
85906
85927
85945
85969
85991
85996
86029
86131
86137
86206
86227
86290
86311
86368
86413
86497
86530
86559
86610
86674
86776
87099
87105
87177
87452
87512
87842
87881
87977
88090
88411
88479
88513
89128
89315
89358
89505
89643
89732
89909
89916
89936
90038
90041
90047
90164
90275
90320
90350
90464
90629
90732
90890
90986
91106
91119
91208
91640
91738
92252
92263
92466
92592
92595
92740
92840
93174
93240
93262
93361
93516
93672
93675
93708
93750
93870
93873
93878
93969
94005
94032
94111
94213
94451
94596
94626
94629
94641
94746
94911
94968
95115
95145
95148
95334
95367
95627
95630
95663
95726
95729
95774
95795
95971
96028
96085
96250
96373
96406
96472
96480
96616
96973
96976
97000
97003
97167
97488
97503
97545
97593
97608
97662
98017
98140
98215
98380
98395
98449
98452
98487
98638
98846
98898
98945
98994
99093
99171
99174
99213
99302
99342
99540
99594
99648
99765
99795
99930
99962
100142
100244
100319
100331
100342
100511
100574
100583
100700
100703
100786
100862
100865
101092
101113
101161
101170
101386
101463
101758
101885
102047
102139
102152
102275
102311
102718
102721
102793
102844
102883
102949
102952
103018
103198
103227
103303
103731
103934
104028
104148
104190
104214
104388
104427
104619
104622
104715
104760
104910
104937
105057
105060
105099
105256
105270
105387
105390
105414
105546
105659
105662
105711
105804
105819
105933
105936
105975
106017
106059
106137
106419
106617
106620
106623
106635
106692
106815
106944
107094
107221
107356
107425
107446
107524
107634
107674
107752
107773
107911
107932
108034
108160
108274
108286
108289
108371
108408
108624
108781
108789
108865
108882
108885
109078
109111
109496
109563
109707
109896
109905
109983
110063
110069
110126
110150
110282
110330
110342
110369
110495
110522
110552
110650
110854
110911
111003
111033
111391
111507
111510
111601
111604
111714
111742
111754
111757
111771
111895
111982
112036
112135
112138
112264
112476
112560
112683
112707
112725
112785
112806
112827
112931
113037
113046
113223
113556
113691
113745
113799
113874
113916
114068
114089
114092
114095
114104
114107
114178
114275
114278
114425
114428
114473
114506
114517
114803
114819
114882
115236
115342
115448
115451
115568
115655
115658
115772
115796
115799
116050
116126
116140
116375
116426
116451
116479
116496
116645
116675
116762
116855
116873
116876
116894
117258
117369
117444
117597
117789
117801
117807
117810
117897
118272
118365
118488
118494
118715
118727
118742
118883
118907
119101
119104
119134
119137
119140
119654
119657
119812
120004
120089
120092
120188
120197
120209
120365
120368
120410
120437
120514
120754
120891
120926
121019
121037
121111
121150
121210
121356
121367
121412
121797
122313
122374
122377
122543
122676
122738
123021
123030
123054
123093
123096
123108
123135
123180
123183
123207
123267
123375
123378
123515
123518
123704
123800
123827
123860
123863
123893
123920
123986
124000
124118
124342
124439
124828
124851
125008
125038
125067
125209
125480
125652
125663
125766
126032
126038
126110
126241
126298
126711
126759
126912
127077
127080
127083
127107
127245
127250
127317
127374
127377
127380
127403
127406
127461
127592
127772
127837
127861
127891
128122
128296
128311
128314
128466
128481
128499
128520
128882
128918
129199
129387
129411
129437
129480
129567
129609
129789
129825
129831
129834
129876
130097
130226
130610
130646
131089
131092
131101
131113
131398
131428
131488
131500
131503
131638
131770
131779
131854
131863
131877
131883
131902
132022
132157
132466
132471
132580
132592
132658
132963
132971
133029
133049
133128
133242
133275
133293
133296
133365
133382
133547
133572
133575
133668
133680
133730
133824
133827
133883
133895
133911
133971
133974
134069
134112
134115
134130
134202
134207
134478
134501
134504
134681
134784
134798
134834
134855
134930
135050
135068
135129
135146
135218
135225
135228
135239
135267
135516
135537
135540
135671
135674
135734
135860
135873
135903
135911
135947
135960
135996
136044
136061
136074
136107
136281
136301
136323
136412
136420
136552
136582
136698
136825
136836
136843
136939
137050
137053
137083
137289
137313
137402
137448
137509
137512
137515
137586
137655
137872
138118
138121
138193
138205
138243
138322
138427
138430
138519
138522
138685
138805
138817
138840
139002
139050
139137
139161
139182
139245
139361
139578
139626
139728
139793
139800
140112
140175
140224
140272
140355
140455
140500
141037
141160
141217
141472
141850
141916
141927
142006
142009
142168
142273
142315
142396
Number of cuts: 1677

Erik
369
770
1825
2071
2266
2482
2752
2833
2962
3341
3424
3743
3750
3789
3825
3897
3927
4065
4141
4162
4281
4440
4638
4698
4746
4904
5099
6182
6319
6659
7120
7488
7530
7533
7810
8279
8344
8484
8514
8592
9452
10085
10207
10431
11124
11148
11177
11516
11630
11860
12876
12972
13052
13656
14052
14366
14400
14478
14541
14598
14976
15402
15442
15842
16082
16974
17054
17160
17214
17239
17355
17509
17719
17821
18609
18733
19801
20158
20265
20415
20542
20614
21082
21202
21788
21867
22137
22715
23368
23504
23920
23940
24898
25051
25276
25417
25776
25785
25886
26653
26747
26989
27398
27477
28428
28680
29034
29040
30009
30082
30100
30166
30261
30354
30458
30722
31062
31101
32353
32732
32792
32803
32939
32951
33105
33251
33284
33515
33580
33765
33888
34114
34281
34691
34694
35094
35509
35578
35824
36646
36737
36758
36920
36936
37028
37165
38855
38971
39083
39309
39356
40521
41211
41247
41250
41803
42114
42496
42949
43179
43886
44799
44811
45202
45513
45730
Number of cuts: 166

Espica
369
770
1825
2071
2266
2482
2752
2833
2962
3341
3424
3743
3750
3789
3825
3897
3927
4065
4141
4162
4281
4440
4638
4698
4746
4904
5099
6182
6319
6659
7120
7488
7530
7533
7810
8279
8344
8484
8514
8592
9453
10086
10432
11125
11149
11178
11517
11861
12877
12973
13053
13657
14053
14367
14401
14479
14542
14599
14977
15403
15443
15843
16083
16975
17055
17161
17215
17240
17356
17510
17720
17822
18610
18734
19802
20159
20266
20416
20543
20615
21083
21203
21789
21868
22138
22716
23369
23505
23922
23942
24901
25054
25279
25420
25779
25788
25889
26656
26750
26992
27401
27480
28431
28683
29037
30010
30083
30101
30167
30262
30355
30459
30723
31063
31102
32354
32733
32793
32804
32940
32952
33106
33252
33285
33516
33581
33766
33889
34115
34282
34450
34701
34704
35104
35588
35834
36656
36747
36768
36930
36946
37038
37175
38595
38865
38981
39066
39093
39316
39363
39859
41321
41357
41360
41913
42224
42606
43059
43289
43996
44909
44921
45312
45623
45840
Number of cuts: 165

Finch
214
359
541
579
623
748
792
1116
1144
1225
1328
1423
1840
2430
2490
2626
2749
2776
2797
3405
3504
3689
3880
4345
4519
4749
4809
5205
5347
5843
6588
6591
6693
6720
6723
6825
6870
6873
7086
7275
7635
7836
7947
8268
8277
8388
8481
8644
8666
8693
8714
9032
9065
9302
9473
9713
9725
9938
10296
10465
10579
10996
11266
11485
11917
11947
12088
12256
12448
12454
12526
12580
12583
12648
12727
13024
13054
13202
13551
13751
13761
13902
14310
14358
14433
14475
14616
14694
14787
14826
15180
15219
15393
15562
15694
15901
16126
16217
16246
16438
16540
16645
16669
16759
16819
16966
17023
17086
17182
17224
17767
17854
17875
17878
17936
17992
18001
18021
18034
18316
18437
18535
18728
18746
18749
18803
18836
19000
19068
19083
19311
19395
19550
19971
20056
20375
20378
20546
20748
21087
21131
21258
21369
21604
21784
22140
22280
22477
22689
23060
23414
23849
23885
24375
24447
24983
25216
25432
25456
25909
26088
26455
26563
27386
27425
27501
27669
28160
28208
28211
28214
28388
28549
28840
28855
28953
29073
29158
29224
29243
29670
29994
30123
30149
30315
30675
30750
31229
31407
31572
31995
32091
32407
32685
33025
33087
33161
33508
33594
33625
34100
34301
34587
34641
34680
34713
34969
34989
35293
35340
35442
35478
35791
35812
35842
35845
35977
36057
36091
36212
36430
36645
36676
36787
36935
36970
37141
37210
38236
38284
38464
38560
38890
38976
39158
39388
39442
39553
39754
39898
40364
40538
40632
40708
40735
40782
41006
41768
41771
42008
42011
42128
42236
42401
42676
42791
42814
42890
42998
43001
43007
43016
43103
43271
43340
43448
44383
44763
45195
45638
45830
46271
46828
46882
47117
47347
47453
47605
47774
48069
48152
48452
49001
49587
49816
50023
50191
50409
50485
50716
50851
51668
51882
52117
52168
52178
52692
52965
53490
53679
53808
53952
54060
54375
54387
54427
54480
54940
55395
55558
55596
55950
56005
56171
56407
56500
56820
57230
57252
57306
57435
57495
57978
58050
58488
59035
59288
59611
59826
60034
60091
60158
60527
60611
60623
61046
61384
61469
61563
61740
61836
61860
61881
62067
62172
62319
62363
62377
62492
62546
62786
63020
63132
63287
63666
64490
64808
64895
64973
65318
65394
65504
65558
65669
65873
65966
66041
66320
66383
67514
67877
67880
67985
67988
68231
68297
68381
68609
68761
69096
69190
69322
69407
69427
69712
69765
69810
69883
70175
70241
71414
71634
71743
71786
72086
72116
72302
72519
72522
72803
72884
72887
73341
73659
73719
73764
73926
74446
74503
74698
74925
75095
75230
75347
75383
75575
75664
75686
76007
76265
76452
76476
76524
76626
76776
76779
76947
76991
77312
77375
77732
77804
77807
77999
78153
78167
78388
78851
78871
79145
79723
79759
79906
79998
80243
80348
80946
81027
81030
81153
81216
81274
81461
81531
81878
81903
82023
82563
82668
82719
83137
83469
83495
83927
84015
84219
84602
84635
84759
85087
85090
85135
85234
85339
85477
85645
85775
85943
85961
85972
86302
86419
86595
86813
86830
87016
87159
87353
87419
87810
88323
88382
88515
88602
88747
89052
89124
89414
89480
89501
89526
89583
89718
89830
89833
89836
90107
90308
90424
90567
90694
90850
91048
91069
91239
91242
91281
91487
91549
91831
91865
91885
92015
92055
92160
92405
92419
92438
92441
92502
92704
92830
92904
93070
93331
93385
93433
93672
93849
93967
94106
94205
94220
94282
94360
94363
94422
94497
94533
94775
95133
95220
95235
95283
95286
95532
95628
95880
96193
96274
96585
96711
96750
97088
97100
97103
97439
97641
97897
98014
98203
98481
98604
98790
98826
99121
99164
99284
99544
100070
100371
100413
100440
100499
100851
100869
100905
101184
101223
101231
101398
101902
102482
102555
102581
102647
102760
102866
103110
103342
103899
104110
104257
104260
104728
105248
105311
105488
105557
105590
105593
105771
106138
106150
106379
106509
106840
107065
107125
107137
107224
107476
107936
107981
108036
108089
108364
108367
108550
108712
108733
108861
108984
109351
109411
109613
109685
109787
109871
109995
110077
110086
110137
110140
110143
110232
110299
110473
110566
110689
110904
111084
111099
111131
111365
111703
111712
111715
111754
111946
112021
112069
112161
112534
112666
112714
112784
113082
113468
113513
113755
113853
113970
114058
114230
114233
114367
114551
114681
114696
114780
115016
115444
115715
115880
115916
116059
116185
116458
116519
116551
116992
118262
118342
118496
118781
119054
119093
119651
119899
120259
120468
120874
120877
120979
120988
121093
121222
121351
121411
121750
121753
121756
121812
122037
122355
122358
122523
122550
122610
122646
122717
122850
123152
123683
123746
123794
123797
123999
124371
124416
124925
125022
125335
125931
126226
126229
126283
126406
126855
126864
126940
126972
127120
127302
127329
127374
127404
127524
127542
127629
127713
127842
127932
128127
128226
128354
128377
128551
128725
128728
128791
129361
129383
129416
129506
129605
129635
130133
130259
130637
130658
130684
130706
130850
131216
131258
131437
131812
131849
131852
131881
132031
132404
132434
132545
132844
132890
132971
133166
133318
133428
133744
134035
134065
134085
134269
134829
134868
135210
135826
136321
136372
136375
136957
137512
137848
137875
137905
137995
138181
138474
138528
Number of cuts: 813

Gollum
369
770
1825
2071
2266
2482
2752
2833
2962
3341
3424
3743
3750
3789
3825
3897
3927
4065
4141
4162
4281
4440
4638
4698
4746
4904
5099
6182
6319
6659
7120
7488
7530
7533
7810
8279
8344
8484
8514
8592
9453
10086
10208
10432
11125
11149
11178
11517
11631
11861
12877
12973
13053
13657
14053
14367
14401
14479
14542
14599
14977
15403
15443
15843
16083
16975
17055
17161
17215
17240
17356
17510
17720
17822
18610
18734
19027
19802
20159
20266
20416
20543
20615
21083
21203
21789
21868
22138
22716
23369
23505
23922
23942
24900
25053
25278
25419
25778
25787
25888
26655
26749
26991
27400
27479
28430
28682
29036
29917
30075
30148
30232
30327
30420
30524
30788
31020
31128
31167
32419
32798
32858
32869
33005
33017
33171
33317
33350
33581
33646
33831
33954
34180
34347
34757
34760
35160
35644
35890
36712
36803
36824
36986
37002
37094
37231
38651
38921
39037
39122
39149
39372
39419
40632
41322
41358
41361
41914
42225
42607
43060
43290
43997
44910
44922
45313
45624
45841
Number of cuts: 168

Grayson
618
2058
2880
4591
5674
6402
7602
7605
11481
12580
12678
12823
13438
14291
14473
16457
16645
16818
22183
22807
24048
25807
25963
26535
27047
28727
29274
30166
30398
32931
34724
35183
36905
37545
40397
40448
44048
44051
44642
45659
46658
48000
48242
49074
52372
53743
57335
57861
58613
61762
62782
63627
64632
72137
72140
72645
75470
78142
81311
81314
81757
82126
83619
84701
85474
88559
89298
90485
90507
101453
103814
105954
108555
108558
112294
114144
114444
115078
122528
124862
126870
126971
127079
128026
129519
130959
131781
Number of cuts: 87

Harlequin
369
770
2071
2266
2482
2752
2833
2962
3341
3424
3750
3789
3825
3927
4065
4141
4440
4638
4698
4746
4904
5099
6182
6304
6644
7105
7473
7795
7952
8217
8344
8466
8768
9397
9764
10030
10376
10595
10682
11075
11099
11128
11467
11811
12513
12524
12818
12821
12923
13003
14255
14317
14351
14429
14549
15241
15353
15393
15793
16925
17022
17111
17306
17718
17772
18560
18684
18977
19554
20075
20109
20216
20366
20493
21033
21153
21872
22007
22143
22721
23096
23374
23510
23927
23947
24060
24601
24905
25058
25283
25424
25783
25792
25893
26660
26754
26996
27405
27484
28435
28687
29041
29098
29861
29934
29952
30113
30206
30310
30574
30806
30914
30953
32205
32584
32644
32655
32791
32803
32957
32980
33103
33136
33367
33432
33617
33740
33966
34133
34543
34546
34946
35676
36084
36498
36589
36610
36736
36772
36788
36880
37017
38254
38399
38495
38707
38935
39706
41169
41205
41208
41762
42455
42908
43845
44758
44770
45161
45389
45472
45689
Number of cuts: 161

Hiro
369
770
1825
2071
2266
2482
2752
2833
2962
3341
3424
3710
3789
3825
3927
4065
4141
4162
4281
4440
4638
4698
4746
4904
5099
6182
6236
6304
6644
7105
7473
7515
7518
7795
7952
8217
8344
8466
9397
10030
10376
10595
10906
11064
11069
11122
11805
12266
12371
12477
12605
12666
12707
12747
12760
13058
13241
13309
13913
14561
14623
14735
14807
15233
15623
15659
15699
16099
16339
17231
17311
17417
17496
17612
17976
18078
18990
19283
20394
20406
20415
20522
20738
20953
21459
22124
22265
22395
23072
23108
23826
24182
24202
24315
25160
25313
25538
25679
26038
26047
26148
26362
26915
27009
27251
27660
27739
28690
28942
29296
29353
30179
30337
30410
30428
30494
30589
30682
30786
31050
31282
31390
31429
32681
33060
33120
33131
33267
33279
33433
33456
33579
33612
33843
33908
34093
34216
34442
34609
35019
35022
35422
36152
36560
36974
37065
37086
37212
37248
37264
37356
37493
38913
39183
39299
39384
40950
41640
41676
41679
42233
42926
43379
44316
45229
45241
45632
45860
45943
46160
Number of cuts: 170

Jace
436
472
502
529
607
625
655
688
706
906
1059
1134
1260
1314
1440
1520
1557
1581
1674
1691
1737
1758
1881
1905
1917
2067
2294
2316
2502
2505
2580
2583
2700
2724
2853
2907
3072
3075
3090
3159
3254
3291
3333
3402
3419
3422
3519
3543
3561
3576
3585
3588
3597
3600
3650
3809
3812
3815
3878
3922
3925
4022
4158
4174
4181
4276
4792
4819
4965
5052
5090
5220
5304
5340
5346
5363
5403
5406
5835
5859
5862
5919
5922
6069
6072
6096
6147
6168
6180
6194
6255
6300
6384
6417
6450
6552
6692
6701
6794
6913
6941
7176
7206
7212
7335
7353
7546
7690
7767
7989
8010
8013
8049
8075
8204
8237
8249
8306
8309
8338
8557
8617
8764
8788
9063
9130
9133
9208
9211
9232
9268
9271
9310
9313
9453
9491
9558
9561
9765
9768
9928
9931
9948
10015
10114
10128
10219
10461
10561
10566
10849
10930
10933
11013
11031
11074
11158
11310
11317
11407
11629
11656
11695
11698
11730
11746
11749
11776
11902
11935
11977
12043
12075
12121
12142
12231
12328
12361
12490
12622
12655
12666
12739
12769
12832
12844
13057
13122
13224
13528
13579
13648
13756
13759
13816
13969
14107
14110
14134
14176
14195
14215
14245
14248
14314
14434
14440
14443
14491
14497
14500
14557
14560
14581
14587
14596
14611
14781
14931
14934
15096
15267
15333
15564
15779
15798
15909
16020
16023
16044
16047
16068
16107
16161
16164
16241
16244
16247
16359
16467
16512
16515
16677
16713
16821
16869
16896
16953
16956
16959
17049
17076
17082
17116
17214
17304
17373
17429
17581
17629
17635
17638
17831
17834
17851
17861
17948
17975
18095
18188
18225
18401
18404
18416
18521
18689
18758
18848
18901
19021
19082
19091
19111
19114
19117
19190
19325
19600
19784
19793
19820
19859
19877
19889
20008
20078
20234
20254
20297
20423
20462
20465
20492
20495
20570
20623
20752
20917
20982
20989
21021
21070
21073
21106
21324
21412
21445
21481
21511
21631
21634
21676
21700
21785
21853
21952
22065
22089
22234
22327
22368
22387
22497
22513
22540
22681
22750
22966
23184
23338
23365
23491
23530
23688
23704
23716
23740
23917
24019
24139
24306
24309
24312
24345
24463
24820
24892
24895
24910
25364
25376
25391
25422
25448
25535
25598
25682
25877
25904
25943
25946
26033
26036
26159
26168
26225
26339
26427
26541
26733
26796
26808
26937
26997
27105
27120
27162
27174
27186
27189
27204
27257
27472
27481
27605
27746
27831
28085
28288
28312
28341
28527
28642
28671
28674
28695
28995
29082
29100
29112
29394
29462
29543
29570
29573
29576
30003
30041
30267
30279
30282
30309
30486
30516
30679
30682
31015
31030
31081
31099
31272
31403
31476
31520
31529
31631
31706
31753
31825
31861
31879
31903
31924
31983
32082
32223
32274
32634
32882
32969
33027
33042
33114
33165
33247
33315
33318
33420
33480
33597
33613
33750
33780
33783
34084
34090
34093
34108
34123
34165
34281
34294
34352
34360
34408
34616
34643
34670
34682
34685
34768
34773
34847
34874
34967
35021
35027
35208
35247
35250
35253
35265
35268
35271
35307
35343
35530
35569
35605
35608
35623
35683
35722
35776
36245
36269
36329
36372
36434
36459
36602
36605
36909
37005
37059
37083
37274
37331
37397
37403
37409
37412
37514
37517
37532
37759
37792
37804
37819
37864
37876
37927
37963
38014
38101
38173
38370
38523
38825
38885
38993
38996
38999
39107
39134
39202
39250
39256
39324
39379
39462
39622
39640
39745
40045
40078
40161
40176
40336
40385
40632
40650
40692
40695
40731
40755
40857
40891
40908
41075
41105
41233
41242
41332
41346
41349
41365
41389
41488
41553
41556
41643
41735
41738
41758
41816
41891
41957
42110
42149
42173
42221
42224
42245
42439
42592
42813
43021
43063
43224
43290
43296
43299
43434
43437
43440
43599
43763
43781
43814
43956
44026
44202
44370
44378
44501
44619
44746
44749
44773
44794
44830
44937
44978
45015
45221
45224
45269
45386
45425
45466
45478
45538
45541
45722
45802
45937
45976
46048
46156
46168
46210
46270
46276
46279
46309
46552
46575
46588
46621
46624
46897
46943
47160
47262
47277
47280
47283
47286
47412
47442
47463
47472
47484
47487
47514
47666
47750
47849
47903
48002
48020
48167
48170
48329
48410
48633
48784
48799
48867
49003
49006
49060
49084
49107
49203
49338
49341
49446
49449
49452
49467
49620
49653
49695
49743
49969
49999
50041
50107
50180
50289
50397
50579
50613
50892
50981
51131
51159
51263
51458
51681
51684
51687
51705
51708
51723
51737
51918
51921
51966
52131
52134
52304
52540
52573
52597
52609
52712
52754
52831
52834
52882
52885
52888
52948
53055
53302
53434
53660
53745
Number of cuts: 741

Jester
369
770
2071
2266
2482
2752
2833
2962
3341
3424
3750
3789
3825
3927
4065
4141
4440
4638
4698
4746
4904
5099
6182
6304
6644
7105
7473
7795
7952
8217
8344
8466
8768
9397
10030
10376
10595
11064
11069
11122
11805
12507
12812
12815
12917
12997
13601
14249
14311
14423
14921
15311
15347
15387
15787
16027
16919
16999
17105
17184
17300
17460
17664
17766
18678
18971
19548
20069
20103
20210
20360
20487
21027
21147
21812
21947
22074
22652
23027
23305
23441
23858
23878
23991
24532
24836
24989
25214
25355
25714
25723
25824
26591
26685
26927
27336
27415
28366
28618
28972
29029
29792
29865
29883
30044
30137
30241
30505
30737
30845
30884
32136
32515
32575
32586
32722
32734
32888
32911
33034
33067
33298
33363
33548
33671
33897
34064
34474
34477
34877
35607
36015
36429
36520
36541
36667
36703
36719
36811
36948
38185
38330
38426
38638
38866
39637
41100
41136
41139
41693
42386
42839
43776
44689
44701
45092
45320
45403
45620
Number of cuts: 159

Krishelle
369
770
1825
2071
2266
2482
2752
2833
2962
3341
3424
3743
3750
3789
3825
3897
3927
4065
4141
4162
4281
4440
4638
4698
4746
4904
5099
6182
6319
6659
7120
7488
7530
7533
7810
7967
8232
8359
8481
9412
10045
10391
10610
10921
11079
11084
11137
11820
12281
12386
12492
12620
12681
12722
12762
12775
13073
13256
13324
13928
14576
14638
14750
14822
15248
15638
15674
15714
16114
16354
17246
17326
17432
17511
17627
17991
18093
19005
19298
20073
20367
20409
20421
20430
20537
20753
20968
21474
22175
22316
22446
23123
23159
23877
24234
24254
24293
24338
25184
25337
25703
26062
26071
26939
27006
27033
27275
27684
27763
28350
29045
29399
29405
30279
30437
30510
30594
30689
30782
30886
31150
31382
31490
31529
32781
33160
33220
33231
33367
33379
33556
33592
33679
33712
33943
34008
34193
34316
34542
34709
35119
35122
35522
36006
36252
36546
36669
37083
37174
37195
37357
37373
37465
37602
39292
39408
39520
39746
39793
41059
41749
41785
41788
42341
42652
43034
43487
43717
44424
45337
45349
45740
46052
46258
46895
Number of cuts: 175

Lillie
369
770
1825
2071
2266
2482
2833
2932
3341
3424
3743
3750
3789
3825
3927
4065
4141
4162
4281
4440
4638
4698
4746
4904
5099
6182
6319
6659
7120
7488
7530
7533
7810
8279
8344
8484
8514
8592
9453
10086
10208
10432
11125
11149
11178
11517
11631
11861
12877
12973
13053
13657
14053
14367
14401
14479
14542
14599
14977
15403
15443
15843
16083
16975
17055
17161
17215
17240
17356
17510
17720
17822
18610
18734
19802
20159
20266
20416
20543
21083
21203
21703
21868
22053
22138
22716
23369
23505
23922
23942
24900
25278
25419
25778
25787
25888
26655
26749
26991
27400
27479
28430
28682
29036
29042
29919
30077
30150
30234
30329
30422
30526
30790
31022
31130
31169
32421
32800
32860
32871
33007
33019
33196
33232
33319
33352
33583
33648
33833
33956
34182
34349
34759
34762
35162
35577
35646
35892
36714
36805
36826
36988
37004
37096
37233
38923
39039
39151
39377
39424
40690
41380
41416
41419
41972
42283
42665
43118
43348
44055
44968
44980
45371
45682
45899
Number of cuts: 165

Mahdia
79
190
464
1045
1318
1607
2134
2199
2806
3424
3837
3948
4314
4681
4774
4982
5182
5350
5620
5628
5952
7383
8041
8210
8302
8750
9088
10103
10168
10447
10455
10458
10546
10603
10795
12205
12349
13114
13117
13137
13357
13861
14176
14321
15402
16102
16207
16308
16983
17118
17379
17838
17931
18063
18066
18129
18213
18628
18962
19187
19480
19496
19971
20859
21314
21317
21347
21350
21374
21982
22049
22529
22532
22730
23140
23186
24364
24652
24777
24858
24874
25022
25109
25225
25614
26163
26230
26247
26370
26373
26421
26875
27087
27260
27726
27858
27979
28099
28591
28722
28731
28851
29349
29406
29446
29481
29514
30498
30798
31202
31413
31444
31495
31765
31768
32008
32107
32146
32256
32634
32684
33393
33963
34033
34302
35079
35189
35455
35637
35698
36631
36899
36991
37825
38027
38383
38434
39177
39287
39293
40578
42257
Number of cuts: 142

Naiad
369
770
1825
2071
2266
2482
2752
2833
2962
3341
3424
3743
3750
3789
3825
3897
3927
4065
4141
4162
4281
4440
4638
4698
4746
4904
5099
6182
6319
6659
7120
7488
7530
7533
7810
8279
8344
8484
8514
8592
9453
10086
10432
11125
11149
11178
11517
11631
11861
12877
12973
13053
13657
14053
14367
14401
14479
14542
14599
14977
15403
15443
15843
16083
16975
17055
17161
17215
17240
17356
17510
17720
17822
18610
18734
19027
19802
20159
20266
20416
20543
20615
21083
21203
21703
21868
22003
22250
22269
22284
22729
23382
23518
23935
23955
24913
25066
25291
25432
25791
25800
25901
26668
26735
26762
27004
27413
27492
28443
28695
29049
29055
29932
30090
30163
30247
30342
30435
30539
30803
31035
31143
31182
32434
32813
32873
32884
33020
33032
33209
33245
33332
33365
33596
33661
33846
33969
34195
34362
34772
34775
35175
35659
35905
36199
36322
36736
36827
36848
37010
37026
37118
37255
38945
39061
39173
39399
39446
40712
41402
41438
41441
41994
42305
42687
43140
43370
44077
44990
45002
45393
45704
45921
Number of cuts: 173

Nancinator
369
770
1825
2071
2266
2482
2752
2833
2962
3341
3424
3743
3750
3789
3825
3897
3927
4065
4141
4162
4281
4440
4638
4698
4746
4904
5099
6182
6319
6659
7120
7488
7530
7533
7810
8279
8344
8484
8514
8592
9453
10086
10432
11125
11149
11178
11517
11861
12877
12973
13053
13657
14053
14367
14401
14479
14542
14599
14977
15403
15443
15843
16083
16975
17055
17161
17215
17240
17356
17510
17720
17822
18610
18734
19802
20159
20266
20416
20543
20615
21083
21203
21789
21868
22138
22716
23369
23505
23922
23942
24901
25054
25279
25420
25779
25788
25889
26656
26750
26992
27401
27480
28431
28683
29037
30010
30083
30101
30167
30262
30355
30459
30723
31063
31102
32354
32733
32793
32804
32940
32952
33106
33252
33285
33516
33581
33766
33889
34115
34282
34450
34701
34704
35104
35588
35834
36656
36747
36768
36930
36946
37038
37175
38595
38865
38981
39066
39093
39316
39363
40029
40719
40755
40758
41311
41622
42004
42457
42687
43394
44307
44319
44710
45021
45238
Number of cuts: 165

Natosaleda
369
770
1825
2071
2266
2482
2752
2833
2962
3341
3424
3743
3750
3789
3825
3897
3927
4065
4141
4162
4281
4440
4638
4698
4746
4904
5099
6182
6319
6659
7120
7488
7530
7533
7810
8279
8344
8484
8514
8592
9453
10086
10432
11125
11149
11178
11517
11861
12877
12973
13053
13657
14053
14367
14401
14479
14542
14599
14977
15403
15443
15843
16083
16975
17055
17161
17215
17240
17356
17510
17720
17822
18610
18734
19802
20159
20266
20416
20543
20615
21083
21203
21789
21868
22138
22716
23369
23505
23922
23942
24900
25053
25278
25419
25778
25787
25888
26655
26749
26991
27400
27479
28430
28682
29036
30009
30082
30100
30166
30261
30354
30458
30722
31062
31101
32353
32732
32792
32803
32939
32951
33105
33251
33284
33515
33580
33765
33888
34114
34281
34449
34700
34703
35103
35587
35833
36655
36746
36767
36929
36945
37037
37174
38594
38864
38980
39065
39092
39315
39362
39858
41320
41356
41359
41912
42223
42605
43058
43288
43995
44908
44920
45311
45623
45831
Number of cuts: 165

Partridge
369
765
2130
2325
2541
2892
3400
3483
3809
3848
3884
3986
4124
4200
4340
4499
4697
4757
4805
4963
5158
6241
6363
7164
7532
7574
7577
7854
8011
8276
8403
8525
9480
10113
10459
10588
10995
11182
11211
11550
11894
12596
12607
12901
12904
13006
13086
13690
14338
14400
14434
14512
14632
15400
15436
15476
15876
16855
17008
17088
17194
17273
17389
17753
17855
18643
18767
19060
20129
20171
20192
20299
20449
20515
20576
20730
21116
21236
21846
21901
22042
22283
22302
22317
23137
23415
23443
23551
23612
23969
23989
24947
25100
25325
25466
25572
25861
25870
26314
26738
26805
26832
27074
27483
27562
28149
28844
29198
29204
30079
30237
30310
30328
30394
30489
30582
30686
30950
31182
31290
31329
31629
32581
32594
32888
32960
33017
33028
33330
33353
33476
33776
34245
34471
34638
35057
35060
35460
35619
36190
36340
36478
36598
37012
37103
37106
37286
37302
37532
38911
38952
39222
39338
40221
40464
41109
41681
41717
41720
41906
42273
42418
42482
42826
43153
43417
43438
43603
44118
44842
45764
46267
Number of cuts: 172

Pepy6
199
268
271
322
325
798
829
832
1705
1959
2024
2052
2173
2277
2316
2332
2369
2438
2577
2850
2880
2988
3343
3357
3494
3706
3743
3778
4057
4070
4133
4773
5528
5565
5709
5787
5944
5947
6119
6122
6470
6522
6564
6789
6795
6824
7929
8088
8250
8540
9054
9134
9321
9985
10265
10388
10603
11146
11154
11419
11528
11744
11965
12407
12569
12668
13003
13425
13604
13673
13709
13877
13982
14148
14309
14410
14752
15242
15538
15553
15736
15739
15946
16724
17311
17584
17721
18078
18150
18583
18689
18996
19568
19591
19691
19694
19807
19828
20141
20174
20473
20615
20652
20692
21368
21548
21641
22026
22181
22370
22919
23009
23048
23059
23147
23202
23291
23411
23435
23603
23636
23658
23761
23830
23843
23897
23912
24089
24161
24199
24394
24397
24442
24564
24567
24887
24977
25190
25283
25339
25418
25441
25663
25774
25787
25857
25860
25884
26442
26535
26538
26891
27209
27310
27499
28053
28767
28770
28976
29307
29343
29979
30155
30244
30290
30397
30440
30577
30683
30920
30989
31205
31267
31853
31856
32194
32389
32423
32753
33233
33818
33851
33916
33964
34322
34412
34682
34907
34910
34913
35093
35459
35671
36038
36282
36316
36804
36810
36864
36925
36985
37122
37636
37794
37855
38189
38356
38383
38618
38731
39154
39332
39564
39716
39969
40564
40567
40705
41235
41653
41761
41833
42471
42936
43101
43445
43465
43703
43756
44015
44018
44148
44219
44258
44426
44567
44826
44999
45160
45428
45452
45607
45610
45647
45725
45762
46293
46335
46406
46430
46550
46570
46598
46809
46860
47271
47553
48851
49004
49241
49257
49583
49658
49661
50107
50110
50170
50173
50366
50440
50482
50538
50689
50773
50990
51132
51171
51207
51261
51384
51687
51726
51938
52214
52266
52716
52952
52994
53042
53085
53260
53271
53439
53727
53748
53888
53891
54169
54172
54291
54335
54440
54495
54504
54570
54745
55023
55071
55401
55455
55665
55668
55914
56365
56662
56796
56943
57006
57090
57158
57215
57484
57944
58092
58251
58781
58784
58853
58924
58964
59213
59317
59777
59970
60284
60706
60727
60819
61289
61368
61425
61473
61847
61882
61946
62027
62210
62321
62736
63262
63356
63560
64863
65005
65068
65071
65358
65436
65584
65595
65736
66035
66058
66105
66203
66576
67212
67693
67696
67709
67840
67993
68187
68856
69033
69177
69639
69820
70007
70109
70200
70404
70539
70679
70929
71176
71319
71371
72211
72502
73592
74053
74419
74422
74944
Number of cuts: 395

Peregrin
643
1053
2403
3992
5506
7192
11894
12137
12752
13401
13428
13623
13805
14331
14382
16244
16417
21349
23214
25540
26624
28241
28788
29677
30836
33506
33965
35203
35389
36249
36327
39177
39228
39939
42828
42831
44352
45438
46780
46845
47007
47854
51155
53078
55011
55014
55534
56228
56980
60129
61149
61724
62909
63704
69830
70394
71055
74933
75049
75471
76825
77338
78258
78350
79226
79392
82123
83512
84588
86209
88610
88727
89916
89938
90087
92463
94192
95843
99792
99838
100057
101660
101998
102842
104216
104594
106375
108255
111581
111620
112347
112650
113214
126711
127147
127331
127511
127649
127670
128005
128008
128116
129244
129441
130712
131122
132472
Number of cuts: 107

Phrankenstein
369
770
1825
2071
2266
2482
2752
2833
2962
3341
3424
3743
3750
3789
3825
3927
4065
4141
4162
4281
4440
4638
4698
4746
4904
5099
6182
6319
6659
7120
7488
7530
7533
7810
8279
8344
8484
8514
8592
9453
10086
10208
10432
11125
11149
11178
11517
11631
11861
12877
12973
13053
13657
14053
14367
14401
14479
14542
14599
14977
15403
15443
15843
16083
16975
17055
17161
17215
17240
17356
17510
17720
17822
18610
18734
19802
20159
20266
20416
20543
20615
21083
21203
21735
21814
22084
22662
23315
23451
23868
23888
24846
25224
25365
25724
25733
25834
26601
26695
26937
27346
27425
28376
28628
28982
29865
30023
30096
30180
30275
30368
30472
30736
31076
31115
32367
32746
32806
32817
32953
32965
33142
33178
33265
33298
33529
33594
33779
33902
34128
34295
34705
34708
35108
35592
35838
36660
36751
36772
36934
36950
37042
37179
38869
38985
39097
39323
39370
40636
41326
41362
41365
41918
42229
42611
43064
43294
44001
44914
44926
45317
45628
45845
Number of cuts: 163

Pine5
135
207
269
422
552
594
629
663
761
767
856
906
1031
1037
1083
1119
1152
1236
1296
1407
1464
1598
1616
1631
1698
1726
1792
2008
2173
2269
2432
2470
2506
2509
2587
2721
2724
2913
2963
2986
3034
3098
3316
3349
3359
3393
3498
3533
3547
3642
3675
3717
3822
3825
3834
4139
4231
4373
4418
4453
4483
4513
4541
4765
4920
5009
5019
5039
5042
5045
5090
5174
5219
5249
5298
5328
5366
5507
5526
5540
5706
5771
5820
6251
6254
6264
6536
6557
6641
6668
6764
6788
6866
6923
6990
7006
7057
7166
7174
7253
7346
7478
7481
7484
7582
7592
7604
7609
7736
7825
7841
7892
7949
8039
8060
8108
8150
8288
8342
8546
8557
8779
8822
8987
9058
9089
9134
9233
9362
9418
9494
9554
9557
9560
9731
9734
9758
9869
9872
9890
10007
10070
10075
10087
10099
10162
10178
10253
10309
10403
10484
10607
10625
10652
10657
10790
10797
10931
10956
10965
11039
11063
11204
11275
11416
11479
11497
11545
11563
11584
11602
11914
11941
11968
12220
12238
12280
12441
12483
12543
12595
12784
12787
12850
12909
13121
13229
13232
13235
13327
13337
13340
13394
13517
13543
13904
13974
13977
13992
14205
14292
14520
14562
14765
14804
14960
15144
15189
15419
15490
15906
16002
16173
16277
16331
16546
16673
16871
16910
17165
17323
17326
17422
17450
17546
17585
17762
17819
17828
18206
18227
18254
18413
18425
18669
18744
18747
18768
18866
18969
19011
19049
19107
19134
19137
19262
19307
19346
19349
19382
19393
19396
19436
19462
19468
19541
19619
19696
19856
19916
20038
20142
20186
20226
20229
20241
20303
20334
20411
20475
20581
20683
20986
21244
21256
21336
21393
21412
21433
21706
21829
21841
21925
21943
22080
22270
22296
22371
22504
22561
22848
23346
23449
23694
23791
23938
24049
24274
24331
24367
24640
24751
24880
24946
24958
25012
25045
25066
25069
25123
25159
25180
25228
25240
25365
25368
25399
25425
25621
25944
26004
26153
26162
26165
26187
26262
26385
26495
26508
26553
26559
26631
26663
26691
26699
26750
26991
27056
27096
27197
27261
27266
27368
27400
27440
27448
27596
27650
27683
27686
27740
27800
27833
27893
27926
27976
28112
28130
28237
28282
28492
28519
28590
28639
28648
28743
28940
28972
28990
29104
29153
29168
29213
29224
29371
29476
29495
29542
29561
29584
29621
29794
29876
29879
29986
30112
30169
30229
30232
30447
30450
30556
30594
30828
31053
31167
31254
31305
31515
31518
31548
31592
31619
31658
31736
31781
31887
31917
31966
32011
32175
32187
32201
32560
32577
32602
32620
32668
32715
32740
32797
32917
33097
33127
33166
33169
33186
33220
33241
33357
33463
33496
33606
33661
33688
33849
33928
33931
34066
34132
34317
34414
34826
34923
34980
35081
35255
35396
35473
35492
35526
35672
35699
35809
35958
36132
36141
36238
36250
36311
36404
36407
36455
36508
36697
36751
36778
36832
36835
36911
36928
37043
37114
37147
37168
37171
37184
37360
37372
37498
37501
37558
37561
37625
37771
37816
38230
38650
38680
38689
38974
38977
38989
39145
39202
39212
39229
39232
39299
39343
39355
39358
39379
39457
39602
39676
39805
39808
40039
40093
40180
40204
40393
40400
40411
40447
40499
40573
40576
40682
40768
40787
40965
41179
41215
41260
41685
41731
41773
41782
41967
42126
42281
42317
42341
42356
42461
42476
42509
42722
42764
42767
42794
42815
42818
42839
42876
42959
42986
43148
43310
43370
43403
43580
43670
43673
43787
43862
44290
44305
44498
44594
44636
44771
44789
44996
45012
45074
45244
45358
45392
45597
45600
45708
45750
45819
45861
45993
46012
46051
46199
46212
46251
46355
46403
46460
47114
47129
47423
47658
47747
47992
48103
48109
48181
48226
48296
48387
48452
48455
48569
48651
48833
48836
48887
49018
49048
49114
49179
49229
49232
49356
49409
49451
49476
49516
49590
49593
49719
49784
49806
49824
50001
50115
50217
50236
50290
50532
50545
50572
50596
50623
50688
50962
50989
51184
51302
51513
51579
51603
51612
51615
51632
51690
51741
51744
52001
52004
52096
52117
52300
52318
52395
52508
52782
52881
52884
52887
52952
52967
53036
53107
53129
53132
53213
53315
53375
53857
53914
54027
54030
54051
54078
54081
54093
54123
54157
54216
54252
54333
54375
54496
54543
54546
54819
54855
54867
55029
55032
55044
55209
55247
55268
55448
55514
55679
55708
55786
55921
56053
56164
56496
56544
56602
56751
56760
56802
56866
56883
56937
57049
57212
57225
57362
57365
57396
57479
57648
57678
57726
57996
58217
58536
58895
58934
58949
58952
59045
59076
59127
Number of cuts: 730

Poco6
319
322
325
496
798
814
829
832
1149
1158
1161
1423
1611
1621
1734
1927
1953
2242
2349
2535
2695
3245
3390
3454
3556
3792
4526
4563
4579
4629
4665
4824
4827
5382
5590
6325
6380
6744
6852
7020
7302
7323
7326
7394
7401
7906
8390
8595
9200
9841
10734
11126
11404
11681
12056
12323
12357
12565
12899
13416
13444
13696
13830
13937
14513
14834
14943
15020
15159
15305
15413
15446
15657
15660
15711
15858
15903
16020
16179
16876
17055
17328
17433
17595
17598
17747
18499
18658
18802
19232
19501
19726
19798
19976
20119
20222
20310
21590
21716
21969
22500
22637
22714
23237
23267
23390
23570
23663
24596
24788
24848
24935
25072
25160
25215
25304
25307
25490
25523
25616
25649
25652
25671
25761
25778
25843
25853
25910
25925
26212
26407
26455
26577
26580
26900
26990
27203
27249
27281
27352
27370
27560
27631
27676
27704
27728
27749
27752
27787
27870
27873
28465
28548
28551
29222
29323
29635
29783
30072
30315
30492
31028
31998
32174
32717
32858
32933
33035
33206
33230
33241
33320
33641
34019
34022
34219
34454
35258
35432
35468
35843
35989
36344
36704
36730
36839
36880
36935
37472
37559
37580
37757
38014
38060
38301
38304
38566
38650
38757
38872
38886
39144
39450
39541
39601
40211
40378
40423
40745
41238
41354
41514
41884
42021
42056
42201
42393
42548
42730
43013
43488
43563
43635
44807
44926
44966
44999
45190
45193
45405
45444
45456
45585
45740
45984
46055
46163
46262
46851
47279
47303
47345
47456
47495
47762
48128
48272
48379
48495
48644
48762
49182
49529
49660
49730
49793
49939
50465
50519
50766
50787
51051
51092
51682
51685
51772
51881
51916
51955
51997
52009
52204
52252
52297
52351
52650
52770
52942
53109
53447
53723
53747
53775
54224
54460
54502
54593
54768
54790
55256
55340
55396
55399
55677
55799
55843
56003
56253
56579
56909
56999
57110
57422
57644
57852
57855
58223
58476
58539
58614
58644
58824
59080
59219
59793
59867
60029
60100
60140
60461
60496
60513
60718
61823
62017
62020
62138
62446
62694
62752
62851
62866
62959
62971
63241
63551
63834
64034
65022
65025
65360
65607
65815
65818
65821
66105
66634
66761
66864
66934
67134
67181
67564
67591
67617
68158
68182
68281
68284
68509
68833
69217
69367
69411
69953
70141
70356
70653
70890
71013
71141
71670
72192
72582
72634
73198
74854
76323
77042
Number of cuts: 379

Rasputin
369
770
1825
2071
2266
2482
2752
2833
2962
3341
3424
3743
3750
3789
3825
3897
3927
4065
4141
4162
4281
4440
4638
4698
4746
4904
5099
6182
6236
6304
6644
7105
7473
7795
7952
8218
8345
8467
9422
10055
10401
10620
11089
11118
11147
11830
12532
12543
12837
12840
12942
13022
13626
14274
14336
14370
14448
14568
15260
15372
15412
15812
16944
17130
17325
17737
17791
18579
18703
18996
19573
20094
20128
20235
20385
20512
21052
21172
21837
21978
22108
22686
23061
23339
23367
23475
23536
23893
23913
24871
25024
25249
25749
25758
25859
26626
26720
26962
27371
27450
28401
28653
29007
29013
29037
29890
30048
30121
30205
30300
30393
30497
30761
30993
31101
31140
32392
32771
32831
32842
32978
32990
33167
33203
33290
33323
33554
33619
33804
33927
34153
34320
34730
34733
35133
35548
35617
35863
36685
36776
36797
36959
36975
37067
37204
38894
39010
39122
39348
39395
40661
41351
41387
41390
41943
42254
42636
43089
43319
44026
44939
44951
45342
45653
45870
Number of cuts: 165

RER2
369
770
1825
2071
2266
2482
2833
2932
3341
3424
3743
3750
3789
3825
3927
4065
4141
4162
4281
4440
4638
4698
4746
4904
5099
6182
6319
6659
7120
7488
7530
7533
7810
8279
8344
8484
8514
8592
9453
10086
10208
10432
11125
11149
11178
11517
11631
11861
12877
12973
13053
13657
14053
14367
14401
14479
14542
14599
14977
15403
15443
15843
16083
16975
17055
17161
17240
17356
17510
17720
17822
18610
18734
19802
20159
20266
20416
20543
21083
21203
21789
21868
22053
22138
22716
23369
23505
23922
23942
24900
25053
25278
25419
25778
25787
25888
26102
26655
26749
26991
27400
27479
28430
28682
29036
29042
29249
29919
30077
30150
30168
30329
30422
30526
30790
31022
31130
31169
32421
32800
32860
32871
33007
33019
33196
33232
33319
33352
33583
33648
33833
33956
34182
34349
34759
34762
35162
35646
35892
36300
36714
36805
36826
36988
37004
37096
37233
38923
39039
39151
39377
39424
40690
41380
41416
41419
41972
42283
42665
43118
43348
44055
44968
44980
45371
45682
45899
Number of cuts: 167

RexFury
369
801
1856
2102
2297
2513
2783
2864
2993
3372
3455
3774
3781
3820
3856
3928
3958
4096
4172
4193
4312
4471
4669
4729
4777
4935
5130
6213
6350
6690
7151
7519
7561
7564
7841
8310
8375
8515
8545
8623
9484
10117
10239
10463
11156
11180
11209
11548
11662
11892
12594
12605
12908
13004
13084
13688
14084
14398
14432
14510
14573
14630
15008
15434
15474
15874
16114
17006
17086
17192
17246
17271
17387
17541
17751
17853
18641
18765
19058
19833
20190
20297
20447
20574
21114
21234
21820
21899
22084
22169
22747
23400
23536
23953
23973
24931
25084
25309
25809
25818
25919
26686
26780
27022
27431
27510
28461
28713
29067
29073
29097
29950
30108
30181
30265
30360
30453
30557
30821
31053
31161
31200
32452
32831
32891
32902
33038
33050
33227
33263
33350
33383
33614
33679
33864
33987
34213
34380
34790
34793
35193
35677
35923
36745
36836
36857
37019
37035
37127
37264
38684
38954
39070
39155
39182
39405
39452
39948
41410
41446
41449
42002
42313
42695
43148
43378
44085
44998
45010
45401
45712
45929
Number of cuts: 172

RGL3
464
1097
1992
2097
2268
2389
2484
2733
2835
3712
3791
3827
3929
4143
4283
4442
4640
4700
4748
4852
4906
5326
5361
5404
5654
5682
6125
6312
6375
6582
6672
6906
7110
7479
7610
8171
8269
8334
8474
8504
8790
9026
9053
9071
9235
9411
9419
9725
9813
9867
9976
10401
11095
11124
11153
11441
11526
11612
11836
12690
12970
12987
12996
13298
13553
13782
13796
13883
13916
13923
14135
14156
14355
14922
15140
15168
15264
15282
15932
16007
16126
16326
16689
17170
17219
17236
17401
17517
17671
17941
17953
17983
18709
19024
19177
19295
19447
19540
19736
20366
20453
20606
20861
20999
21047
21079
21094
21103
21134
21148
21331
21371
21590
22071
22242
22245
22257
22425
22478
23221
23293
23329
23719
24406
24426
24563
25100
25280
25331
25382
25769
25910
25943
26097
26190
26267
26427
26523
26749
26755
27446
27460
27532
27808
27955
27966
28273
28435
28861
28948
29029
29053
29768
29828
29907
29990
30589
30652
30747
30838
30999
31147
31196
31297
31692
31852
32040
32139
32358
32397
32509
33005
33374
33417
33446
33506
34145
34419
34506
34516
34776
34899
34955
34958
35442
35478
35490
35718
35991
36118
36193
36950
37118
37121
37205
37332
37335
37821
37868
38290
38632
38644
38931
38960
39157
39714
39830
39840
39915
40354
40504
41674
41734
42057
42096
42275
42368
42440
42596
42821
42895
43210
43216
43238
43457
44088
44120
44510
44704
44901
45009
45051
45233
45348
45417
45582
45711
46291
46473
47672
Number of cuts: 240

Rhodalysa
369
770
1825
2071
2266
2482
2833
2932
3341
3424
3743
3750
3789
3825
3927
4065
4141
4162
4281
4440
4638
4698
4746
4904
5099
6182
6319
6659
7120
7488
7530
7533
7810
8279
8344
8484
8514
8592
9453
10086
10208
10432
11125
11149
11178
11517
11631
11861
12877
12973
13053
13657
14053
14367
14401
14479
14542
14599
14977
15403
15443
15843
16083
16975
17055
17161
17215
17240
17356
17510
17720
17822
18610
18734
19802
20159
20266
20416
20543
21083
21203
21703
21868
22053
22138
22716
23369
23505
23922
23942
24900
25278
25419
25778
25787
25888
26655
26749
26991
27400
27479
28430
28682
29036
29042
29919
30077
30150
30234
30329
30422
30526
30790
31022
31130
31169
32421
32800
32860
32871
33007
33019
33196
33232
33319
33352
33583
33648
33833
33956
34182
34349
34759
34762
35162
35577
35646
35892
36714
36805
36826
36988
37004
37096
37233
38923
39039
39151
39377
39424
40690
41380
41416
41419
41972
42283
42665
43118
43348
44055
44968
44980
45371
45682
45899
Number of cuts: 165

StCroix
369
770
1825
2071
2266
2482
2752
2833
2962
3341
3424
3743
3750
3789
3825
3897
3927
4065
4141
4162
4281
4440
4638
4698
4746
4904
5099
6182
6319
6659
7120
7488
7530
7533
7810
8279
8344
8484
8514
8592
9453
10086
10432
11125
11149
11178
11517
11631
11861
12877
12973
13053
13657
14053
14367
14401
14479
14542
14599
14977
15403
15443
15843
16083
16975
17055
17161
17215
17240
17356
17510
17720
17822
18610
18734
19027
19802
20159
20266
20416
20543
20615
21083
21203
21703
21868
22003
22250
22269
22284
22729
23382
23518
23935
23955
24913
25066
25291
25432
25791
25800
25901
26668
26735
26762
27004
27413
27492
28443
28695
29049
29055
29932
30090
30163
30247
30342
30435
30539
30803
31035
31143
31182
32434
32813
32873
32884
33020
33032
33209
33245
33332
33365
33596
33661
33846
33969
34195
34362
34772
34775
35175
35659
35905
36199
36322
36736
36827
36848
37010
37026
37118
37255
38945
39061
39173
39399
39446
40712
41402
41438
41441
41994
42305
42687
43140
43370
44077
44990
45002
45393
45704
45921
Number of cuts: 173

Swann
369
770
1825
2071
2266
2482
2752
2833
2962
3341
3424
3743
3750
3789
3825
3927
4065
4141
4162
4281
4440
4638
4698
4746
4904
5099
6182
6319
6659
7120
7488
7530
7533
7810
8279
8344
8484
8514
8592
9453
10086
10208
10432
11125
11149
11178
11517
11631
11861
12877
12973
13053
13657
14053
14367
14401
14479
14542
14599
14977
15403
15443
15843
16083
16975
17055
17161
17215
17240
17356
17510
17720
17822
18610
18734
19802
20159
20266
20416
20543
20615
21083
21203
21789
21868
22053
22138
22716
23369
23505
23922
23942
24900
25053
25278
25778
25787
25888
26655
26749
26991
27400
27479
28430
28682
29036
29917
30075
30148
30232
30327
30420
30524
30788
31020
31128
31167
32419
32798
32858
32869
33005
33017
33194
33230
33317
33350
33581
33646
33831
33954
34180
34347
34757
34760
35160
35644
35890
36298
36712
36803
36824
36986
37002
37094
37231
38921
39037
39149
39375
39422
40688
41378
41414
41417
41970
42281
42663
43116
43346
44053
44966
44978
45369
45680
45897
Number of cuts: 166

Takoda
254
369
765
1985
2063
2258
2474
2825
2954
3333
3742
3781
3817
3919
4057
4133
4154
4273
4432
4630
4690
4738
4896
5091
6174
6296
6636
7097
7465
7507
7510
7787
7944
8209
8336
8458
9413
10046
10392
10611
10698
11085
11109
11138
11372
11477
11821
12523
12828
12831
13013
13976
14265
14327
14361
14439
14556
14559
15327
15363
15403
15803
16782
16935
17015
17121
17200
17316
17680
17782
18694
19234
20056
20085
20098
20119
20179
20226
20376
20503
20657
21052
21163
21828
22098
22209
22228
22243
22256
22688
23341
23369
23477
23538
23895
23915
24873
25026
25251
25392
25751
25760
25861
26204
26628
26722
26964
27373
27853
28015
28039
28403
28655
29009
29015
29984
30057
30075
30236
30329
30433
30697
31037
31076
31535
32341
32491
32635
32707
32764
32775
33100
33223
33256
33668
33695
34007
34130
34356
34523
34691
34942
34945
35345
35829
36075
36342
36483
36897
36988
36991
37009
37171
37187
37246
37416
38795
38836
39106
39222
40036
40105
40348
40995
41302
41564
41600
41603
41788
42155
42300
42364
42843
43107
43128
43447
44686
45610
46112
Number of cuts: 179

Trina
713
1869
2091
2298
2571
3936
4005
5687
6350
6843
7352
8555
9109
9672
11535
11992
12304
12405
12879
14033
15830
17061
18601
18663
18846
19001
19038
19195
21199
21476
21697
21903
23100
23542
24129
24450
25540
26218
27426
29096
31427
31938
32826
33138
33306
33363
34779
35501
36603
36611
37843
38161
38922
40105
40386
40599
40666
41167
41344
42308
42453
42828
44896
47530
48368
48538
51308
51601
52972
53583
53661
55522
57600
57862
58071
60749
64719
64852
64870
65476
65704
68125
68691
68937
70571
70596
71195
71276
73766
73815
74386
74441
74962
75012
75814
77683
78571
78583
78781
79953
80255
81035
82903
83140
84732
85637
86435
88233
88616
88884
89933
90287
90575
90661
92133
95806
95820
95991
97553
98324
98620
99142
100157
100437
101903
103680
105292
105771
105891
106144
106248
106950
107102
107745
108030
108483
109330
111567
112046
112406
113101
113257
113329
113361
114817
115404
115574
117735
118295
119806
120722
121059
121178
121425
121575
121857
121912
123611
123650
124734
124867
126183
126247
126384
126745
127593
127799
128953
129271
129577
130789
131711
131762
132002
132613
133140
134091
137115
138271
138493
138700
138973
Number of cuts: 182

TWAMP
369
770
1825
2071
2266
2482
2833
2932
3341
3424
3743
3750
3789
3825
3927
4065
4141
4162
4281
4440
4638
4698
4746
4904
5099
6182
6319
6659
7120
7488
7530
7533
7810
8279
8344
8484
8514
8592
9453
10086
10208
10432
11125
11149
11178
11517
11631
11861
12877
12973
13053
13657
14053
14367
14401
14479
14542
14599
14977
15403
15443
15843
16083
16975
17055
17161
17215
17240
17356
17510
17720
17822
18610
18734
19802
20159
20266
20416
20543
21083
21203
21703
21868
22053
22138
22716
23369
23505
23922
23942
24900
25278
25419
25778
25787
25888
26655
26749
26991
27400
27479
28430
28682
29036
29042
29919
30077
30150
30234
30329
30422
30526
30790
31022
31130
31169
32421
32800
32860
32871
33007
33019
33196
33232
33319
33352
33583
33648
33833
33956
34182
34349
34759
34762
35162
35577
35646
35892
36714
36805
36826
36988
37004
37096
37233
38923
39039
39151
39377
39424
40690
41380
41416
41419
41972
42283
42665
43118
43348
44055
44968
44980
45371
45682
45899
Number of cuts: 165

UhSalsa
369
770
1825
2071
2266
2482
2752
2833
2962
3341
3424
3743
3750
3789
3825
3897
3927
4065
4141
4162
4281
4440
4638
4698
4746
4904
5099
6182
6319
6659
7120
7488
7530
7533
7810
8279
8344
8484
8514
8592
9453
10086
10432
11125
11149
11178
11517
11861
12877
12973
13053
13657
14053
14367
14401
14479
14542
14599
14977
15403
15443
15843
16083
16975
17055
17161
17215
17240
17356
17510
17720
17822
18610
18734
19802
20159
20266
20416
20543
20615
21083
21203
21789
21868
22138
22716
23369
23505
23922
23942
24901
25054
25279
25420
25779
25788
25889
26656
26750
26992
27401
27480
28431
28683
29037
30010
30083
30101
30167
30262
30355
30459
30723
31063
31102
32354
32733
32793
32804
32940
32952
33106
33252
33285
33516
33581
33766
33889
34115
34282
34450
34701
34704
35104
35588
35834
36656
36747
36768
36930
36946
37038
37175
38595
38865
38981
39066
39093
39316
39363
39859
41321
41357
41360
41913
42224
42606
43059
43289
43996
44909
44921
45312
45623
45840
Number of cuts: 165

Weasels2
4571
5845
5994
9663
10470
11065
14807
15319
16936
19391
20258
21801
22288
25387
25543
26115
26999
28240
30327
32401
32887
37014
39640
40021
40918
42864
43131
45635
48626
54230
55373
55769
56988
58166
59250
59561
60724
63217
63935
63938
64760
66206
66975
70841
71360
73590
73709
73731
77643
77691
78933
78936
79486
79501
79675
79794
80838
83117
84399
86462
88534
89456
89879
90126
93071
95438
95467
96875
100568
101667
101778
101975
103431
105300
109698
109789
109817
110771
110957
111919
114233
116643
116857
117202
117374
117751
119163
122966
125226
127612
Number of cuts: 90

Yogi
369
770
1825
2071
2266
2482
2752
2833
2962
3341
3424
3710
3789
3825
3927
4065
4141
4162
4281
4440
4638
4698
4746
4904
5099
6182
6236
6304
6644
7105
7473
7795
7952
8217
8344
8466
8941
8977
9421
9788
10054
10400
10619
10706
11099
11123
11152
11491
11835
12537
12548
12842
12845
12947
13027
14279
14341
14375
14453
14573
15265
15377
15417
15817
16949
17135
17330
17742
17796
18584
18708
19001
19578
20070
20099
20133
20240
20390
20517
21057
21177
21842
21977
22112
22690
23343
23479
23896
23916
24874
25027
25252
25393
25752
25761
25862
26076
26629
26723
27374
27453
28404
28656
29010
29016
29893
30051
30124
30142
30303
30396
30500
30764
31104
31143
32395
32774
32834
32845
32981
32993
33147
33170
33293
33326
33557
33622
33807
33930
34156
34320
34730
34733
35133
35548
35863
36417
36585
36588
37065
37156
37177
37339
37355
37447
37584
39274
39390
39475
41041
41731
41767
41770
42323
43016
43469
43699
45319
45331
45722
46235
Number of cuts: 161

Yoncess
369
770
2071
2266
2482
2752
2833
2962
3341
3424
3710
3789
3825
3927
4065
4141
4162
4281
4440
4638
4698
4746
4904
5099
6182
6236
6304
6644
7105
7473
7795
7952
8217
8344
8466
9421
9788
10054
10400
10619
10706
11099
11123
11152
11491
11835
12537
12548
12842
12845
12947
13027
14279
14341
14375
14453
14573
15265
15377
15417
15817
16949
17135
17330
17742
17796
18584
18708
19001
19578
20099
20133
20240
20390
20517
21057
21177
21842
21977
22113
22544
22691
23066
23344
23480
23897
23917
24030
24571
24875
25028
25253
25394
25753
25762
25863
26077
26630
26724
26966
27375
28405
28657
29011
29068
29831
29904
29922
30083
30176
30280
30544
30776
30884
30923
32175
32554
32614
32625
32761
32773
32927
32950
33073
33106
33337
33402
33587
33710
33936
34103
34513
34516
34916
35646
36054
36468
36559
36580
36706
36742
36758
36850
36987
38407
38677
38793
40444
41134
41170
41173
41730
42423
42877
43814
44727
44739
45130
45358
45441
45658
Number of cuts: 161

