Alatin
496
559
565
608
664
898
1071
1085
1326
1374
1545
1573
1689
1990
2298
2850
2958
3085
3381
3422
3690
3720
4852
4882
5944
6580
7048
7053
7113
7162
7244
7397
7902
8033
8039
8081
8243
8850
9239
9308
9390
9696
9705
10157
10591
10840
11089
11097
12049
12079
12103
12213
12294
12573
13107
13371
13982
14302
14814
15010
15249
15348
15590
15596
17057
17612
18691
18734
18819
19511
19984
20737
21244
21278
21338
21358
21463
21517
21553
22423
22593
23770
23873
24267
25560
25910
26396
27463
27540
27653
28503
28724
30429
30474
31619
31702
32274
32450
33513
33608
33894
34270
34418
34478
34762
35460
35853
35889
36309
36333
36766
36845
37381
37837
37870
38020
38076
38113
39053
39209
39506
39613
40254
40469
40479
40564
40623
41686
41698
41916
42537
42620
42929
42968
43453
43703
43710
43782
43950
44093
44487
44538
44833
44971
45149
45212
45880
Number of cuts: 147

Alpacados
496
559
565
608
664
898
1071
1085
1326
1374
1545
1573
2260
2812
2920
3047
3127
3343
3384
3652
3682
4521
4814
4844
5906
5981
6995
7000
7060
7109
7191
7344
7626
7849
7980
7986
8780
9169
9238
9320
9626
9635
10087
10674
10776
10932
11025
11033
11985
12015
12039
12149
12230
12509
13043
13918
14750
15284
15290
15526
15532
16596
16993
17014
17548
17605
18627
18670
19920
21214
21274
21294
21399
21435
21620
22144
22589
22811
22857
23639
23742
24136
24647
25429
25662
25815
26301
26676
26679
27368
27445
27558
28629
28668
30334
31524
31607
32179
32355
33173
33418
33573
33799
34175
34664
35362
35755
35791
36659
36722
37274
37730
37763
37913
37969
38006
38140
38946
39102
39399
39506
40077
40292
40302
40387
40446
41509
41521
41739
42060
42074
42360
42443
42752
42791
43276
43526
43533
43605
43773
43916
44310
44361
44656
44794
44972
45703
Number of cuts: 147

AngryOrchard
497
560
566
605
855
1064
1078
1319
1367
1538
1566
1935
2243
2795
2903
3030
3110
3326
3367
3635
3665
4797
4827
5824
5889
6510
6978
6983
7043
7092
7174
7327
7609
7832
7963
7969
8763
9152
9221
9303
9463
9609
9618
10070
10759
10915
11008
11016
11998
12022
12132
12213
12492
13026
13290
13901
14733
15267
15271
15509
16579
16976
17531
18610
18616
18653
18738
19090
19700
19903
20438
20942
21163
21197
21257
21277
21418
21603
21913
22287
22367
22457
23738
24132
25425
25622
25775
27327
27404
27517
28367
28588
28642
29816
30227
31417
31500
32072
32254
33308
33403
33581
33770
33959
34335
34824
35915
35951
36819
36882
37434
37890
37923
38073
38129
38166
38300
39106
39262
39559
39666
40309
40524
40618
40677
40788
40811
41751
41766
41969
42267
42466
42618
42974
43013
43498
43748
43755
43824
44135
44580
44875
45059
45809
Number of cuts: 144

AppleCloud
72
260
323
329
372
459
864
878
1119
1167
1396
1699
2007
2559
2667
2794
2874
3090
3131
3399
3429
4268
4561
4591
5653
5728
6742
6747
6807
6856
6938
7091
7373
7596
7727
7733
8515
8892
8961
9043
9203
9349
9810
10244
10493
10750
11702
11732
11756
11866
11947
11956
12028
12245
12784
13072
13190
13820
13947
14659
14765
14779
16625
17022
18656
18662
18699
19476
19746
19949
21243
21303
21323
21649
21959
22241
22417
23291
23776
24142
25435
25632
25785
26271
27141
27338
27415
28457
28678
30159
31296
31349
31432
32004
32180
33243
33503
33618
34244
34489
35187
35580
35616
36484
36547
37099
37555
37588
37738
37794
37831
38771
39221
39328
39969
40182
40281
41403
41415
41633
42254
42337
42646
42685
43170
43420
43427
43499
43667
43810
44204
44255
44550
44688
44866
44929
45597
Number of cuts: 137

Belenaria
496
559
565
608
664
898
1071
1085
1326
1374
1545
1573
1689
1990
2298
2850
2958
3085
3381
3422
3690
3720
4852
4882
5944
6580
7048
7053
7113
7162
7244
7397
7902
8033
8039
8081
8243
8850
9239
9308
9390
9696
9705
10157
10591
10840
11089
11097
12049
12079
12103
12213
12294
12573
13107
13371
13982
14302
14814
15010
15249
15348
15590
15596
17057
17612
18691
18734
18819
19511
19984
21244
21278
21338
21358
21463
21499
22208
22653
23703
23806
24201
24964
25494
25844
26330
26705
27397
27474
27587
27602
28437
28658
28697
29884
30295
31485
31568
32140
32316
33379
33474
33760
34136
34284
34353
34637
35335
35728
35764
36632
36695
37247
37703
37736
37886
37942
37979
38919
39369
39476
40117
40330
40429
41551
41563
41781
42402
42485
42794
42833
43318
43568
43575
43647
43815
43958
44352
44403
44698
44836
45014
45077
45745
Number of cuts: 144

BobbyDazzler
496
559
565
608
664
898
1071
1085
1326
1374
1545
1573
1753
2369
2921
3029
3156
3236
3452
3493
3761
3791
4630
4923
4953
6015
6090
7104
7109
7169
7218
7300
7453
7735
7958
8089
8095
8889
9278
9347
9429
9735
9744
10196
10783
10885
11041
11134
11142
12094
12124
12148
12258
12339
12618
13152
13900
14027
14859
15393
15399
15635
15641
16705
17102
17123
17657
17714
18736
18779
20029
20564
21323
21383
21403
21508
21544
21729
22254
22402
22699
22921
22967
23749
24246
25009
25539
25736
25889
26375
26750
27442
27519
27632
28703
28742
28757
30408
31598
31681
32253
32429
33247
33492
33647
33873
34249
34397
34457
34741
35439
35667
35832
35868
36736
36799
37351
37807
37840
37990
38046
38083
38217
39023
39179
39476
39583
40224
40439
40449
40534
40593
41657
41669
41887
42508
42591
42900
42939
43424
43674
43681
43753
44064
44458
44509
44804
44942
45120
45851
Number of cuts: 150

Bonanza
496
559
565
608
664
898
1071
1085
1326
1374
1545
1573
1689
1990
2298
2850
2958
3085
3165
3381
3422
3690
3720
4559
4852
4882
5944
6019
7033
7038
7098
7147
7229
7382
7664
7887
8018
8024
8818
9207
9276
9358
9664
9673
10125
10712
10814
10970
11063
11071
12023
12053
12077
12187
12268
12547
13081
13956
14788
15322
15328
15564
15570
16634
17031
17052
17586
17643
18665
18708
19958
21218
21252
21312
21332
21473
21658
22182
22627
23677
23780
24174
24685
25467
25664
25817
26303
26678
27370
27447
27560
28631
28670
30336
31526
31609
32181
32357
33175
33420
33575
33801
34177
34666
35364
35757
35793
36543
37041
37104
37656
38112
38145
38295
38351
38388
38522
39328
39781
39888
40529
40744
40754
40839
40898
41961
41973
42191
42512
42526
42812
42895
43204
43243
43728
43978
43985
44057
44225
44368
44762
44813
45108
45246
45424
46140
Number of cuts: 146

Bradshaw
496
559
565
608
664
898
1071
1085
1326
1374
1545
1573
1689
1990
2298
2736
2850
2958
3085
3381
3422
3690
3720
4852
4882
5944
6580
7048
7053
7113
7162
7244
7397
7902
8033
8039
8081
8243
8850
9239
9308
9390
9696
9705
10157
10591
10840
11089
11097
12049
12079
12103
12213
12294
12573
13107
13371
13982
14302
14814
15010
15249
15348
15590
15596
17057
17612
18691
18734
18819
19511
19984
21244
21278
21338
21358
21463
21499
22208
22653
23703
23806
24200
25493
25843
26329
26704
27396
27473
27586
28436
28657
30362
30407
31552
31635
32207
32383
33446
33541
33827
34203
34351
34411
34695
35393
35786
35822
36242
36266
36699
36778
37314
37770
37803
37953
38009
38046
38986
39142
39439
39546
40187
40402
40412
40497
40556
41619
41631
41849
42470
42553
42862
42901
43386
43636
43643
43715
43883
44026
44420
44471
44766
44904
45033
45082
45813
Number of cuts: 147

Bryce
496
559
565
608
664
898
1071
1085
1326
1374
1545
1573
1689
1990
2298
2850
2958
3085
3165
3381
3422
3690
3720
4559
4852
4882
5944
6019
7033
7038
7098
7147
7229
7382
7664
7887
8018
8024
8818
9207
9276
9358
9664
9673
10125
10712
10814
10970
11063
11071
12023
12053
12077
12187
12268
12547
13081
13829
13956
14788
15322
15328
15564
15570
16634
17031
17052
17586
17643
18665
18708
19958
20493
21218
21252
21312
21332
21437
21473
21658
22183
22331
22628
22850
22896
23678
24175
24938
25468
25665
25818
26304
26679
27371
27448
27561
28632
28671
28686
30116
31306
31389
31961
32137
32955
33200
33355
33581
33957
34105
34165
34449
35147
35375
35540
35576
36444
36507
37059
37515
37548
37698
37754
37791
37925
38731
38887
39184
39291
39932
40147
40157
40242
40301
41365
41377
41595
42216
42299
42333
42608
42647
43132
43382
43389
43461
43772
44166
44217
44512
44650
44828
45559
Number of cuts: 153

ChewyVIII
629
776
981
1160
1178
1263
1330
2248
2356
2805
2835
3521
3622
3631
4129
4424
4708
4919
5173
5439
6454
6720
6724
7485
7544
7553
7671
7718
7748
7844
7976
8366
8590
8927
9151
9666
9947
10331
10346
10853
11377
11392
11540
11752
12546
12552
12780
12811
12912
13169
13181
13387
13523
13662
13728
13919
13949
14183
14696
15496
15768
15852
15888
16062
16314
16531
16650
17091
17100
17139
17355
17530
17568
17640
17703
17730
17793
17931
18392
19032
19037
19270
19387
19578
19853
20004
20658
20812
21147
21575
21662
21950
22185
22304
22478
23120
23253
23346
23653
23982
24351
24949
24953
25324
25581
26632
26646
26979
27045
27075
27158
27266
27646
27664
27896
27967
28065
28221
29372
30413
30569
30929
30960
31283
31289
31541
32008
32042
32284
33383
33515
33670
33712
33733
33755
33826
33830
33986
34060
34162
34288
34873
34931
34963
35095
35474
35617
35654
35795
36364
36707
36913
37003
37761
38034
38109
38163
38172
39439
39445
39502
39712
39771
39867
39944
40776
40841
41125
41160
41330
41974
42463
42850
43741
44015
44613
44858
45222
45269
45351
45489
45654
46092
46113
46434
46521
46626
46983
47000
47274
48031
48061
48280
48379
48563
48914
49137
49648
50259
50286
50475
51126
51201
51335
51377
51614
52083
52134
52296
52939
53078
53354
53603
53713
54001
54019
54283
54973
55387
55606
55654
55699
55792
55855
56168
56228
56426
56641
56898
57076
57116
57286
57406
57871
57927
58219
58351
58447
59047
59086
59107
59370
60061
60124
60526
60913
61647
61709
61732
62660
64052
64539
65127
66626
67174
68827
68979
Number of cuts: 257

CosmicSans
496
559
565
608
664
898
1071
1085
1326
1374
1545
1573
1689
1990
2298
2736
2850
2958
3085
3381
3422
3690
3720
4852
4882
5944
6580
7048
7053
7113
7162
7244
7397
7902
8033
8039
8081
8243
8850
9239
9308
9390
9696
9705
10157
10591
10840
11089
11097
12049
12079
12103
12213
12294
12573
13107
13371
13982
14302
14814
15010
15249
15348
15590
15596
17057
17612
18691
18734
18819
19511
19984
21244
21278
21338
21358
21463
21499
22208
22653
23703
23806
24200
24963
25493
25843
26329
26461
26704
27396
27473
27586
28436
28657
30362
30407
31552
31635
32207
32383
33446
33541
33827
34203
34351
34411
34695
35393
35786
35822
36690
36769
37305
37761
37794
37944
38000
38037
38977
39133
39430
39537
40178
40393
40403
40488
40547
41610
41622
41840
42461
42544
42853
42892
43377
43627
43634
43706
43874
44017
44411
44462
44757
44895
45073
45804
Number of cuts: 146

Dinger
497
560
566
857
1066
1080
1321
1369
1540
1568
1685
1986
2294
2846
2954
3081
3161
3377
3418
3686
3716
4019
4555
4848
4878
5940
6561
7029
7034
7094
7143
7225
7378
7660
7883
8014
8020
8814
9203
9272
9354
9660
9669
9962
10121
10555
10810
10966
11059
11067
12049
12073
12183
12264
12543
12588
13077
13952
14737
15318
15322
15560
16630
17027
18661
18704
18789
19141
19954
20993
21214
21248
21308
21328
21397
21469
21654
21964
22419
22837
23790
24184
25477
25674
25827
26313
27183
27380
27457
28499
28720
30231
31421
31504
32076
32284
33315
33410
33588
33777
33845
33960
34336
34484
34553
34837
35535
35928
35964
36465
36832
36911
37447
37903
37936
38086
38142
38179
38313
39119
39275
39572
39679
39851
40322
40537
40631
40825
41766
41987
42285
42636
42992
43031
43516
43766
43773
43842
44153
44598
44893
45827
46139
Number of cuts: 143

DocB7
523
578
928
1078
1108
1162
1326
1422
1509
1969
2011
2219
2359
2512
2614
2725
3274
3446
3826
3836
3841
4219
4538
5062
5176
5405
5541
5614
5787
6751
7094
7415
7820
8204
8294
8399
8500
8832
9076
9199
9204
9573
9695
9929
10613
10826
11210
11252
11354
11489
11834
11869
12205
12235
12276
12484
12550
12674
13115
13459
13545
13617
13815
13902
13935
14133
14196
14305
14696
14960
15220
15373
15591
15639
15759
15952
16125
16134
16168
16200
16302
16527
16533
16588
17419
17559
18125
18272
18366
18413
18569
18578
18902
18911
19361
19637
19659
19806
19938
20136
20150
20330
21281
21418
21461
21791
21839
21856
21864
22100
22133
22217
22700
23043
23295
23656
23819
24035
24690
25193
25514
25601
25641
25805
25820
25847
25948
26129
26235
27316
27317
27862
27982
28144
28242
28783
28843
29428
29775
29800
29940
30096
30279
30540
30663
30813
30942
31479
31622
31664
31805
31973
32785
32877
32898
32991
33137
33266
33321
33524
33555
33842
34128
34134
34260
34302
34458
34479
35016
35322
35523
35673
36165
36503
36520
36656
36673
36861
37392
37416
37566
37640
37703
38043
38048
38234
38363
38619
38702
38743
38780
39333
39388
39549
39696
39990
40158
40425
40581
41056
41186
41235
41259
41414
41752
41859
41941
41974
42252
43299
43337
43377
43801
44393
44406
44491
44710
44880
45072
45220
45500
45506
46536
46596
46689
46777
47581
47608
47725
47937
48099
48311
48483
48661
48723
49087
49111
49696
50334
50839
50844
50958
50973
50988
51162
51251
51264
51384
51560
51587
51713
52118
52234
52328
52379
52441
52744
53194
53221
53272
53376
53743
53847
54625
54699
54767
54829
55143
55626
55689
55996
56032
56317
56527
56690
56783
56993
56993
57145
57186
57198
57222
57446
57502
57539
57656
57942
58184
58241
58279
58650
58737
59491
59608
59887
60373
60771
60932
61300
61369
61596
61648
61786
62779
63001
63108
63172
63268
63355
63681
63801
63828
64050
64132
64176
70806
70936
71604
71780
71820
71921
71989
72148
72779
73142
73253
73487
73605
73649
74002
74395
74856
74905
75060
75471
Number of cuts: 335

E3
345
479
776
1052
2284
2524
3202
3367
4687
5017
5088
5474
5726
5984
6089
6160
6361
6683
6719
6923
7109
7118
7303
7309
8100
8296
9223
10093
10234
10796
10832
10940
11293
11392
12096
12411
12420
13100
14163
14295
15067
15309
15824
16034
16266
16589
16726
16880
16889
16976
17045
17227
17296
17879
19267
19422
20030
20320
20529
20853
21312
21401
21778
21923
22043
22231
22330
22439
23096
23461
23569
23677
23789
24055
24390
24521
24581
24740
25376
25993
26107
26403
26450
26656
27184
27622
28456
28510
28591
28591
28702
29420
29754
30881
31031
31322
31622
32271
32844
33201
34225
34314
34797
34992
36189
36261
37093
37264
37381
37462
38323
39312
39483
39727
40191
40294
40461
40992
41464
41841
42084
42129
42474
44050
44452
44960
45153
45290
45440
45525
46146
46377
46422
46714
48527
48992
49292
50255
50786
50939
51302
51332
52505
53304
54010
54336
54611
54739
55223
55244
55905
56874
56910
56961
57311
57563
57785
57803
57866
58112
58475
58549
58634
59073
59934
59946
60045
60872
60902
61214
61390
61549
61654
61708
61765
61817
61865
61903
61931
62064
62753
63365
63593
64238
65111
65327
66212
66662
66980
67396
67859
67942
68061
68211
68262
68307
68741
70444
70525
70690
70849
70870
71212
71451
72133
72493
72649
73195
73492
74902
75822
75882
75957
77742
78276
78458
78629
79637
79834
80134
80254
80623
80857
81283
83239
83551
83990
85216
85605
85686
85755
86163
86454
86478
86556
86571
86704
86799
87119
87484
88167
88302
88341
88765
89067
89172
89552
90347
90626
91100
91660
91852
92177
92807
92834
93476
93632
93806
93839
94243
94787
94931
95291
95587
95710
95815
96627
96799
96945
97607
97706
99695
100128
100789
100870
101052
101255
101262
101490
102178
102436
102550
102646
102816
102820
103194
103891
103933
105452
105896
105977
106166
106418
106583
106619
106634
106742
107256
108509
108515
109185
109527
109541
109599
109671
110326
110464
110587
110665
110964
111090
111666
111933
112032
113267
113711
114046
114103
115043
115558
115723
116031
116238
116635
116866
116977
117155
117440
118079
118553
118795
118849
118938
119395
119407
119458
119473
119668
119889
119962
120103
120199
120316
120982
121105
121665
121948
122034
122445
122963
123332
123389
123463
123520
124048
124453
124680
124726
124899
124956
125495
125642
126547
126634
126773
127118
128088
128926
129012
129767
130204
130588
130953
131301
131319
131517
131709
132379
132432
132549
133202
133550
134006
134177
134351
135020
135245
135602
136073
136124
136728
136995
137163
137569
137634
138135
138189
138201
138372
138591
138627
138705
138717
139307
139388
139487
139907
140760
141876
142251
Number of cuts: 410

Erik
496
559
565
608
664
898
1071
1085
1326
1374
1545
1573
1689
1990
2298
2850
2958
3085
3381
3422
3690
3720
4852
4882
5944
6580
7048
7053
7113
7162
7244
7397
7902
8033
8039
8081
8243
8849
9238
9307
9389
9695
9704
10156
10590
10839
11088
11096
12048
12078
12102
12212
12293
12572
13106
13370
13981
14301
14813
15009
15248
15347
15589
15595
17056
17611
18690
18733
18818
19510
19983
21243
21277
21337
21357
21462
21498
22207
22652
23701
23804
24198
24961
25491
25841
26327
26702
27394
27471
27584
27599
28434
28655
28694
29883
30294
31484
31567
32139
32315
33133
33378
33473
33759
34135
34283
34343
34627
35325
35718
35754
36622
36701
37237
37693
37726
37876
37932
37969
38909
39065
39362
39469
40110
40234
40319
40378
41441
41453
41671
42292
42375
42684
42723
43208
43458
43465
43537
43705
43848
44242
44293
44588
44726
44904
45635
Number of cuts: 146

Espica
496
559
565
608
664
898
1071
1085
1326
1374
1545
1573
1689
1990
2298
2850
2958
3085
3381
3422
3690
3720
4852
4882
5944
6580
7048
7053
7113
7162
7244
7397
7902
8033
8039
8081
8243
8850
9239
9308
9390
9696
9705
10157
10591
10840
11089
11097
12049
12079
12103
12213
12294
12573
13107
13371
13982
14302
14814
15010
15249
15348
15590
15596
17057
17612
18691
18734
18819
19511
19984
21244
21278
21338
21358
21463
21499
22208
22653
23703
23806
24201
24964
25494
25844
26330
26705
27397
27474
27587
27602
28437
28658
28697
29884
30295
31485
31568
32140
32316
33134
33379
33474
33760
34136
34284
34353
34637
35335
35728
35764
36632
36695
37247
37703
37736
37886
37942
37979
38919
39369
39476
40117
40330
40429
41551
41563
41781
42402
42485
42794
42833
43318
43568
43575
43647
43815
43958
44352
44403
44698
44836
45014
45077
45745
Number of cuts: 145

Finch
85
134
259
573
1070
1158
1236
1650
1770
2732
2979
3125
3486
3814
3913
3948
4459
4636
4866
5201
5247
5630
5920
6083
6287
6533
7145
7580
7593
7703
7997
8845
9127
9226
9563
9589
10245
10527
10740
10942
11733
11742
11977
12063
12186
12280
12489
12744
12768
13230
13601
13688
13904
14054
14075
14517
14867
14943
14984
15279
15346
15485
15497
15627
16210
16651
17164
17343
17370
17493
17643
17679
17787
17793
17853
18133
18727
19064
19385
19430
19430
19835
20230
20303
20521
20686
21110
21618
21897
22262
22483
23174
23323
23704
23809
23845
24019
24305
24624
24691
24771
24793
24820
24853
25030
26028
26692
26961
28705
29900
30083
30105
31421
31427
32171
32526
32639
33236
33714
33849
34072
34184
34769
35682
36552
36564
37090
38005
38700
39568
40051
40351
40566
41716
41884
41935
42007
43128
43171
43414
43567
43780
45044
45524
45533
46309
46555
47901
48470
48778
48827
48916
49000
49195
49256
49282
50520
50677
50718
51336
51381
51429
51846
51966
52377
52944
53000
53652
53745
53772
53793
54024
54110
54300
54309
54546
54618
54669
54790
54835
55070
55178
55260
55322
55367
55562
55748
55808
56265
57371
57510
57632
57668
57935
58422
58445
58761
59094
59113
59467
59474
59934
59997
60147
60192
60526
61078
61189
61417
61669
61769
62087
62321
63200
64561
64702
64765
64975
65248
65279
65351
65396
65420
65698
66496
66931
67621
68278
68673
68688
68703
68773
68937
69198
69597
70566
70884
71040
71528
71932
72340
72373
72647
72691
72709
73214
74133
74181
74448
74673
74907
75029
75151
75934
76580
76616
76682
76706
76940
76958
77689
77734
78001
78085
78455
78847
79223
79701
79970
80208
80557
81416
81897
83019
83237
83528
83675
83932
84883
85494
86158
86572
86601
87102
87257
87305
87601
88090
89359
89512
89789
89885
90239
90284
90696
90726
90752
91283
91283
91534
91782
91809
91821
92057
92124
92920
93162
93238
93441
93789
93951
94384
94515
94663
95171
95307
95807
95946
96053
96294
96506
96665
97090
97126
97490
98329
98906
98967
98998
99194
99461
100066
100395
100673
100871
101402
101628
102045
102083
102161
102260
102545
103956
104002
104766
104781
105011
105651
105708
105813
105915
106217
107176
107235
107358
108468
108679
109188
109213
109363
109390
109486
109521
109582
110201
110303
110691
110976
111225
111443
111930
112074
112376
112581
112716
112887
112929
112994
113073
113673
113852
114864
115224
115787
116607
116637
116958
117285
117339
117369
117442
117557
117640
118672
118795
119375
119659
120186
120210
120575
120780
121008
121308
121539
121946
122225
122258
122871
122995
123866
124373
124440
124696
124706
124732
125364
125572
125685
125724
125880
126297
127724
128179
129106
129271
129478
129494
129677
129685
129738
130009
130402
131467
131800
131857
131957
132815
133944
134530
134849
135350
135407
136080
136299
137286
137725
137746
Number of cuts: 447

Gollum
496
559
565
608
664
898
1071
1085
1326
1374
1545
1573
1689
1990
2298
2850
2958
3085
3381
3422
3690
3720
4852
4882
5944
6580
7048
7053
7113
7162
7244
7397
7902
8033
8039
8081
8243
8850
9239
9308
9390
9696
9705
10157
10591
10840
11089
11097
12049
12079
12103
12213
12294
12573
13107
13371
13982
14302
14814
15010
15249
15348
15590
15596
17057
17612
18691
18734
18819
19511
19984
21244
21278
21338
21358
21463
21499
22208
22653
23703
23806
24200
24963
25493
25690
25843
26329
26461
26704
27396
27473
27586
27601
28436
28657
28696
30360
30405
31550
31633
32205
32381
33199
33444
33539
33825
34201
34349
34409
34693
35391
35784
35820
36688
36751
37303
37759
37792
37942
37998
38035
38975
39425
39532
40120
40335
40345
40430
40489
41552
41564
41782
42403
42486
42795
42834
43319
43569
43576
43648
43816
43959
44353
44404
44699
44837
45015
45078
45746
Number of cuts: 149

Grayson
1029
2627
5004
5028
5876
6496
7317
7359
7470
8604
8628
8792
8998
9339
9542
9611
10125
10199
10712
10863
10923
11172
12028
12649
13422
14102
14323
15393
15498
15838
16357
16988
17090
17784
17874
17934
18667
18860
19251
19376
19807
20189
21434
22386
23456
23835
23967
24837
25065
25412
25511
25584
25868
26247
27056
27105
28899
29013
30015
30275
30287
30645
30838
30934
32154
33251
34292
34528
35711
36219
36902
37331
37778
38282
38757
39367
39694
39818
39971
39994
40153
40658
40798
41251
41390
42542
43422
43651
44351
45797
46671
46684
46730
46788
46871
46961
47104
47108
47276
48049
48221
48479
48683
48743
48773
49838
49943
50287
51221
51353
51844
52924
53102
54147
54606
55852
56419
56861
57557
58317
58401
59450
59702
60017
61343
61521
61713
61761
61877
61929
62414
62615
62761
63024
63027
63204
63491
64043
64076
65421
65448
65465
65577
65907
65980
67553
68004
68335
68800
68869
69750
70729
71161
71209
73036
73053
73625
74637
74732
74975
75893
75936
76357
76626
77313
78164
78222
78353
80788
81185
81295
81469
82282
82382
82451
82957
82976
83287
83914
84104
84408
84435
84764
85076
85443
86514
86686
87363
88050
88617
88968
89691
90512
90563
90620
90779
91678
91706
92237
92562
92742
93878
94049
95231
95558
96054
96059
96519
96977
97206
97337
97403
97436
98275
98944
100809
101436
101474
101558
101919
102283
102339
102673
102742
102810
102819
103278
103770
103881
103934
103974
104340
104440
104714
104918
105237
105349
106126
106249
107182
108566
108743
108818
109976
110070
110491
110568
111243
112188
112430
112939
114351
114574
116353
116380
116900
117169
119229
120439
122996
123621
123717
124960
126884
128010
128184
129930
131528
Number of cuts: 268

Harlequin
496
559
565
608
664
898
1071
1085
1326
1374
1545
1573
1689
1990
2298
2850
2958
3085
3165
3381
3422
3690
3720
4559
4852
4882
5944
6019
6565
7033
7038
7098
7147
7229
7382
7664
7887
8018
8024
8806
9183
9252
9334
9494
9640
9649
10101
10688
10790
10946
11039
11047
11999
12029
12053
12163
12244
12523
13057
13805
13932
14764
15298
15304
15540
15546
16610
17007
17028
17562
17619
18641
18684
19934
20469
21194
21228
21288
21308
21413
21467
21503
21688
22213
22361
22658
22880
22926
23708
24205
24968
25498
25695
25848
26334
26709
27401
27478
27591
28662
28701
28716
30146
31336
31419
31991
32167
32985
33230
33385
33611
33987
34135
34195
34479
35177
35405
35570
35606
36474
36537
37089
37545
37578
37728
37784
37821
37955
38761
39214
39321
39964
40178
40276
40320
41400
41412
41630
42251
42334
42368
42643
42682
43167
43417
43424
43496
43807
44201
44252
44547
44685
44863
45594
Number of cuts: 154

Hiro
496
559
565
608
664
898
1071
1085
1326
1374
1545
1573
1689
1990
2298
2850
2958
3085
3165
3381
3422
3690
3720
4559
4852
4882
5944
6019
7033
7038
7098
7147
7229
7382
7664
7887
8018
8024
8806
9183
9252
9334
9494
9640
10101
10535
10784
11041
11993
12023
12047
12157
12238
12247
12319
12536
13075
13363
14111
14238
14950
15056
15070
15846
16916
17313
18947
18953
18990
19075
20037
20240
21534
21594
21614
21940
22250
22532
22708
23213
23582
24460
25223
25753
25950
26103
26589
26964
27656
27733
27846
28917
28956
28971
30622
31812
31895
32467
32643
33461
33706
33861
34087
34463
34611
34671
34955
35653
35881
36046
36082
36950
37013
37565
38021
38054
38204
38260
38297
38431
39237
39690
39797
40438
40653
40663
40748
40807
41871
41883
42101
42722
42805
42839
43114
43153
43638
43888
43895
43967
44278
44672
44723
45018
45156
45334
46065
Number of cuts: 147

Jace
333
1853
2205
2721
3355
4606
5066
5123
5315
5358
5363
5578
5708
5762
6317
7113
7501
8787
8809
9442
10377
10623
10803
11280
11428
11514
11607
11829
12087
12406
12498
13437
13479
13653
14954
14957
15194
15530
17217
17518
18526
18542
19151
19603
20020
21278
21326
21619
21706
22284
22797
23571
23617
24260
25421
25501
25513
25571
25741
26209
26972
27210
28841
29430
30488
32307
33249
35210
35907
36217
36427
37187
37644
38139
39582
39780
40155
41732
41759
42359
42807
42996
43068
43655
43775
45834
46387
47219
47553
48070
48190
48562
48717
50465
50561
51283
51785
52924
Number of cuts: 98

Jester
496
559
565
608
664
898
1071
1085
1326
1374
1545
1573
1689
1990
2298
2850
2958
3085
3165
3381
3422
3690
3720
4559
4852
4882
5944
6019
6565
7033
7038
7098
7147
7229
7382
7664
7887
8018
8024
8806
9183
9252
9334
9494
9640
9649
9942
10101
10535
10784
11041
11458
11993
12023
12047
12157
12238
12517
13799
13926
14638
16604
17001
18635
18678
19928
20463
21188
21222
21282
21302
21407
21443
21628
22144
22292
22589
22811
22857
23639
24136
24899
25429
25626
25779
26265
26640
27332
27409
27522
28593
28632
28647
30077
31267
31350
31922
32098
32916
33161
33316
33542
33918
34066
34126
34410
35108
35336
35501
35537
36405
36468
37020
37476
37509
37659
37715
37752
37886
38692
39145
39252
39895
40109
40207
40251
41331
41343
41561
42182
42265
42299
42574
42613
43098
43348
43355
43427
43738
44132
44183
44478
44616
44794
45525
Number of cuts: 145

Krishelle
496
559
565
608
664
898
1071
1085
1326
1374
1545
1573
1689
1990
2298
2850
2958
3085
3381
3422
3690
3720
4852
4882
5944
6580
7048
7053
7113
7162
7244
7397
7679
7902
8033
8039
8821
9198
9267
9349
9509
9655
10116
10550
10799
11056
12008
12038
12062
12172
12253
12262
12334
12551
13090
13378
13496
14126
14253
14965
15071
15085
16931
17328
18962
18968
19005
19782
20052
20255
21549
21609
21629
21991
22301
22583
22759
23633
24118
24484
25777
25974
26127
26613
27483
27680
27757
28799
29020
30722
30767
31912
31995
32567
32743
33806
33901
34187
34563
34711
34771
35055
35753
36146
36182
36602
36626
37059
37138
37674
38130
38163
38313
38369
38406
39346
39502
39799
39906
40547
40762
40772
40857
40916
41979
41991
42209
42830
42913
43222
43261
43746
43996
44003
44075
44243
44386
44780
44831
45126
45264
45442
45505
46163
46540
Number of cuts: 145

Lillie
496
559
565
608
664
898
1071
1085
1326
1374
1545
1573
1689
1990
2298
2736
2850
2958
3085
3381
3422
3690
3720
4852
4882
5944
6580
7048
7053
7113
7162
7244
7397
7902
8033
8039
8081
8243
8850
9239
9308
9390
9696
9705
10157
10591
10840
11089
11097
12049
12079
12103
12213
12294
12573
13107
13371
13982
14302
14814
15010
15249
15348
15590
15596
17057
17612
18691
18734
18819
19511
19984
21244
21278
21338
21463
21499
22208
22653
23703
23806
24200
24963
25493
25843
26329
26461
26704
27396
27473
27586
28436
28657
30362
30407
31552
31635
32207
32383
33446
33541
33827
34203
34351
34411
34695
35393
35786
35822
36690
36769
37305
37761
37794
37944
38000
38037
38977
39133
39430
39537
40178
40393
40403
40488
40547
41610
41622
41840
42461
42544
42853
42892
43377
43627
43634
43706
43874
44017
44411
44462
44757
44895
45073
45804
Number of cuts: 145

Mahdia
3842
4157
9590
13584
20855
22658
Number of cuts:  6

Naiad
496
559
565
608
664
898
1071
1085
1326
1374
1545
1573
1689
1990
2298
2850
2958
3085
3381
3422
3690
3720
4852
4882
5944
6580
7048
7053
7113
7162
7244
7397
7902
8033
8039
8081
8243
8850
9239
9308
9390
9696
9705
10157
10591
10840
11089
11097
12049
12079
12103
12213
12294
12573
13107
13371
13982
14302
14814
15010
15249
15348
15590
15596
17057
17612
18691
18734
18819
19511
19984
20737
21244
21278
21338
21358
21463
21499
22369
22539
23716
23819
24213
25506
25856
26342
27409
27486
27599
28449
28670
30375
30420
31565
31648
32220
32396
33459
33554
33840
34216
34364
34424
34708
35406
35799
35835
36255
36279
36712
36791
37327
37783
37816
37966
38022
38059
38999
39155
39452
39559
40200
40415
40425
40510
40569
41632
41644
41862
42483
42566
42875
42914
43399
43649
43656
43728
43896
44039
44433
44484
44779
44917
45095
45158
45826
Number of cuts: 146

Nancinator
496
559
565
608
664
898
1071
1085
1326
1374
1545
1573
1689
1990
2298
2850
2958
3085
3381
3422
3690
3720
4852
4882
5944
6580
7048
7053
7113
7162
7244
7397
7902
8033
8039
8081
8243
8850
9239
9308
9390
9696
9705
10157
10591
10840
11089
11097
12049
12079
12103
12213
12294
12573
13107
13371
13982
14302
14814
15010
15249
15348
15590
15596
17057
17612
18691
18734
18819
19511
19984
21244
21278
21338
21358
21463
21499
22208
22653
23703
23806
24201
24964
25494
25844
26330
26705
27397
27474
27587
27602
28437
28658
28697
29884
30295
31485
31568
32140
32316
33134
33379
33474
33760
34136
34284
34353
34637
35335
35728
35764
36632
36695
37247
37703
37736
37886
37942
37979
38919
39369
39476
39517
39732
39742
39827
39886
40949
40961
41179
41800
41883
42192
42231
42716
42966
42973
43045
43213
43356
43750
43801
44096
44234
44412
44475
45143
Number of cuts: 147

Natosaleda
496
559
565
608
664
898
1071
1085
1326
1374
1545
1573
1689
1990
2298
2850
2958
3085
3381
3422
3690
3720
4852
4882
5944
6580
7048
7053
7113
7162
7244
7397
7902
8033
8039
8081
8243
8850
9239
9308
9390
9696
9705
10157
10591
10840
11089
11097
12049
12079
12103
12213
12294
12573
13107
13371
13982
14302
14814
15010
15249
15348
15590
15596
17057
17612
18691
18734
18819
19511
19984
21244
21278
21338
21358
21463
21499
22208
22653
23703
23806
24200
24963
25493
25843
26329
26704
27396
27473
27586
27601
28436
28657
28696
29883
30294
31484
31567
32139
32315
33133
33378
33473
33759
34135
34283
34352
34636
35334
35727
35763
36631
36694
37246
37702
37735
37885
37941
37978
38918
39368
39475
40116
40329
40428
41550
41562
41780
42401
42484
42793
42832
43317
43567
43574
43646
43814
43957
44351
44402
44697
44835
45013
45076
Number of cuts: 144

Partridge
497
560
566
605
855
1064
1078
1319
1367
1538
1566
1748
2049
2357
2909
3017
3144
3224
3440
3481
3749
3779
4082
4618
4911
4941
6003
6624
7092
7097
7157
7206
7288
7441
7723
7946
8077
8083
8877
9266
9335
9417
9723
9732
10025
10184
10618
10873
11029
11122
11130
12112
12136
12246
12327
12606
12651
13140
14015
14800
14847
15381
15385
15623
16693
17090
18724
18767
18852
19204
20017
21056
21277
21311
21371
21391
21460
21532
21717
22027
22482
22900
23853
24247
25540
25773
25926
26412
27282
27479
27556
28598
28819
30522
31712
31795
32367
32708
33603
33698
33876
34116
34492
34640
34709
34993
35691
36084
36120
36309
36555
36988
37051
37604
38060
38093
38243
38299
38336
38470
39276
39432
39729
39836
40008
40479
40694
40788
40982
41923
42141
42439
42982
43338
43377
43862
44112
44119
44188
44499
44944
45239
46172
46484
Number of cuts: 144

Pepy6
262
493
539
904
1090
1721
2247
2280
2538
2729
3587
4339
4372
4430
5540
5607
5622
5763
5898
6406
6976
7770
8359
8432
8591
8645
8805
9161
9662
9788
10039
10172
10661
10800
10840
11508
12142
12904
13246
13610
13786
14139
14166
14618
14952
15297
15484
15725
15750
16189
17560
17814
17865
18183
18362
18727
18869
19206
19256
19288
19596
21834
22202
22219
22295
22946
23293
23323
23695
25393
25480
25501
25824
26341
26366
26496
27462
27769
29279
29569
29756
30701
30772
30848
30995
31145
31966
31997
33104
33376
33431
33508
33553
33958
34466
34592
34761
34762
34987
35065
35089
35359
35423
35431
35462
35671
35851
36004
37018
37084
37207
37454
38099
39016
39084
39325
39356
39384
39498
40362
40680
41046
41241
41289
41303
41317
41785
42028
42644
42771
42881
43127
43284
43339
43365
43562
44038
44066
44179
44230
45517
45571
45902
45982
46212
46859
46865
46919
47009
48092
48230
48530
48624
48970
49027
49156
50095
50145
50397
50448
51017
51359
51389
52167
52419
52598
52652
52974
53318
53888
53906
54221
54230
54608
55254
55646
56003
56142
56195
56418
57878
58187
58439
58635
58724
58781
58936
59065
59225
59250
60443
60885
61158
61204
61239
62159
62300
62591
64131
64911
65028
66613
66720
66997
67007
67212
67890
68238
68248
68286
69078
69137
70556
70739
70793
70976
71123
71647
71687
72139
72468
72616
72938
72979
73147
73380
73656
73672
73807
73926
74035
74113
74413
74626
74887
74982
75717
75942
75948
76738
Number of cuts: 240

Peregrin
1054
1363
2664
4619
4832
4856
5356
5429
5448
5714
5952
6331
6630
6783
7724
7811
7918
8106
8312
8856
8925
9439
10026
10177
10237
10486
11342
11700
11917
11963
13434
13655
13947
14703
14751
14856
15196
16587
17321
17383
17473
17527
18219
18412
18928
19359
19741
20602
21552
22269
22308
22622
23001
23133
23614
24411
24461
24639
25161
25445
25541
25748
25824
26303
26633
28413
28527
31235
32033
33074
34493
35007
36113
36345
36509
36560
37064
37539
38148
38475
38599
38752
38934
39438
39578
39822
40031
40170
41025
41322
42202
42431
43131
43338
44577
45451
45464
45510
45568
45651
45741
45884
45888
46056
47259
47463
47523
47553
48621
49070
50004
50136
50627
51343
51407
51707
51885
53389
54635
55202
56684
56768
57817
58069
58384
59710
59888
60080
60128
60296
60781
60982
61128
61391
61571
61858
62410
62443
62918
63839
63866
63995
64325
64398
66429
66760
67225
67294
67402
69139
69571
69619
70856
71446
72035
72286
73228
74614
74952
75865
76283
76839
76887
77397
77523
78372
78561
79153
79826
81319
81466
81715
81826
82000
82092
82188
82324
83180
83801
84295
84322
84651
84963
86433
86605
86759
87282
87943
88348
89125
89943
89994
90051
90210
90676
91109
91137
91668
91993
92173
93310
95114
96010
96236
96367
96433
97390
99723
100925
101697
101861
101945
102246
102409
102685
102741
103075
103144
103212
103221
103680
104172
104283
104336
104376
104844
105120
105554
105770
106547
108575
109637
109731
110229
110904
112100
112784
114578
114921
115062
115330
116903
117161
117708
117977
119244
120492
120919
120975
121872
122531
123217
124544
125021
125557
126812
128530
128797
129228
129402
131123
131432
132733
Number of cuts: 263

Phrankenstein
496
559
565
608
664
898
1071
1085
1326
1374
1545
1573
1689
1990
2298
2850
2958
3085
3381
3422
3690
3720
4852
4882
5944
6580
7048
7053
7113
7162
7244
7397
7902
8033
8039
8081
8243
8850
9239
9308
9390
9696
9705
10157
10591
10840
11089
11097
12049
12079
12103
12213
12294
12573
13107
13371
13982
14302
14814
15010
15249
15348
15590
15596
17057
17612
18691
18734
18819
19511
19984
21244
21278
21338
21358
21445
22154
22599
23649
23752
24146
24909
25439
25789
26275
26407
26650
27342
27419
27532
27547
28382
28603
28642
30308
31498
31581
32153
32329
33392
33487
33773
34149
34297
34357
34641
35339
35732
35768
36636
36715
37251
37707
37740
37890
37946
37983
38923
39079
39376
39483
40124
40339
40349
40434
40493
41556
41568
41786
42407
42490
42799
42838
43323
43573
43580
43652
43820
43963
44357
44408
44703
44841
45019
45082
45750
Number of cuts: 146

Pine5
75
158
167
515
551
569
704
824
1319
1437
1819
1936
2221
2929
3447
3594
3892
4601
4733
5165
5270
5417
5429
5675
5822
6067
6289
6871
6892
7564
7765
8203
8512
8716
8992
9296
9398
9592
9949
9976
9979
10375
10696
10750
10910
11159
11289
11316
11478
11496
11970
12801
12973
13015
13549
14081
14153
14168
14183
14237
14276
14316
14619
14749
15224
15248
15290
15686
15722
15914
16067
16723
16786
17260
17425
17711
18221
18223
19022
19055
19165
19639
19888
19933
20552
20715
20910
21036
21135
21210
21306
21456
21540
21543
21567
21597
21765
21768
21927
21990
22290
22332
22878
23328
23601
23662
23719
23808
24204
24891
25615
25650
26358
26531
27090
27146
27766
27890
28075
28587
28632
28716
28743
29578
30333
30471
30804
30873
31106
31193
31253
32130
32319
32500
32535
32928
32982
33405
33426
33573
34143
34419
35153
35699
35773
36270
37339
37354
38047
38380
38391
38551
38620
38671
38746
38802
38911
39475
39769
39769
39946
40747
40816
40987
41506
42045
42548
42665
43796
43994
44431
44627
44786
44879
45142
45310
45995
46318
46674
47090
47101
47189
47555
47813
48466
48595
49068
49199
49229
49592
49679
49736
49940
50082
50505
51387
51424
52051
52228
52397
52442
52805
52951
53257
53296
53638
54279
54317
54442
54878
55346
55610
55770
55860
56149
56311
56647
56721
57098
57933
57990
58144
58506
58895
Number of cuts: 224

Poco6
493
595
1718
2271
2958
4188
4400
4494
4527
4641
4785
4976
5299
5834
6004
6309
6586
6677
6881
7127
7241
7778
7960
8136
9073
9131
9590
9668
9833
9993
10890
11790
11863
12022
12076
12236
12592
13219
13470
13603
13647
13793
14091
14230
14270
14401
14411
14721
15216
15590
15622
15695
15897
16355
16697
17061
17237
17616
18222
18244
18477
18510
19166
19462
19659
19799
19831
20001
20049
20363
20502
21138
21186
21343
21687
23754
24962
25306
25336
25708
27178
27472
27596
27837
28354
28375
28509
28773
29526
31298
31775
32242
32735
33020
33394
33991
34022
35359
35533
35983
36017
36488
36700
36784
37009
37087
37111
37196
37367
37381
37429
37445
37453
37484
37528
37693
37873
38026
38365
39040
39229
39270
39476
40121
40549
41232
41347
41573
41850
42688
42736
42794
42889
43026
43119
43508
43539
43587
44241
44438
44850
44869
45007
45191
45287
45902
46015
46066
46576
46778
47143
47279
47320
47749
47982
48414
48645
49005
49211
49316
49873
50004
50485
50668
50699
50719
51657
51912
51933
51963
52231
52544
52898
53676
53969
54106
54160
54482
54826
55396
55414
55729
55738
56116
56497
56762
56909
57154
57703
58159
58816
58911
59051
59142
59900
59957
60241
60429
60814
61458
61644
61778
61930
62176
62231
63529
63820
64096
64253
64499
64794
65330
65775
66057
66553
66714
66866
67473
68178
68466
68584
68970
69109
69417
69591
70535
70800
71071
71128
71813
71817
72056
72950
73878
74200
74327
74330
74409
74642
74744
74927
74934
75297
75375
75440
75675
75888
75933
75937
76149
76250
76901
76985
77210
77700
78005
Number of cuts: 256

Rasputin
496
559
565
608
664
898
1071
1085
1326
1374
1545
1573
1689
1990
2298
2850
2958
3085
3381
3422
3690
3720
4559
4852
4882
5944
6019
7033
7038
7098
7147
7229
7382
7664
7887
8018
8024
8819
9208
9277
9359
9519
9665
9674
10126
10785
11058
11066
12018
12048
12072
12182
12263
12542
13076
13951
14783
15317
15323
15559
15565
16629
17026
17047
17581
17638
18660
18703
19953
20488
21247
21307
21327
21432
21468
21653
21963
22178
22326
22623
22824
23777
24171
25464
25661
25814
26300
26675
27367
27444
27685
28407
28628
28667
30333
31523
31606
32178
32354
33417
33512
33798
34174
34322
34382
34666
35364
35757
35793
36661
36740
37276
37732
37765
37915
37971
38008
38948
39104
39401
39508
40149
40364
40374
40459
40518
41581
41593
41811
42432
42515
42824
42863
43348
43598
43605
43677
43845
43988
44382
44433
44728
44866
45044
45107
45775
Number of cuts: 146

RER2
496
559
565
608
664
898
1071
1085
1326
1374
1545
1573
1689
1990
2298
2736
2850
2958
3085
3381
3422
3690
3720
4852
4882
5944
6580
7048
7053
7113
7162
7244
7397
7902
8033
8039
8081
8243
8850
9239
9308
9390
9696
9705
10157
10591
10840
11089
11097
12049
12079
12103
12213
12294
12573
13107
13371
13982
14302
14814
15010
15249
15348
15590
15596
17057
17612
18691
18734
18819
19511
19984
21244
21278
21338
21358
21463
21499
22208
22653
22875
22921
23703
23806
24200
24711
25493
25690
25843
26329
26704
27396
27473
27586
28657
28696
30362
31552
31635
32207
32383
33446
33541
33827
34203
34351
34411
34695
35393
35786
35822
36257
36690
36769
37305
37761
37794
37944
38000
38037
38977
39133
39430
39537
40178
40393
40403
40488
40547
41610
41622
41840
42461
42544
42853
42892
43377
43627
43634
43706
43874
44017
44411
44462
44757
44895
45073
45136
45804
Number of cuts: 149

RexFury
496
559
565
608
695
929
1102
1116
1357
1405
1576
1604
1720
2021
2329
2881
2989
3116
3412
3453
3721
3751
4883
4913
5975
6611
7079
7084
7144
7193
7275
7428
7933
8064
8070
8112
8274
8881
9270
9339
9421
9727
9736
10188
10622
10871
11120
11128
12080
12110
12134
12244
12325
12604
12649
13402
14013
14333
14845
15041
15280
15379
15621
15627
17088
17643
18722
18765
18850
19542
20015
21275
21309
21369
21389
21494
21530
22239
22387
22684
23734
23837
24231
24994
25524
25721
25874
26360
26735
27427
27504
27617
27632
28467
28688
28727
30393
31583
31666
32238
32414
33477
33572
33858
34234
34382
34442
34726
35424
35817
35853
36721
36784
37336
37792
37825
37975
38031
38068
39008
39458
39565
40206
40419
40518
41640
41652
41870
42491
42574
42883
42922
43407
43657
43664
43736
43904
44047
44441
44492
44787
44925
45103
45166
45834
Number of cuts: 145

RGL3
327
487
550
556
596
884
1052
1066
1689
2045
2628
2852
2960
3087
3136
3167
3383
3424
3628
3692
3722
4459
4561
5881
5946
5971
6021
6905
7038
7043
7103
7235
7337
7388
7644
7670
7892
8023
8029
8119
8237
9086
9205
9274
9662
10126
11072
11304
11494
11539
12054
12078
12188
12269
12968
13053
13232
13250
13350
14972
15506
15512
16779
16824
17221
18132
18859
18969
19265
19753
20182
20863
21173
21217
21469
21515
21538
21548
21715
21743
21909
22729
22753
22929
23242
23614
23803
24516
25066
25409
25928
25984
26393
26620
26826
26945
27041
27679
27850
27951
28324
28573
28606
29302
29396
30002
30613
30703
31752
32088
32142
32414
32505
32664
32874
33035
34094
34743
34770
35096
35225
35453
35860
36255
36289
36479
36580
37199
37363
37764
37917
38100
38317
38770
38803
38953
39009
39046
39150
39168
39180
40320
40320
40339
41247
42134
42176
42314
42340
42457
42593
42686
42737
42827
43082
43400
43489
43656
43873
44252
44431
44554
44978
45386
45602
46050
46520
46748
46981
Number of cuts: 169

Rhodalysa
496
559
565
608
664
898
1071
1085
1326
1374
1545
1573
1689
1990
2298
2736
2850
2958
3085
3381
3422
3690
3720
4852
4882
5944
6580
7048
7053
7113
7162
7244
7397
7902
8033
8039
8081
8243
8850
9239
9308
9390
9696
9705
10157
10591
10840
11089
11097
12049
12079
12103
12213
12294
12573
13107
13371
13982
14302
14814
15010
15249
15348
15590
15596
17057
17612
18691
18734
18819
19511
19984
21244
21278
21338
21358
21463
21499
22208
22653
23703
23806
24200
24963
25493
25843
26329
26461
26704
27396
27473
27586
28436
28657
30362
30407
31552
31635
32207
32383
33446
33541
33827
34203
34351
34411
34695
35393
35786
35822
36690
36769
37305
37761
37794
37944
38000
38037
38977
39133
39430
39537
40178
40393
40403
40488
40547
41610
41622
41840
42461
42544
42853
42892
43377
43627
43634
43706
43874
44017
44411
44462
44757
44895
45073
45804
Number of cuts: 146

StCroix
496
559
565
608
664
898
1071
1085
1326
1374
1545
1573
1689
1990
2298
2850
2958
3085
3381
3422
3690
3720
4852
4882
5944
6580
7048
7053
7113
7162
7244
7397
7902
8033
8039
8081
8243
8850
9239
9308
9390
9696
9705
10157
10591
10840
11089
11097
12049
12079
12103
12213
12294
12573
13107
13371
13982
14302
14814
15010
15249
15348
15590
15596
17057
17612
18691
18734
18819
19511
19984
20737
21244
21278
21338
21358
21463
21499
22369
22539
23716
23819
24213
25506
25856
26342
27409
27486
27599
28449
28670
30375
30420
31565
31648
32220
32396
33459
33554
33840
34216
34364
34424
34708
35406
35799
35835
36255
36279
36712
36791
37327
37783
37816
37966
38022
38059
38999
39155
39452
39559
40200
40415
40425
40510
40569
41632
41644
41862
42483
42566
42875
42914
43399
43649
43656
43728
43896
44039
44433
44484
44779
44917
45095
45158
45826
Number of cuts: 146

Swann
496
559
565
608
664
898
1071
1085
1326
1374
1545
1573
1689
1990
2298
2850
2958
3085
3381
3422
3690
3720
4852
4882
5944
6580
7048
7053
7113
7162
7244
7397
7902
8033
8039
8081
8243
8850
9239
9308
9390
9696
9705
10157
10591
10840
11089
11097
12049
12079
12103
12213
12294
12573
13107
13371
13982
14302
14814
15010
15249
15348
15590
15596
17057
17612
18691
18734
18819
19511
19984
20737
21244
21278
21338
21358
21463
21499
22208
22653
23703
23806
24200
24963
25493
25690
25843
26329
26704
27396
27473
27586
27601
28436
28657
28696
30360
30405
31550
31633
32205
32381
33444
33539
33825
34201
34349
34409
34693
35391
35784
35820
36255
36688
36767
37303
37759
37792
37942
37998
38035
38975
39131
39428
39535
40176
40391
40401
40486
40545
41608
41620
41838
42459
42542
42851
42890
43375
43625
43632
43704
43872
44015
44409
44460
44755
44893
45071
45134
45802
Number of cuts: 150

Takoda
497
560
566
605
855
1064
1078
1319
1367
1538
1566
1982
2290
2842
2950
3077
3157
3373
3414
3682
3712
4844
4874
5871
5936
6557
7025
7030
7090
7139
7221
7374
7656
7879
8010
8016
8810
9199
9268
9350
9656
9665
10117
10800
10956
11049
11057
12009
12039
12063
12173
12254
12533
13067
13331
13942
14774
15308
15312
15550
16620
17017
17572
18651
18657
18694
18779
19131
19471
19741
19944
20479
20983
21204
21238
21298
21318
21459
21644
21954
22328
22408
22498
23779
24173
25466
25663
25816
26302
26677
27369
27446
27559
28409
28630
28684
29858
30269
31459
31542
32114
32296
33350
33445
33623
33812
34001
34377
34525
34594
34878
35576
35969
36005
36440
36873
36936
37488
37944
37977
38127
38183
38220
38354
39160
39316
39613
39720
40363
40578
40672
40731
40842
40865
41805
41820
42023
42321
42520
42672
43028
43067
43706
43956
43963
44032
44343
44788
45083
45267
46017
Number of cuts: 151

Trina
1919
2858
3893
3951
5877
6896
7024
7968
8460
9590
10645
12222
12984
14248
14281
16495
17469
17895
18172
18372
18912
20019
20659
20675
20744
21044
21121
21384
21492
23194
23275
23583
23756
23997
24963
25206
25244
25786
25904
26201
26791
28019
29074
29183
31138
31250
31546
31608
31702
33686
34040
34349
34531
34718
35698
35872
36648
37056
37239
37245
37524
38176
38604
38937
39433
40089
41258
41691
42107
42344
42549
43351
43731
43794
44542
45009
45091
46837
46888
46944
47304
47568
47733
47922
47953
48036
48216
48519
49257
49509
50395
50617
50670
51401
51871
52747
53338
54160
54422
55054
56945
58202
58531
59472
60327
60656
63166
63625
64639
65227
65553
65771
65915
66883
67201
67295
67672
67691
69056
69473
69589
69931
69982
70328
70771
71844
72499
73334
73666
73913
73953
74116
74248
77291
77635
77689
77967
79179
79747
80062
80820
81408
81772
83324
83604
84316
84452
84480
84619
85168
85951
85984
86956
88095
89245
90401
90609
90663
90727
91670
92686
92728
93731
94592
94937
95015
95804
95919
96590
97555
98024
98140
98150
98204
98476
98827
99111
99209
99609
100170
100541
100802
100838
101254
101564
101661
101839
102258
102405
102747
103395
103466
104239
104262
104453
104552
106465
107198
107574
108768
109230
109300
109420
110005
110017
110587
111350
111387
111446
113215
114759
114891
115777
117619
117982
118918
119468
119852
120700
120864
121012
121785
121833
121930
122789
126546
128339
129324
129978
133311
135074
138321
139260
Number of cuts: 233

TWAMP
496
559
565
608
664
898
1071
1085
1326
1374
1545
1573
1689
1990
2298
2736
2850
2958
3085
3381
3422
3690
3720
4852
4882
5944
6580
7048
7053
7113
7162
7244
7397
7902
8033
8039
8081
8243
8850
9239
9308
9390
9696
9705
10157
10591
10840
11089
11097
12049
12079
12103
12213
12294
12573
13107
13371
13982
14302
14814
15010
15249
15348
15590
15596
17057
17612
18691
18734
18819
19511
19984
21244
21278
21338
21358
21463
21499
22208
22653
23703
23806
24200
24963
25493
25843
26329
26461
26704
27396
27473
27586
28436
28657
30362
30407
31552
31635
32207
32383
33446
33541
33827
34203
34351
34411
34695
35393
35786
35822
36690
36769
37305
37761
37794
37944
38000
38037
38977
39133
39430
39537
40178
40393
40403
40488
40547
41610
41622
41840
42461
42544
42853
42892
43377
43627
43634
43706
43874
44017
44411
44462
44757
44895
45073
45804
Number of cuts: 146

UhSalsa
496
559
565
608
664
898
1071
1085
1326
1374
1545
1573
1689
1990
2298
2850
2958
3085
3381
3422
3690
3720
4852
4882
5944
6580
7048
7053
7113
7162
7244
7397
7902
8033
8039
8081
8243
8850
9239
9308
9390
9696
9705
10157
10591
10840
11089
11097
12049
12079
12103
12213
12294
12573
13107
13371
13982
14302
14814
15010
15249
15348
15590
15596
17057
17612
18691
18734
18819
19511
19984
21244
21278
21338
21358
21463
21499
22208
22653
23703
23806
24201
24964
25494
25844
26330
26705
27397
27474
27587
27602
28437
28658
28697
29884
30295
31485
31568
32140
32316
33134
33379
33474
33760
34136
34284
34353
34637
35335
35728
35764
36632
36695
37247
37703
37736
37886
37942
37979
38919
39369
39476
40117
40330
40429
41551
41563
41781
42402
42485
42794
42833
43318
43568
43575
43647
43815
43958
44352
44403
44698
44836
45014
45077
45745
Number of cuts: 145

Weasels2
454
723
1475
1760
2248
2576
5193
5350
6042
6153
6542
6574
7812
8195
8440
8460
8719
8731
8922
8946
9747
9975
10499
11105
11228
12189
12808
13610
13760
14657
15364
15646
15694
15799
15815
16139
16657
17408
17790
18027
18119
18149
18472
18976
19195
19501
20344
23408
24417
24645
24940
25091
25164
25448
26689
28412
28526
29528
29803
31113
31943
32860
33901
35320
35828
36511
36907
36949
37560
37910
38057
39706
40134
40416
40636
40875
41576
43290
43495
43857
44053
44535
45033
45762
46172
46462
46552
46708
47572
47614
47698
47719
47730
48191
48275
49387
49492
49836
50788
50917
51052
51408
52047
52127
52191
52491
52575
52669
53816
55582
56384
56421
56909
57856
58413
58548
58967
59537
59618
60573
61000
61273
61389
61927
62540
62555
62672
62720
63007
63148
63559
63580
63592
63604
63643
63814
64330
65224
65448
65536
65700
66134
66335
66556
67155
67401
68093
68182
68228
68297
68713
69181
70151
70268
70766
71023
71314
71338
71488
71764
72155
72219
73291
73332
73492
74017
75012
75699
75743
76063
76765
77384
77474
77667
78344
78555
79943
80310
80397
80730
80916
82329
83278
83825
84094
84374
84782
85768
85840
87197
87583
87656
88477
89495
89680
90480
90490
90741
91024
91509
91629
92545
93529
93980
94088
94247
94267
95146
95174
95622
95835
96426
96585
96717
97607
97698
98256
98888
100272
102595
102988
103773
104542
105123
105702
106457
106786
107136
107365
107971
108800
108928
109258
109549
109894
110101
111009
111236
111664
111933
112079
112144
112300
113015
113266
113434
114407
116250
116542
117480
120836
120865
120875
121324
124123
124344
124524
124787
125931
125995
126767
127014
127684
128532
130204
130294
130451
130702
130756
131048
131184
132159
132428
133180
133465
133953
134281
Number of cuts: 277

Yogi
496
559
565
608
664
898
1071
1085
1326
1374
1545
1573
1689
1990
2298
2850
2958
3085
3165
3381
3422
3690
3720
4559
4852
4882
5944
6019
7033
7038
7098
7147
7229
7382
7664
7887
8018
8024
8818
9207
9276
9358
9664
9673
10125
10712
10814
10970
11063
11071
12023
12053
12077
12187
12268
12547
13081
13956
14788
15322
15328
15564
15570
16634
17031
17052
17586
17643
18665
18708
19958
21218
21252
21312
21332
21473
21658
22182
22627
23677
23780
24174
24685
25467
25664
25817
26303
26678
27370
27447
27560
28631
28670
30336
31526
31609
32181
32357
33175
33420
33575
33801
34177
34666
35364
35757
35793
36543
37041
37104
37656
38112
38145
38295
38351
38388
38522
39328
39781
39888
40529
40744
40754
40839
40898
41961
41973
42191
42512
42526
42812
42895
43204
43243
43728
43978
43985
44057
44225
44368
44762
44813
45108
45246
45424
46140
Number of cuts: 146

Yoncess
496
559
565
608
664
898
1071
1085
1326
1374
1545
1573
1689
1990
2298
2850
2958
3085
3165
3381
3422
3690
3720
4559
4852
4882
5944
7033
7038
7098
7147
7229
7382
7664
7887
8018
8024
8818
9207
9276
9358
9664
9673
10125
10712
10814
10970
11063
11071
12023
12053
12077
12187
12268
12547
13081
13829
13956
14788
15322
15328
15564
15570
16634
17031
17052
17586
17643
18665
18708
19958
20493
21252
21312
21332
21437
21473
21658
22183
22331
22628
22850
22896
23678
24175
24938
25468
25665
25818
26304
26679
27371
27448
27561
28632
28671
28686
30116
31306
31389
31961
32137
32955
33200
33355
33581
33957
34105
34165
34449
35147
35375
35540
35576
36444
36507
37059
37515
37548
37698
37754
37791
37925
38731
38887
39184
39291
39932
40147
40157
40242
40301
41365
41377
41598
42219
42302
42336
42611
42650
43136
43386
43393
43465
43776
44170
44221
44516
44654
44832
45563
Number of cuts: 151

