Alatin
197
797
1424
1775
1951
2130
2907
3865
5570
5912
6337
6487
6986
7437
7737
7803
9143
9519
9774
9927
10324
12514
12661
12729
13420
13519
13524
13590
13924
14116
14211
14230
14664
17792
17826
17838
18168
18285
18581
18647
18832
19011
19310
20101
20180
20397
20687
21059
21416
21927
22217
22259
22746
24126
24250
24581
26670
26844
26926
27714
28177
28853
29227
29362
29687
29717
29825
29840
30928
31017
31062
31275
31745
32209
32228
32376
32478
32703
33537
33926
34122
34238
34352
34681
35344
35816
36063
36191
36526
36567
36855
36909
37008
37379
37440
37539
37581
38079
38091
38525
38642
39229
40333
40573
40814
41361
41526
41795
41859
43058
43521
43561
44096
44940
45707
45776
46356
46447
46559
Number of cuts: 119

Alpacados
197
797
1424
1727
2083
2177
2186
2869
3827
5532
6284
6434
6933
7384
8329
8523
9449
9704
9789
9857
10401
12665
12948
13356
13460
14166
14600
17762
17774
18517
18583
18768
18795
18947
19945
20037
20333
20623
21809
22615
23995
24119
24450
26106
26732
26749
27619
28082
28583
28607
28758
29132
29267
29622
29730
29745
30554
30833
30922
30967
31180
31650
32114
32133
32281
32383
32608
33442
33831
34027
34583
35246
35718
35965
36093
36419
36460
36748
36802
37272
37333
37432
37474
37972
37984
38535
39122
39263
40156
40396
41618
42881
43344
43384
43919
44763
45530
45599
46268
46379
Number of cuts: 100

AngryOrchard
197
792
1417
1720
1896
2075
2400
2852
3810
6267
6417
6916
7367
8312
8506
9432
9687
9840
10384
10969
12648
12931
13057
13339
13405
13443
13843
14149
14470
16516
16561
17495
17711
17745
17757
18500
18751
18930
19928
20020
20316
20606
22081
22123
22610
23176
23235
23782
23991
24115
24446
26066
26502
26708
27578
28041
28717
29091
29226
29551
29581
29689
29704
29794
30663
30726
30815
30860
31073
32007
32026
32556
33332
33991
34187
34539
34743
35406
36125
36253
36620
36629
36908
37432
37493
37592
37634
38132
38144
38578
38695
39282
39423
39620
39851
40388
40627
41848
41912
42268
42538
43566
44138
44982
45024
45651
46284
46475
46483
Number of cuts: 109

AppleCloud
592
1217
1482
1660
1839
2616
2761
3574
6031
6181
6680
7131
8076
8270
8405
9172
9427
9580
10124
10703
11736
11786
11941
12635
13385
13489
14741
15673
16562
16607
17541
17757
17791
17803
18546
18797
18824
18976
19974
20066
20362
20652
21838
22306
22320
22756
22843
23097
23820
24005
24026
24034
24086
24456
25795
26076
26513
26702
26719
28052
28264
28788
28807
29181
29313
29638
29668
29752
29776
29791
30097
30397
30595
30658
30673
30747
30792
31005
31958
32424
33267
33650
33846
34076
35071
35790
35918
36244
36285
36294
36573
36627
37097
37158
37257
37299
37797
37809
38360
38922
38947
39088
40048
40531
41512
42775
43238
43278
43813
44657
45424
45493
46072
46163
46275
Number of cuts: 115

Belenaria
197
797
1424
1775
1951
2130
2907
3865
5570
5912
6337
6487
6986
7437
7737
7803
9143
9519
9774
9927
10324
12514
12661
12729
13420
13519
13524
13590
13924
14116
14211
14230
14664
17792
17826
17838
18168
18285
18581
18647
18832
19011
19310
20101
20180
20397
20687
21416
21873
22679
24059
24184
24515
26761
26860
27177
27648
28111
28787
29161
29294
29619
29649
29733
29757
29772
29862
30233
30794
30883
30928
31141
31611
32075
32094
32242
32344
32569
33403
33792
33988
34104
34218
34556
35219
35938
36066
36392
36433
36442
36721
36775
37245
37306
37405
37447
37945
37957
38508
39070
39095
39236
40196
40679
41660
42923
43386
43426
43961
44805
45572
45641
46221
46312
46424
Number of cuts: 115

BobbyDazzler
197
797
1424
1839
2195
2978
3936
5641
6393
6543
7042
7493
8438
8632
9558
9813
9898
9966
10510
12774
13057
13183
13465
13569
14275
14709
17871
17883
18626
18692
18877
18904
19056
20054
20146
20442
20732
21918
22725
22754
23350
24105
24229
24560
26180
26806
26823
27693
28156
28681
28832
29206
29341
29666
29696
29804
29819
30628
30907
30996
31041
31254
31724
32188
32207
32355
32457
32682
33516
33905
34101
34660
35323
36042
36170
36496
36537
36825
36879
37349
37410
37551
38049
38061
38612
39199
39340
40303
40543
41766
41830
43029
43492
43532
44067
44911
45678
45747
46416
46527
Number of cuts: 100

Bonanza
197
797
1424
1775
1951
2130
2907
3865
5570
6322
6472
6971
7422
8367
8561
9487
9742
9827
9895
10439
12703
13394
13498
14204
14638
17800
17812
18555
18621
18806
18833
18985
19983
20075
20371
20661
21847
22653
23219
23278
24033
24157
26108
26734
26751
27621
28084
28585
28609
28760
29134
29269
29624
29732
29747
30556
30694
30835
30924
30969
31182
31652
32116
32135
32283
32385
32610
33444
33833
34029
34585
35248
35720
35967
36095
36817
36842
37130
37184
37654
37715
37814
37856
38354
38366
38917
39425
39504
39645
40608
40848
42070
42134
43333
43796
43836
44371
45215
45982
46707
46818
Number of cuts: 101

Bradshaw
197
797
1424
1775
1951
2130
2907
3865
4197
4446
5570
5912
6337
6487
6986
7437
7737
7803
9143
9519
9774
9927
10324
12514
12661
12729
13420
13519
13524
13590
13924
14116
14211
14230
14664
17792
17826
17838
18168
18285
18581
18647
18832
19011
19310
20101
20397
20687
21416
21873
22679
24059
24183
24514
26760
26859
27647
28110
28786
29160
29295
29620
29650
29758
29773
30861
30950
30995
31208
31678
32142
32161
32309
32411
32636
33470
33859
34055
34171
34285
34614
35277
35749
35996
36124
36459
36500
36788
36842
36941
37312
37373
37472
37514
38012
38024
38458
38575
39162
40266
40506
40747
41294
41459
41728
41792
42991
43454
43494
44029
44873
45640
45709
46289
46379
46492
Number of cuts: 116

Bryce
197
797
1424
1775
1951
2130
2907
3865
5570
6322
6472
6971
7422
8367
8561
9111
9487
9742
9827
9895
10439
12703
12986
13394
13498
14204
14638
17800
17812
18555
18621
18806
18833
18985
19983
20075
20371
20661
21847
22654
22683
23279
24034
24158
24489
26109
27622
28085
28610
28761
29135
29270
29595
29625
29733
29748
30336
30615
30704
30749
30962
31896
31915
32063
32165
32390
33224
33613
33809
34368
35031
35750
35878
36204
36245
36533
36587
37057
37118
37217
37259
37757
37769
38320
38907
39048
40011
40251
41474
41538
42737
43200
43240
43775
44619
45386
45455
46122
46233
Number of cuts: 99

ChewyVIII
2
62
106
400
1001
1123
1172
1400
2058
4260
4833
4876
4929
4978
5711
7427
7703
8712
10223
10574
10640
11257
11359
11364
11460
12372
12957
13007
13489
13540
13770
14410
14479
14485
14612
14840
16653
16703
16713
16809
18110
19223
19701
19977
20463
20490
20682
21793
22088
22445
22710
23063
24068
24128
24821
24842
25008
25241
26119
27170
28077
28378
28499
29746
29974
30254
30428
31193
31377
31766
32137
32158
32695
33065
33802
33944
35545
35617
35725
35833
36155
37236
38587
38668
38934
39184
40148
41226
41377
41734
41746
41902
42423
43498
43760
44096
45432
45836
46028
46088
46127
46529
46940
47093
47469
48081
48507
48546
49179
49705
49725
50405
50418
50459
50573
50690
50900
51399
52027
52315
52362
52518
52697
52709
52739
53931
54029
54174
54827
54853
54891
54918
55099
55283
55655
55707
56521
56536
56927
56947
57083
57143
57328
58108
58167
58224
58311
58419
58456
59046
59601
59820
60411
62943
63133
63188
63234
63264
63697
63736
64424
64608
64882
64888
64966
65569
66171
66319
66809
67916
68206
68644
68657
68699
69020
69051
69061
69071
69081
Number of cuts: 179

CosmicSans
197
797
1424
1775
1951
2130
2907
3865
4197
5570
5912
6337
6487
6986
7437
7737
7803
9143
9519
9774
9927
10324
12514
12661
12729
13420
13519
13524
13590
13924
14116
14211
14230
14664
16583
17792
17826
17838
18168
18285
18581
18647
18832
19011
19310
20101
20180
20397
20687
21059
21416
21873
22679
24059
24183
24514
26760
26859
27647
28110
28786
29160
29295
29620
29650
29758
29773
30861
30950
30995
31208
31678
32142
32161
32309
32411
32636
33470
33859
34055
34171
34285
34614
35277
35749
35996
36124
36450
36491
36779
36833
36932
37303
37364
37463
37505
38003
38015
38449
38566
39153
40257
40497
41719
42982
43445
43485
44864
45631
45700
46280
46371
46482
Number of cuts: 113

Dinger
197
794
1419
1771
1947
2126
2903
3048
3861
6318
6468
6967
7418
8363
8557
9483
9500
9738
9891
10435
11020
11451
12699
13390
13494
14440
14503
16612
17762
17796
17808
18551
18617
18802
18981
19024
19979
20071
20171
20367
20657
21843
22133
22662
23287
23834
24043
24167
24498
25837
26118
26555
26744
26761
28094
28306
28830
28849
29223
29356
29681
29711
29795
29819
29834
29889
30667
30730
30819
30864
31077
32011
32030
32560
33339
33992
34188
34756
35419
35891
36138
36266
36633
36642
36921
36975
37445
37506
37605
37647
38145
38157
38591
38708
39295
39436
39633
40401
40640
40882
41594
41863
41927
42286
42556
42756
43584
44156
45000
45042
45669
46303
46495
46503
Number of cuts: 114

DocB7
62
360
426
464
871
895
925
1043
1070
1097
1165
1297
1308
1894
2639
2812
3306
3392
3652
3660
3842
3943
4252
4309
5624
5788
5955
6067
6154
7026
7170
7898
7976
8011
8019
8041
8194
8265
8473
8558
8600
8939
9427
9433
9628
9845
10226
10234
10479
10724
11238
11264
11458
11645
12138
12278
12322
12334
12775
12949
13133
14415
15389
15703
17503
17630
18096
18147
18156
18173
18189
18210
18222
18363
18408
18662
18789
18891
18933
19028
19113
19403
19503
19854
20073
20160
20271
20333
20504
20598
20706
20922
21006
21180
21282
21303
21723
21954
21989
22358
22365
22401
22416
22424
22631
22920
23031
23340
24234
24762
24897
25808
25955
26349
26373
26448
27201
27395
28208
28634
30121
30138
30292
30361
30490
30552
30561
30857
31386
31542
31587
31751
31851
32039
32051
32103
32367
32413
32527
32592
32939
32979
32989
33264
33417
33497
33603
33862
34014
34704
35107
35134
35144
35412
35439
36047
36056
36162
36209
36306
36333
36507
36836
37508
37576
37914
38554
38712
39138
39448
39521
39814
39913
39938
40368
41007
41341
41602
41704
42181
42483
43493
43577
43917
43995
44279
44593
44599
44638
45085
45122
45176
45182
45386
45588
45666
45814
45907
46539
46632
46942
47305
47314
47506
47563
47657
48323
48385
48393
48530
48549
48579
48584
48644
49750
49759
49808
49970
50036
50040
50065
51011
51181
51688
51839
52466
52602
52632
52705
52744
52875
53225
53249
53291
53409
53567
53720
54207
54231
54262
54799
54858
55158
55269
55595
55602
55687
55776
56114
56275
56314
56682
56785
56811
56907
56941
57036
57130
57270
57406
58115
58453
58540
58711
59166
59239
59561
59858
59969
60042
60050
60157
60650
60671
60735
60760
60828
61037
61186
61238
61685
62036
62434
62939
63037
63045
63069
63393
63705
64070
64444
64605
65060
65643
65746
65922
66120
66790
66975
67100
68650
69159
69652
69723
70488
71144
71158
71237
71440
71771
71826
72577
72946
72951
73346
73941
74016
74079
74211
74504
74658
75285
75342
75530
75711
75737
Number of cuts: 326

E3
120
240
456
1376
1927
2202
2248
3085
3340
3502
3547
3977
4420
4678
4710
5138
5516
5823
6244
6564
7273
7449
7458
7605
7812
8033
8063
8149
8699
9788
9868
9874
10057
10120
10344
10461
10489
10637
10718
10769
10781
10909
11754
12165
12309
13028
13262
14268
14875
15637
15745
15815
16081
16158
16167
16299
16395
16421
16430
16522
16556
16573
16618
16675
17167
17385
17729
17938
17993
18333
18376
18971
19401
19542
19735
19846
19917
20098
21126
21239
21533
21702
21730
22208
22403
22781
23290
23322
23715
23855
23936
23998
24205
24383
24770
25003
25176
25206
25333
25614
26776
26881
28000
28132
28267
28937
29171
29335
29375
30146
31067
31169
31529
31592
31664
32031
32193
32426
32591
33348
33543
33750
33786
33879
34299
34353
34569
34575
34680
34836
34952
35512
35539
35753
35870
36471
37519
37558
37912
38380
38431
38466
39562
39805
40077
40539
40860
41419
42042
42207
42255
42407
42915
43340
44026
44187
44467
45029
45208
45392
45473
45617
45937
46780
46995
47004
47190
47211
47338
47443
48176
48211
48382
48818
50554
50624
51065
51257
51393
52156
52625
53253
53426
53666
55019
55036
55132
55403
55832
55848
56163
56211
56324
57072
58091
58592
58725
58920
59430
60165
60811
61487
62030
62245
62873
63203
63212
63503
63764
63904
63924
63978
64156
64354
64491
64704
65093
65219
65489
65636
66065
66128
66347
66356
66444
67261
67560
67671
67770
67796
67805
67948
68534
68711
69260
69613
69850
70039
70298
70318
71002
71685
72011
72247
72253
72277
72400
72451
73015
73053
73567
73900
74074
74143
74416
74554
74839
74851
75624
75699
75894
76034
76270
76288
76701
76764
76887
76892
77097
77915
78024
78069
78096
78479
78818
78902
79517
79810
80140
80164
80218
80578
81601
81922
81943
82024
82684
82959
83236
83308
84477
84799
84925
85110
85158
87723
87731
88448
88875
88943
89365
89590
89611
89752
89960
90016
90387
90802
91295
91628
91765
91984
92005
92176
92357
92679
93310
93375
93427
95228
96060
96216
96240
96885
97014
97136
97280
97437
97574
97583
97787
98046
98052
98807
98927
99250
99389
99407
99413
99452
99602
99725
100927
101586
101646
101822
101977
102474
103064
103071
103323
103365
103997
104033
104198
104501
104851
105371
106025
106411
107173
107348
107579
108460
108466
108699
108969
109005
109017
109029
109272
109311
109631
110443
110485
110927
110973
111039
111834
112014
112460
112775
112946
113135
113777
114346
114375
114451
114980
115418
115899
116863
117074
117224
117511
117616
117674
117977
118139
118687
119233
119572
119784
119820
120591
120714
120784
121221
121617
121961
122406
122638
122659
123952
124021
124069
124275
125019
125231
125465
125603
125821
125899
126190
126330
126600
126991
127642
127711
128199
128704
128866
129105
129314
129323
131037
131625
131661
131696
132014
132030
132139
132171
132303
133169
133622
134177
134378
135308
135368
135385
136929
136962
136974
137076
137415
137961
138831
139553
139817
139826
140030
140510
140615
140823
140886
141099
141426
141543
141764
142404
Number of cuts: 471

Erik
197
797
1424
1775
1951
2130
2907
3865
5570
5912
6337
6487
6986
7437
7737
7803
9142
9518
9773
9926
10323
12513
12660
12728
13419
13518
13523
13589
13923
14115
14210
14229
14663
17791
17825
17837
18167
18284
18580
18646
18831
19010
19309
20100
20179
20396
20686
21415
21872
22678
24057
24181
24512
26758
26857
27174
27645
28108
28784
29158
29293
29618
29648
29756
29771
29861
30232
30793
30882
30927
31140
31610
32074
32093
32241
32343
32568
33402
33791
33987
34103
34217
34546
35209
35681
35928
36056
36382
36423
36711
36765
36864
37235
37296
37395
37437
37935
37947
38381
38498
39085
40189
40328
41550
42813
43276
43316
43851
44695
45462
45531
46111
46203
46315
Number of cuts: 114

Espica
197
797
1424
1775
1951
2130
2907
3865
5570
5912
6337
6487
6986
7437
7737
7803
9143
9519
9774
9927
10324
12514
12661
12729
13420
13519
13524
13590
13924
14116
14211
14230
14664
17792
17826
17838
18168
18285
18581
18647
18832
19011
19310
20101
20180
20397
20687
21416
21873
22679
24059
24184
24515
26761
26860
27177
27648
28111
28787
29161
29294
29619
29649
29733
29757
29772
29862
30233
30794
30883
30928
31141
31611
32075
32094
32242
32344
32569
33403
33792
33988
34104
34218
34556
35219
35938
36066
36392
36433
36442
36721
36775
37245
37306
37405
37447
37945
37957
38508
39070
39095
39236
40196
40679
41660
42923
43386
43426
43961
44805
45572
45641
46220
46311
46423
Number of cuts: 115

Finch
636
1126
1379
2967
3316
4105
5081
5293
5778
6651
6958
7997
9394
9918
10055
10171
11502
11631
12075
12198
12604
13535
14169
14760
14810
15104
16173
17914
18175
18686
19343
20618
21228
22303
22316
22825
24075
25891
26433
26696
26787
27738
28123
28660
29160
29452
30784
30938
31248
31515
32147
32463
32563
32608
35058
35303
37015
37764
37827
38424
38724
39027
40384
40396
40989
41025
41625
41644
42907
43507
43729
44232
44801
45243
45361
45559
45748
46146
46936
47798
48022
48142
48781
49827
50029
53033
53436
53564
53585
53942
54621
54733
55236
55427
55678
57412
58229
58436
58502
59458
60443
60448
60501
61138
61177
61361
61396
61444
61766
62345
64406
64782
65616
65986
67311
67704
68598
69333
69587
69669
69894
70462
70806
71255
71674
71755
71804
72835
73330
73613
74085
74373
74680
74887
75349
75711
76115
77158
77233
77296
77563
78270
78404
78443
78482
78712
78799
78970
79495
79553
79583
79816
81121
81131
81323
81759
81919
81997
82463
82514
82909
83160
83947
84572
84938
84953
85781
85905
85948
86378
86631
86692
86823
87145
87716
87753
88595
89247
89295
89485
90638
91393
92237
93013
93920
94698
95030
95150
95207
96324
96440
97199
97212
98510
98759
98864
99060
100191
100291
101009
101823
102025
102490
102938
103557
103853
104039
104175
104696
105121
105130
106232
106313
107300
107347
108180
108456
108522
108869
109285
109438
110589
111055
111693
112246
113243
113668
114530
114557
116023
116532
117326
117398
117470
117742
118057
118272
118667
119902
120044
120141
120884
120909
121080
121841
123166
123533
123634
123694
123976
124647
124657
125081
125394
125421
125725
126152
127165
127178
128111
128212
128856
129172
129425
129447
130774
131936
132283
133057
133821
134700
135448
135798
135944
136986
137478
137591
138120
138609
Number of cuts: 279

Gollum
197
797
1424
1775
1951
2130
2907
3865
5570
5912
6337
6487
6986
7437
7737
7803
9143
9519
9774
9927
10324
12514
12661
12729
13420
13519
13524
13590
13924
14116
14211
14230
14664
17792
17826
17838
18168
18285
18581
18647
18832
19011
19310
20101
20397
20687
21416
21873
22679
23304
24059
24183
24514
25853
26760
26859
27176
27647
28110
28786
29160
29293
29618
29648
29756
29771
30859
30948
30993
31206
31676
32140
32159
32307
32409
32634
33468
33857
34053
34169
34283
34612
35275
35994
36122
36448
36489
36777
36831
37301
37362
37461
37503
38001
38013
38564
39126
39151
39292
40199
40439
41661
41672
42924
43387
43427
43962
44806
45573
45642
46310
46413
46421
Number of cuts: 113

Grayson
22
83
582
1140
2044
2794
3052
3258
3470
3894
3930
4754
5169
5337
5505
5618
5709
5725
5928
6549
6675
6933
7137
7229
7300
7336
7852
7939
8308
8549
8574
8582
9099
9504
9742
10022
10218
10251
11280
11575
12132
12470
13298
13559
13610
13631
13703
14100
14166
14209
15427
15819
15933
16092
16116
16167
16832
16929
17168
17444
17692
17752
18127
18601
18832
18994
19096
19135
19309
19630
20567
20851
20917
22379
22681
22716
23229
23318
23429
23628
24600
24624
24630
24873
24921
24960
25179
25917
26226
26274
26367
26505
26523
26631
26937
27051
27214
27279
27864
27912
28372
28418
28448
28483
28743
28923
29011
29199
29682
29775
29957
31109
31448
31730
31814
32075
32273
32288
32321
32336
32413
32435
32534
32632
32668
32973
33210
33283
33341
33461
33500
33626
33631
33668
33926
34383
34871
35047
35204
35216
35345
35597
35669
35753
35843
35951
36335
36389
36431
36467
36617
36716
36779
36941
37259
37289
37602
37647
38300
38415
38502
38744
39140
39743
40172
40490
40499
40784
40814
40892
40957
41465
41553
42704
42868
43105
43119
43349
43628
44063
44168
44222
44243
44380
44469
44475
44675
45119
45203
45680
46031
46088
46217
46607
46697
46832
47207
47231
47345
47774
47993
48026
48052
48125
48404
48653
49208
49232
49280
49601
49613
49667
49697
49967
49979
50132
50177
50459
50489
50540
50615
50845
50861
50995
51014
51068
51251
51548
51731
51899
53038
53173
53179
53215
53222
53757
53779
53914
54265
54721
55101
55425
55689
55695
56130
56217
56832
57083
57455
57498
57633
57646
57948
57968
57977
58438
58590
58632
58878
59631
59769
59781
59885
59995
60176
60453
60465
60637
60738
60902
61151
61542
61854
62089
62095
62232
62396
62408
62630
62867
63067
63201
63243
63369
63768
63835
64296
64383
64677
64797
64842
64956
64963
65184
65202
65242
65286
65355
65745
65838
65881
66007
66268
66598
66929
67222
67240
67326
67616
67899
67938
67976
68497
68743
68866
69048
69838
69873
70072
70083
70640
70681
70708
70789
70886
71489
71521
71730
71867
71969
71996
72297
72344
72918
72929
73607
73769
74053
74988
75021
75505
76355
76360
76605
76614
76742
76796
77246
77534
78312
78443
79111
79180
79431
79574
79775
79839
79878
80273
80282
80288
80408
80900
80954
81113
81340
81532
81964
82436
82463
82668
82721
83353
83409
83876
84030
84141
84360
84917
85058
85654
85702
85750
85819
85882
86404
86455
86749
86870
86981
87348
87500
88015
88074
89025
89112
89216
89408
89899
89938
90055
90109
90406
90647
90903
91325
91766
91835
91977
92096
92572
92775
92796
92906
93053
93182
93430
93627
94379
94443
95269
95306
95454
95508
95538
95627
95651
95663
96055
96351
96705
96821
96913
96938
97089
97265
97726
98259
98289
98299
98310
98325
98476
98741
98783
98906
98919
99329
100254
100538
100804
100945
101123
101370
101655
102106
102217
102510
102774
103116
103155
103676
103976
104015
104197
104422
104572
104648
104686
104766
105027
105045
105887
106380
106830
106851
107039
107678
107697
108075
108471
108758
108783
109036
109044
109289
109310
109546
109733
110217
110474
110675
110924
111108
111346
111433
111440
111447
111637
111711
111838
112165
112278
112654
112698
112714
113138
113330
113658
113989
114181
114204
114890
115047
115059
115447
115877
116450
116458
116503
116974
117144
117159
117171
117403
117677
117814
117989
118059
118139
118175
118524
118876
118930
118935
119259
119465
119506
119773
120057
120215
120586
120632
120888
120907
120916
121006
121047
121192
121315
121813
121950
122180
122508
122583
123259
123264
123512
123724
123748
123823
124039
124143
124157
124184
124236
124482
125015
125106
125128
125172
125490
125501
125618
125908
126098
126436
126469
126743
127039
127288
127322
127838
127989
128260
128364
128863
128923
128984
129483
130041
130945
131695
Number of cuts: 593

Harlequin
197
797
1424
1775
1951
2130
2907
3865
5198
5570
6322
6472
6971
7422
8367
8561
8696
9463
9718
9803
9871
10415
12679
12962
13370
13474
14180
14614
17776
17788
18531
18597
18782
18809
18961
19959
20051
20347
20637
21877
22684
22713
23309
24064
24188
24519
26139
27652
28115
28640
28791
29165
29300
29625
29655
29763
29778
30366
30645
30734
30779
30992
31926
31945
32093
32195
32420
33254
33643
33839
34398
35061
35780
35908
36234
36275
36563
36617
37087
37148
37247
37289
37787
37799
38350
38937
39078
40043
40285
41509
41573
42772
43235
43275
43810
44654
45421
45490
46158
46269
Number of cuts: 100

Hiro
197
797
1424
1775
1951
2130
2907
3865
5570
6322
6472
6971
7422
8367
8561
8696
9463
9718
9871
10415
10994
12027
12077
12232
12926
13780
15032
16853
16898
17832
18048
18082
18094
18837
19088
19267
20265
20357
20653
20943
22129
22597
22611
23047
23134
23388
24319
24443
24774
26394
27020
27037
27907
28370
28895
29046
29420
29555
29880
29910
30018
30033
30842
31121
31210
31255
31468
31938
32402
32421
32569
32671
32896
33730
34119
34315
34874
35537
36256
36384
36710
36751
37039
37093
37563
37624
37765
38263
38275
38826
39334
39413
39554
40517
40533
40757
40998
41980
42044
43243
43706
43746
44281
45125
45892
45961
46630
46740
Number of cuts: 108

Jace
660
1037
1127
1495
1706
1816
1980
2427
2543
2822
2867
3050
3389
3405
3443
4354
4426
4435
5072
5783
6895
6995
7327
7680
7931
8192
8823
8837
8961
9336
9360
10069
10224
10384
10800
10875
10917
10980
11056
11616
11661
12033
12465
12861
13507
13809
14454
14616
14915
14920
15056
15101
15379
15446
15596
15759
15926
16135
16187
16223
16348
16682
16862
16882
17141
17403
17917
18577
18598
18790
19285
19592
19864
19869
19894
20260
20515
20549
20691
21804
21926
21990
22161
22439
22635
22668
22950
23004
23373
23781
23826
23942
24144
24541
24553
25196
25414
25777
26207
26239
26279
26573
26945
27485
27592
27812
28032
28071
28119
28167
28248
28376
29479
29720
30005
30524
30672
30873
31149
31406
31442
31457
31557
32887
33139
33257
33425
33507
33766
34046
34144
34316
34573
34690
35330
35354
36553
36718
36736
36881
38235
38659
38857
39127
39221
39314
39837
40274
41285
41292
41442
41669
41894
42014
42915
42963
43011
43456
43487
43543
43633
43717
44216
44222
45358
45666
45768
46101
46245
46365
46388
46611
46824
47129
47369
47549
47644
48073
48145
48358
48367
48726
49289
49298
49398
49718
49938
49956
50189
50746
51037
51096
51664
51767
51940
52092
52106
52121
52386
52458
52548
52816
52890
53020
53250
53452
Number of cuts: 206

Jester
197
797
1424
1775
1951
2130
2907
3865
5198
5570
6322
6472
6971
7422
8367
8561
8696
9463
9718
9871
10415
10994
12673
13364
13468
14608
15652
16541
16586
17520
17736
17770
17782
18525
18776
18803
18955
19953
20045
20341
20631
21817
22615
22644
23240
23995
24119
24450
26070
27583
28046
28571
28722
29096
29231
29556
29586
29694
29709
30297
30576
30665
30710
30923
31857
31876
32024
32126
32351
33185
33574
33770
34329
34992
35711
35839
36165
36206
36494
36548
37018
37079
37178
37220
37718
37730
38281
38868
39009
39974
40216
41440
41504
42703
43166
43206
43741
44585
45352
45421
46089
46200
Number of cuts: 102

Krishelle
197
797
1424
1775
1951
2130
2907
3865
5570
5912
6337
6487
6986
7437
8382
8576
8711
9478
9733
9886
10430
11009
12042
12092
12247
12941
13691
13795
15047
15979
16868
16913
17847
18063
18097
18109
18852
19103
19130
19282
20280
20372
20668
20958
22180
22648
22662
23098
23185
23439
24162
24347
24368
24376
24428
24798
26137
26418
26855
27044
27061
28394
28606
29130
29149
29523
29655
29980
30010
30118
30133
31221
31310
31355
31568
32038
32502
32521
32669
32771
32996
33830
34219
34415
34531
34645
34974
35637
36109
36356
36484
36819
36860
37148
37202
37301
37672
37733
37832
37874
38372
38384
38818
38935
39522
40626
40866
41107
41654
41819
42088
42152
43351
43814
43854
44389
45233
46003
46555
46576
46871
Number of cuts: 121

Lillie
197
797
1424
1775
1951
2130
2907
3865
4197
5570
5912
6337
6487
6986
7437
7737
7803
9143
9519
9774
9927
10324
12514
12661
12729
13420
13519
13524
13590
13924
14116
14211
14230
14664
16583
17792
17826
17838
18168
18285
18581
18647
18832
19011
19310
20101
20180
20397
20687
21059
21416
21873
22679
24059
24183
24514
26760
26859
27647
28110
28786
29160
29295
29620
29650
29758
29773
30861
30950
30995
31208
31678
32142
32161
32309
32411
32636
33470
33859
34055
34171
34285
34614
35277
35749
35996
36124
36450
36491
36779
36833
36932
37303
37364
37463
37505
38003
38015
38449
38566
39153
40257
40497
41719
42982
43445
43485
44864
45631
45700
46280
46371
46482
Number of cuts: 113

Mahdia
2110
5064
8138
12651
17389
17606
20477
20744
20788
22827
26269
28598
30957
39274
42049
Number of cuts: 15

Naiad
197
797
1424
1775
1951
2130
2907
3865
5570
5912
6337
6487
6986
7437
7737
7803
9143
9519
9774
9927
10324
12514
12661
12729
13420
13519
13524
13590
13924
14116
14211
14230
14664
17792
17826
17838
18168
18285
18581
18647
18832
19011
19310
20101
20180
20397
20687
21059
21416
21873
22163
22205
22692
24072
24196
24527
26616
26790
26872
27660
28123
28799
29173
29308
29633
29663
29771
29786
30874
30963
31008
31221
31691
32155
32174
32322
32424
32649
33483
33872
34068
34184
34298
34627
35290
35762
36009
36137
36472
36513
36801
36855
36954
37325
37386
37485
37527
38025
38037
38471
38588
39175
40279
40519
40760
41307
41472
41741
41805
43004
43467
43507
44042
44886
45653
45722
46302
46393
46505
Number of cuts: 119

Nancinator
197
797
1424
1775
1951
2130
2907
3865
5570
5912
6337
6487
6986
7437
7737
7803
9143
9519
9774
9927
10324
12514
12661
12729
13420
13519
13524
13590
13924
14116
14211
14230
14664
17792
17826
17838
18168
18285
18581
18647
18832
19011
19310
20101
20180
20397
20687
21416
21873
22679
24059
24184
24515
26761
26860
27177
27648
28111
28787
29161
29294
29619
29649
29733
29757
29772
29862
30233
30794
30883
30928
31141
31611
32075
32094
32242
32344
32569
33403
33792
33988
34104
34218
34556
35219
35938
36066
36392
36433
36442
36721
36775
37245
37306
37405
37447
37945
37957
38508
39070
39095
39236
39596
39836
41058
42321
42784
42824
43359
44203
44970
45039
45619
45710
45822
Number of cuts: 115

Natosaleda
197
797
1424
1775
1951
2130
2907
3865
5570
5912
6337
6487
6986
7437
7737
7803
9143
9519
9774
9927
10324
12514
12661
12729
13420
13519
13524
13590
13924
14116
14211
14230
14664
17792
17826
17838
18168
18285
18581
18647
18832
19011
19310
20101
20180
20397
20687
21416
21873
22679
24059
24183
24514
26760
26859
27176
27647
28110
28786
29160
29293
29618
29648
29732
29756
29771
29861
30232
30793
30882
30927
31140
31610
32074
32093
32241
32343
32568
33402
33791
33987
34103
34217
34555
35218
35937
36065
36391
36432
36441
36720
36774
37244
37305
37404
37446
37944
37956
38507
39069
39094
39235
40195
40678
41659
42922
43385
43425
43960
44804
45574
46302
46413
Number of cuts: 113

Partridge
197
792
803
1417
1834
2010
2189
2966
3111
3924
6381
6531
7030
7481
8426
8620
9546
9563
9801
9954
10498
11083
11514
12762
13453
13557
14503
16675
17825
17859
17871
18614
18680
18865
19044
20042
20134
20430
20720
21906
22196
22725
23350
23897
24106
24230
24561
25936
26217
26654
26843
26860
27415
28193
28405
28929
28948
29322
29455
29780
29810
29894
29918
29933
30958
31021
31110
31155
31368
32302
32321
32787
34148
34344
34421
34912
35575
36047
36789
36798
37077
37131
37602
37663
37762
37804
38302
38314
38748
38865
39452
39593
39790
40558
40797
41039
41751
42020
42084
42440
42710
43102
43930
44502
45346
45388
46014
46648
46840
46848
Number of cuts: 110

Pepy6
744
1609
1689
1760
1992
2960
3180
3640
4301
6012
6432
8632
8851
9632
9647
9737
10084
10210
10423
10703
10840
11706
12818
12859
12976
13154
13331
13627
14443
14793
14879
16110
17351
18447
19205
19849
20003
20945
21358
21628
22151
22478
23650
23725
23860
24172
24585
24622
24702
24929
26159
26954
28473
28725
28829
28895
29871
30137
30703
32110
32366
32624
32795
33443
33505
33899
33929
35029
35621
37132
37488
37938
37968
37989
39310
39605
40045
40064
41671
42071
42124
42143
44652
44771
44834
45315
45388
45574
46233
46242
46421
47340
47357
47378
47661
47885
48242
48306
48389
49333
50338
50949
52682
52875
53429
54242
54366
54470
55015
55278
55328
55704
55806
55842
56054
57649
57960
58054
58286
58440
59757
59916
60070
60293
61094
61213
62106
62176
62253
62492
62975
63201
64474
64968
65904
66454
66544
67105
67470
67977
68539
69339
69477
69530
69559
69768
69976
70586
70911
70953
71335
71552
71690
72482
72728
72748
72779
72925
73281
73415
74254
74527
74581
74776
75316
76345
76582
76785
Number of cuts: 168

Peregrin
22
83
609
1165
1969
2087
2482
2831
3498
3556
3658
3922
4168
4177
4582
4672
4858
4997
5331
5337
5450
5563
5692
5766
6613
6677
7111
7612
7896
8057
8413
8818
9231
9420
9532
9565
10254
10706
10889
11446
11784
12612
12717
12882
12924
13017
13078
13102
13474
13549
14023
14029
14677
14772
14785
15177
15258
15291
15474
15525
15667
15719
15725
15979
16431
16528
16847
16871
16898
17043
17285
17351
17432
17720
18312
18384
18546
18648
18687
18714
18861
18948
19029
19182
20050
20548
21477
21545
21847
21882
22484
22595
22794
23628
23783
23842
24174
24204
24495
24534
24753
25530
25798
25803
25851
26022
26100
26208
26628
26793
27378
27886
27932
27962
27997
28257
28437
28713
28908
29196
29289
29879
30164
30683
30935
30950
31073
31151
31414
31450
31755
31992
32035
32065
32123
32243
32369
32413
32450
32510
32708
32936
33089
33165
33653
33829
33998
34379
34451
34535
34625
34733
34898
34907
35048
35339
35408
35675
36041
36071
36429
37082
37197
37284
37526
37584
37719
37921
38524
38953
39270
39279
39564
39594
39672
39737
40245
40333
40387
41100
41484
41648
41885
41899
42111
42129
42843
42948
43023
43160
43249
43884
43899
43983
44460
44744
44811
44997
45183
45387
45477
45612
45987
46068
46125
46260
46554
46773
46905
47196
47433
47667
48012
48060
48381
48393
48447
48480
48636
48762
48815
48915
48960
49242
49272
49323
49398
49527
49628
49644
49797
49851
50034
50397
50682
51146
51335
51440
51701
51962
52005
52540
52562
52664
52745
53048
53111
53504
53884
54142
54208
54472
54913
55000
55450
55471
55546
55615
55822
55865
56000
56013
56315
56344
56957
56999
57341
57998
58019
58136
58148
58252
58362
58543
58820
58832
59004
59105
59518
60221
60456
60462
60599
60883
60997
61234
61434
61610
61736
61838
62117
62135
62202
62441
62663
62750
62971
62989
63095
63130
63224
63260
63287
63374
63381
63602
63620
63660
63773
64163
64256
64299
64425
64561
64705
64921
65013
65023
65029
65155
65354
65647
65751
66041
66269
66401
66489
66922
67069
67291
68493
69020
69091
69296
69881
69899
69931
70277
70406
70707
71328
71339
71746
71785
71803
72017
72179
72501
72720
72792
72858
73086
73326
74030
74035
74965
75506
76268
76281
76949
77003
77456
78436
78520
78651
79361
79501
79570
79954
80297
80361
80804
80813
80819
80939
81022
81431
81467
81643
82063
82460
82559
82612
82883
82925
83246
83302
83763
83917
83953
84040
84163
84247
84600
84804
84945
85336
85453
85540
85573
85621
85669
85738
85786
85801
85828
85948
86374
86668
86910
87267
87419
87892
87967
88114
88141
88985
89333
89489
90078
90102
90756
91197
91266
91408
91527
92003
92206
92227
92337
92702
92781
93584
93700
93941
93964
94237
94555
94663
94713
94951
95174
95384
95854
95946
95971
96295
96344
96735
96745
96756
96771
96922
97187
97229
97352
97365
97775
98283
98302
98564
98629
99252
99524
99619
99650
99921
100329
100382
100468
100558
101180
101197
101338
101517
101597
101621
102196
102409
102508
102912
103176
103518
103557
104078
104378
104417
104602
104826
104976
105052
105090
105172
105433
105451
106352
107106
107127
107314
107922
107951
108114
108348
108540
108795
108803
108992
109048
109093
109159
109392
109438
109535
109577
109878
110135
110268
110336
110585
110769
111038
111112
111127
111172
111233
111274
111737
112131
112254
112368
112499
112657
112781
113028
113131
113597
113654
113702
113867
113988
114468
115113
115260
115491
115651
115800
116124
116550
117258
117266
117311
117782
117952
118211
118485
118622
118835
118903
118915
118951
118999
119287
119430
119787
119952
120139
120193
120198
120399
120522
120769
120853
120990
121209
121487
121603
121648
122065
122452
122590
122825
122933
123029
123050
123177
123255
123276
123968
123982
124155
124596
124926
124931
125179
125268
125564
125588
125885
126003
126030
126330
126867
126958
126980
127138
127182
128202
128325
128359
128765
129057
129207
129478
130031
130091
130152
130678
131234
132038
132156
132551
132900
Number of cuts: 622

Phrankenstein
197
797
1424
1775
1951
2130
2907
3865
4197
5570
5912
6337
6487
6986
7437
7737
7803
9143
9519
9774
9927
10324
12514
12661
12729
13420
13519
13524
13590
13924
14116
14211
14230
14664
17792
17826
17838
18168
18285
18581
18647
18832
19011
19310
20101
20180
20397
20687
21416
21819
22625
24005
24129
24460
26706
26805
27122
27593
28056
28732
29106
29241
29566
29596
29704
29719
30246
30807
30896
30941
31154
31624
32088
32107
32255
32357
32582
33416
33805
34001
34117
34231
34560
35223
35942
36070
36396
36446
36725
36779
37249
37310
37409
37451
37949
37961
38395
38512
39099
40203
40443
41665
42928
43391
43431
43966
44810
45577
45646
46226
46316
46418
46426
Number of cuts: 113

Pine5
4242
4567
5222
6353
8392
9189
11121
11132
12878
15070
15507
16525
17867
18057
18456
18471
18644
19227
20011
20306
20611
25633
31978
32380
33852
34807
35029
35972
37191
38406
39604
39990
42056
42221
42265
42319
42853
43213
43811
44696
47148
48331
52712
53023
57305
Number of cuts: 45

Poco6
1234
1686
2038
2157
3235
3286
3373
3490
5207
5412
5427
5637
5887
6283
6762
7410
7547
7887
8025
8490
8537
8664
9071
9101
11064
12063
12282
12388
12713
12806
13078
13082
13091
13099
13168
13515
13853
13872
14133
14270
14747
15121
15287
16269
16310
16515
16605
16632
16782
17078
17884
17917
17959
18171
18999
19761
20191
20844
21385
21535
22025
22143
22967
23650
24154
24250
25663
25738
25873
26185
26598
26698
26715
26942
27017
27520
28967
30162
30587
30848
30914
31314
32737
32863
32981
33800
34135
34808
34982
35219
35435
35530
35846
36713
37051
37145
37295
37694
38020
38218
39510
39877
39960
39990
40011
41332
42132
42151
42419
43940
44872
45381
46004
46398
46492
46611
46674
48435
48444
48531
49247
49541
49618
49781
49835
49952
50116
50842
51079
51853
52476
54383
54545
54781
54937
55750
55874
55978
56523
56786
56836
57005
57017
57314
57350
58262
59283
59559
59582
60761
60929
61087
61338
62252
62268
62295
62512
62926
63026
63096
63683
64089
64241
65138
65323
65429
65712
66235
66484
67361
67770
68055
68065
68872
69351
69561
70023
70475
71089
71268
71279
71603
72069
72598
72746
72815
73647
73744
74041
74187
74380
74677
74800
75591
75765
75843
76722
77124
77319
77519
77613
77849
78052
Number of cuts: 203

Rasputin
197
797
1424
1775
1951
2130
2907
3865
5570
6322
6472
6971
7422
8368
8562
9112
9488
9743
9828
10293
10440
10545
12698
13389
13493
14199
14633
17795
17807
18550
18616
18801
18828
18980
19978
20070
20366
20656
22649
22678
23274
23821
24030
24154
24485
26731
26830
27147
27585
28081
28757
29131
29266
29591
29621
29729
29744
30553
30832
30921
30966
31179
31649
32113
32132
32280
32382
32607
33441
33830
34026
34142
34256
34585
35248
35720
35967
36095
36421
36462
36750
36804
36903
37274
37335
37434
37476
37974
37986
38420
38537
39124
40228
40468
41690
42953
43416
43456
43991
44835
45602
45671
46251
46343
46455
Number of cuts: 105

RER2
197
797
1424
1775
1951
2130
2907
3865
4197
5570
5912
6337
6487
6986
7437
7737
7803
9143
9519
9774
9927
10324
12514
12661
12729
13420
13519
13524
13590
13924
14116
14211
14230
14664
17792
17826
17838
18168
18285
18581
18647
18832
19011
19310
20101
20180
20397
20687
21416
21873
22679
24059
24183
25134
26134
26760
26777
27647
28110
28611
28635
28786
29160
29295
29650
29758
29773
30861
30950
30995
31208
31678
32142
32161
32309
32411
32636
33470
33859
34055
34171
34285
34614
35277
35996
36124
36500
36779
36833
36932
37303
37364
37463
37505
38003
38015
38449
38566
39153
40257
40497
41719
42982
43445
43485
44020
44864
45631
45700
46279
46369
46482
Number of cuts: 112

RexFury
197
828
1455
1806
1982
2161
2938
3038
3896
5601
5943
6368
6518
7017
7468
7768
7834
9174
9550
9805
9958
10355
10502
12760
13451
13550
13555
13621
13955
14147
14242
14261
14695
17823
17857
17869
18199
18316
18612
18678
18863
19042
19341
20132
20428
21090
21447
21904
22710
24090
24214
24545
26791
26890
27207
27678
28141
28817
29191
29326
29651
29681
29789
29804
30613
30892
30981
31026
31239
31709
32173
32192
32340
32442
32667
33501
33890
34086
34202
34316
34645
35308
36027
36155
36481
36522
36531
36810
36864
37334
37395
37494
37536
38034
38046
38597
39159
39184
39325
40285
40768
41749
43012
43475
43515
44050
44894
45661
45730
46310
46401
46513
Number of cuts: 112

RGL3
61
445
1289
1405
1469
1773
1863
1890
2129
3867
5539
6976
7302
8540
8811
9109
9623
9740
10293
10365
10380
11433
12942
13367
13502
13623
13649
13886
13995
14187
14561
14822
15104
16306
16747
16761
17617
17987
17999
19161
19204
21403
21608
21655
21718
22259
22697
22832
23268
23355
23582
24114
24333
24552
24581
24671
25544
27168
27207
27248
27501
27546
29097
30078
30090
30202
30548
31620
31665
31738
31878
32828
33273
34802
34813
35240
35573
35788
35819
35967
36233
36918
37461
37486
37709
37774
37999
38128
38216
38376
38475
38517
39012
39024
39357
39367
39944
41063
41111
41404
41837
42232
42361
42931
43666
43861
44365
44592
44633
46054
46637
47128
47312
47462
47493
47738
47751
47942
Number of cuts: 118

Rhodalysa
197
797
1424
1775
1951
2130
2907
3865
4197
5570
5912
6337
6487
6986
7437
7737
7803
9143
9519
9774
9927
10324
12514
12661
12729
13420
13519
13524
13590
13924
14116
14211
14230
14664
16583
17792
17826
17838
18168
18285
18581
18647
18832
19011
19310
20101
20180
20397
20687
21059
21416
21873
22679
24059
24183
24514
26760
26859
27647
28110
28786
29160
29295
29620
29650
29758
29773
30861
30950
30995
31208
31678
32142
32161
32309
32411
32636
33470
33859
34055
34171
34285
34614
35277
35749
35996
36124
36450
36491
36779
36833
36932
37303
37364
37463
37505
38003
38015
38449
38566
39153
40257
40497
41719
42982
43445
43485
44864
45631
45700
46280
46371
46482
Number of cuts: 113

StCroix
197
797
1424
1775
1951
2130
2907
3865
5570
5912
6337
6487
6986
7437
7737
7803
9143
9519
9774
9927
10324
12514
12661
12729
13420
13519
13524
13590
13924
14116
14211
14230
14664
17792
17826
17838
18168
18285
18581
18647
18832
19011
19310
20101
20180
20397
20687
21059
21416
21873
22163
22205
22692
24072
24196
24527
26616
26790
26872
27660
28123
28799
29173
29308
29633
29663
29771
29786
30874
30963
31008
31221
31691
32155
32174
32322
32424
32649
33483
33872
34068
34184
34298
34627
35290
35762
36009
36137
36472
36513
36801
36855
36954
37325
37386
37485
37527
38025
38037
38471
38588
39175
40279
40519
40760
41307
41472
41741
41805
43004
43467
43507
44042
44886
45653
45722
46302
46393
46505
Number of cuts: 119

Swann
197
797
1424
1775
1951
2130
2907
3865
4197
5570
5912
6337
6487
6986
7437
7737
7803
9143
9519
9774
9927
10324
12514
12661
12729
13420
13519
13524
13590
13924
14116
14211
14230
14664
17792
17826
17838
18168
18285
18581
18647
18832
19011
19310
20101
20180
20397
20687
21059
21416
21873
22679
24059
24183
24514
26760
26859
27176
27647
28110
28786
29160
29293
29618
29648
29756
29771
30859
30948
30993
31206
31676
32140
32159
32307
32409
32634
33468
33857
34053
34169
34283
34612
35275
35994
36122
36498
36777
36831
36930
37301
37362
37461
37503
38001
38013
38447
38564
39151
40255
40495
41717
42980
43443
43483
44018
44862
45629
45698
46279
46370
46482
Number of cuts: 112

Takoda
197
792
1417
1767
1943
2447
2899
3857
6314
6464
6963
7414
8359
8553
9479
9734
9887
10431
11010
12689
12972
13380
13446
13484
13989
14190
16557
16602
17536
17752
17786
17798
18541
18792
18971
19969
20061
20357
20647
22122
22164
22651
23217
23276
23823
24032
24156
24357
24487
26107
26733
26750
27620
28083
28759
29133
29268
29593
29623
29731
29746
29836
30207
30705
30768
30857
30902
31115
32049
32068
32598
33374
34033
34044
34229
34797
35460
36179
36307
36674
36683
36962
37486
37547
37646
37688
38186
38198
38632
38749
39336
39477
39674
40442
40497
40681
41902
41966
42322
42592
42792
43263
43774
44346
45190
45232
45859
46493
46685
46693
Number of cuts: 110

Trina
38
122
577
663
705
807
867
1121
1302
1752
2199
2375
2394
2415
2421
2496
2963
3176
3343
3434
3531
3875
3915
4148
4337
4349
4367
4624
4799
5102
5158
5689
6067
6121
6183
6240
6275
6316
6978
7071
7488
7665
7734
8063
8356
8710
8950
9155
9249
9410
9490
9551
10025
10064
10367
10628
10867
11177
11187
11361
11392
11419
12116
12153
12332
12844
12998
13058
13230
13569
13666
13918
13944
13998
14281
14296
14773
14996
15146
15172
15214
15276
15465
15536
15898
15917
15978
16368
16556
17035
17143
17234
17302
17742
17786
17982
18060
18694
18724
18802
19164
19268
19294
19521
19984
20065
20387
20627
20903
21211
21241
21257
21402
21660
22236
22425
22768
22842
22906
22924
23035
23068
23336
23508
23535
24081
24438
24495
24605
25194
25242
25841
25851
25954
26034
26487
26786
27144
27168
27624
27771
28068
28389
29003
29348
29363
29474
29687
29840
30080
30125
30188
30242
30251
31124
31886
32057
32239
32424
32526
32538
32967
33387
33573
33627
33782
33880
33947
34007
34055
34189
34322
34389
34798
34982
35261
35456
35489
35575
35608
35681
36085
36151
36301
36404
36414
36495
36539
36639
37122
37131
37170
37242
37284
37314
37356
37524
37539
37544
37900
38497
38515
38647
39328
39392
39579
39793
40521
40551
40811
40935
41172
41193
41752
42068
42250
42356
42610
42833
43002
43017
43139
43412
43593
43813
43959
44149
44430
44446
44650
44716
44937
45238
45336
45373
45400
45442
45457
45466
45475
45535
45781
45880
45892
45952
45973
46125
46165
46176
46209
46249
46312
46317
46329
46366
46411
46533
46594
46969
46999
47356
47665
47680
48033
48076
48087
48139
48393
48448
48636
48654
48669
49210
49257
49296
49423
49438
49471
49579
49738
50014
50139
50161
50446
50514
51157
51479
51505
51758
51857
52127
52604
52619
52643
52816
52987
52998
53044
53285
53615
54053
54116
54259
54371
54439
54910
54977
55941
56100
56265
56367
56479
56545
56656
57157
57528
57667
58060
58290
58375
58429
58483
58576
58629
58678
58798
58936
58953
59533
59661
59817
59835
59997
60378
60427
60524
60617
60789
60900
61499
61733
62020
62039
62160
62215
62370
62385
62473
62522
62779
62968
63067
63234
63268
63595
63676
63865
63872
64079
64228
64369
64408
64468
65046
65316
65335
65512
65535
65551
65749
66043
66184
66372
66442
66613
66808
66820
66938
67171
67229
67316
67358
67385
67910
68047
68097
68210
68601
68717
68729
68903
69323
69338
69407
69505
69818
69929
70063
70151
70299
70586
70815
70867
71033
71372
71535
71879
71910
71963
72391
72450
72490
72730
72900
73221
73593
73725
73880
73967
75285
75300
75336
75667
76205
76665
76692
76928
77389
77619
78499
78652
78735
79061
79072
79180
79306
79426
79432
79464
79594
79687
79698
79834
79991
80140
80152
80196
80369
80378
80679
81874
81885
81999
82035
82056
82161
82196
82290
82566
82584
82592
82656
82932
83320
83526
85193
85258
85307
85313
85322
85429
85519
85763
86066
86189
86485
86699
86981
87262
87561
88244
88277
88370
88472
88802
88829
88891
88900
88945
89075
89114
89287
89758
89780
90069
90985
91712
91735
91748
91965
91970
92000
92137
92159
92372
92479
92486
92528
92539
92651
92810
92882
92921
93158
93568
93855
94053
94200
94371
94400
94654
94665
94884
94892
95037
95175
96228
96299
96453
96459
96576
96768
96783
96982
97230
97655
97685
97696
97862
97877
97979
98645
98797
98805
98882
98920
99263
99374
99566
99683
99802
100002
100119
100335
100347
100358
100568
100801
100901
101079
101468
101501
101585
101598
102034
102244
102282
102364
102428
102723
103478
103510
103551
103799
104019
104288
104511
104520
104555
104587
104603
104843
104949
105080
105427
105677
105950
106200
106301
106317
106504
106532
106629
106687
106702
106833
106962
107060
107274
107339
107418
107433
107452
107515
107539
108485
108501
108534
109022
109067
109145
109418
109836
109846
109917
109962
110058
110160
110265
110361
110534
110949
111282
111288
111905
112100
112607
112674
112855
113104
113320
113484
113737
114156
114431
114531
114549
114593
115084
115367
115567
115595
115777
115957
115966
116037
116670
116824
116956
117450
117689
117738
117754
117828
118006
118038
118178
118403
118477
118703
118737
118855
118999
119116
119162
119235
119262
119599
119660
119958
120093
120413
121217
121357
121376
121461
121511
121529
121992
122050
122265
122304
122689
122741
122784
122916
122994
123289
123294
123372
123634
123703
123763
123775
123883
124225
124289
124306
124347
124394
124455
124571
124741
124989
125070
125088
125103
125433
125529
125592
125682
125916
126065
126145
126598
126807
126826
126961
127014
127234
127344
127889
127913
128110
128227
128540
128774
129034
129092
129347
129352
129363
129483
129583
129960
129973
130105
130364
130415
130526
130600
130891
130903
130961
131047
131227
131382
131418
131503
131558
131567
131644
132103
132385
132450
132581
133083
133275
133403
133424
133665
133688
134209
134238
134417
135043
135483
135594
135820
135876
135898
135921
135952
135982
135999
136048
136175
136320
136440
136524
136979
137065
137107
137209
137269
137523
137704
138154
138601
138777
138796
138817
138823
138898
Number of cuts: 794

TWAMP
197
797
1424
1775
1951
2130
2907
3865
4197
5570
5912
6337
6487
6986
7437
7737
7803
9143
9519
9774
9927
10324
12514
12661
12729
13420
13519
13524
13590
13924
14116
14211
14230
14664
16583
17792
17826
17838
18168
18285
18581
18647
18832
19011
19310
20101
20180
20397
20687
21059
21416
22679
24059
24183
24514
26760
26859
27647
28110
28786
29160
29295
29620
29650
29758
29773
30861
30950
30995
31208
31678
32142
32161
32309
32411
32636
33470
33859
34055
34171
34285
34614
35277
35749
35996
36124
36450
36491
36779
36833
36932
37303
37364
37463
37505
38003
38015
38449
38566
39153
40257
40497
41719
42982
43445
43485
44864
45631
45700
46280
46371
46482
Number of cuts: 112

UhSalsa
197
797
1424
1775
1951
2130
2907
3865
5570
5912
6337
6487
6986
7437
7737
7803
9143
9519
9774
9927
10324
12514
12661
12729
13420
13519
13524
13590
13924
14116
14211
14230
14664
17792
17826
17838
18168
18285
18581
18647
18832
19011
19310
20101
20180
20397
20687
21416
21873
22679
24059
24184
24515
26761
26860
27177
27648
28111
28787
29161
29294
29619
29649
29733
29757
29772
29862
30233
30794
30883
30928
31141
31611
32075
32094
32242
32344
32569
33403
33792
33988
34104
34218
34556
35219
35938
36066
36392
36433
36442
36721
36775
37245
37306
37405
37447
37945
37957
38508
39070
39095
39236
40196
40679
41660
42923
43386
43426
43961
44805
45572
45641
46221
46312
46425
Number of cuts: 115

Weasels2
36
61
305
338
368
575
626
719
770
782
971
1061
1070
1094
1431
1440
1773
1806
1831
1955
2050
2148
2299
2320
2522
2550
2616
2643
2651
2688
2738
2757
2763
2804
2816
2839
2854
2989
3020
3039
3050
3067
3081
3165
3195
3207
3341
3689
3743
4012
4451
4512
4674
4741
4816
5903
6017
6215
6599
6720
7368
7428
7677
8019
8383
8619
8670
8748
9231
9249
9354
9374
9411
9435
9933
10320
10698
11146
11178
11184
11577
11689
12083
12254
12341
12632
12878
13151
13164
13230
13314
13457
13741
13852
13930
14084
14150
14308
14551
14617
14632
14764
15025
15031
15543
15620
16120
16234
16393
16417
16468
16575
17123
17689
17729
18399
19251
19434
19602
19755
19954
20054
20597
20893
21610
22114
22270
22305
22457
22891
23162
23201
23447
23833
24180
24204
24210
24222
24354
24759
25497
25806
25854
25947
26085
26103
26211
26607
26613
26635
26792
26895
26912
27269
27425
27885
27931
27961
27996
28256
28362
28379
28436
28712
28757
28787
29072
29288
30155
30896
30944
31136
31192
31267
31436
31583
31733
31889
31964
32249
32306
32461
32559
32875
32892
33109
33217
33247
33277
33337
33544
33992
34174
34207
34345
34468
34480
34656
34756
34855
34930
35050
35071
35206
35362
35407
35944
35998
36040
36076
36226
36325
36388
36550
36733
36874
37218
37250
37275
37359
37398
37528
37640
37809
38043
38382
38514
38695
38857
39121
39295
39577
40114
40432
40681
41284
41475
41514
41661
41799
42534
42750
42756
42843
43341
43498
43717
43735
43849
44404
44467
44731
44871
44911
45294
45405
45457
45598
45841
45889
45904
45921
45991
46159
46450
46732
46762
46786
46867
47227
47311
47434
47785
47830
47896
47941
47967
48442
48460
48646
48832
48919
48940
49165
49195
49516
49528
49534
49570
49614
49681
49726
50038
50089
50164
50173
50200
50394
50410
50544
50563
50617
50728
52752
52913
53034
53100
53196
53481
53748
53946
54642
54729
54966
55017
55230
55236
55758
55994
56163
56253
56422
56605
56713
56791
56980
57113
57600
58039
58277
58626
59148
59253
59262
59286
59298
59361
59515
59593
59839
60258
60425
60590
60606
60674
60976
61138
61608
61658
62583
62885
63266
63284
63710
63755
63782
63899
63966
64154
64160
64199
64391
64415
64430
64485
65199
65267
65515
65524
65619
65814
65820
65933
66103
66239
66990
67029
67080
67318
68262
68294
68389
68476
68578
69118
69127
69310
69471
69726
70103
70122
70206
70290
70353
70892
70900
71024
71151
71216
71417
71855
72196
72254
72351
72464
72473
72735
72780
72819
72867
73012
73063
73701
73951
74077
74129
74149
74215
74224
74245
74743
75038
75372
75535
76001
76319
76538
76694
76751
76851
76976
77187
77782
77923
78103
78204
78323
78332
78477
78712
78815
79096
79132
79168
79213
79326
79632
79653
79845
80154
80625
80631
81166
81219
81575
81647
81711
82038
83140
83278
83867
84023
84041
84269
84347
84428
84449
84650
84659
84716
84980
85160
85190
85400
86232
86495
86508
86589
86595
86696
86723
87305
87524
87568
87732
87935
88119
88281
88299
88330
88584
88787
88868
88889
88916
89048
89075
89195
89210
89330
89857
90224
90416
90577
90799
91062
91077
91181
91188
91527
91784
91799
92265
92343
92402
92792
92867
92892
92939
92963
93002
93013
93469
93572
94307
94371
94625
94793
95234
95538
95549
95884
95890
95902
96433
96472
96553
96588
97201
97449
97489
97566
97659
97680
98041
98074
98080
98218
98336
98342
98536
98945
98952
98963
98979
99147
99177
99227
99266
99306
99466
99520
99971
100215
100376
100602
100681
101057
101127
101200
101233
101885
102438
102614
102643
102683
102738
103122
103251
103455
103536
103958
104214
104232
104244
104254
104385
104645
104678
104751
105209
105910
105975
106001
107619
107716
107928
108052
108121
108282
108400
108576
108667
109165
109641
109656
110086
110104
110264
110374
110437
110694
110722
110761
110817
110959
111159
111198
111369
111377
111513
111667
111679
111819
111861
111885
111976
112234
112432
112862
112904
113207
113366
113472
113559
113573
113843
113876
114059
114170
114384
114582
114589
115360
115442
115787
116241
116435
116531
116899
117229
117503
117560
117968
118279
118292
118456
118536
119240
119873
119897
119905
120175
120211
120349
120663
120705
121054
121247
121324
121531
121882
122281
122547
122567
122722
123056
123091
123268
123739
123748
123927
124208
124220
124238
124272
124674
124683
124932
124988
125312
125482
125558
125587
125647
125657
125674
125969
126059
126077
126266
126285
126493
126934
126999
127068
127117
127343
127450
127887
128319
128342
128453
128586
128840
128952
129219
129319
129382
129589
129683
130081
130208
130215
130382
130499
130589
130598
130670
130806
130817
130909
131137
131643
131741
131766
132010
132043
132073
132280
132331
132424
132475
132487
132676
132766
132775
132799
133136
133145
133478
133511
133536
133660
133755
133853
134004
134025
134227
134255
134321
134348
134356
134393
134443
134462
134468
134509
134521
134544
134559
134694
134725
134744
134755
134772
134786
134870
134900
134912
Number of cuts: 780

Yogi
197
797
1424
1775
1951
2130
2907
3865
5570
6322
6472
6971
7422
8367
8561
9487
9742
9827
9895
10439
12703
13394
13498
14204
14638
17800
17812
18555
18621
18806
18833
18985
19983
20075
20371
20661
21847
22653
23219
23278
24033
24157
26108
26734
26751
27621
28084
28585
28609
28760
29134
29269
29624
29732
29747
30556
30694
30835
30924
30969
31182
31652
32116
32135
32283
32385
32610
33444
33833
34029
34585
35248
35720
35967
36095
36817
36842
37130
37184
37654
37715
37814
37856
38354
38366
38917
39425
39504
39645
40608
40848
42070
42134
43333
43796
43836
44371
45215
45982
46705
46816
Number of cuts: 101

Yoncess
197
797
1424
1775
1951
2130
2907
3865
5570
6322
6472
6971
7422
8367
8561
9487
9742
9827
9895
10439
12635
12703
12986
13394
13498
14204
14638
17800
17812
18555
18621
18806
18833
18985
19983
20075
20371
20661
21847
22654
22683
23279
24034
24158
24489
26109
26735
27448
27622
28085
28610
28761
29135
29270
29595
29625
29733
29748
30336
30615
30704
30749
30962
31432
31896
31915
32063
32165
32390
33224
33613
33809
34368
35031
35750
35878
36204
36245
36533
36587
37057
37118
37217
37259
37757
37769
38320
38907
39048
40011
40251
41474
41538
42740
43204
43244
43779
44623
45390
45459
46128
46239
Number of cuts: 102

