Alatin
343
1110
1505
1569
1621
1706
2066
2264
2831
2960
3196
3339
3741
3820
3874
3925
4132
4399
4438
4459
4863
4916
5031
5136
6944
7115
7197
7427
7805
8482
8581
8590
8798
8938
9165
9291
9408
9672
9875
10489
10646
11176
11290
11358
11449
11856
11869
11898
11906
12251
12323
12335
14048
14396
14503
14629
15398
15407
15673
15841
15852
16132
16189
16199
16497
16593
16604
16694
16884
16994
17156
17238
17382
17817
18305
18471
18485
18729
18872
18954
18983
19397
19689
19745
19821
20157
20286
20328
20382
20424
20538
20851
21012
21035
21212
21920
21997
22061
22102
22115
22267
22299
22374
22703
22778
23620
23631
23694
23886
24145
24383
24536
24658
24860
25368
25599
25960
26266
26344
26619
26629
27184
27188
27375
27462
27619
27936
28304
28744
29314
30484
30895
30905
31003
31432
31441
31493
31561
31574
31820
31864
32081
32231
32342
32547
32933
32967
33258
33312
33325
33710
33772
33825
34217
34743
35100
35187
35723
36065
36077
36251
36722
37023
37128
37152
37521
37532
37643
37652
38321
38406
38553
38994
39120
39195
39222
39633
40055
40075
40157
40309
40870
41373
41487
41639
41797
42354
42662
42700
42739
42775
42952
43093
43206
44245
44346
44452
44676
44800
45003
45025
45054
45418
45761
45871
Number of cuts: 205

Alpacados
343
1110
1505
1569
1658
2007
2226
2793
2922
3158
3301
3667
3782
3836
3887
4094
4361
4400
4421
4825
4878
4993
6300
6473
6891
7062
7144
7374
8134
8426
8525
8557
8728
8868
9012
9095
9221
9338
9602
9748
10419
10576
11112
11226
11294
11385
11792
11805
11834
11842
12187
12259
12271
13984
14332
14439
14565
15334
15343
15609
15777
15788
15905
16068
16125
16135
16529
16540
16630
16820
17092
17318
17753
18126
18241
18407
18665
18808
18919
19333
19520
19625
19681
19757
19940
20093
20222
20264
20318
20360
20364
20474
20948
21026
21148
21802
21943
21984
21997
22098
22168
22243
22647
22880
23489
23500
23563
23755
24014
24252
24405
24527
24729
25237
25821
25865
26249
26524
26534
27089
27093
27280
27367
27524
27841
28209
28603
28649
29219
30389
30800
30810
30829
30908
31337
31346
31398
31466
31479
31725
31769
31986
32136
32247
32452
32838
32872
33163
33217
33230
33615
33730
34122
34645
35002
35089
35967
35979
36117
36153
36615
36916
37021
37045
37414
37425
37536
37545
38214
38446
38887
39013
39088
39348
39526
39948
39968
40132
40693
41196
41310
41462
41620
42485
42523
42562
42598
42775
42916
43029
44068
44169
44275
44499
44623
44826
44848
44877
45043
45241
45584
45694
Number of cuts: 202

AngryOrchard
1103
1498
1562
1651
2011
2209
2638
2776
2905
3141
3284
3686
3765
3819
3870
4077
4344
4383
4404
4808
4861
4976
5081
6283
6512
6671
6874
7045
7127
7357
8117
8409
8508
8540
8711
8851
9078
9204
9321
9585
9731
9974
10119
10402
10672
11095
11209
11277
11368
11775
11788
11817
11825
12170
12242
12254
13244
13967
14315
14422
14548
15317
15326
15592
15760
15771
15888
16051
16108
16118
16416
16512
16523
16613
16803
16913
17075
17157
17301
17491
17736
18109
18224
18390
18648
18791
18873
18902
19316
19503
19608
19664
19923
20076
20183
20205
20247
20301
20343
20347
20403
20457
20931
21131
21151
21785
21926
21967
21980
22163
22238
22567
22642
22875
23410
23495
23558
23751
24248
24401
24725
25233
25825
26032
26131
26204
27048
27052
27160
27239
27326
27483
27800
27995
28168
28608
29178
30282
30315
30659
30693
30703
30722
30801
31230
31239
31291
31359
31372
31618
31662
31879
32029
32276
32294
32345
32444
32488
32728
33053
33107
33120
34282
34805
35162
35249
35785
36127
36139
36313
36704
36775
37076
37205
37574
37585
37696
37705
38374
38606
38777
39047
39173
39248
39686
40110
40130
40924
41427
41541
41692
41850
42333
42366
42748
43072
43138
43251
43290
44287
44388
44476
44494
44718
45054
45373
Number of cuts: 206

AppleCloud
903
1328
1413
1775
1973
2135
2402
2540
2678
2905
3048
3303
3450
3529
3583
3634
3841
4108
4147
4168
4572
4625
4740
4845
6047
6220
6638
6763
6809
6891
7121
7881
8173
8272
8304
8572
8591
8735
8818
8944
9061
9714
9859
10142
10299
10374
10650
10829
10943
11011
11102
11509
11522
11559
11970
12078
12240
12309
12348
12414
12756
12825
12831
12837
14013
14166
14361
14468
14480
14594
15351
15363
15372
15638
15806
15817
15934
16097
16154
16164
16462
16558
16569
16659
16849
16959
17121
17203
17347
17537
17782
18155
18270
18436
18694
18837
18919
18948
19362
19654
19710
19969
20122
20229
20251
20293
20389
20449
20503
20816
21000
21177
21700
21831
21972
22013
22026
22153
22388
22776
23002
23110
23217
23448
23533
23585
23789
23910
23994
24258
24411
25243
25835
26042
27059
27063
27171
27250
27337
27494
27811
27820
28006
28179
28547
28560
28698
29267
30214
30625
30635
30733
31162
31171
31277
31382
31550
31594
31811
31961
32072
32277
32697
32988
33042
33055
33440
33502
33549
33941
34270
34470
34827
34914
35450
35792
35804
35942
35978
36274
36440
36741
36846
36870
37239
37250
37361
37370
38039
38124
38442
38712
38838
38913
38940
39348
39770
39790
39872
40587
41090
41204
41356
41514
42071
42379
42417
42456
42492
42669
42810
42923
43962
44063
44169
44393
44517
44720
44742
44771
45135
45478
45588
Number of cuts: 223

Belenaria
343
1110
1505
1569
1621
1706
2066
2264
2831
2960
3196
3339
3741
3820
3874
3925
4132
4399
4438
4459
4863
4916
5031
5136
6944
7115
7197
7427
7805
8482
8581
8590
8798
8938
9165
9291
9408
9672
9875
10489
10646
11176
11290
11358
11449
11856
11869
11898
12251
12323
12335
14048
14396
14503
14629
15398
15407
15673
15841
15852
16132
16189
16199
16497
16593
16604
16694
16884
16994
17156
17238
17382
17817
18305
18471
18485
18729
18872
18954
18983
19397
19689
19745
19821
20157
20286
20328
20382
20424
20538
20851
21012
21035
21212
21866
22048
22061
22162
22232
22307
22711
23553
23564
23627
23819
24078
24317
24470
24592
24794
25302
25850
25894
26200
26278
26553
26563
27118
27122
27230
27309
27396
27553
27870
28238
28678
29248
29576
30350
30761
30771
30869
31298
31307
31359
31427
31440
31686
31730
31947
32097
32208
32413
32799
32833
33124
33178
33191
33576
33638
33691
34083
34445
34618
34975
35062
35598
35940
35952
36090
36126
36422
36588
36889
36994
37018
37387
37398
37509
37518
38187
38272
38590
38860
38986
39061
39088
39496
39918
39938
40020
40735
41238
41352
41504
41662
42219
42527
42565
42604
42640
42817
42958
43071
44110
44211
44317
44541
44665
44868
44890
44919
45283
45626
45736
Number of cuts: 205

BobbyDazzler
343
1110
1505
1569
1685
1770
2119
2335
2902
3031
3267
3410
3776
3891
3945
3996
4203
4470
4509
4530
4934
4987
5102
5207
6582
7000
7171
7253
7483
8243
8535
8634
8666
8837
8977
9121
9204
9330
9447
9711
9857
10528
10685
11221
11335
11403
11494
11901
11914
11943
11951
12296
12368
12380
14093
14441
14548
14674
15443
15452
15718
15886
15897
16014
16177
16234
16244
16638
16649
16739
16929
17201
17427
17862
18235
18350
18516
18774
18917
19028
19442
19629
19734
19790
19866
20049
20202
20331
20373
20427
20469
20473
20529
20583
21057
21135
21257
21911
22052
22093
22106
22278
22353
22757
22990
23525
23599
23610
23673
23865
24124
24362
24515
24637
24839
25347
25578
25939
26323
26598
26608
27163
27167
27354
27441
27598
27915
28283
28677
28723
29293
30463
30874
30884
30982
31411
31420
31472
31540
31553
31799
31843
32060
32210
32321
32526
32912
32946
33237
33291
33304
33689
33804
34196
34722
35079
35166
35702
36044
36056
36194
36230
36692
36993
37098
37122
37491
37502
37613
37622
38291
38523
38694
38717
38964
39090
39603
40025
40045
40127
40279
40840
41343
41457
41610
41768
42633
42671
42710
42746
42923
43064
43177
44216
44317
44423
44647
44771
44974
44996
45025
45191
45389
45732
45842
Number of cuts: 205

Bonanza
343
1110
1505
1569
1621
1706
2066
2264
2831
2960
3196
3339
3705
3820
3874
3925
4132
4399
4438
4459
4863
4916
5031
6338
6511
6929
7100
7182
7412
8172
8464
8563
8595
8766
8906
9050
9133
9259
9376
9640
9786
10457
10614
11150
11264
11332
11423
11830
11843
11872
11880
12225
12297
12309
14022
14370
14477
14603
15372
15381
15647
15815
15826
15943
16106
16163
16173
16567
16578
16668
16858
17130
17356
17791
18164
18279
18445
18703
18846
18957
19371
19558
19663
19719
19795
19978
20131
20260
20302
20356
20398
20402
20512
20986
21186
21840
21981
22022
22035
22136
22206
22281
22685
23527
23538
23601
23793
24052
24290
24443
24565
24767
25275
25506
25823
25867
26251
26526
26536
27091
27095
27282
27369
27526
27843
28211
28605
28651
29221
30391
30802
30812
30831
30910
31339
31348
31400
31468
31481
31727
31771
31988
32138
32249
32454
32840
32874
33165
33219
33232
33617
33732
34124
34647
35004
35091
35627
35969
35981
36119
36155
36412
36435
36446
36580
36831
36997
37298
37403
37427
37796
37807
37918
37927
38596
38828
39022
39269
39470
39908
40330
40350
40432
40584
41145
41648
41762
41914
42072
42937
42975
43014
43050
43227
43368
43481
44520
44621
44727
44951
45075
45278
45300
45329
45495
45693
46131
Number of cuts: 207

Bradshaw
343
1110
1505
1569
1621
1706
2066
2264
2426
2831
2930
2960
3196
3339
3741
3820
3874
3925
4132
4399
4438
4459
4863
4916
5031
5136
6353
6944
7115
7197
7427
7805
8482
8581
8590
8798
8938
9165
9291
9408
9672
9875
10206
10489
10646
11176
11290
11358
11449
11856
11869
11898
11906
12251
12323
12335
14048
14396
14503
14629
15398
15407
15673
15841
15852
16132
16189
16199
16497
16593
16604
16694
16884
16994
17156
17238
17382
17817
18305
18471
18485
18729
18872
18954
18983
19397
19689
19745
19821
20157
20286
20328
20382
20424
20538
20851
21012
21035
21212
21866
21943
22007
22048
22061
22162
22232
22307
22711
23553
23564
23627
23819
24078
24316
24469
24591
24793
25301
25532
25893
26199
26277
26552
26562
27117
27121
27308
27395
27552
27869
28237
28677
29247
30417
30828
30838
30936
31365
31374
31426
31494
31507
31753
31797
32014
32164
32275
32480
32866
32900
33191
33245
33258
33643
33705
33758
34150
34676
35033
35120
35656
35998
36010
36184
36655
36956
37061
37085
37454
37465
37576
37585
38254
38339
38486
38927
39053
39128
39155
39566
39988
40008
40018
40090
40242
40803
41306
41420
41572
41730
42287
42595
42633
42672
42708
42885
43026
43139
44178
44279
44385
44609
44733
44936
44958
44987
45153
45351
45694
45804
Number of cuts: 210

Bryce
343
1110
1505
1569
1621
1706
2066
2264
2831
2960
3196
3339
3705
3820
3874
3925
4132
4399
4438
4459
4863
4916
5031
5136
6511
6929
7100
7182
7412
8172
8464
8563
8595
8766
8906
9050
9133
9259
9376
9640
9786
10457
10614
11150
11264
11332
11423
11830
11843
11872
11880
12225
12297
12309
14022
14370
14477
14603
15372
15381
15647
15815
15826
15943
16106
16163
16173
16567
16578
16668
16858
17130
17356
17791
18164
18279
18445
18703
18846
18957
19371
19558
19663
19719
19795
19978
20131
20260
20302
20356
20398
20402
20458
20512
20986
21186
21840
21981
22022
22035
22207
22282
22686
23454
23528
23539
23602
23794
24053
24291
24444
24566
24768
25276
25507
25868
26252
26527
26537
27092
27096
27283
27370
27527
27844
27853
28212
28606
28652
29222
30171
30582
30592
30690
31119
31128
31180
31248
31261
31507
31551
31768
31918
32029
32234
32620
32654
32945
32999
33012
33397
33512
33904
34430
34787
34874
35410
35752
35764
35902
35938
36400
36701
36806
36830
37199
37210
37321
37330
37999
38231
38402
38425
38672
38798
38873
39311
39733
39753
39835
39987
40548
41051
41165
41318
41476
42379
42418
42454
42631
42772
42885
43924
44025
44131
44355
44479
44682
44704
44733
44899
45097
45440
45550
Number of cuts: 204

ChewyVIII
198
756
1557
1726
2270
2468
2549
2899
3199
3336
3567
3761
3782
4375
4988
5210
5874
6695
6961
7080
7282
7432
8033
8182
8401
9626
10618
10972
11137
11813
11918
11931
12223
12590
12968
13010
13021
13427
14128
14185
14319
14643
14743
15468
15733
15890
16106
16322
16787
16966
17434
17717
17948
18067
18535
18586
18651
18672
18837
18862
19018
19161
19613
19775
20255
20329
21124
21673
22054
22066
22630
22668
22734
22903
24015
25095
25422
25625
26054
26087
27116
27230
27321
27505
27639
27648
27735
28190
28207
28366
28582
28743
29007
29035
29086
29149
29413
29676
29772
29994
30036
30091
30130
30204
30334
30363
30519
30603
30973
31234
31553
31564
32583
32601
33492
33597
34484
34527
35205
35585
35754
35772
35870
36300
36443
36642
36705
37276
37454
37544
37598
37901
37922
38018
38375
38436
38604
39498
39546
39634
40197
40351
40588
40792
41447
41606
41805
42210
42246
42528
42606
42909
43116
43370
43500
43771
43915
43942
44199
44230
45302
45461
45607
45826
46016
46174
46192
46748
46831
46936
48071
48288
48421
48452
48509
48541
48599
48658
49275
49457
49843
49894
49903
50167
50827
51742
51775
51838
51901
52513
52741
53173
53305
53345
53420
53682
53909
54369
54569
54728
55055
55062
55355
56133
56262
56328
56382
56716
56893
57210
57318
57660
58430
58712
58812
58866
59057
59063
59159
59646
59754
59877
60267
60451
61211
61240
61271
61923
62007
62460
63433
64153
64432
64843
64960
65275
65325
65346
65723
65754
65975
66053
66138
66768
66866
66933
67155
67613
67628
69160
Number of cuts: 250

CosmicSans
343
1110
1505
1569
1621
1706
2066
2264
2426
2831
2930
2960
3196
3339
3741
3820
3874
3925
4132
4399
4438
4459
4863
4916
5031
5136
6353
6944
7115
7197
7427
7805
8482
8581
8590
8798
8938
9165
9291
9408
9672
9875
10206
10489
10646
11176
11290
11358
11449
11856
11869
11898
11906
12251
12323
12335
14048
14396
14503
14629
15398
15407
15673
15841
15852
16132
16189
16199
16497
16593
16604
16694
16884
16994
17156
17238
17382
17817
18305
18471
18485
18729
18872
18954
18983
19397
19689
19745
19821
20157
20286
20328
20382
20424
20538
20851
21012
21035
21212
21866
22048
22061
22162
22232
22307
22711
23553
23564
23627
23819
24078
24316
24469
24591
24793
25301
25317
25766
25849
25893
26199
26277
26552
26562
27117
27121
27308
27395
27552
27869
28237
28677
29247
30417
30828
30838
30936
31365
31374
31426
31494
31507
31753
31797
32014
32164
32275
32480
32866
32900
33191
33245
33258
33643
33705
33758
34150
34676
35033
35120
35656
35998
36010
36148
36184
36646
36947
37052
37076
37445
37456
37567
37576
38245
38330
38477
38918
39044
39119
39146
39557
39979
39999
40081
40233
40794
41297
41411
41563
41721
42278
42586
42624
42663
42699
42876
43017
43130
44169
44270
44376
44600
44724
44927
44949
44978
45144
45342
45685
45795
Number of cuts: 210

Dinger
1105
1500
1564
1617
1702
2062
2260
2422
2689
2827
2965
3192
3335
3737
3816
3870
3898
3921
4128
4395
4434
4455
4859
4912
5027
5132
6334
6925
7096
7178
7408
8168
8460
8559
8591
8762
8902
9046
9129
9255
9372
9636
9782
9839
10025
10453
10967
11146
11260
11328
11419
11826
11868
11876
12221
12293
12305
12507
12627
14366
14473
14599
14742
15368
15377
15643
15811
15822
15939
16102
16159
16169
16467
16563
16574
16664
16854
16964
17126
17208
17352
17542
17787
18160
18275
18441
18699
18842
18924
18953
19367
19659
19715
19974
20127
20234
20256
20298
20352
20394
20398
20454
20508
20982
21182
21836
21977
21998
22018
22031
22183
22215
22290
22517
22619
22694
23234
23462
23547
23610
23803
24062
24300
24453
25285
25877
26084
27101
27105
27213
27292
27379
27536
27824
27853
27862
28048
28221
28589
28602
28740
29310
30286
30663
30697
30707
30726
30805
31234
31243
31295
31363
31376
31622
31666
31883
32033
32280
32298
32448
32735
32769
33060
33114
33127
33782
33844
33891
34283
34818
35175
35262
35798
36140
36152
36317
36326
36622
36788
37089
37194
37218
37587
37598
37709
37718
38387
38472
38619
38790
39060
39186
39261
39442
39699
40123
40143
40225
40938
41441
41555
41707
41865
42351
42384
42766
43090
43156
43202
43269
43308
44305
44406
44494
44512
44736
45072
45390
45818
Number of cuts: 219

DocB7
207
500
804
927
1502
1862
1976
2493
2868
3027
3090
3441
3570
4461
4860
4965
5121
6097
6244
7074
7129
7172
7431
7591
7928
8073
8766
8894
8918
8954
9429
9848
10352
10858
11002
11784
11804
11897
12090
12105
12249
12951
13787
13805
14353
14455
14680
14723
14785
15048
15102
16207
16427
16454
17025
18733
19728
20542
20650
21107
21649
21862
22494
22878
22909
23862
24094
24214
24286
24319
24348
24372
24565
24826
25699
25971
26526
26593
26659
26689
27136
27175
27684
28367
28424
28514
28643
28707
29115
29736
30286
30554
31092
31714
32304
32380
32498
32588
32821
33070
33331
33605
33864
34265
35039
35122
35435
35464
35668
35776
35809
36058
36401
37193
37286
37519
37618
37905
37910
37950
39158
39275
39318
39490
39775
40817
41003
41075
41568
41700
41718
42061
42553
42622
43079
43132
43627
44299
45957
46658
47153
47495
47537
47870
47969
48106
48200
48400
48405
49038
49128
49140
50818
51585
51589
51820
52125
53632
53756
54295
54696
55052
55793
56648
57497
57549
57616
57681
58224
58441
58865
58881
59819
59843
60101
60581
60626
60673
60807
60887
61044
61355
61925
62687
62956
62969
63204
63330
63487
63893
64224
64458
64578
64676
65032
65227
65308
65371
65380
65611
65863
66093
66476
67132
67371
67629
67780
67867
68097
68663
68900
68983
69104
69370
69377
69497
69507
69694
69803
69911
69975
70007
70015
70023
70344
70478
71077
71656
72178
72660
72756
72915
73398
74408
74489
74521
74787
75245
Number of cuts: 238

E3
146
423
606
658
967
1099
1147
1339
1872
2178
2354
2504
2610
2637
3066
3087
4094
4305
4310
4362
4608
4680
5150
5529
5704
5740
6183
6207
6222
6297
6363
7260
7544
7565
7796
8069
8399
8731
9117
9244
9389
9442
9568
9951
10023
10116
10286
10726
10765
11070
11331
11804
11972
11993
12023
12032
12215
12317
12557
12841
12862
13204
13486
13548
13645
13708
14033
14311
14339
14901
15048
15144
15185
15323
15398
15410
15440
15607
15625
15739
15792
15873
15879
16077
16181
16518
16552
17058
17163
17217
17468
17498
17535
18967
19157
19615
19806
20111
20982
21048
21069
21223
21651
21765
22113
22565
22852
23677
23711
24093
24291
24338
24634
25040
25521
25590
25736
25884
26334
28041
28113
28338
28808
28853
29305
29353
29773
29925
29977
30099
30208
30460
30628
30916
30927
31230
31448
32119
32210
32249
32755
33512
33928
34360
34763
35101
35141
35293
35316
35872
35899
36196
36241
36750
36945
37206
37260
37320
37341
37550
37590
38181
38540
38573
38662
38744
38909
38930
38954
38987
39038
39200
39392
40084
40148
40421
40550
40886
41120
41298
41652
41783
41960
42008
42095
42118
42164
42553
42611
43177
43899
44100
44202
44355
44418
44507
44564
44593
44701
44796
45058
45252
45553
45685
45811
45955
46880
46973
47306
47354
47454
47553
47685
48011
48147
48276
48429
48439
48576
48628
48664
48859
48867
49086
49246
49317
49360
49384
49429
49597
49720
49798
49833
49930
49980
49987
50029
50076
50392
50698
52052
52116
52281
52287
52404
52570
52770
53318
53363
53707
53758
53806
53869
54278
54828
55015
55781
55907
56270
56573
57265
57313
57886
57937
58305
58360
58701
59177
59324
59375
59459
59513
59588
59666
59675
60492
61927
62319
62386
62509
62632
62722
62803
62920
63577
63888
63945
63980
64532
64944
65095
65124
66006
66105
66124
66166
66316
66376
66519
66529
67003
67541
67751
67811
67861
68111
68491
68514
68937
69303
69396
69531
69798
69947
70035
70194
70466
70554
71244
71267
71392
71422
71674
72257
72441
72575
72801
73076
73359
73688
73932
74027
74166
74327
74559
74598
74625
74802
74955
75178
75188
75215
75266
75442
75553
75866
76010
76437
76867
77003
77189
77921
78119
78133
78184
78402
78732
79020
79141
79233
79284
79359
79474
79880
79916
80063
80100
80154
80214
80274
80538
80771
80778
80976
81537
81618
81695
81749
82016
82182
82343
82412
82812
82896
82937
83025
83213
83265
83367
83376
83832
83908
84028
84574
84987
85104
85538
85652
86084
86225
86288
87292
87450
87725
88363
88385
88406
88657
88775
88945
89056
89319
89503
89586
89595
89730
89934
90315
90673
90991
91282
91779
92076
92261
92461
93084
93359
93544
93670
93699
93712
93793
93865
94003
94591
94636
95119
95535
95811
96722
97030
97240
97452
98290
98378
98440
98450
98725
99147
99172
99925
100152
100340
100587
100784
100863
100920
101165
101256
101570
101961
102060
102150
102168
102219
102839
102851
103729
103790
103904
103983
103987
104472
104803
104932
105052
105475
105697
105709
105795
105931
105988
106615
106942
107423
107567
107669
107987
108438
108604
110547
110613
110766
110909
111267
111617
111662
111755
111769
111968
111980
112681
112804
113044
113797
113887
114102
114126
114847
115234
115485
115794
116009
117229
117772
117808
117870
117895
118150
118617
119132
119327
119331
120087
120363
120408
120614
120749
121208
121354
121604
122144
122165
122311
122372
123016
123034
123370
123497
123807
123861
123915
124337
124826
125219
126605
127297
127770
128309
128479
128515
129275
129385
129406
129435
129633
129820
129843
130230
131087
131096
131129
131393
131495
131840
132969
133150
133377
133678
133822
133906
134059
134110
134152
134473
134779
134832
134928
135048
135144
135199
135220
135535
135955
135975
136299
136550
136555
136616
136679
136775
136834
136925
137513
137729
138241
138425
138739
139000
139177
139356
139522
139569
139726
140219
140267
140350
140366
140720
140744
140882
141041
141050
141071
141155
141467
141734
141950
142004
142070
142166
Number of cuts: 621

Erik
343
1110
1505
1569
1621
1706
2066
2264
2831
2960
3196
3339
3741
3820
3874
3925
4132
4399
4438
4459
4863
4916
5031
5136
6944
7115
7197
7427
7805
8482
8581
8590
8797
8937
9164
9290
9407
9671
9874
10205
10488
10645
11175
11289
11357
11448
11855
11868
11897
11905
12250
12322
12334
14047
14395
14502
14628
15397
15406
15672
15840
15851
16131
16188
16198
16496
16592
16603
16693
16883
16993
17155
17237
17381
17816
18304
18470
18484
18728
18871
18953
18982
19396
19688
19744
19820
20156
20285
20327
20381
20423
20537
20850
21011
21034
21211
21865
22047
22060
22161
22231
22306
22710
23551
23562
23625
23817
24076
24314
24467
24589
24791
25299
25847
25891
26197
26275
26550
26560
27115
27119
27227
27306
27393
27550
27867
28235
28675
29245
30349
30760
30770
30868
31297
31306
31358
31426
31439
31685
31729
31946
32096
32207
32412
32798
32832
33177
33190
33575
33637
33690
34082
34608
34965
35052
35588
35930
35942
36080
36116
36578
36879
36984
37008
37377
37388
37499
37508
38177
38262
38409
38850
38976
39051
39078
39489
39911
39931
40013
40165
40625
41128
41242
41394
41552
42109
42417
42455
42494
42530
42707
42848
42961
44000
44101
44207
44431
44555
44758
44780
44809
44975
45173
45516
45626
Number of cuts: 205

Espica
343
1110
1505
1569
1621
1706
2066
2264
2831
2960
3196
3339
3741
3820
3874
3925
4132
4399
4438
4459
4863
4916
5031
5136
6944
7115
7197
7427
7805
8482
8581
8590
8798
8938
9165
9291
9408
9672
9875
10489
10646
11176
11290
11358
11449
11856
11869
11898
12251
12323
12335
14048
14396
14503
14629
15398
15407
15673
15841
15852
16132
16189
16199
16497
16593
16604
16694
16884
16994
17156
17238
17382
17817
18305
18471
18485
18729
18872
18954
18983
19397
19689
19745
19821
20157
20286
20328
20382
20424
20538
20851
21012
21035
21212
21866
22048
22061
22162
22232
22307
22711
23553
23564
23627
23819
24078
24317
24470
24592
24794
25302
25850
25894
26200
26278
26553
26563
27118
27122
27230
27309
27396
27553
27870
28238
28678
29248
29576
30350
30761
30771
30869
31298
31307
31359
31427
31440
31686
31730
31947
32097
32208
32413
32799
32833
33178
33191
33576
33638
33691
34083
34445
34618
34975
35062
35598
35940
35952
36090
36126
36422
36588
36889
36994
37018
37387
37398
37509
37518
38187
38272
38590
38860
38986
39061
39088
39496
39918
39938
40020
40735
41238
41352
41504
41662
42219
42527
42565
42604
42640
42817
42958
43071
44110
44211
44317
44541
44665
44868
44890
44919
45283
45626
45736
Number of cuts: 204

Finch
212
218
357
850
1114
1187
1421
1847
1937
2419
2428
2478
2786
3196
3303
3334
4200
4355
4487
5044
5107
5809
5841
6226
6310
6489
7392
7408
7609
8633
8691
9063
9300
9344
9435
9933
10057
10137
10174
10574
10861
10927
11073
11915
12254
13022
13431
13516
13684
14473
14512
14589
14824
15085
15145
15178
15575
15730
15752
16055
16106
16145
16215
16472
17021
17048
17180
17219
18016
19087
19261
19309
20805
20816
20917
21109
21427
21432
21826
22003
22138
23058
23250
23325
23706
23838
23847
23955
24436
25234
25330
25379
25403
25835
26222
26768
26822
27415
28311
28374
28482
28748
29156
29448
29897
30786
31080
31158
31302
31534
31819
32049
32086
32530
32578
32908
33506
33589
33620
34149
34398
34489
34662
34933
35215
35338
35359
35458
35550
35560
35749
35975
36276
36985
37226
37431
37977
38807
38813
38846
38971
39440
40119
40362
40627
40813
40952
41188
41394
41456
41609
42009
42185
42404
42809
43005
43065
43193
43410
43425
43464
43833
43976
44045
44209
44363
44378
44714
44761
44923
45210
45387
45720
45870
46170
46455
46464
46617
46686
47045
47115
47313
47719
47995
48303
48789
49164
49895
49913
49973
50032
50093
50483
50822
51317
51570
51623
52096
52499
52529
52690
52969
53041
53074
53156
53212
54475
54658
54918
55393
55774
55954
56000
56054
56189
56786
57110
58883
59033
59355
59394
59782
60074
60146
60395
60738
61234
61382
61467
61558
61717
61738
61759
62361
63130
63233
63293
63535
64229
64536
64731
64793
65052
65337
66519
66525
67089
67104
67902
67947
67953
68088
68507
68556
68759
68993
69320
69422
69446
70159
70173
71422
71632
71781
72396
72546
72606
73297
73657
73846
73994
74087
74543
74945
75264
75275
75345
75449
75777
76005
76260
76531
76561
76621
76651
76891
77373
77799
78193
78229
78331
78439
78849
79053
79062
79346
79601
79768
80346
80629
80657
80821
80855
80941
81214
81272
82252
82303
82420
83065
84798
85133
85187
85229
85583
85941
86183
86463
86600
87805
88428
88454
88537
88911
88936
89187
89557
89716
90222
90306
90422
90579
90848
90893
91064
91297
91455
91544
91829
92417
92639
92825
92902
93068
93158
93866
93923
94280
94361
94528
95112
95623
95679
95887
96094
96272
96519
96709
96748
96798
97492
97570
97858
98554
98731
98812
98821
98963
99119
99289
99475
99610
99633
99822
100044
100515
100744
100849
101011
101393
102106
102115
102382
102618
102958
102964
103148
103863
104385
104738
105246
105294
105516
105826
106127
106289
106940
107453
107611
107725
107743
107979
107994
108300
108335
108961
108982
109611
109706
110290
110294
110687
111339
111677
111932
111944
112129
112637
113276
113353
113583
113759
113794
113818
113965
114159
114476
114638
114679
114744
114845
115976
116180
117143
117416
117738
117753
118449
118491
118779
118830
118884
118907
118922
119015
119021
119058
119204
119649
119760
120134
120143
120257
120445
120848
121034
121135
121379
121754
122350
122539
123084
123669
124074
124414
124537
124667
125330
125669
125698
125822
125929
126477
127015
127201
127300
127921
128058
128221
128491
128681
128726
128776
128809
128969
129630
129665
129733
129990
130016
130071
130119
130152
130254
130679
130696
130704
130848
131076
131214
131256
132329
132399
132540
132630
132800
132839
132944
132969
133164
133334
133433
133472
133607
133766
134080
134099
134146
134150
134189
134213
134788
134845
134931
134935
134975
135099
135283
135373
135608
135626
135693
135836
135988
136187
136271
136316
136738
136868
137221
137447
137480
137507
137614
137866
137903
138611
138615
138657
Number of cuts: 549

Gollum
343
1110
1505
1569
1621
1706
2066
2264
2831
2960
3196
3339
3741
3820
3874
3925
4132
4399
4438
4459
4863
4916
5031
5136
6944
7115
7197
7427
7805
8482
8581
8590
8798
8938
9165
9291
9408
9672
9875
10206
10489
10646
11176
11290
11358
11449
11856
11869
11898
11906
12251
12323
12335
14048
14396
14503
14629
15398
15407
15673
15841
15852
16132
16189
16199
16497
16593
16604
16694
16884
16994
17156
17238
17382
17817
18305
18471
18485
18729
18872
18954
18983
19397
19689
19745
19821
20157
20286
20328
20382
20424
20538
20851
21012
21035
21212
21866
22048
22061
22162
22232
22307
22711
23251
23553
23564
23627
23819
24078
24316
24469
24591
24793
25301
25766
25849
25893
26199
26277
26552
26562
27117
27121
27229
27308
27395
27552
27869
28237
28677
29247
30314
30415
30826
30836
30934
31363
31372
31424
31492
31505
31751
31795
32012
32162
32273
32478
32864
32898
33243
33256
33641
33703
33756
34148
34674
35031
35118
35654
35996
36008
36146
36182
36644
36945
37050
37074
37443
37454
37565
37574
38243
38328
38646
38916
39042
39117
39144
39552
39921
39941
40023
40175
40736
41239
41353
41505
41663
42220
42528
42566
42605
42641
42818
42959
43072
44111
44212
44318
44542
44666
44869
44891
44920
45284
45627
45737
Number of cuts: 207

Grayson
854
917
1390
1431
1534
1663
1771
2331
2539
2565
2569
2612
2878
3472
5305
6421
6694
7220
8167
8210
8369
8842
8945
9461
9778
10228
11476
11566
12087
12586
13605
14439
15107
15926
16968
16984
16999
17293
17305
17718
18357
18412
20241
21805
22121
22802
22848
22870
23729
24304
25278
25674
25958
26270
26297
26609
27448
28722
28946
29152
29440
30161
30964
31199
31233
31252
31548
31816
32098
32268
32658
33603
34266
34311
34450
34557
34722
35004
35334
36579
37726
37978
38496
38696
39174
39312
40537
40618
40749
40824
40900
40989
41007
41029
41287
41698
42719
42786
42935
43773
44640
44730
44820
44923
45999
46146
46150
46171
46620
47347
47442
47967
47995
48060
48222
48588
49182
49350
49494
51489
51552
51838
52263
52370
52425
52984
53375
53465
53595
53741
54516
55319
55459
55604
55769
55773
55985
56136
56322
56338
56878
56895
57536
57601
59132
59413
59633
59731
59846
60154
61019
61615
61664
61743
61898
62404
62440
62518
63187
63203
63352
63427
63696
64101
64996
65105
65315
65906
66351
66612
66842
67150
67590
69050
69347
69370
69519
69805
70058
70328
71644
71686
71889
72064
72150
73241
73469
73789
74185
74358
74369
74407
74914
75431
75507
75568
76187
76347
76821
76985
77086
77263
77362
78263
78316
78367
78448
78543
79062
79075
79709
80061
80453
81214
81752
81960
84206
84656
85011
85026
85183
85821
85979
86007
86291
86996
87103
87240
87612
87748
88557
90135
90527
90654
91327
91643
91653
91691
91873
91923
92368
92612
92804
93891
94423
94780
95951
97007
97820
98072
98146
98384
99881
100210
100970
101856
102866
104279
104370
105104
105430
107225
107312
108056
110773
111094
112197
112305
113084
113175
113846
113991
114934
114996
115148
115629
115829
116235
116606
116730
117385
117660
117698
118110
118246
118606
119279
119298
119477
119681
120429
120450
120675
120821
120971
121260
121508
121602
121629
121816
123179
123270
123517
123832
124474
124486
124759
125637
125970
126380
126522
126531
126623
126636
126753
126760
126832
126868
126969
127168
127180
127742
128213
128349
128611
128622
129755
129818
130291
130332
130435
130564
130672
131232
131440
131466
131470
131513
131779
Number of cuts: 339

Harlequin
343
1110
1505
1569
1621
1706
2066
2264
2831
2960
3196
3339
3594
3741
3820
3874
3925
4132
4399
4438
4459
4689
4863
4916
5031
5136
6338
6929
7100
7182
7412
8172
8464
8563
8595
8766
8863
8882
9026
9109
9235
9352
9616
9762
10433
10590
11126
11240
11308
11399
11806
11819
11848
11856
12201
12273
12285
13998
14346
14453
14579
15348
15357
15623
15791
15802
15919
16082
16139
16149
16543
16554
16644
16834
17106
17332
17767
18140
18255
18421
18679
18822
18933
19347
19534
19639
19695
19771
19954
20107
20236
20278
20332
20374
20378
20434
20488
20962
21162
21870
22011
22052
22065
22237
22312
22716
23484
23558
23569
23632
23824
24083
24321
24474
24596
24798
25306
25537
25898
26282
26557
26567
27122
27126
27313
27400
27557
27874
27883
28242
28636
28682
29252
30201
30612
30622
30720
31149
31158
31210
31278
31291
31537
31581
31798
31948
32059
32264
32650
32684
32975
33029
33042
33427
33542
33934
34460
34817
34904
35440
35782
35794
35932
35968
36430
36731
36836
36860
37229
37240
37351
37360
38029
38261
38702
38828
38930
39084
39341
39569
39765
39785
40583
41086
41200
41353
41511
42414
42453
42489
42666
42807
42920
43959
44060
44166
44390
44514
44717
44739
44768
44934
45132
45475
45585
Number of cuts: 205

Hiro
343
1110
1505
1569
1621
1706
2066
2264
2831
2960
3196
3339
3705
3820
3874
3925
4132
4351
4399
4438
4459
4863
4916
5031
5136
6511
6929
7100
7182
7412
8172
8464
8563
8595
8863
8882
9026
9109
9235
9352
10005
10150
10433
10590
10665
10941
11120
11234
11302
11393
11800
11813
11850
12261
12369
12531
12600
12639
12705
13047
13116
13122
13128
14304
14457
14652
14759
14771
14885
15642
15654
15663
15929
16097
16225
16388
16445
16455
16753
16849
16860
16950
17140
17250
17412
17494
17638
17828
18073
18446
18561
18727
18985
19128
19239
19653
19840
19945
20077
20260
20413
20520
20542
20584
20680
20740
20794
21107
21291
21468
21991
22122
22263
22304
22317
22444
22679
23067
23293
23401
23508
23739
23824
23876
24079
24338
24576
24729
24851
25053
25561
25792
26153
26537
26812
26822
27377
27381
27568
27655
27812
28129
28497
28891
28937
29507
30576
30677
31088
31098
31117
31196
31625
31634
31686
31754
31767
32013
32057
32274
32424
32535
32740
33126
33160
33451
33505
33518
33903
34018
34410
34936
35293
35380
35916
36258
36270
36408
36444
36906
37207
37312
37336
37705
37716
37827
37836
38505
38737
38908
38931
39178
39304
39379
39817
40239
40259
40341
41054
41557
41671
41824
41982
42885
42924
42960
43137
43278
43391
44430
44531
44637
44861
44985
45188
45210
45239
45405
45603
45946
46056
Number of cuts: 221

Jace
398
446
470
834
934
985
1039
1129
1444
1450
1665
2192
2230
2442
2446
2553
2698
2851
2872
2905
3141
3328
3510
3807
4044
4176
4731
4780
4814
5448
5785
5917
6115
6192
6298
6316
8023
8044
8073
8199
8333
8612
8729
8827
9058
9197
9266
9763
9926
10010
10123
10265
10375
11029
11995
12038
12073
12119
12509
12650
13052
13811
13917
14117
14132
14174
14438
14555
14779
14929
15196
15528
15747
15789
16042
16059
16093
16239
16375
16462
16510
16948
17001
17080
17543
17633
17704
17826
18186
18210
18223
18756
18798
18846
19185
19488
19578
19730
19835
19989
20076
20280
20343
20493
20621
20747
20977
21068
21101
21666
21698
22015
22060
22182
22366
22433
22579
22655
22778
23363
23453
23486
23620
23663
24017
24126
24134
24258
24546
24869
24890
24905
25121
25446
25569
25593
25902
25941
26337
26443
26613
26913
27321
27542
27744
28128
28310
28336
28346
28486
28838
28886
28945
29098
29565
29634
29716
29976
30001
30277
30307
30566
30923
31270
32368
32936
33040
33172
33313
33326
33847
34088
34319
34470
34872
35245
35260
35341
35486
35678
36600
36773
37294
37407
37422
37503
37859
38440
38478
38904
38991
39020
39129
39191
39483
40174
40312
40326
40537
40839
40932
41315
41344
41380
41428
41599
42222
42243
42566
42665
43432
43594
44338
44744
44755
44873
44976
45264
45473
45713
45813
46213
46400
46523
46888
46938
47197
47220
47260
47275
47664
47685
47877
48129
48165
48347
48501
48737
48865
48918
49153
49201
49339
49354
49368
49465
49582
50105
50354
50577
50608
50818
50853
51073
51181
51258
51336
51387
51679
51703
52126
52132
52535
52571
52883
52982
53429
53655
Number of cuts: 268

Jester
343
1110
1505
1569
1621
1706
2066
2264
2831
2960
3196
3339
3594
3741
3820
3874
3925
4132
4399
4438
4459
4689
4863
4916
5031
5136
6338
6929
7100
7182
7412
8172
8464
8563
8595
8766
8863
8882
9026
9109
9235
9352
9616
10005
10433
10590
10941
11113
11120
11234
11302
11393
11800
11813
11842
11850
12195
12267
12318
12481
12601
13992
14447
14573
15330
15342
15351
15617
15785
15796
15913
16076
16133
16143
16441
16537
16548
16638
16828
16938
17100
17182
17326
17516
17761
18134
18249
18415
18673
18816
18927
19341
19528
19633
19689
19765
19948
20101
20230
20272
20326
20368
20372
20428
20482
20956
21156
21810
21951
21983
21996
22168
22243
22647
23415
23489
23500
23563
23755
24014
24252
24405
24527
24729
25237
25468
25829
26213
26488
26498
27053
27057
27244
27331
27488
27805
27814
28173
28567
28613
29183
30132
30543
30553
30651
31080
31089
31141
31209
31222
31468
31512
31729
31879
31990
32195
32581
32615
32906
32960
32973
33358
33473
33865
34391
34748
34835
35371
35713
35725
35863
35899
36361
36662
36767
36791
37160
37171
37282
37291
37960
38192
38633
38759
38861
39015
39272
39500
39696
39716
40514
41017
41131
41284
41442
42345
42384
42420
42597
42738
42851
43890
43991
44097
44321
44445
44648
44670
44699
44865
45063
45406
45516
Number of cuts: 213

Krishelle
343
1110
1505
1569
1621
1706
2066
2264
2831
2960
3196
3339
3741
3820
3874
3925
4132
4399
4438
4459
4863
4916
5031
5136
6944
7115
7197
7427
8187
8479
8578
8610
8878
8897
9041
9124
9250
9367
10020
10165
10448
10605
10680
10956
11135
11249
11317
11408
11815
11828
11865
12276
12384
12546
12615
12654
12720
13062
13131
13137
13143
14319
14472
14667
14774
14786
14900
15657
15669
15678
15944
16112
16123
16240
16403
16460
16470
16768
16864
16875
16965
17155
17265
17427
17509
17653
17843
18088
18461
18576
18742
19000
19143
19225
19254
19668
19960
20016
20275
20428
20535
20557
20599
20695
20755
20809
21122
21306
21483
22042
22173
22314
22355
22368
22495
22730
23118
23344
23452
23559
23790
23875
23927
24131
24252
24336
24600
24753
25585
26177
26384
27401
27405
27513
27592
27679
27836
28153
28162
28348
28521
28889
28902
29040
29609
30777
31188
31198
31296
31725
31734
31786
31854
31867
32113
32157
32374
32524
32635
32840
33226
33260
33551
33605
33618
34003
34065
34118
34510
35036
35393
35480
36016
36358
36370
36544
37015
37316
37421
37445
37814
37825
37936
37945
38614
38699
38846
39287
39413
39488
39515
39926
40348
40368
40450
40602
41163
41666
41780
41932
42090
42647
42955
42993
43032
43068
43245
43386
43499
44538
44639
44745
44969
45093
45296
45318
45347
45711
46050
46154
46389
Number of cuts: 221

Lillie
343
1110
1505
1569
1621
1706
2066
2264
2426
2831
2930
2960
3196
3339
3741
3820
3874
3925
4132
4399
4438
4459
4863
4916
5031
5136
6353
6944
7115
7197
7427
7805
8482
8581
8590
8798
8938
9165
9291
9408
9672
9875
10206
10489
10646
11176
11290
11358
11449
11856
11869
11898
11906
12251
12323
12335
14048
14396
14503
14629
15398
15407
15673
15841
15852
16132
16189
16199
16497
16593
16604
16694
16884
16994
17156
17238
17382
17817
18305
18471
18485
18729
18872
18954
18983
19397
19689
19745
19821
20157
20286
20328
20382
20424
20538
20851
21012
21035
21212
21866
22048
22061
22162
22232
22307
22711
23553
23564
23627
23819
24078
24316
24469
24591
24793
25301
25317
25766
25849
25893
26199
26277
26552
26562
27117
27121
27308
27395
27552
27869
28237
28677
29247
30417
30828
30838
30936
31365
31374
31426
31494
31507
31753
31797
32014
32164
32275
32480
32866
32900
33191
33245
33258
33643
33705
33758
34150
34676
35033
35120
35656
35998
36010
36148
36184
36646
36947
37052
37076
37445
37456
37567
37576
38245
38330
38477
38918
39044
39119
39146
39557
39979
39999
40081
40233
40794
41297
41411
41563
41721
42278
42586
42624
42663
42699
42876
43017
43130
44169
44270
44376
44600
44724
44927
44949
44978
45144
45342
45685
45795
Number of cuts: 210

Mahdia
159
528
680
1695
1764
2132
2194
2306
2474
2588
2639
2793
3056
3184
3214
3518
3640
3658
3707
3875
4847
5348
5917
6090
6186
6621
6717
7032
7038
7760
7915
8006
8134
8690
8748
8864
9460
9749
10157
10531
10544
11476
11486
11539
11864
11888
12050
12547
12812
12994
13124
13132
13747
14003
14495
15445
15578
16004
16262
16271
16789
16855
16938
17325
17385
18162
18199
18211
18523
18641
18706
19098
19475
19567
19693
19933
19969
20173
20394
20536
20733
20935
21126
21255
22034
22366
23036
23505
23606
23922
23966
24359
24751
24919
25069
25089
25104
25137
25986
26416
26551
26662
26726
26818
26947
27422
27991
28078
28119
28123
28251
28466
28564
29182
29404
29848
29863
29972
30067
30493
31207
31216
31266
31490
31667
31788
31958
32037
32398
32520
32617
32738
34225
35055
35103
35816
36251
36277
36504
36807
36894
37399
37823
37891
37950
38025
38037
38043
38516
38602
38612
38785
39315
39455
39581
39869
40167
40299
40727
40792
40867
41313
41538
41560
41804
42059
42073
42170
Number of cuts: 168

Naiad
343
1110
1505
1569
1621
1706
2066
2264
2831
2960
3196
3339
3741
3820
3874
3925
4132
4399
4438
4459
4863
4916
5031
5136
6944
7115
7197
7427
7805
8482
8581
8590
8798
8938
9165
9291
9408
9672
9875
10489
10646
11176
11290
11358
11449
11856
11869
11898
11906
12251
12323
12335
14048
14396
14503
14629
15398
15407
15673
15841
15852
16132
16189
16199
16497
16593
16604
16694
16884
16994
17156
17238
17382
17817
18305
18471
18485
18729
18872
18954
18983
19397
19689
19745
19821
20157
20286
20328
20382
20424
20538
20851
21012
21035
21212
21866
21943
22007
22048
22061
22213
22245
22320
22649
22724
23566
23577
23640
23832
24091
24329
24482
24604
24806
25314
25545
25906
26212
26290
26565
26575
27130
27134
27321
27408
27565
27882
28250
28690
29260
30430
30841
30851
30949
31378
31387
31439
31507
31520
31766
31810
32027
32177
32288
32493
32879
32913
33204
33258
33271
33656
33718
33771
34163
34689
35046
35133
35669
36011
36023
36197
36668
36969
37074
37098
37467
37478
37589
37598
38267
38352
38499
38940
39066
39141
39168
39579
40001
40021
40103
40255
40816
41319
41433
41585
41743
42300
42608
42646
42685
42721
42898
43039
43152
44191
44292
44398
44622
44746
44949
44971
45000
45364
45707
45817
Number of cuts: 205

Nancinator
343
1110
1505
1569
1621
1706
2066
2264
2831
2960
3196
3339
3741
3820
3874
3925
4132
4399
4438
4459
4863
4916
5031
5136
6944
7115
7197
7427
7805
8482
8581
8590
8798
8938
9165
9291
9408
9672
9875
10489
10646
11176
11290
11358
11449
11856
11869
11898
12251
12323
12335
14048
14396
14503
14629
15398
15407
15673
15841
15852
16132
16189
16199
16497
16593
16604
16694
16884
16994
17156
17238
17382
17817
18305
18471
18485
18729
18872
18954
18983
19397
19689
19745
19821
20157
20286
20328
20382
20424
20538
20851
21012
21035
21212
21866
22048
22061
22162
22232
22307
22711
23553
23564
23627
23819
24078
24317
24470
24592
24794
25302
25850
25894
26200
26278
26553
26563
27118
27122
27230
27309
27396
27553
27870
28238
28678
29248
29576
30350
30761
30771
30869
31298
31307
31359
31427
31440
31686
31730
31947
32097
32208
32413
32799
32833
33178
33191
33576
33638
33691
34083
34445
34618
34975
35062
35598
35940
35952
36090
36126
36422
36588
36889
36994
37018
37387
37398
37509
37518
38187
38272
38590
38860
38986
39061
39088
39572
40133
40636
40750
40902
41060
41617
41925
41963
42002
42038
42215
42356
42469
43508
43609
43715
43939
44063
44266
44288
44317
44681
45024
45134
Number of cuts: 201

Natosaleda
343
1110
1505
1569
1621
1706
2066
2264
2831
2960
3196
3339
3741
3820
3874
3925
4132
4399
4438
4459
4863
4916
5031
5136
6944
7115
7197
7427
7805
8482
8581
8590
8798
8938
9165
9291
9408
9672
9875
10489
10646
11176
11290
11358
11449
11856
11869
11898
12251
12323
12335
14048
14396
14503
14629
15398
15407
15673
15841
15852
16132
16189
16199
16497
16593
16604
16694
16884
16994
17156
17238
17382
17817
18305
18471
18485
18729
18872
18954
18983
19397
19689
19745
19821
20157
20286
20328
20382
20424
20538
20851
21012
21035
21212
21866
22048
22061
22162
22232
22307
22711
23553
23564
23627
23819
24078
24316
24469
24591
24793
25301
25849
25893
26199
26277
26552
26562
27117
27121
27229
27308
27395
27552
27869
28237
28677
29247
29575
30349
30760
30770
30868
31297
31306
31358
31426
31439
31685
31729
31946
32096
32207
32412
32798
32832
33177
33190
33575
33637
33690
34082
34444
34617
34974
35061
35597
35939
35951
36089
36125
36421
36587
36888
36993
37017
37386
37397
37508
37517
38186
38271
38589
38859
38985
39060
39087
39495
39917
39937
40019
40734
41237
41351
41503
41661
42218
42526
42564
42603
42639
42816
42957
43070
44109
44210
44316
44540
44664
44867
44889
44918
45282
45621
Number of cuts: 203

Partridge
1103
1498
1562
1680
1765
2125
2323
2485
2752
2890
3028
3255
3398
3800
3879
3933
3961
3984
4191
4458
4497
4518
4922
4975
5090
5195
6397
6988
7159
7241
7471
8231
8523
8622
8654
8825
8965
9109
9192
9318
9435
9699
9845
9902
10088
10516
11030
11209
11323
11391
11482
11889
11931
11939
12284
12356
12368
12570
12690
14429
14536
14662
14805
15431
15440
15706
15874
15885
16002
16165
16222
16232
16530
16626
16637
16727
16917
17027
17189
17271
17415
17605
17850
18223
18338
18504
18762
18905
18987
19016
19430
19722
19778
20037
20190
20297
20319
20361
20415
20457
20461
20517
20571
21045
21245
21899
22040
22061
22081
22094
22246
22278
22353
22580
22682
22757
23297
23525
23610
23673
23866
24125
24363
24516
25348
25976
26183
27200
27204
27312
27391
27478
27635
27923
27952
27961
28147
28320
28688
28701
28839
29409
30577
30954
30988
30998
31017
31096
31525
31534
31586
31624
31654
31667
31913
31957
32174
32324
32589
32640
32739
32753
33023
33057
33348
33402
33415
34047
34439
34974
35331
35418
35954
36296
36440
36446
36473
36482
36778
36944
37245
37350
37374
37744
37755
37866
37875
38544
38629
38776
38947
39217
39343
39418
39599
39856
40280
40300
40382
41095
41598
41712
41864
42022
42505
42538
42885
43112
43436
43502
43548
43615
43654
44651
44752
44840
44858
45082
45417
45735
46163
Number of cuts: 221

Pepy6
317
827
1262
1352
1415
1523
1684
1966
2272
3472
3746
3776
3900
4128
5526
5715
5796
5818
5945
6672
6921
7061
7680
7927
8083
8191
8401
8552
8704
8794
8853
10505
10534
10557
10598
10656
10696
10913
11152
11742
11941
12615
13038
13188
13496
13562
13629
13662
13707
13977
14191
14371
14552
14599
14750
15055
15169
16064
16555
16568
16659
16722
16850
16900
16958
17202
17226
18145
18511
19455
19686
19802
19868
19898
19942
20014
20110
20188
20434
20561
20647
20952
21243
21988
22269
22650
22977
23054
23145
23310
23409
23433
23592
23598
23895
24156
24174
24392
24562
24657
24885
25046
25416
25855
26017
26437
26500
26596
26745
27454
27850
28006
28048
28129
28285
28425
28548
28699
29341
29350
29384
29389
29929
30011
30212
30392
30449
30678
32054
33828
34035
34515
34677
34905
34982
35088
35114
35666
35931
36036
36048
36212
36277
36356
36755
36859
36901
36923
37139
37517
37621
37631
37964
38366
38381
38548
38729
38825
39211
39714
40318
40327
40555
41481
41513
41542
41777
41828
42209
42539
43062
43487
43673
45158
45166
45368
45447
45608
45669
46172
46324
46401
46596
46728
46798
47092
48231
48283
48385
49289
49338
49656
50612
50687
50849
50980
51256
51589
51610
51691
52197
52231
52264
52282
52960
53269
53437
53889
54094
54167
54384
55021
55200
55270
55480
55663
55776
55870
55905
56339
56431
56794
57265
58359
58818
59004
59082
59124
59202
59345
59525
59732
59772
59903
60036
60273
60601
60762
60784
60799
60803
60973
61124
61314
61363
62249
62319
62461
62731
62880
63037
64183
64280
64285
65003
65059
65066
65192
66033
66053
66198
66765
67025
67207
67276
67988
68847
69172
69219
69831
70034
70674
70713
70756
71230
71314
71557
71619
73057
73471
74048
74420
75078
Number of cuts: 283

Peregrin
942
1413
1454
1557
1686
1794
1903
1980
2108
2360
2500
2521
2602
3321
3500
3813
3990
4981
5604
6256
6410
6481
7532
7735
8156
8775
9092
9198
9982
10361
10790
11401
12112
12570
12840
12919
13525
13562
13855
14025
14465
15284
15599
15647
15793
16583
16598
16892
17314
17909
17964
19793
20972
21287
21968
22014
22036
23547
23878
24852
25251
25535
25847
26186
26372
26962
28236
28460
28666
28954
29672
30492
30551
30869
30963
31038
31085
31440
32385
32462
32856
33048
33339
33504
33786
33804
34116
35010
36046
36508
36760
37478
37955
38093
39398
39529
39604
39680
39769
39787
39809
40067
40456
40478
41236
41369
41499
41715
42553
43510
43535
43703
44926
44930
44951
45400
46127
46222
46747
46775
46840
47002
47302
47839
47962
48130
48274
50272
50621
51046
51064
51153
52142
52158
52524
52821
52932
53021
53076
53299
54102
54242
54387
54482
54556
54919
55105
55121
55362
55490
55968
57499
57780
58000
58098
58213
58521
59055
59386
59982
60110
60265
60771
60807
60885
60965
61554
61570
61719
61811
62063
62443
62603
62869
63160
63279
63414
63523
63733
64324
64620
64776
65267
65575
66015
66460
67772
67795
67944
68738
69883
70054
70065
70560
71614
71657
71823
71879
72215
72262
72731
73223
73268
74335
74346
74384
74891
75047
75227
75232
75432
75569
76273
77132
77195
77333
78471
78524
78575
78656
78751
79452
79465
79960
80232
80331
80506
80592
80984
81744
82456
82657
83178
83318
84346
84543
84898
84913
85674
85898
86802
86925
87022
87159
87896
88725
89295
89341
89569
90085
91074
91084
91122
91304
91354
91799
92196
92235
92614
93628
94978
94990
96040
96592
96830
96871
98407
99017
99278
99942
100278
100694
101363
102243
102433
103268
104589
104661
105047
105520
105711
106846
107446
107500
108329
108390
108877
110434
111421
111618
111769
111869
112150
112193
112342
112682
112929
112984
113071
114380
114473
114629
114659
115538
115706
115752
116376
116661
116746
116941
117414
117538
118193
118468
118506
118820
119630
119764
119869
120073
120325
120561
121883
122108
122241
122254
122337
122995
123449
123734
124008
124426
124846
125184
125385
126484
126607
126739
127417
127559
127660
127797
127869
127905
128205
128217
128834
128961
129431
129566
131011
131482
131523
131626
131755
131863
131972
132049
132177
132429
132569
132590
132671
Number of cuts: 363

Phrankenstein
343
1110
1505
1569
1621
1706
2066
2264
2831
2960
3196
3339
3741
3820
3874
3925
4132
4399
4438
4459
4863
4916
5031
5136
6944
7115
7197
7427
7805
8482
8581
8590
8798
8938
9165
9291
9408
9440
9672
9875
10206
10489
10646
11176
11290
11358
11449
11856
11869
11898
11906
12251
12323
12335
14048
14396
14503
14629
15398
15407
15673
15841
15852
16132
16189
16199
16497
16593
16604
16694
16884
16994
17156
17238
17382
17817
18305
18471
18485
18729
18872
18954
18983
19397
19689
19745
19821
20157
20286
20328
20382
20424
20538
20851
21012
21035
21212
21812
21994
22007
22108
22178
22253
22657
23499
23510
23573
23765
24024
24262
24415
24537
24739
25247
25263
25712
25795
25839
26145
26223
26498
26508
27063
27067
27175
27254
27341
27498
27815
28183
28623
29193
30363
30774
30784
30882
31311
31320
31372
31440
31453
31699
31743
31960
32110
32221
32426
32812
32846
33137
33191
33204
33589
33651
33704
34096
34622
34979
35066
35602
35944
35956
36094
36130
36592
36893
36998
37022
37391
37402
37513
37522
38191
38276
38423
38864
38990
39065
39092
39503
39925
39945
40027
40179
40740
41243
41357
41509
41667
42224
42532
42570
42609
42645
42822
42963
43076
44115
44216
44322
44546
44670
44873
44895
44924
45288
45631
45741
Number of cuts: 208

Pine5
420
720
1192
1197
1862
2003
2331
2671
2894
3344
3542
3746
3763
4137
4268
4413
4508
4515
5040
5148
5240
5364
5769
5935
6123
6165
6295
6552
7004
7344
7482
7587
8106
8145
8337
8541
8783
8812
9101
9511
9543
9555
9726
9867
10220
10299
10307
10412
10584
10939
11034
11732
12035
12541
12593
12779
12911
13116
13362
13541
13707
13772
13916
14530
14560
14760
15045
15151
15465
15522
16168
16439
16465
16847
17321
17807
17869
17900
18156
18161
18365
18416
18745
18964
19156
19179
19229
19248
19302
19325
19344
19388
19731
19869
19911
20036
20224
20690
20735
21410
21704
22369
22645
22718
22846
22934
22991
23069
23126
23213
23404
23444
23576
23852
24044
24071
24221
24491
25135
25292
25363
25775
26151
26452
26661
26748
27264
27438
27446
27558
27572
27639
27720
27798
27828
27861
27921
28110
28334
28588
28646
28807
29058
29112
29142
29388
29540
29871
30045
30122
30227
30551
30692
30850
30941
32297
32374
32449
32645
32735
32771
32897
33116
33164
33247
33659
33877
34165
34315
34749
34821
34975
35076
35250
35490
36136
36157
36783
37355
37370
37496
38703
38741
38792
39350
39600
39650
39803
40088
40337
40391
41119
41189
41199
41306
41492
41622
41777
41998
42112
42171
42279
42456
42874
43575
43668
44141
44493
44523
44664
45033
45058
45291
45445
45494
45787
46046
46096
46197
46383
46401
46479
46491
46530
46920
47421
48033
48361
48385
48453
48576
48622
48649
48768
48831
49043
49174
49227
49392
49702
49726
49837
49996
50294
50543
50984
51300
51613
51627
51703
51739
52049
52149
52270
52427
52506
52707
52843
52950
53034
53076
53139
53171
53190
53247
53310
53547
53577
53583
54037
54073
54079
54247
54370
54541
55027
55941
55946
56051
56147
56306
56587
56719
57214
57234
57360
57420
57667
57733
57851
57919
57958
58621
59071
Number of cuts: 294

Poco6
317
827
899
1031
1100
1144
1156
1259
1412
2519
2549
2657
2878
3070
3149
3650
3689
4213
4515
4521
4660
4825
5380
5719
6375
6608
7447
7723
8388
8429
8764
9148
9632
9688
9836
9949
10677
10776
11227
11246
11622
11832
11983
12051
12135
12225
12284
12390
13035
13053
13935
13987
14086
14126
15102
15528
15629
15709
16174
16489
16639
17013
17080
17113
17428
17596
18824
20000
20114
20220
20411
20437
21215
21477
21920
21964
22036
22132
22456
22522
22583
22974
23265
24010
24128
24528
24675
24843
24993
25067
25158
25323
25605
25611
25848
25908
26187
26405
26547
26575
26670
27395
27506
27609
27868
28343
28513
28609
28635
28650
28994
29381
29513
29791
29809
29839
29958
30067
30148
30313
30487
30712
31555
31948
32030
32712
32856
33236
34079
34826
36060
36699
37004
37136
37953
38009
38058
38234
38272
38299
38378
38482
38641
38645
38777
38881
39161
39475
39539
39643
39853
39986
40388
40403
41096
41183
41233
41509
41671
41798
41828
42016
42100
42478
42518
42947
43283
43315
43344
43450
43630
44025
44912
45313
45403
45499
46161
47394
47602
48126
48374
48525
48937
49000
49294
49655
50798
50847
51776
52202
52292
52376
52507
52765
52898
53200
53706
53773
53791
54468
54604
55602
55698
55892
56529
56988
57284
57378
57413
57481
57847
58534
58602
59005
59221
59484
59994
60258
60680
60716
60904
61311
61802
61814
61818
61963
62004
62015
62085
62333
62441
63239
63381
63720
63911
65091
65458
65806
65813
65939
66250
66862
67451
67485
67586
67709
67832
67849
67895
68027
68279
68365
68659
69005
69485
69563
69743
69788
69956
70178
70347
70576
70696
70998
71016
72019
72163
72493
72577
72733
72820
73773
74418
75466
Number of cuts: 274

Rasputin
343
1110
1505
1569
1621
1706
2066
2264
2831
2960
3196
3339
3741
3820
3874
3925
4132
4399
4438
4459
4863
4916
5031
5136
6511
6929
7100
7182
7412
8173
8465
8564
8596
8767
8907
9051
9134
9260
9377
9641
9787
10030
10458
10615
10690
10966
11145
11259
11327
11418
11825
11838
11867
11875
12220
12292
12304
14017
14365
14472
14598
15367
15376
15642
15810
15821
15938
16101
16158
16168
16562
16573
16663
16853
17125
17351
17786
18159
18274
18440
18698
18841
18952
19366
19553
19658
19714
19790
19973
20126
20255
20297
20351
20393
20397
20453
20507
20981
21059
21181
21835
21976
22017
22030
22202
22277
22681
23221
23449
23534
23597
23790
24049
24287
24440
25272
25864
26170
26248
26523
26533
27088
27092
27200
27279
27366
27523
27840
28208
28648
29218
30287
30388
30799
30809
31336
31345
31397
31465
31478
31724
31768
31985
32135
32246
32451
32837
32871
33162
33216
33229
33614
33676
33729
34121
34647
35004
35091
35627
35969
35981
36119
36155
36617
36918
37023
37047
37416
37427
37538
37547
38216
38301
38448
38889
39015
39090
39117
39528
39950
39970
40052
40204
40765
41268
41382
41534
41692
42249
42557
42595
42634
42670
42847
42988
43101
44140
44241
44347
44571
44695
44898
44920
44949
45313
45656
45766
Number of cuts: 207

RER2
343
1110
1505
1569
1621
1706
2066
2264
2426
2831
2930
2960
3196
3339
3741
3820
3874
3925
4132
4399
4438
4459
4863
4916
5031
5136
6353
6944
7115
7197
7427
7805
8482
8581
8590
8798
8938
9165
9291
9408
9672
9875
10206
10489
10646
11176
11290
11358
11449
11856
11869
11898
11906
12251
12323
12335
14048
14396
14503
14629
15398
15407
15673
15841
15852
16132
16189
16199
16497
16593
16604
16694
16884
16994
17156
17238
17382
17817
18305
18471
18485
18729
18872
18954
18983
19397
19689
19745
19821
20157
20286
20328
20382
20424
20538
21012
21090
21212
21866
22048
22061
22162
22232
22307
22711
22944
23479
23564
23627
23819
24078
24316
24469
24591
24793
25301
25532
25849
25893
26277
26552
26562
27117
27121
27308
27395
27552
27869
28237
28631
28677
29247
30417
30632
30828
30838
30936
31365
31374
31426
31494
31507
31753
31797
32014
32164
32275
32480
32866
32900
33191
33245
33258
33643
33705
33758
34150
34676
35033
35120
35656
35998
36010
36184
36480
36646
36947
37052
37076
37445
37456
37567
37576
38245
38330
38477
38918
39044
39119
39146
39557
39979
39999
40081
40233
40794
41297
41411
41563
41721
42278
42586
42624
42663
42699
42876
43017
43130
44169
44270
44376
44600
44724
44927
44949
44978
45342
45685
45795
46379
Number of cuts: 210

RexFury
343
1141
1536
1600
1652
1737
2097
2295
2862
2991
3227
3370
3772
3851
3905
3956
4163
4430
4469
4490
4894
4947
5062
5167
6975
7146
7228
7458
7836
8513
8612
8621
8829
8969
9196
9322
9439
9471
9703
9906
10237
10520
10677
11207
11321
11389
11480
11887
11900
11929
11937
12282
12354
12366
12568
12688
14079
14427
14534
14660
15429
15438
15704
15872
15883
16163
16220
16230
16528
16624
16635
16725
16915
17025
17187
17269
17413
17848
18336
18502
18516
18760
18903
18985
19014
19428
19720
19776
19852
20188
20317
20359
20413
20455
20569
20882
21043
21066
21243
21897
22079
22092
22193
22263
22338
22742
23584
23595
23658
23850
24109
24347
24500
24622
24824
25332
25924
26230
26308
26583
26593
27148
27152
27260
27339
27426
27583
27900
28268
28708
29278
30347
30448
30859
30869
31396
31405
31457
31525
31538
31784
31828
32045
32195
32306
32511
32897
32931
33222
33276
33289
33674
33736
33789
34181
34707
35064
35151
35687
36029
36041
36179
36215
36511
36677
36978
37083
37107
37476
37487
37598
37607
38276
38361
38679
38949
39075
39150
39177
39585
40007
40027
40037
40109
40824
41327
41441
41593
41751
42308
42616
42654
42693
42729
42906
43047
43160
44199
44300
44406
44630
44754
44957
44979
45008
45372
45715
45825
Number of cuts: 208

RGL3
124
720
1705
1836
2092
2266
2428
2614
2833
2962
3596
3641
3707
3743
3822
3876
3927
4134
4239
4440
4461
4482
4662
4865
5033
5138
5181
5189
6734
6769
7105
7188
7390
7588
8472
8571
8713
8788
8904
9048
9131
9233
9374
9406
9414
10030
10175
10382
10396
10458
10690
10791
11151
11261
11421
11524
11831
12226
12298
12310
12324
12439
12673
12688
12697
13296
13911
14359
15166
15259
15562
15571
15837
16005
16016
16100
16104
16133
16296
16353
16363
16743
16757
16858
17158
17168
17352
17399
17543
17978
18051
18351
18609
18891
19007
19022
19547
19731
19836
19886
19968
20141
20247
20361
20486
20498
20544
20601
20681
20688
20805
20814
20918
20979
21074
21089
21146
21326
21369
21863
21911
22037
22112
22255
22665
22800
23280
23288
23644
23729
23754
23960
24108
24302
24424
24527
24685
24804
24957
25278
25299
25335
25792
25986
26343
27527
27537
27701
27961
28295
28382
28430
28856
29051
29225
29312
29499
29748
29826
31087
31142
31498
31508
31606
32035
32134
32177
32423
32467
32831
33126
33405
33546
33904
34396
34501
34511
34795
34879
35094
35129
35437
35632
35989
36076
36531
36873
36945
37095
37125
37451
37570
37942
38249
38285
38457
38468
38576
38585
38765
38926
39709
39817
39835
39910
40056
40087
40091
40217
40361
40785
40805
41114
41468
41669
41729
41974
42236
42252
42363
42426
42613
42933
42993
43190
43919
44077
44083
44205
44595
44917
45247
45448
45458
45565
45754
46093
46193
46495
46553
46626
46639
46822
46870
47149
47667
Number of cuts: 246

Rhodalysa
343
1110
1505
1569
1621
1706
2066
2264
2426
2831
2930
2960
3196
3339
3741
3820
3874
3925
4132
4399
4438
4459
4863
4916
5031
5136
6353
6944
7115
7197
7427
7805
8482
8581
8590
8798
8938
9165
9291
9408
9672
9875
10206
10489
10646
11176
11290
11358
11449
11856
11869
11898
11906
12251
12323
12335
14048
14396
14503
14629
15398
15407
15673
15841
15852
16132
16189
16199
16497
16593
16604
16694
16884
16994
17156
17238
17382
17817
18305
18471
18485
18729
18872
18954
18983
19397
19689
19745
19821
20157
20286
20328
20382
20424
20538
20851
21012
21035
21212
21866
22048
22061
22162
22232
22307
22711
23553
23564
23627
23819
24078
24316
24469
24591
24793
25301
25317
25766
25849
25893
26199
26277
26552
26562
27117
27121
27308
27395
27552
27869
28237
28677
29247
30417
30828
30838
30936
31365
31374
31426
31494
31507
31753
31797
32014
32164
32275
32480
32866
32900
33191
33245
33258
33643
33705
33758
34150
34676
35033
35120
35656
35998
36010
36148
36184
36646
36947
37052
37076
37445
37456
37567
37576
38245
38330
38477
38918
39044
39119
39146
39557
39979
39999
40081
40233
40794
41297
41411
41563
41721
42278
42586
42624
42663
42699
42876
43017
43130
44169
44270
44376
44600
44724
44927
44949
44978
45144
45342
45685
45795
Number of cuts: 210

StCroix
343
1110
1505
1569
1621
1706
2066
2264
2831
2960
3196
3339
3741
3820
3874
3925
4132
4399
4438
4459
4863
4916
5031
5136
6944
7115
7197
7427
7805
8482
8581
8590
8798
8938
9165
9291
9408
9672
9875
10489
10646
11176
11290
11358
11449
11856
11869
11898
11906
12251
12323
12335
14048
14396
14503
14629
15398
15407
15673
15841
15852
16132
16189
16199
16497
16593
16604
16694
16884
16994
17156
17238
17382
17817
18305
18471
18485
18729
18872
18954
18983
19397
19689
19745
19821
20157
20286
20328
20382
20424
20538
20851
21012
21035
21212
21866
21943
22007
22048
22061
22213
22245
22320
22649
22724
23566
23577
23640
23832
24091
24329
24482
24604
24806
25314
25545
25906
26212
26290
26565
26575
27130
27134
27321
27408
27565
27882
28250
28690
29260
30430
30841
30851
30949
31378
31387
31439
31507
31520
31766
31810
32027
32177
32288
32493
32879
32913
33204
33258
33271
33656
33718
33771
34163
34689
35046
35133
35669
36011
36023
36197
36668
36969
37074
37098
37467
37478
37589
37598
38267
38352
38499
38940
39066
39141
39168
39579
40001
40021
40103
40255
40816
41319
41433
41585
41743
42300
42608
42646
42685
42721
42898
43039
43152
44191
44292
44398
44622
44746
44949
44971
45000
45364
45707
45817
Number of cuts: 205

Swann
343
1110
1505
1569
1621
1706
2066
2264
2831
2960
3196
3339
3741
3820
3874
3925
4132
4399
4438
4459
4863
4916
5031
5136
6353
6944
7115
7197
7427
7805
8482
8581
8590
8798
8938
9165
9291
9408
9672
9875
10206
10489
10646
11176
11290
11358
11449
11856
11869
11898
11906
12251
12323
12335
14048
14396
14503
14629
15398
15407
15673
15841
15852
16132
16189
16199
16497
16593
16604
16694
16884
16994
17156
17238
17382
17817
18305
18471
18485
18729
18872
18954
18983
19397
19689
19745
19821
20157
20286
20328
20382
20424
20538
20851
21012
21035
21212
21866
22048
22061
22162
22232
22307
22711
23553
23564
23627
23819
24078
24469
24591
24793
25301
25893
26199
26277
26552
26562
27117
27121
27229
27308
27395
27552
27869
28237
28677
29247
30415
30826
30836
30934
31363
31372
31424
31492
31505
31751
31795
32012
32162
32273
32478
32864
32898
33189
33243
33256
33641
33703
33756
34148
34674
35031
35118
35654
35996
36008
36182
36478
36644
36945
37050
37074
37443
37454
37565
37574
38243
38328
38475
38916
39042
39117
39144
39555
39977
39997
40079
40231
40792
41295
41409
41561
41719
42276
42584
42622
42661
42697
42874
43015
43128
44167
44268
44374
44598
44722
44925
44947
44976
45340
45683
45793
Number of cuts: 204

Takoda
1103
1498
1562
1614
1698
2058
2256
2418
2685
2823
2952
3188
3331
3733
3812
3866
3917
4124
4391
4430
4451
4855
4908
5023
5128
6330
6559
6718
6921
7092
7174
7404
8164
8456
8555
8587
8758
8898
9125
9251
9368
9632
9778
10021
10449
10606
11136
11250
11318
11409
11816
11829
11858
11866
12211
12283
12295
13285
14008
14356
14463
14589
15358
15367
15633
15801
15812
15929
16092
16149
16159
16457
16553
16564
16654
16844
16954
17116
17198
17342
17532
17777
18150
18265
18431
18689
18832
18914
18943
19357
19544
19649
19705
19964
20117
20224
20246
20288
20342
20384
20388
20444
20498
20972
21172
21826
21967
22008
22021
22172
22204
22279
22608
22683
23451
23536
23599
23792
24051
24289
24442
24766
25274
25866
26525
26535
27090
27094
27281
27368
27525
27851
28037
28650
29220
30324
30357
30701
30735
30745
30764
30843
31272
31281
31333
31401
31414
31660
31704
31921
32071
32318
32336
32387
32486
32530
32770
32804
33095
33116
33149
33162
34324
34686
34859
35216
35303
35839
36181
36193
36358
36367
36758
36829
37130
37259
37628
37639
37750
37759
38428
38660
38831
39101
39227
39302
39740
40164
40184
40978
41481
41595
41746
41904
42387
42420
42802
43126
43192
43392
43459
43498
44495
44596
44684
44702
44926
45050
45262
45581
46008
Number of cuts: 211

Trina
414
613
1025
1071
1105
1353
1577
1867
2073
2110
2296
2344
2417
2504
2919
2959
3606
3752
4208
5160
5628
5682
5857
6689
6847
7347
7668
7799
7886
8186
8440
8468
8482
8698
9049
9107
9309
9866
10012
10058
10721
10974
11403
12089
12275
12400
14051
14155
14659
15825
15859
15908
16249
16380
17041
17056
17099
17715
18038
18194
18599
18751
18996
19482
19745
19860
19864
20304
20539
20735
20805
20871
21119
21339
21355
21493
21806
21843
21898
21951
22396
22573
22920
22937
23018
23142
23639
23917
23934
24124
24319
24416
24545
24590
24960
25535
25718
26012
26030
26308
26345
26381
27533
27932
28961
29148
29874
30114
30183
30903
31094
31263
31351
31402
31425
31936
32089
32106
32113
32628
33304
33361
33553
33700
33900
33912
34222
34347
34443
34740
34774
34783
35055
35353
35530
35854
35972
36194
36667
36952
37902
37965
37992
38262
38385
39010
39077
39413
39449
39495
39528
39785
40032
40103
40123
40152
40253
40394
40512
40636
40664
40675
41009
41276
41476
42150
42451
43063
43096
43441
43650
44303
44526
44675
44927
45403
45603
45723
45741
46242
46800
47384
47850
47897
48123
48336
48450
48642
48929
49289
49734
50060
50721
50884
51127
51291
51488
51579
51596
51676
52055
52251
52269
52420
52648
52664
52812
53141
53547
53578
53598
54000
54190
54434
54443
54657
54750
54990
55047
55170
55517
55921
56006
56127
56232
56267
56804
57005
57233
57490
57567
57598
57659
57860
58069
58470
58757
59537
59879
59937
60887
60895
60994
61561
61575
61701
61917
62016
62066
62222
62950
63300
63799
63851
64030
64803
65376
65474
65586
65639
66227
66695
67360
67393
67949
68123
68416
68494
68543
68663
68689
68712
68935
69296
69387
69531
69718
69745
70419
70848
71527
72500
73157
73706
73782
73813
74000
74424
74519
74702
74942
74957
75234
75313
75362
75417
75798
75857
75884
75900
76319
76714
77138
77418
77504
77756
78218
78266
78416
78485
78561
79006
79691
79760
80226
80232
80314
80631
80852
80970
81030
81554
81829
82020
82533
82812
83135
83275
84043
84146
84168
84730
84768
84798
85224
85411
85674
85713
86139
86430
86447
86556
87033
87648
88228
88356
88806
88879
88950
89419
89736
89794
89820
89913
89928
90212
90695
91557
92067
92320
92532
92638
92953
93144
93551
93941
94024
94226
94287
94453
94886
95039
95225
95423
95946
96370
96411
96578
96742
97304
97611
97858
98615
98632
99875
100005
100053
100132
100136
100140
100155
100349
101538
102210
102366
102381
103203
103490
104273
104573
104619
104636
104717
105030
105172
105344
105809
106273
106367
106704
106778
107371
107624
107637
107743
107846
108481
108503
108666
108878
108882
109000
109710
110538
110658
110786
110951
111162
111213
111270
111413
111425
111565
111735
111969
112271
112368
112386
112723
112940
113327
113356
113422
113490
113847
113888
114133
114236
114383
114936
114952
115402
115714
115890
116345
116490
116649
116760
116906
117417
117435
117971
118541
118619
118881
119292
119606
119801
120198
120739
120788
120949
121400
121457
121910
122466
122701
123025
123046
123079
123143
123593
123599
123636
123645
123994
124061
124105
124847
125358
125425
125874
125893
126245
126382
126608
126750
126912
127135
127510
127653
127942
128022
128229
128387
128723
128745
128784
128811
128948
129151
129269
129579
130411
130453
130498
130662
130752
130881
132138
132297
132593
132608
132812
132827
133072
133135
133233
133426
133507
133631
133850
134158
134332
135223
135571
135601
135822
136298
136816
137015
137427
137473
137507
137755
137979
138269
138475
138512
138698
138746
138819
138906
Number of cuts: 553

TWAMP
343
1110
1505
1569
1621
1706
2066
2264
2426
2831
2930
2960
3196
3339
3741
3820
3874
3925
4132
4399
4438
4459
4863
4916
5031
5136
6353
6944
7115
7197
7427
7805
8482
8581
8590
8798
8938
9165
9291
9408
9672
9875
10206
10489
10646
11176
11290
11358
11449
11856
11869
11898
11906
12251
12323
12335
14048
14396
14503
14629
15398
15407
15673
15841
15852
16132
16189
16199
16497
16593
16604
16694
16884
16994
17156
17238
17382
17817
18305
18471
18485
18729
18872
18954
18983
19397
19689
19745
19821
20157
20286
20328
20382
20424
20538
20851
21012
21035
21212
21866
22048
22061
22162
22232
22307
22711
23553
23564
23627
23819
24078
24316
24469
24591
24793
25301
25317
25766
25849
25893
26199
26277
26552
26562
27117
27121
27308
27395
27552
27869
28237
28677
29247
30417
30828
30838
30936
31365
31374
31426
31494
31507
31753
31797
32014
32164
32275
32480
32866
32900
33191
33245
33258
33643
33705
33758
34150
34676
35033
35120
35656
35998
36010
36148
36184
36646
36947
37052
37076
37445
37456
37567
37576
38245
38330
38477
38918
39044
39119
39146
39557
39979
39999
40081
40233
40794
41297
41411
41563
41721
42278
42586
42624
42663
42699
42876
43017
43130
44169
44270
44376
44600
44724
44927
44949
44978
45144
45342
45685
45795
Number of cuts: 210

UhSalsa
343
1110
1505
1569
1621
1706
2066
2264
2831
2960
3196
3339
3741
3820
3874
3925
4132
4399
4438
4459
4863
4916
5031
5136
6944
7115
7197
7427
7805
8482
8581
8590
8798
8938
9165
9291
9408
9672
9875
10489
10646
11176
11290
11358
11449
11856
11869
11898
12251
12323
12335
14048
14396
14503
14629
15398
15407
15673
15841
15852
16132
16189
16199
16497
16593
16604
16694
16884
16994
17156
17238
17382
17817
18305
18471
18485
18729
18872
18954
18983
19397
19689
19745
19821
20157
20286
20328
20382
20424
20538
20851
21012
21035
21212
21866
22048
22061
22162
22232
22307
22711
23553
23564
23627
23819
24078
24317
24470
24592
24794
25302
25850
25894
26200
26278
26553
26563
27118
27122
27230
27309
27396
27553
27870
28238
28678
29248
29576
30350
30761
30771
31298
31307
31359
31427
31440
31686
31730
31947
32097
32208
32413
32799
32833
33178
33191
33576
33638
33691
34083
34445
34618
34975
35062
35598
35940
35952
36090
36126
36422
36588
36889
36994
37018
37387
37398
37509
37518
38187
38272
38590
38860
38986
39061
39088
39496
39918
39938
40020
40735
41238
41352
41504
41662
42219
42527
42565
42604
42640
42817
42958
43071
44110
44211
44317
44541
44665
44868
44890
44919
45283
45626
45736
Number of cuts: 203

Weasels2
48
79
153
352
691
728
788
950
1161
2502
2622
2753
2904
2909
3090
3101
3198
3221
3722
3945
4613
4800
4993
5111
5265
6346
7122
7169
7345
7614
8006
8366
8390
8556
9260
9627
12542
13594
14527
14857
15027
15143
15402
16227
17275
18201
18483
18558
21480
21625
21753
21799
21984
22478
23128
23975
24040
24858
25538
25877
26189
26972
28235
28459
28953
30948
30999
31012
31038
31351
31557
32017
32272
32396
32473
32501
33029
33508
33524
33683
33875
33920
34613
34772
36188
36646
37370
37868
38324
38942
39681
40442
40524
40554
40695
41452
41732
41916
42340
42420
42572
42862
43126
43194
44208
44406
44463
44476
44780
44903
44996
45248
45575
45587
45653
46121
46518
48488
48902
49046
49628
51167
51673
52938
53308
53860
54806
54860
55000
55119
55240
55261
55310
55314
55506
55593
55951
56401
56629
57188
57896
57969
58161
59150
59248
59363
59596
59652
60719
61127
61255
61410
61418
61953
62572
62719
62868
62874
62916
63212
63814
64286
64612
65511
66031
66056
66306
66312
67802
68239
68411
69269
69452
70531
70894
71163
71183
71580
72053
73308
74792
75510
75738
75841
76282
76340
76401
76759
77744
78931
79496
79673
79789
80156
80369
81215
81630
81670
81716
81790
83120
83219
84305
84316
84760
84999
85032
85876
86497
87154
87160
87349
88954
89010
89332
89547
89605
89874
90112
90121
93028
93581
93773
94373
95111
95121
95159
95540
96255
96873
97298
99149
99834
100171
100408
101615
101714
102863
103087
103127
103183
103261
103680
104221
104743
104972
105295
106069
106096
107696
108025
108470
108930
109018
110769
110827
111305
112099
114142
114231
114278
114416
115519
115550
116665
116852
117821
118212
118814
119972
120587
120610
120754
120770
120927
121731
121865
122698
122955
123700
123764
124257
124344
124872
125091
125296
126594
126731
127453
127610
127858
128400
129201
129331
129424
129516
129935
130976
131013
131158
131753
131784
131858
132057
132396
132433
132493
132655
132866
134207
134327
134458
134609
134614
134795
134806
134903
134926
Number of cuts: 318

Yogi
343
1110
1505
1569
1621
1706
2066
2264
2831
2960
3196
3339
3705
3820
3874
3925
4132
4399
4438
4459
4863
4916
5031
6338
6511
6929
7100
7182
7412
8172
8464
8563
8595
8766
8906
9050
9133
9259
9376
9640
9786
10457
10614
11150
11264
11332
11423
11830
11843
11872
11880
12225
12297
12309
14022
14370
14477
14603
15372
15381
15647
15815
15826
15943
16106
16163
16173
16567
16578
16668
16858
17130
17356
17791
18164
18279
18445
18703
18846
18957
19371
19558
19663
19719
19795
19978
20131
20260
20302
20356
20398
20402
20512
20986
21186
21840
21981
22022
22035
22136
22206
22281
22685
23527
23538
23601
23793
24052
24290
24443
24565
24767
25275
25506
25823
25867
26251
26526
26536
27091
27095
27282
27369
27526
27843
28211
28605
28651
29221
30391
30802
30812
30831
30910
31339
31348
31400
31468
31481
31727
31771
31988
32138
32249
32454
32840
32874
33165
33219
33232
33617
33732
34124
34647
35004
35091
35627
35969
35981
36119
36155
36412
36435
36446
36580
36831
36997
37298
37403
37427
37796
37807
37918
37927
38596
38828
39022
39269
39470
39908
40330
40350
40432
40584
41145
41648
41762
41914
42072
42937
42975
43014
43050
43227
43368
43481
44520
44621
44727
44951
45075
45278
45300
45329
45495
45693
46131
Number of cuts: 207

Yoncess
343
1110
1505
1569
1621
1706
2066
2264
2831
2960
3196
3339
3705
3820
3874
3925
4132
4399
4438
4459
4863
4916
5031
5136
6338
6511
6929
7100
7182
7412
8172
8464
8563
8595
8766
8906
9050
9133
9259
9376
9640
9786
10457
10614
11150
11264
11332
11423
11830
11843
11872
12225
12297
12309
14022
14370
14477
14603
15372
15381
15647
15815
15826
15943
16106
16163
16173
16567
16578
16668
16858
17130
17356
17791
18164
18279
18445
18703
18846
18957
19371
19558
19663
19719
19795
19978
20131
20260
20302
20356
20398
20458
20512
20986
21064
21186
21840
21981
22022
22035
22207
22282
22686
23454
23528
23539
23602
23794
24053
24291
24444
24566
24768
25276
25507
25868
26252
26527
26537
27092
27096
27283
27370
27527
27844
28212
28606
28652
29222
30171
30582
30592
30690
31119
31128
31180
31248
31261
31507
31551
31768
31918
32029
32234
32620
32654
32945
32999
33012
33397
33512
33904
34430
34787
34874
35410
35752
35764
35902
35938
36400
36701
36806
36830
37199
37210
37321
37330
37999
38231
38402
38425
38672
38798
38873
39311
39733
39753
39835
39987
40548
41051
41165
41318
41476
42382
42421
42457
42634
42775
42889
43928
44029
44135
44359
44483
44686
44708
44737
44903
45101
45444
45554
Number of cuts: 203

