Alatin
4373
5499
8392
10098
21585
21725
21761
21917
26454
31114
33021
33729
37767
39140
39353
42320
46302
46466
46480
Number of cuts: 19

Alpacados
4335
5461
8360
8742
10028
10459
13657
21467
21482
31019
32926
33634
37660
38961
39033
39246
42143
46125
46287
46301
Number of cuts: 20

AngryOrchard
2296
4318
5444
8343
10011
10442
13640
21450
21959
26318
30912
32816
33794
37820
39121
39193
39406
42235
46230
46393
Number of cuts: 20

AppleCloud
2060
5208
8107
9751
13686
20221
21496
21828
30844
32751
33459
37485
38786
38858
39071
42037
46019
46182
46196
Number of cuts: 19

Belenaria
4373
5499
8392
10098
21531
21863
26388
30980
32887
33595
37633
38934
39006
39219
42185
46167
46331
46345
Number of cuts: 18

BobbyDazzler
4444
5570
8469
8851
10137
10568
13766
21869
31093
33000
33708
37737
39038
39110
39323
40344
42291
46273
46435
46449
Number of cuts: 20

Bonanza
4373
5499
8398
8780
10066
10497
13695
21505
21520
31021
32928
33636
38042
39343
39415
39628
42595
43521
46562
46726
46740
Number of cuts: 21

Bradshaw
4373
5499
8392
10098
21531
21671
21707
21863
26387
31047
32954
33662
37700
39073
39286
42253
46398
46412
Number of cuts: 18

Bryce
4373
5499
8398
8780
10066
10497
13695
21798
30801
32708
33416
37445
38746
38818
39031
40052
41999
45981
46141
46155
Number of cuts: 20

ChewyVIII
1973
3027
3703
5023
7058
7700
11909
13755
15025
15124
19888
20416
20429
27584
35844
44746
53112
Number of cuts: 17

CosmicSans
4373
5499
8392
10098
21531
21671
21707
21863
26387
31047
32954
33662
37691
39064
39277
42244
46226
46390
46404
Number of cuts: 19

Dinger
4369
5495
8394
10062
10493
13691
20226
21794
21833
30916
32823
33801
37833
39134
39206
39419
42253
44914
46249
46411
Number of cuts: 20

DocB7
4297
6291
11224
11431
11847
12921
13401
14081
14830
16085
16166
16334
19156
21265
25255
25675
27719
29535
33469
34536
34550
36091
36790
38562
40039
42028
42778
45358
47078
48025
50747
55127
58367
63967
71707
73199
75762
Number of cuts: 37

E3
2125
11179
23368
31264
37099
45308
56208
64381
74494
78650
79993
82378
87689
88434
90326
98274
99878
102298
103440
104465
109598
109868
122599
125160
131919
138792
139643
140985
Number of cuts: 28

Erik
4373
5499
8392
10097
21530
21862
26385
30979
32886
33594
37623
38996
39209
42075
46057
46222
46236
Number of cuts: 17

Espica
4373
5499
8392
10098
21531
21863
26388
30980
32887
33595
37633
38934
39006
39219
42185
46330
46344
Number of cuts: 17

Finch
4070
12224
14719
22386
23785
25468
30613
31974
33003
33193
38598
42669
42690
42897
43797
44124
44558
44678
45807
45882
48424
48471
52182
53376
53814
54075
54259
54600
60664
61300
65659
68864
68875
74586
74959
79047
80122
98984
99814
103708
104554
113694
117985
128163
130266
130728
131790
132113
Number of cuts: 48

Gollum
4373
5499
8392
10098
21531
21863
26387
31045
32952
33660
37689
38990
39062
39275
42186
46168
46329
46343
Number of cuts: 18

Grayson
2053
4116
17532
34479
35094
36867
46211
50793
82272
83339
92049
105494
112327
115644
125709
130954
Number of cuts: 16

Harlequin
5499
8398
10042
10473
13671
21828
30831
32738
33446
37475
38776
38848
39061
40075
42034
46016
46177
46191
Number of cuts: 18

Hiro
4373
5499
8398
10042
13977
20512
21787
22119
31307
33214
33922
37951
39252
39324
39537
42505
46487
46649
46663
Number of cuts: 19

Jace
1379
6250
16454
28966
38474
Number of cuts:  5

Jester
5499
8398
10042
10473
11471
13665
21768
30762
32669
33377
37406
38707
38779
38992
40006
41965
45947
46108
46122
Number of cuts: 19

Krishelle
4373
5499
8413
10057
13992
20527
21838
22170
31407
33314
34022
38060
39433
39646
42613
46808
46815
Number of cuts: 17

Lillie
4373
5499
8392
10098
21531
21671
21707
21863
26387
31047
32954
33662
37691
39064
39277
42244
46226
46390
46404
Number of cuts: 19

Mahdia
3996
7499
8376
12233
12239
13487
13938
14740
21139
21354
21768
21817
22248
25007
26137
33519
41852
Number of cuts: 17

Naiad
4373
5499
8392
10098
21531
21671
21707
21863
26400
31060
32967
33675
37713
39086
39299
42266
46248
46412
46426
Number of cuts: 19

Nancinator
4373
5499
8392
10098
21531
21863
26388
30980
32887
33595
37633
38934
39006
39219
41583
45565
45729
45743
Number of cuts: 18

Natosaleda
4373
5499
8392
10098
21531
21863
26387
30979
32886
33594
37632
38933
39005
39218
42184
46158
46321
46335
Number of cuts: 18

Partridge
4432
5558
8457
10125
10556
13754
20289
21857
21896
31207
33111
37990
39291
39363
39576
42407
45260
46594
46756
Number of cuts: 19

Pepy6
1340
2600
2681
2875
3259
11960
16774
18015
25194
25287
26386
29810
29914
33000
48861
54978
75035
75198
76359
Number of cuts: 19

Peregrin
8015
8938
17131
33261
33357
49576
67647
81926
83232
91480
95438
106335
122614
129581
Number of cuts: 14

Phrankenstein
4373
5499
8392
10098
21477
21809
26333
30993
32900
33608
37637
39010
39223
42190
46172
46335
46349
Number of cuts: 17

Pine5
4831
6751
11813
12446
12758
16195
21095
26761
27340
28958
29944
30543
33078
34546
36634
38087
40630
44230
50139
53449
56044
Number of cuts: 21

Poco6
15408
20171
22774
27207
27549
29107
31829
45978
50376
53601
54720
65796
71752
74353
76466
77627
Number of cuts: 16

Rasputin
4373
5499
8399
8781
10067
13690
21832
26358
31018
32925
33633
37662
39035
39248
42215
46197
46362
46376
Number of cuts: 18

RER2
4373
5499
8392
10098
21531
21863
31047
32954
33662
37691
39064
39277
42244
46226
46389
46403
Number of cuts: 16

RexFury
4404
5530
8423
10129
21562
21894
26418
31078
32985
33693
37722
39023
39095
39308
42274
46256
46420
46434
Number of cuts: 18

RGL3
11811
17903
21037
22410
23617
26378
28916
31717
32373
33614
35748
43388
47684
47865
Number of cuts: 14

Rhodalysa
4373
5499
8392
10098
21531
21671
21707
21863
26387
31047
32954
33662
37691
39064
39277
42244
46226
46390
46404
Number of cuts: 19

StCroix
4373
5499
8392
10098
21531
21671
21707
21863
26400
31060
32967
33675
37713
39086
39299
42266
46248
46412
46426
Number of cuts: 19

Swann
4373
5499
8392
10098
21531
21665
21863
26387
31045
32952
33660
37689
39062
39275
42242
46225
46389
46403
Number of cuts: 18

Takoda
4365
5491
8390
10058
10489
13681
21047
21491
22000
26360
30954
32858
33836
37874
39175
39247
39460
42289
46439
46602
Number of cuts: 20

Trina
4418
9374
14403
25700
40229
49664
51519
67218
72407
75677
87105
96196
104355
109761
119415
131748
131947
Number of cuts: 17

TWAMP
4373
5499
8392
10098
21531
21671
21707
21863
26387
31047
32954
33662
37691
39064
39277
42244
46226
46390
46404
Number of cuts: 19

UhSalsa
4373
5499
8392
10098
21531
21863
26388
30980
32887
33595
37633
38934
39006
39219
42185
46167
46331
46345
Number of cuts: 18

Weasels2
1045
9016
18175
30993
58721
66147
79541
79562
81192
87417
103506
106464
107467
121320
122524
132750
Number of cuts: 16

Yogi
4373
5499
8398
8780
10066
10497
13695
21505
21520
31021
32928
33636
38042
39343
39415
39628
42595
43521
46562
46724
46738
Number of cuts: 21

Yoncess
4373
5499
8398
8780
10066
10497
13695
21798
30801
32708
33416
37445
38746
38818
39031
40052
42002
45985
46147
46161
Number of cuts: 20

