Alatin
1062
1430
2536
3396
3596
4260
4338
4407
4748
4814
4862
4937
5225
5377
5930
5930
5968
7269
7545
7694
7781
8223
8767
8838
8946
8985
9568
9750
9807
9853
10294
10885
11001
11738
12032
12357
12984
13164
13188
13254
13620
13761
13935
15671
17110
17155
17311
18107
18679
18700
19178
19369
19877
19942
20911
21830
22347
22356
22591
22641
23547
24130
24267
24282
24373
24718
24857
25767
25952
26090
26093
26467
26471
27191
27299
27659
27766
27803
27902
29135
29362
29913
29959
30237
30621
31446
31613
31887
32174
32326
33431
33767
34077
34233
34288
34373
34470
34850
34856
35103
35173
35251
35348
35701
35770
36013
36274
36980
37590
37614
37707
37770
37794
38414
38666
38692
38705
39167
39226
39481
39764
39770
39854
39857
40017
40032
40125
40200
40874
40977
41027
41135
41187
41342
42210
42219
42380
42424
42693
42710
42737
42761
42770
42935
42986
43007
43408
43466
43517
43784
43886
43907
43973
44153
44211
44240
44357
44403
44406
44752
44827
45106
Number of cuts: 162

Alpacados
1062
1430
2498
3358
3558
4222
4300
4369
4824
4899
5187
5310
5339
5892
5892
5930
6227
7216
7492
7603
7641
7728
7926
8697
8876
9498
9680
9737
10224
10503
10821
10937
11477
11674
11698
11968
12293
12327
12920
13100
13124
13190
13556
13697
13871
15607
17046
17091
17247
18043
18053
18615
18636
19114
19305
19813
19878
20847
21217
22225
22489
22577
23416
23999
24136
24151
24242
24587
24726
25345
25672
25857
25995
26372
26376
26694
27096
27194
27204
27564
27671
27708
27807
29040
29267
29818
29864
30142
30526
31351
31518
31792
32079
32231
33336
33672
33982
34138
34193
34278
34752
34758
35005
35075
35153
35250
35603
35672
35915
36873
37483
37507
37600
37663
37687
38307
38559
38585
38598
38822
38828
39060
39119
39374
39589
39663
39747
39750
39910
39925
40023
40958
41165
42033
42203
42247
42516
42533
42560
42584
42593
42758
42830
43231
43289
43340
43607
43709
43730
43796
44034
44063
44180
44226
44229
44575
44650
44929
Number of cuts: 158

AngryOrchard
419
1055
1423
2699
3341
3541
4004
4205
4283
4352
4693
4759
4807
4882
5170
5293
5322
5847
5875
5875
5913
6175
7199
7475
7586
7624
7711
7909
8680
8859
8898
9481
9663
9720
10207
10486
10804
10920
11448
11657
11681
11951
12276
12310
12903
13083
13107
13173
13539
13680
15590
17029
17074
17230
18026
18598
18619
19097
19288
19796
19861
20830
22211
22220
22455
22505
23411
23995
24132
24238
24559
24583
24722
25632
25817
25955
26091
26230
26331
26335
26442
26653
27055
27523
27630
28999
29226
29684
30035
30419
31244
31411
31685
31972
32124
32230
33226
33751
33832
34142
34298
34353
34438
34912
34918
35165
35235
35313
35410
35763
35832
36075
36646
37033
37643
37667
37760
37823
37847
38412
38467
38745
38758
38973
39220
39534
39825
39909
40072
40087
40180
40255
41031
41081
41189
41396
42428
42744
42758
42818
42980
43031
43453
43562
43826
43928
43949
44253
44282
44399
44794
44869
44972
45049
Number of cuts: 154

AppleCloud
427
682
855
1223
2022
2245
2463
2799
3305
3768
3969
4047
4116
4523
4571
4646
4934
5086
5639
5639
5677
5939
5974
6963
7239
7350
7388
7475
7673
8444
8506
8599
8638
9352
9947
10538
11391
11415
11685
12406
12533
12632
12844
12949
13129
13153
13219
13585
13726
13900
14990
15636
16689
17075
17120
17276
18072
18644
18665
19143
19842
19907
20876
22123
23533
23988
24248
24593
25642
25827
25965
25968
26101
26240
26342
26664
27066
27174
27641
27983
29089
29313
29771
29967
30351
31343
31617
31904
32056
33161
33337
33416
33497
33957
34012
34394
34577
34583
34830
34900
34978
35075
35428
35497
35740
36698
37308
37332
37425
37488
37512
38132
38162
38384
38410
38423
38885
38944
39196
39411
39479
39485
39569
39572
39732
39747
39915
40087
40591
40694
40744
40852
40904
41059
41927
41936
42097
42141
42410
42427
42454
42478
42487
42652
42703
42724
43125
43183
43234
43501
43603
43624
43690
43870
43928
43957
44074
44120
44123
44469
44544
44823
Number of cuts: 162

Belenaria
1062
1430
2536
3396
3596
4260
4338
4407
4748
4814
4862
4937
5225
5377
5930
5930
5968
7269
7545
7694
7781
8223
8767
8838
8946
8985
9568
9750
9807
9853
10294
10885
11001
11738
12032
12357
12984
13164
13188
13254
13620
13761
13935
15671
17110
17155
17311
18107
18679
18700
19178
19369
19877
19942
20911
22289
22553
22641
23480
24063
24201
24307
24652
24791
25701
25886
26024
26027
26723
27125
27233
27593
27700
27737
27836
29069
29294
29752
30024
30103
30487
31312
31479
31753
32040
32192
33297
33633
33943
33985
34099
34154
34239
34345
34725
34731
34978
35048
35126
35223
35576
35645
35888
36846
37456
37480
37573
37636
37660
38280
38310
38532
38558
38571
39033
39092
39344
39559
39627
39633
39717
39720
39880
39895
40063
40235
40739
40842
40892
41000
41052
41207
42075
42084
42245
42289
42558
42575
42602
42626
42635
42800
42851
42872
43273
43331
43382
43649
43751
43772
43838
44018
44076
44105
44222
44268
44271
44617
44692
44971
Number of cuts: 160

BobbyDazzler
1062
1430
2607
3467
3667
4331
4409
4478
4933
5008
5296
5419
5448
6001
6001
6039
6336
7325
7601
7712
7750
7837
8035
8806
8985
9024
9607
9789
9846
10333
10612
10930
11046
11586
11783
11807
12077
12402
12436
13029
13209
13233
13299
13665
13806
13980
15716
17155
17200
17356
18152
18162
18724
18745
19223
19414
19922
19987
20956
22335
22599
22687
22789
23526
24109
24246
24352
24673
24697
24836
25746
25931
26069
26446
26450
26768
27170
27268
27278
27638
27745
27782
27881
29114
29341
29892
29938
30216
30600
31425
31527
31592
31866
32153
32305
33410
33746
34056
34212
34267
34352
34449
34829
34835
35082
35152
35230
35327
35680
35749
35992
36950
37560
37584
37677
37740
37764
38384
38662
38675
38899
38905
39137
39196
39451
39666
39740
39824
39827
39987
40002
40095
40170
41105
41312
42181
42190
42351
42395
42664
42681
42708
42732
42741
42906
42957
42978
43379
43437
43488
43755
43857
43878
44124
44182
44211
44328
44374
44377
44723
44798
45077
Number of cuts: 162

Bonanza
1062
1430
2536
3396
3596
4260
4338
4407
4862
4937
5225
5348
5377
5930
5930
5968
6265
7254
7530
7641
7679
7766
7964
8735
8914
9536
9718
9775
10262
10541
10859
10975
11515
11712
11736
12006
12331
12365
12958
13138
13162
13228
13594
13735
13909
15645
17084
17129
17285
18081
18091
18653
18674
19152
19343
19851
19916
20885
22263
22527
22615
23454
24037
24174
24280
24625
24764
25674
25859
25997
26374
26378
26696
27098
27196
27206
27566
27673
27710
27809
29042
29269
29820
29866
30144
30528
31353
31520
31794
32081
32233
33338
33674
33984
34140
34195
34280
34754
34760
35007
35077
35155
35252
35605
35674
35917
37255
37865
37889
37982
38045
38069
38689
38941
38967
38980
39442
39756
39971
40045
40129
40132
40292
40307
40400
40475
41410
41617
42485
42655
42699
42968
42985
43012
43036
43045
43210
43261
43282
43683
43741
43792
44059
44161
44182
44248
44486
44515
44632
44678
44681
45027
45102
45381
Number of cuts: 154

Bradshaw
1062
1430
2536
3396
3596
4260
4338
4407
4748
4814
4862
4937
5225
5377
5930
5930
5968
7269
7545
7694
7781
8223
8767
8838
8865
8946
8985
9568
9750
9807
9853
10294
10885
11001
11738
12032
12357
12984
13164
13188
13254
13620
13761
13935
15671
17110
17155
17311
18107
18679
18700
19178
19369
19877
19942
20911
21776
22289
22553
22641
23480
24063
24200
24215
24306
24651
24790
25700
25885
26023
26026
26400
26404
26722
27124
27232
27592
27699
27736
27835
29068
29295
29846
29892
30170
30554
31379
31546
31820
32107
32259
33364
33700
34010
34166
34221
34306
34403
34783
34789
35036
35106
35184
35281
35634
35703
35946
36207
36913
37523
37547
37640
37703
37727
38347
38599
38625
38638
39100
39159
39414
39697
39703
39787
39790
39950
39965
40058
40133
40807
40910
40960
41068
41120
41275
42143
42152
42313
42357
42626
42643
42670
42694
42703
42868
42919
42940
43341
43399
43450
43717
43819
43840
43906
44086
44144
44173
44290
44336
44339
44685
44760
45039
Number of cuts: 163

Bryce
1062
1430
2536
3396
3596
4260
4338
4407
4862
4937
5225
5348
5377
5930
5930
5968
6265
7254
7530
7641
7679
7766
7964
8735
8914
8953
9536
9718
9775
10262
10541
10859
10975
11515
11712
11736
12006
12331
12365
12958
13138
13162
13228
13594
13735
13909
15645
17084
17129
17285
18081
18091
18653
18674
19152
19343
19851
19916
20885
22264
22528
22616
22718
23455
24038
24175
24281
24602
24626
24765
25675
25860
25998
26375
26379
26697
27099
27207
27567
27674
27810
29043
29270
29924
30308
31133
31235
31300
31574
31861
32013
33118
33454
33757
33764
33920
33975
34060
34157
34537
34543
34790
34860
34938
35035
35388
35457
35700
36658
37268
37292
37385
37448
37472
38092
38370
38383
38607
38613
38845
38904
39159
39374
39448
39532
39535
39695
39710
39803
39878
40813
41020
41889
41898
42059
42103
42372
42389
42416
42440
42449
42614
42665
42686
43087
43145
43196
43463
43565
43586
43832
43890
43919
44036
44082
44085
44431
44506
44785
Number of cuts: 159

ChewyVIII
191
569
590
611
614
813
951
1621
1697
1787
1981
2224
2226
2317
2790
2861
3141
3542
3811
3877
4478
5343
5414
5451
5807
6323
6917
6944
7424
7574
7577
7709
8082
8435
8663
8795
8933
9025
9113
9197
9218
9293
9298
9353
9651
9720
9744
9835
9887
9901
9952
10349
10452
10496
10535
10850
11105
11166
11181
11287
11680
11833
11848
11857
11860
12316
12493
12724
12871
13293
13393
13585
13794
13869
13934
13968
14061
14147
14156
14249
14465
14711
14882
14885
14954
14968
15112
15298
15335
15374
15376
15676
15680
16045
16240
16311
16614
16920
17082
17478
18042
18066
18168
18464
18680
19166
19285
19363
19743
19758
19782
19803
19823
19887
20014
20566
20664
20667
20940
21426
22220
22295
22751
23268
23596
23824
23845
23902
23926
23997
24166
24267
24270
24479
24581
24584
24755
24848
24987
25097
25204
25495
25881
25897
26019
26148
26247
26688
26743
26787
27040
27297
27371
27395
27471
27589
28335
28422
28718
29234
29300
29408
29657
30869
30872
31241
31556
31593
31724
31797
32051
32075
32569
32644
33145
33148
33151
33341
33481
33877
33925
34106
34189
34403
34543
34591
34813
34828
34879
34912
34981
35044
35068
35314
35321
36010
36097
37057
37193
37963
38413
38494
38650
38764
38932
39025
39085
39167
39581
39652
39677
39689
39816
40091
40253
41430
41647
41671
41674
41923
41992
42160
42217
42688
42775
43756
43826
43854
43866
43901
44000
44081
44249
44403
44739
45270
45521
45702
45945
46248
46766
46941
47171
47618
47637
47843
48076
48322
48720
48723
48812
49177
49180
49195
49297
49516
49663
49708
49722
50148
50427
50430
50715
50874
50952
51021
51306
51327
52279
52451
52752
53108
53202
53617
53731
53795
53807
53884
54996
55250
55350
55365
55768
56062
56090
56213
56341
56471
56753
57313
57435
57473
57608
57779
57940
58041
58081
58288
58606
59032
59128
59292
59298
59324
59444
59707
59731
60001
60025
60046
60886
60898
60984
61039
61108
61269
61590
61600
61831
62038
62686
62839
63268
63480
64995
65217
66194
66929
Number of cuts: 328

CosmicSans
1062
1430
2536
3396
3596
4260
4338
4407
4748
4814
4862
4937
5225
5377
5930
5930
5968
7269
7545
7694
7781
8223
8767
8838
8865
8946
8985
9568
9750
9807
9853
10294
10885
11001
11738
12032
12357
12984
13164
13188
13254
13620
13761
13935
15671
17110
17155
17311
18107
18679
18700
19178
19369
19877
19942
20911
21776
22289
22553
22641
23480
24063
24200
24215
24306
24651
24790
25700
25885
26023
26026
26722
27124
27232
27592
27699
27736
27835
29068
29295
29846
29892
30170
30554
31379
31546
31820
32107
32259
33364
33700
34010
34166
34221
34306
34403
34783
34789
35036
35106
35184
35281
35634
35703
35946
36904
37514
37538
37631
37694
37718
38338
38590
38616
38629
39091
39150
39405
39688
39694
39778
39781
39941
39956
40049
40124
41059
41266
42134
42143
42304
42348
42617
42634
42661
42685
42859
42910
42931
43332
43390
43441
43708
43810
43831
43897
44077
44135
44164
44213
44281
44327
44330
44676
44751
45030
Number of cuts: 156

Dinger
1057
1425
2750
3392
3592
4055
4256
4334
4403
4744
4810
4858
4933
5344
5373
5926
5926
5964
6226
7250
7526
7637
7675
7762
7960
8731
8782
8910
8949
9532
9714
9771
10258
10855
10971
11708
11732
12002
12327
12361
12954
13134
13158
13224
13590
13731
13905
15641
17080
17125
17281
18077
18649
18670
19148
19339
19847
19912
20881
22263
22272
22507
22557
23463
24047
24184
24290
24611
24635
25684
25869
26007
26010
26143
26282
26384
26706
27108
27683
28025
29131
29356
29814
29960
30039
30423
31350
31415
31484
31689
31976
32128
32399
33758
33839
34143
34299
34354
34439
34545
34925
34931
35178
35248
35326
35423
35776
35845
36088
37046
37656
37680
37773
37836
37860
38425
38480
38758
38771
38995
39001
39233
39292
39547
39838
39922
39925
40085
40100
40193
40268
41146
41203
41283
41410
42446
42762
42776
42836
42998
43049
43471
43844
43946
43967
44271
44300
44417
44812
44887
44990
45067
Number of cuts: 152

DocB7
310
443
541
625
748
859
1278
1281
1366
1494
1663
1771
1921
1963
2108
2110
2113
2234
2461
2534
3010
3130
3143
3274
3436
4048
4228
4463
4495
4544
5015
5113
5454
5497
5956
6551
6554
6714
6836
6839
6869
6980
7081
7084
7406
8119
8695
9311
9423
9680
9709
10145
10162
10570
10728
10805
10914
11684
11791
11918
11932
11962
12469
13249
13256
13426
13917
14076
14290
14376
14585
14706
14998
15089
15284
15467
15592
15754
15864
15871
16224
16518
16749
16891
16995
17170
17267
17486
17528
17598
17855
18186
18515
18683
18722
19175
19724
19727
19916
19922
20111
21350
21644
21803
21806
22329
22575
23009
23012
23189
23198
23267
23369
23726
23858
23990
24629
25100
25292
25447
26132
26520
26732
26852
26927
26985
27820
28870
28978
29387
30063
30079
30975
31194
31330
31511
31539
32264
32383
32386
32685
32690
33293
33628
33827
33830
33935
34015
34121
34209
34313
34501
34504
34578
34846
35064
35271
35388
35391
35450
35910
36009
36393
36622
36846
36886
37083
37119
37158
37272
37353
38150
38276
38346
38349
38513
38741
38911
38926
38959
38995
39093
39099
39665
39891
39999
40724
40889
40954
41374
41485
42062
42177
42222
42345
42659
42866
42879
42950
42992
43002
43124
43212
43337
43488
43687
43952
44403
44432
44506
44640
44762
44787
44805
44966
45296
46003
46006
46082
46112
46141
46291
46428
46755
46846
46989
47094
47194
47248
47377
47548
47610
47982
48257
48431
48726
49576
49916
50100
50395
50574
50637
50958
51059
51165
51687
51863
52063
52186
52465
52770
52852
53628
53689
53838
54006
54150
54739
54862
55128
55414
55429
56395
56398
56446
56455
56467
56578
56759
57238
57388
57451
57641
57692
57735
57842
57873
58400
58403
58406
58500
58987
59002
59048
59318
59824
59902
60369
60564
60671
60885
61017
61645
61691
61792
61929
62308
62543
62863
63104
63485
63645
64882
64885
65141
65381
65724
65792
66328
67228
70626
70704
71217
71400
71407
71766
72007
72121
72419
72892
72895
73030
73078
73084
73261
73564
73833
73897
73906
74334
74437
74440
74831
75157
75607
Number of cuts: 335

E3
407
431
614
866
1334
2038
2536
3064
3352
3424
4137
4270
4321
4606
4648
4827
4974
5284
5516
6224
6857
7632
7728
9034
9037
10748
10962
11988
12476
12977
13184
13871
13874
14421
15513
17811
18179
18346
18460
18640
19004
19064
19186
19663
20350
20887
21129
21207
21327
21378
22121
22692
22775
22847
25024
25105
25437
25485
25729
26035
26038
27019
27355
27370
27727
28399
29402
29586
29669
30971
31322
32444
32845
33036
34300
35164
35616
35798
36390
36513
36530
36604
36700
36772
38673
38995
39033
40041
40044
40092
40830
40956
41335
41425
41551
42579
44870
45159
45692
46023
46161
48001
48100
48115
48602
49856
49910
49994
50756
50873
51104
51116
51203
51425
52377
52810
53080
53240
53763
53828
54231
54626
54674
55352
55872
56145
56445
56700
57620
58619
58863
60058
60103
60147
60316
60713
61079
62282
62297
62507
64072
64121
64836
65780
66698
67630
67917
68048
68286
68334
68486
68819
69805
70510
70588
70798
72139
73294
73801
73864
74206
74314
74326
74593
74899
75399
75714
76674
77268
77472
77631
78030
78261
78326
78377
78404
78473
78524
79004
79049
79079
79523
79834
80800
81175
81367
81400
82261
83401
84014
84294
84649
85204
85605
85686
85761
86571
87176
87499
88257
88314
89774
90119
90644
90650
90782
91162
91537
91867
92285
93133
93600
93707
93848
94010
94064
94112
94172
94335
94525
94646
94703
94721
94916
95806
96456
96828
97541
97998
98370
98649
98727
98732
98756
99233
99236
99638
99964
100174
100210
100297
100309
100459
100648
101067
101340
101358
101475
101863
102227
104156
104717
105224
105350
105453
105770
105983
106178
106181
106199
106433
106757
107418
107598
107910
108057
108326
108530
108551
108678
109326
109437
109514
110614
110823
111612
111996
113873
113940
113998
114040
114091
114154
114352
115412
115807
116016
116469
116481
117395
117590
117767
117941
119194
120468
120771
120949
121098
121225
121899
121993
122316
123164
123653
123700
124345
124795
126253
126568
128752
129129
129314
129626
130072
130423
130481
130675
130771
130905
132066
132600
132615
133565
133748
134414
135686
136169
136316
137031
137331
137607
138303
138306
138732
139034
139205
139538
139673
139676
139689
139949
140451
140655
140922
142044
Number of cuts: 345

Erik
1062
1430
2536
3396
3596
4260
4338
4407
4748
4814
4862
4937
5225
5377
5930
5930
5968
7269
7545
7694
7781
8223
8766
8837
8945
8984
9567
9749
9806
9852
10293
10884
11000
11737
12031
12356
12983
13163
13187
13253
13619
13760
13934
15670
17109
17154
17310
18106
18678
18699
19177
19368
19876
19941
20910
22288
22552
22640
23479
24061
24198
24213
24304
24649
24788
25698
25883
26021
26024
26720
27122
27230
27590
27697
27734
27833
29066
29293
30023
30102
30486
31311
31478
31752
32039
32191
33296
33632
33942
34098
34153
34238
34335
34715
34721
34968
35038
35116
35213
35566
35635
35878
36836
37446
37470
37563
37626
37650
38270
38522
38548
38561
39023
39082
39337
39620
39626
39710
39713
39873
39888
39981
40056
40890
41097
41965
41974
42135
42179
42448
42465
42492
42516
42525
42690
42741
42762
43163
43221
43272
43539
43641
43662
43728
43908
43966
43995
44112
44158
44161
44507
44582
44861
Number of cuts: 153

Espica
1062
1430
2536
3396
3596
4260
4338
4407
4748
4814
4862
4937
5225
5377
5930
5930
5968
7269
7545
7694
7781
8223
8767
8838
8946
8985
9568
9750
9807
9853
10294
10885
11001
11738
12032
12357
12984
13164
13188
13254
13620
13761
13935
15671
17110
17155
17311
18107
18679
18700
19178
19369
19877
19942
20911
22289
22553
22641
23480
24063
24201
24307
24652
24791
25701
25886
26024
26027
26723
27125
27233
27593
27700
27737
27836
29069
29294
29752
30024
30103
30487
31312
31479
31753
32040
32192
33297
33633
33943
33985
34099
34154
34239
34345
34725
34731
34978
35048
35126
35223
35576
35645
35888
36846
37456
37480
37573
37636
37660
38280
38310
38532
38558
38571
39033
39092
39344
39559
39627
39633
39717
39720
39880
39895
40063
40235
40739
40842
40892
41000
41052
41207
42075
42084
42245
42289
42558
42575
42602
42626
42635
42800
42851
42872
43273
43331
43382
43649
43751
43772
43838
44018
44076
44105
44222
44268
44271
44617
44692
44971
Number of cuts: 160

Finch
411
732
805
978
1545
1719
1926
2218
3104
3281
3928
4124
4148
4309
4482
4561
4863
5412
5521
6483
6800
6935
7020
7136
7212
7278
7300
7353
7416
7715
7718
7776
7928
7931
7968
8342
8358
8539
8764
8896
9532
10398
10439
11254
11368
11485
12491
12876
14639
14900
15246
16015
16063
16083
16101
16564
16822
16939
16978
17053
17214
17365
17424
17440
17508
17530
17547
17560
17597
17610
17673
17676
17812
17961
17964
18143
18232
18462
18584
18712
18766
18893
18982
19157
19284
19397
19439
19452
19802
19877
20059
20120
20175
20265
20453
20505
20634
20664
23147
23980
24233
24612
24624
24887
25009
25368
26013
28986
28989
29244
29308
29418
29546
29841
29843
29855
29870
29946
29976
30057
30312
30584
30965
31007
31100
33131
33461
33657
33897
34084
34117
34313
34670
36847
36904
36945
36951
37623
37848
38811
38943
39264
39400
39565
39679
40231
40276
40950
41196
41217
41310
42121
43180
43192
43270
43459
43565
43585
43714
44058
44115
44840
45074
45290
45685
45688
45829
45928
46033
46513
46519
46738
47101
47727
48151
48436
49757
51000
51795
51924
52787
52940
53607
53775
53928
53964
54192
54285
54288
56073
56259
56262
57028
57311
57465
57522
57525
57683
57794
58630
58710
58768
59109
59156
59245
59326
59431
60066
60069
60345
61358
61649
61652
61658
62226
62421
62459
62644
62665
63333
63364
63522
63690
63695
63864
64069
64459
64507
64634
65950
66029
66422
66919
67514
67567
67636
68026
68676
68688
69135
69522
69592
70128
70497
71675
71855
71899
71989
72118
72358
72616
72917
72948
72986
73114
73551
74505
74562
75161
75295
75608
75610
75757
76009
76197
76292
76884
77170
77713
77899
79099
79196
79210
79366
80675
81069
81237
81417
81515
82247
82951
83981
84364
84552
84675
84700
86482
86923
87431
87616
88382
89119
89522
89798
90407
90771
91041
91155
91292
91391
91684
91710
91794
93018
93070
93634
94263
94535
95056
95108
95474
95915
97843
99251
99724
100652
101397
101631
101686
102578
103369
104001
104091
104128
104329
104602
105557
105666
106122
106422
107019
107049
107654
107927
107948
108036
108297
108642
108789
109083
109613
110109
110850
111020
111576
112286
113064
113654
114301
114304
115636
115694
116625
117180
117982
118015
118765
119271
119313
119665
119925
120022
120264
120368
120982
121153
121224
121410
121548
121970
122090
122703
122733
122889
123367
123983
124167
125182
126445
126508
126820
127104
127883
128274
129202
129832
129835
129976
130196
131461
134016
134424
134673
134737
135473
135984
136114
136141
136563
137029
137904
137961
138286
138611
138752
Number of cuts: 405

Gollum
1062
1430
2536
3396
3596
4260
4338
4407
4748
4814
4862
4937
5225
5377
5930
5930
5968
7269
7545
7694
7781
8223
8767
8838
8865
8946
8985
9568
9750
9807
9853
10294
10885
11001
11738
12032
12357
12984
13164
13188
13254
13620
13761
13935
15671
17110
17155
17311
18107
18679
18700
19178
19369
19877
19942
20911
22289
22553
22641
23480
24063
24200
24215
24306
24651
24790
25700
25885
26023
26026
26722
27124
27232
27592
27699
27736
27835
29068
29293
29844
29890
30168
30552
31377
31544
31818
32105
32257
33362
33698
34008
34050
34164
34219
34304
34401
34781
34787
35034
35104
35182
35279
35632
35701
35944
36902
37512
37536
37629
37692
37716
38336
38366
38588
38614
38627
39089
39148
39400
39615
39683
39689
39883
39898
39991
40066
41001
41208
42076
42085
42246
42290
42559
42576
42603
42627
42801
42852
42873
43274
43332
43383
43650
43752
43773
43839
44019
44077
44106
44155
44223
44269
44272
44618
44693
44972
Number of cuts: 156

Grayson
380
425
1852
2069
2244
3188
3195
3337
3438
3447
3486
3538
3898
4179
4340
4343
4397
4833
4935
5098
5176
5359
5596
5671
5969
6032
6096
6896
7230
7311
7541
7688
7821
7896
8169
8226
8387
8461
8484
8550
8634
8647
9059
9130
9133
9564
10417
10498
10586
11097
11281
11334
11453
11827
12335
12338
12915
12925
12931
13078
13108
13236
13389
13863
13938
13974
14074
14176
14801
14846
14891
14963
15008
15132
15207
15652
15676
16249
16352
16871
17009
17322
17602
17635
17644
17668
17707
17734
17743
17840
17870
18524
18560
19354
19484
19574
19628
19634
19833
19913
20213
20228
20921
21032
21196
21249
21367
21425
21466
21517
21610
22104
22422
22432
22446
23130
23484
23633
23796
24687
24750
24759
24960
25098
25217
25278
25314
25445
25493
25745
25982
26037
26130
26354
26357
26697
27569
27595
27925
28023
28163
28246
28390
29004
29289
29479
30162
30169
30204
30542
30686
30913
30916
32076
32235
32388
32774
33425
34305
35340
36131
36942
37385
37575
37642
37815
37875
38030
38297
38597
38673
38829
38917
39260
39320
39331
39437
39605
39779
39797
39812
39857
39875
39893
39911
39932
40022
40034
40064
40090
40108
40148
40206
40682
40739
40935
41266
41469
41583
41588
42089
42128
42284
42579
42856
43658
43661
44050
44093
44152
44273
44285
44316
44410
44902
45240
45482
45621
45756
45815
45842
45965
46285
46332
46638
46649
47477
47506
47726
48213
48269
48458
49021
49335
49536
49756
49820
50131
50302
50710
50713
50946
50980
51264
51383
51531
51900
52245
53470
53473
53503
53719
53884
54170
54179
55215
55280
55283
55633
55915
55945
56342
56835
56931
56934
57157
57323
57425
57720
57723
57876
58100
58103
58245
58332
58383
58473
59028
59115
59358
59636
59940
60011
60032
60170
60262
60562
60583
60825
61061
61533
61536
61590
61701
61792
61799
61818
61941
61986
61989
62147
62294
62339
62395
62447
62486
62552
62692
63126
63417
63641
63738
63783
63903
63935
64260
64398
64682
64736
65246
65247
65258
65352
65556
65678
65815
65922
66049
66076
66211
66229
66316
66703
67034
67084
67303
67414
67417
67426
67750
67863
68036
68054
68425
68643
68802
69126
69218
69387
69765
69984
70047
70172
70648
70706
70763
70865
71039
71051
71063
71404
71609
71798
71837
71840
71914
71924
71957
71992
72089
72092
72494
72671
73026
73168
73267
73297
73314
73468
73604
73775
74042
74102
74327
74547
75165
75189
75210
75237
75493
76053
76077
76157
76170
76510
76718
76838
77110
77113
77232
77301
77304
77385
77549
77651
78126
78171
78353
78440
78443
78542
78545
78878
79034
79230
79680
79745
80078
80110
80284
80336
81295
81340
81391
81945
82117
82273
82568
82580
82746
82797
82991
83100
83168
83237
83559
83642
83663
83666
83669
83767
83979
84033
84069
84072
84180
84393
84522
84570
84582
84594
84740
84750
85248
85296
85404
85531
85659
85723
85750
85780
85902
85987
86187
86200
86214
86478
86744
87132
87375
87378
87390
87868
88263
88460
88556
88559
88836
88872
89597
89614
89634
89665
89770
89909
89979
90187
90386
90389
90580
90694
91615
91717
91945
91988
92147
92195
92210
92252
92303
92675
92757
93020
93115
93350
93365
93409
93524
93527
93835
93892
93997
94051
94106
94148
94274
94351
94976
95113
95983
96019
96465
96510
96630
97138
97151
97266
97269
97302
97707
97777
97936
98409
98939
99066
99213
99544
99644
99730
99787
99790
99982
100003
100097
100197
100252
100358
100691
100819
100897
101008
101255
101374
101599
101602
101698
101701
101776
101794
101797
101842
101990
102337
102978
103117
103433
103712
103884
103971
104013
104079
104142
104149
104152
104559
105163
105262
105295
105452
105715
105805
105991
105996
106186
106232
107030
107594
108042
108179
108182
108689
109499
109621
109682
109748
110805
111501
111510
111742
111868
112239
112651
112792
113110
113312
113516
113739
114090
114185
114456
114924
115131
115247
115302
115341
115576
115826
115863
116064
116108
116414
116944
117531
117657
117666
117992
118085
118169
118172
118450
118523
118812
118882
118909
118912
118915
119187
119226
119611
119713
119779
120171
120262
120302
120637
121218
122004
122007
122175
122673
122708
123037
123913
123923
124404
124548
125670
125832
127085
127423
127818
127854
127859
128199
128310
129281
129326
130753
130970
131145
Number of cuts: 670

Harlequin
1062
1430
2536
3396
3596
4059
4260
4338
4407
4814
4862
4937
5225
5377
5930
5930
6230
7254
7530
7641
7679
7766
7964
8735
8797
8890
8929
9512
9694
9751
10238
10517
10835
10951
11491
11688
11712
11982
12307
12341
12934
13114
13138
13204
13570
13711
13885
15621
17060
17105
17261
18057
18067
18629
18650
19128
19319
19827
19892
20861
22294
22558
22646
22748
23485
24068
24205
24311
24632
24656
24795
25705
25890
26028
26405
26409
26727
27129
27237
27597
27704
27840
29073
29300
29954
30338
31163
31265
31330
31604
31891
32043
33148
33484
33787
33794
33950
34005
34090
34187
34567
34573
34820
34890
34968
35065
35418
35487
35730
36688
37298
37322
37415
37478
37502
38044
38122
38280
38400
38413
38479
38875
38934
39189
39480
39564
39727
39742
39895
39910
40587
40848
41055
41924
41933
42094
42138
42407
42424
42451
42475
42484
42649
42700
42721
43122
43180
43231
43498
43600
43621
43867
43925
43954
44071
44117
44120
44466
44541
44820
Number of cuts: 160

Hiro
1062
1430
2536
3396
3596
4260
4338
4407
4862
4937
5225
5348
5377
5930
5930
5968
6265
7254
7530
7641
7679
7766
7964
8735
8797
8890
8929
9643
10238
10829
11682
11706
11976
12697
12824
12923
13135
13240
13420
13444
13510
13876
14017
14191
15281
15927
16980
17366
17411
17567
18363
18373
18935
18956
19434
19625
20133
20198
21167
22414
23824
24323
24460
24566
24887
24911
25050
25960
26145
26283
26660
26664
26982
27384
27482
27492
27852
27959
27996
28095
29328
29555
30106
30152
30430
30814
31639
31741
31806
32080
32367
32519
33624
33960
34270
34426
34481
34566
34663
35043
35049
35296
35366
35444
35541
35894
35963
36206
37164
37774
37798
37891
37954
37978
38598
38850
38876
38889
39351
39665
39880
39954
40038
40041
40201
40216
40309
40384
41319
41526
42395
42404
42565
42609
42878
42895
42922
42946
42955
43120
43171
43192
43593
43651
43702
43969
44071
44092
44338
44396
44425
44542
44588
44591
44937
45012
45291
Number of cuts: 157

Jace
153
417
797
1013
1452
1487
1652
4390
4582
5126
6476
6668
7130
7817
8490
9054
9384
9696
10164
10200
10770
10884
11010
11139
11466
11511
11679
12342
13089
13471
13545
13606
13867
14894
15176
15410
15446
15476
15581
15584
15794
16125
17489
18491
19343
19822
20898
21183
21572
21586
21921
21966
23187
23326
24432
24569
24614
26774
26832
26967
26984
27704
27794
28545
28707
28919
28924
28929
28941
29189
30816
31625
31777
32516
33219
33557
34615
34996
36013
36169
36190
36304
36575
36724
38442
39440
39467
39877
39897
41128
42238
42352
42708
43571
44330
45212
45713
47692
48265
48385
48464
48885
49292
49813
52277
Number of cuts: 105

Jester
1062
1430
2536
3396
3596
4059
4260
4338
4407
4814
4862
4937
5225
5377
5930
5930
6230
7254
7530
7641
7679
7766
7964
8735
8797
8890
8929
9512
9694
10238
10829
11682
11706
11976
12928
13108
13132
13198
13564
13705
13879
14000
14726
14750
14969
15098
15615
16668
17054
17099
17255
18051
18061
18623
18644
19122
19313
19821
19886
20855
22225
22489
22577
22679
23416
23999
24136
24242
24563
24587
24726
25636
25821
25959
26336
26340
26658
27060
27168
27528
27635
27771
29004
29231
29885
30269
31094
31196
31261
31535
31822
31974
33079
33415
33718
33725
33881
33936
34021
34118
34498
34504
34751
34821
34899
34996
35349
35418
35661
36619
37229
37253
37346
37409
37433
37975
38053
38211
38331
38344
38410
38806
38865
39120
39411
39495
39658
39673
39826
39841
40518
40779
40986
41855
41864
42025
42069
42338
42355
42382
42406
42415
42580
42631
42652
43053
43111
43162
43429
43531
43552
43798
43856
43885
44002
44048
44051
44397
44472
44751
Number of cuts: 160

Krishelle
1062
1430
2536
3396
3596
4260
4338
4407
4748
4814
4862
4937
5225
5377
5930
5930
5968
7269
7545
7694
7781
7979
8750
8812
8905
8944
9658
10253
10844
11697
11721
11991
12712
12839
12938
13150
13255
13435
13459
13525
13891
14032
14206
15296
15942
16995
17381
17426
17582
18378
18950
18971
19449
20148
20213
21182
22465
23875
24330
24590
24935
25984
26169
26307
26310
26443
26582
26684
27006
27408
27516
27983
28325
29431
29655
30206
30252
30530
30914
31739
31906
32180
32467
32619
33724
34060
34370
34526
34581
34666
34763
35143
35149
35396
35466
35544
35641
35994
36063
36306
36567
37273
37883
37907
38000
38063
38087
38707
38959
38985
38998
39460
39519
39774
40057
40063
40147
40150
40310
40325
40418
40493
41167
41270
41320
41428
41480
41635
42503
42512
42673
42717
42986
43003
43030
43054
43063
43228
43279
43300
43701
43759
43810
44077
44179
44200
44266
44446
44504
44533
44650
44696
44699
45045
45120
45399
46196
Number of cuts: 157

Lillie
1062
1430
2536
3396
3596
4260
4338
4407
4748
4814
4862
4937
5225
5377
5930
5930
5968
7269
7545
7694
7781
8223
8767
8838
8865
8946
8985
9568
9750
9807
9853
10294
10885
11001
11738
12032
12357
12984
13164
13188
13254
13620
13761
13935
15671
17110
17155
17311
18107
18679
18700
19178
19369
19877
19942
20911
21776
22289
22553
22641
23480
24063
24200
24215
24306
24651
24790
25700
25885
26023
26026
26722
27124
27232
27592
27699
27736
27835
29068
29295
29846
29892
30170
30554
31379
31546
31820
32107
32259
33364
33700
34010
34166
34221
34306
34403
34783
34789
35036
35106
35184
35281
35634
35703
35946
36904
37514
37538
37631
37694
37718
38338
38590
38616
38629
39091
39150
39405
39688
39694
39778
39781
39941
39956
40049
40124
41059
41266
42134
42143
42304
42348
42617
42634
42661
42685
42859
42910
42931
43332
43390
43441
43708
43810
43831
43897
44077
44135
44164
44213
44281
44327
44330
44676
44751
45030
Number of cuts: 156

Mahdia
2962
5163
8136
9171
12486
14190
15219
17411
22300
22667
24579
29079
30847
31801
Number of cuts: 14

Naiad
1062
1430
2536
3396
3596
4260
4338
4407
4748
4814
4862
4937
5225
5377
5930
5930
5968
7269
7545
7694
7781
8223
8767
8838
8946
8985
9568
9750
9807
9853
10294
10885
11001
11738
12032
12357
12984
13164
13188
13254
13620
13761
13935
15671
17110
17155
17311
18107
18679
18700
19178
19369
19877
19942
20911
21776
22293
22302
22537
22587
23493
24076
24213
24228
24319
24664
24803
25713
25898
26036
26039
26413
26417
27137
27245
27605
27712
27749
27848
29081
29308
29859
29905
30183
30567
31392
31559
31833
32120
32272
33377
33713
34023
34179
34234
34319
34416
34796
34802
35049
35119
35197
35294
35647
35716
35959
36220
36926
37536
37560
37653
37716
37740
38360
38612
38638
38651
39113
39172
39427
39710
39716
39800
39803
39963
39978
40071
40146
40820
40923
40973
41081
41133
41288
42156
42165
42326
42370
42639
42656
42683
42707
42716
42881
42932
42953
43354
43412
43463
43730
43832
43853
43919
44099
44157
44186
44303
44349
44352
44698
44773
45052
Number of cuts: 162

Nancinator
1062
1430
2536
3396
3596
4260
4338
4407
4748
4814
4862
4937
5225
5377
5930
5930
5968
7269
7545
7694
7781
8223
8767
8838
8946
8985
9568
9750
9807
9853
10294
10885
11001
11738
12032
12357
12984
13164
13188
13254
13620
13761
13935
15671
17110
17155
17311
18107
18679
18700
19178
19369
19877
19942
20911
22289
22553
22641
23480
24063
24201
24307
24652
24791
25701
25886
26024
26027
26723
27125
27233
27593
27700
27737
27836
29069
29294
29752
30024
30103
30487
31312
31479
31753
32040
32192
33297
33633
33943
33985
34099
34154
34239
34345
34725
34731
34978
35048
35126
35223
35576
35645
35888
36846
37456
37480
37573
37636
37660
38280
38310
38532
38558
38571
39033
39092
39344
39463
40398
40605
41473
41482
41643
41687
41956
41973
42000
42024
42198
42249
42270
42671
42729
42780
43047
43149
43170
43236
43416
43474
43503
43620
43666
43669
44015
44090
44369
Number of cuts: 147

Natosaleda
1062
1430
2536
3396
3596
4260
4338
4407
4748
4814
4862
4937
5225
5377
5930
5930
5968
7269
7545
7694
7781
8223
8767
8838
8946
8985
9568
9750
9807
9853
10294
10885
11001
11738
12032
12357
12984
13164
13188
13254
13620
13761
13935
15671
17110
17155
17311
18107
18679
18700
19178
19369
19877
19942
20911
22289
22553
22641
23480
24063
24200
24306
24651
24790
25700
25885
26023
26026
26722
27124
27232
27592
27699
27736
27835
29068
29293
29751
30023
30102
30486
31311
31478
31752
32039
32191
33296
33632
33942
33984
34098
34153
34238
34344
34724
34730
34977
35047
35125
35222
35575
35644
35887
36845
37455
37479
37572
37635
37659
38279
38309
38531
38557
38570
39032
39091
39343
39558
39626
39632
39716
39719
39879
39894
40062
40234
40738
40841
40891
40999
41051
41206
42074
42083
42244
42288
42557
42574
42601
42625
42634
42799
42850
42871
43272
43330
43381
43648
43750
43771
43837
44017
44075
44104
44221
44267
44270
44616
44691
44970
45769
Number of cuts: 161

Partridge
1055
1423
2813
3455
3655
4118
4319
4397
4466
4807
4873
4921
4996
5284
5407
5436
5989
5989
6027
6289
7313
7589
7700
7738
7825
8023
8794
8845
8973
9012
9595
9777
9834
10321
10918
11034
11771
11795
12065
12390
12424
13017
13197
13221
13287
13653
13794
13968
15704
17143
17188
17344
18140
18712
18733
19211
19402
19975
20944
22326
22335
22570
22620
23526
24110
24247
24353
24674
24698
25783
25968
26106
26109
26242
26381
26483
27207
27315
27782
28124
29230
29455
29913
30006
30052
30330
30714
31641
31706
31775
31980
32267
32419
34299
34455
34510
34701
35081
35087
35334
35404
35482
35579
35932
36001
36244
37202
37813
37837
37930
37993
38017
38582
38637
38915
38928
39152
39158
39390
39449
39704
39995
40079
40082
40242
40257
40350
40425
41303
41360
41440
41567
42600
42720
42753
43108
43122
43182
43344
43395
43817
44190
44292
44313
44617
44646
44763
45158
45233
45336
45412
Number of cuts: 151

Pepy6
325
373
546
747
1002
1391
1590
1956
2217
2243
2376
2707
2742
3306
3619
4209
4231
4892
5039
5126
5827
5949
6173
6261
6497
6740
7076
8480
8601
9009
9074
9617
9866
10155
10484
10633
10646
10705
10732
10735
10770
10912
10914
10944
11070
11085
11572
11637
11650
11886
11898
11920
12063
12085
12497
12538
12605
12643
12692
12974
13235
13384
13415
13492
13495
13502
13861
13865
13931
13973
13978
14096
14215
14665
14677
14703
14744
14978
15459
15603
15648
15795
15798
16026
16202
16351
16478
16696
16773
16818
16952
17389
17392
17857
17958
18289
18423
18662
18884
18944
18986
19013
19528
19905
19926
19929
20378
20547
20691
20768
20891
20949
21240
21245
21330
21469
21517
21570
21667
21702
21755
21844
21847
22318
22369
22607
22645
22769
22781
22795
22831
22832
22834
22887
22972
23056
23332
23338
23345
23572
23680
23806
24124
24176
24229
25807
25975
26079
26159
26243
26261
26309
26658
26904
26927
27026
27568
27583
27673
27897
28005
28601
28735
29021
29301
29316
29432
29450
29611
29963
30370
30553
30814
30875
31063
31516
31528
31582
31615
31729
31732
31852
31882
31981
32126
32152
32290
32836
33475
34187
34192
34313
34316
34321
34445
34568
34571
34619
34649
34855
35035
35093
35327
35459
35513
35587
35683
36130
36246
37191
37818
37858
38004
38822
39001
39156
39377
39459
39486
39552
40269
40618
40647
40779
40798
40905
41719
41727
42375
42803
42887
42896
43004
43208
43356
43392
43585
43593
43855
43969
43985
43993
44221
44233
44387
44498
45041
45073
45174
45236
45273
45374
45496
46100
46162
46304
46424
46427
46462
46474
46481
46564
46622
46758
46979
47393
47919
48147
48469
48676
48731
48831
49145
49222
49337
49396
49408
50082
50082
50205
50224
50526
50559
50574
50610
50644
50647
50667
50914
50984
51021
51024
51156
51159
51231
51339
51483
51546
51774
51890
51962
52286
52443
52613
52730
52760
52854
52865
53151
53399
53432
53435
53550
53699
53706
53867
54102
54245
54291
54473
54497
54593
54620
54652
54908
54923
55181
55260
55526
55610
55877
55908
56010
56058
56237
56264
56292
56401
56777
56880
56990
57084
57087
57528
57702
57827
58163
58357
58502
58505
58699
59108
59365
59470
59476
59533
59842
60071
60481
60648
60843
60846
60900
60916
60944
61068
61180
61342
61661
61700
61931
61970
62366
62402
62643
62786
62929
63309
63319
63389
63429
63513
63595
63607
63755
64053
64174
64262
64499
64535
65158
66007
66070
66643
66825
67103
67161
67182
67390
67393
67554
67693
67744
67879
67897
67918
68149
68208
68352
68412
68837
68925
69614
69698
69900
70078
70445
70566
70571
70751
71081
71267
71717
72460
72770
72824
73155
73302
73335
73567
73846
73850
73918
74023
74167
74484
74487
74535
74715
74796
74827
75293
75423
75549
75665
75703
75957
Number of cuts: 447

Peregrin
330
356
431
440
982
2273
3132
3177
3223
3365
3466
3475
3514
3566
3926
3937
4031
4037
4195
4198
4252
4754
5004
5181
5428
5651
5870
6543
6561
6854
6905
7029
7206
7256
7691
7738
7772
7867
7948
8441
8447
8878
9731
9812
9900
10411
10595
10648
10767
11141
11649
11652
12229
12239
12245
12387
12392
12422
12703
13288
13376
13379
13385
13508
13823
14090
14140
14237
14252
14326
14366
14387
14412
14490
14565
14912
15010
15034
15854
15925
15957
16124
16470
16921
17201
17234
17243
17303
17315
17326
17330
17336
17439
17469
18076
18112
18906
19036
19126
19180
19186
19385
19465
19690
19765
20146
20533
20593
20634
20685
20779
21270
21612
21750
21904
22650
23969
24261
24324
24333
24534
24672
24791
24852
24888
25019
25322
25646
25707
25931
25934
26274
26309
27083
27109
27439
27677
27760
27796
27904
28803
28993
29673
29680
29715
29774
29855
31722
33087
34122
35073
35310
35360
35750
36167
36357
36424
36597
36657
36812
37079
37379
37455
37611
37699
38041
38101
38112
38218
38386
38560
38578
38593
38626
38638
38656
38674
38692
38713
38803
38845
38871
38929
38987
39462
39519
39715
40046
40249
40363
40368
40869
40908
41064
41359
41636
42438
42441
42830
42873
42932
43053
43065
43096
43190
43682
44020
44121
44262
44433
44536
44595
44622
44745
45065
45418
45429
45870
46257
46286
46905
46993
47091
47238
47394
47801
48115
48235
48316
48445
48539
48603
48914
49085
49496
49689
49763
50166
50314
50683
51028
51396
52253
52256
52286
52438
52502
52667
52953
52962
53998
54063
54066
54072
54633
54728
55125
55524
55690
55792
56087
56090
56243
56467
56470
56612
56699
56750
56840
57248
57395
57482
57725
58003
58307
58378
58399
58537
58629
58929
58950
59192
59428
59900
59903
59957
60068
60159
60166
60185
60356
60514
60661
60706
60853
60919
61059
61376
61493
61784
62008
62105
62150
62270
62302
62515
62627
62765
62793
62855
62900
63168
63664
63665
63676
63770
63974
64233
64340
64467
64720
65128
65459
65509
65839
65842
65851
65996
66175
66288
66479
66850
67068
67105
67194
67551
67643
67812
68240
68351
68394
68582
69058
69116
69173
69266
69275
69449
69461
69473
69814
70019
70108
70154
70208
70247
70250
70334
70402
70432
70499
70502
70904
71081
71436
71578
71677
71707
71724
71878
72014
72185
72441
72756
73239
73302
73608
73668
73689
73913
74019
74079
74088
74310
74524
74727
75166
75169
75172
75193
75220
75494
75982
76006
76086
76099
76273
76436
76519
76565
76622
76728
76925
76978
77033
77045
77203
77245
77278
77320
77442
77511
77514
77595
77759
77834
77861
77959
78334
78340
78379
78561
78648
78750
78753
79196
79244
79352
79382
79620
79841
79917
80203
80609
80641
81826
81871
81922
82039
82637
82688
82856
82883
82992
83060
83452
83535
83559
83866
83899
83920
83959
84280
84373
84409
84457
84469
84481
84637
85067
85070
85145
85450
85578
85642
85699
85906
86106
86133
86397
86663
86846
87051
87294
87297
87309
87742
87762
88204
88425
88622
88718
89001
89031
89048
89068
89099
89102
89204
89621
90011
91046
91148
91299
91376
91419
91578
91626
91641
91683
91734
91892
92106
92188
92451
92769
92955
92958
93222
93267
93324
93399
93429
93991
94127
94171
94207
94625
95022
95058
95111
95498
95663
96041
96083
96296
96299
96332
96448
96855
97385
97512
97659
97990
98090
98344
98481
98611
99315
99912
100127
100184
100187
100549
100886
100955
101212
101290
101401
101603
101642
101830
101982
101986
101989
102085
102088
102127
102163
102229
102739
102947
103380
103519
103835
104114
104286
104373
104415
104481
104544
104554
104557
104963
105166
105313
105569
105606
105668
105716
105873
106136
106226
106412
106417
106607
106653
107305
108035
108158
108446
108778
108879
109173
109258
109461
110037
110466
111191
111493
111665
111734
111811
111901
112242
112314
112496
112637
112640
113101
113131
113308
113512
113735
113888
114089
114289
114331
114334
114460
114921
115000
115045
115354
115730
115735
115925
116652
117222
117752
118465
118474
118770
118861
118945
118948
119590
119611
119674
119677
119757
119786
120075
120145
120172
120175
120178
120450
120925
120928
121047
121149
121565
121585
121762
122070
122321
122501
122953
123012
123121
123193
123977
124280
125311
125753
125763
126252
126396
127324
127570
128122
128459
129037
129073
129078
129348
130399
130425
130500
130509
131051
132342
Number of cuts: 683

Phrankenstein
1062
1430
2536
3396
3596
4260
4338
4407
4748
4814
4862
4937
5225
5377
5930
5930
5968
7269
7545
7694
7781
8223
8767
8838
8946
8985
9568
9750
9807
9853
10294
10885
11001
11738
12032
12357
12984
13164
13188
13254
13620
13761
13935
15671
17110
17155
17311
18107
18679
18700
19178
19369
19877
19942
20911
22235
22499
22587
23426
24009
24146
24161
24252
24597
24736
25646
25831
25969
25972
26668
27070
27178
27538
27645
27682
27781
29014
29241
29792
29838
30116
30500
31325
31492
31766
32053
32205
33310
33646
33956
34112
34167
34252
34349
34729
34735
34982
35052
35130
35227
35580
35649
35892
36850
37460
37484
37577
37640
37664
38284
38536
38562
38575
39037
39096
39351
39634
39640
39724
39727
39887
39902
39995
40070
41005
41212
42080
42089
42250
42294
42563
42580
42607
42631
42640
42805
42856
42877
43278
43336
43387
43654
43756
43777
43843
44023
44081
44110
44159
44227
44273
44276
44622
44697
44976
Number of cuts: 155

Pine5
30
707
824
968
1082
1193
1388
1628
1670
1692
1915
2941
3750
3992
4632
4782
5414
6469
6527
6574
6670
7156
7168
7375
7888
7951
8149
8938
9433
10186
10310
10451
10765
10861
11332
12120
12138
12219
12420
13180
14168
14183
14198
14306
14327
14588
14929
15648
16004
16414
17674
17968
18746
19519
19735
19903
19921
19948
19990
20100
20183
20261
20363
20537
20572
20742
20919
20922
21006
21363
21729
21993
22335
22371
22389
22416
22446
22479
22779
22782
23040
23175
23202
23409
24138
24498
24882
25182
25227
25812
25924
27670
28284
29836
30198
30669
30672
31023
31241
31425
32005
32099
32304
32904
33111
33408
33813
34173
34320
34805
34808
35063
35426
35758
35860
35904
36469
36472
36595
37135
37228
37261
37572
37929
38116
38425
38719
38908
39013
39133
39496
39540
39871
40243
40465
41437
42965
43148
43493
43529
43553
43700
43835
44320
44555
44612
44948
45208
45289
45559
45843
47765
48541
48718
49244
50496
51554
53197
53375
53641
54329
55121
55322
55966
56562
58398
58530
58625
58747
58750
58763
59205
Number of cuts: 172

Poco6
546
582
1002
1212
1388
1451
1587
2076
2974
2977
2980
3005
3030
3405
3476
3575
3929
4172
4233
4314
4599
4776
4871
4989
5399
6478
6518
6577
6812
6864
7139
7286
7415
7529
7758
7855
8005
8061
8079
8120
8249
8692
8739
8880
9179
9476
10151
10207
10756
10914
10914
11099
11174
11331
11381
11416
11911
12440
12505
12827
12998
13117
13120
13130
13297
13491
13586
13914
14063
14076
14135
14162
14165
14200
14342
14344
14500
14512
14515
14987
15292
15470
15511
15674
15948
15989
16056
16094
16143
16425
16686
16835
16866
16943
16946
17312
17316
17382
17424
17429
17817
17826
18219
18363
18555
18558
19037
19040
19812
19940
20035
20301
20652
20827
20910
21021
21237
21433
21891
21927
21948
21951
22254
22400
22569
22790
22913
22971
23262
23267
23352
23491
23539
23689
23724
23777
23866
23869
24343
24452
24632
24662
24670
24791
24805
24841
24842
24844
24850
24887
24988
25069
25345
25351
25358
25585
25693
25819
26137
26189
26242
27820
28026
28142
28172
28274
28322
28671
28891
28917
28940
29692
29859
30230
30329
30457
31040
31086
31416
31427
31451
31469
31630
31982
32389
32848
32887
32923
33030
33088
33268
33451
33553
33607
33754
33757
33872
33877
33907
34006
34315
34861
34958
35266
35500
36212
36217
36338
36464
36467
36593
36598
36641
36671
36877
37057
37115
37451
37535
37609
37705
37825
38152
38983
39088
39778
39840
40026
40767
40844
41047
41077
41399
41583
41586
42444
42480
42588
42605
42763
42855
43127
44150
44169
44644
44728
44998
45206
45679
45793
45809
45812
45851
45898
46057
46069
46081
46088
46223
46231
46334
46514
46817
46827
46874
46893
46956
47225
47374
47392
47479
47636
47702
47850
48302
48364
48374
48377
48505
48625
48628
48682
48765
48823
48960
49181
49185
49247
49269
49633
50346
50524
50609
50657
50734
50843
50846
50905
50917
51284
51594
52041
52074
52182
52299
52441
52511
52551
52674
52740
52848
52989
52992
53202
53399
53471
53795
54121
54238
54268
54362
54373
54547
54659
54940
54943
55058
55207
55214
55375
55610
55689
55753
55799
55935
55981
56005
56101
56128
56416
56431
56600
56689
56768
56857
57034
57118
57385
57416
57772
58373
58449
58617
58680
58683
58908
58943
59063
59076
59552
59734
59875
60029
60152
60284
61014
61085
61156
61278
61596
61682
61849
61937
62036
62068
62424
62516
62594
62602
62641
62689
62736
62836
62862
63097
63274
63388
64111
64447
64471
64477
64480
64516
64604
64902
65006
65055
65111
65161
65372
65384
65523
65745
65905
65914
66143
66192
66341
66348
66490
66899
67001
67214
67683
67725
67797
68035
68631
68845
68902
69028
69253
69319
69432
69438
69582
69606
69778
70337
70526
70581
70725
70751
71006
71429
71828
71894
72014
72464
72530
72548
72980
73722
74032
74170
74417
74537
74564
74597
74829
75051
75112
75180
75285
75680
75741
75746
75749
75797
75977
76058
76089
76418
76469
76691
76802
76817
76933
77027
77225
Number of cuts: 470

Rasputin
1062
1430
2536
3396
3596
4260
4338
4407
4862
4937
5225
5348
5377
5930
5930
5968
6265
7254
7530
7641
7679
7766
7964
8736
8915
8954
9537
9776
10263
10854
10984
11707
11731
12001
12326
12360
12953
13133
13157
13223
13589
13730
13904
15640
17079
17124
17280
18076
18086
18648
18669
19147
19338
19846
19911
20880
21250
22259
22523
23450
24034
24171
24277
24598
24622
25671
25856
25994
25997
26693
27095
27203
27563
27670
27707
27806
29039
29266
29817
29863
30141
31350
31452
31517
31791
32078
32230
33335
33671
33981
34137
34192
34277
34374
34754
34760
35007
35077
35155
35252
35605
35674
35917
36875
37485
37509
37602
37665
37689
38309
38561
38587
38600
39062
39121
39376
39659
39665
39749
39752
39912
39927
40020
40095
41030
41237
42105
42114
42275
42319
42588
42605
42632
42656
42830
42881
42902
43303
43361
43412
43679
43781
43802
43868
44048
44106
44135
44252
44298
44301
44647
44722
45001
Number of cuts: 153

RER2
1062
1430
2536
3396
3596
4260
4338
4407
4748
4814
4862
4937
5225
5377
5930
5930
5968
7269
7545
7694
7781
8223
8767
8838
8865
8946
8985
9568
9750
9807
9853
10294
10885
11001
11738
12032
12357
12984
13164
13188
13254
13620
13761
13935
15671
17110
17155
17311
18107
18679
18700
19178
19369
19877
19942
20911
22289
22553
22641
23480
24063
24200
24215
24306
24651
24790
25700
25885
26023
26400
26404
26722
27124
27222
27232
27592
27699
27736
27835
29068
29295
29846
29892
30170
30554
31379
31546
31820
32107
32259
33364
33700
34010
34166
34221
34306
34403
34783
34789
35036
35106
35184
35281
35634
35703
35946
36904
37514
37538
37631
37694
37718
38338
38590
38616
38629
39091
39150
39405
39688
39694
39778
39781
39941
39956
40049
40124
41059
41266
42134
42143
42304
42348
42617
42634
42661
42685
42859
42910
42931
43332
43390
43441
43708
43810
43831
43897
44077
44135
44281
44327
44330
44676
44751
45030
Number of cuts: 155

RexFury
663
1093
1461
2567
3427
3627
4291
4369
4438
4779
4845
4893
4968
5256
5408
5961
5961
5999
7300
7576
7725
7812
8254
8798
8869
8977
9016
9599
9781
9838
9884
10325
10916
11032
11769
12063
12388
13015
13195
13219
13285
13651
13792
13966
15702
17141
17186
17342
18138
18710
18731
19209
19400
19908
19973
20942
22320
22584
22672
23511
24094
24231
24337
24682
24821
25731
25916
26054
26057
26753
27155
27263
27623
27730
27767
27866
29099
29326
29877
29923
30201
31410
31512
31577
31851
32138
32290
33395
33731
34041
34197
34252
34337
34434
34814
34820
35067
35137
35215
35312
35665
35734
35977
36935
37545
37569
37662
37725
37749
38369
38399
38621
38647
38660
39122
39181
39433
39648
39716
39722
39806
39809
39969
39984
40152
40324
40828
40931
40981
41089
41141
41296
42164
42173
42334
42378
42647
42664
42691
42715
42724
42889
42940
42961
43362
43420
43471
43738
43840
43861
43927
44107
44165
44194
44243
44311
44357
44360
44706
44781
45060
Number of cuts: 161

RGL3
605
2315
2756
3598
3766
4816
4864
5113
5227
5347
5379
6332
7050
7175
7260
7536
7685
7771
7963
8912
8948
9208
9316
9665
9716
10263
10592
11021
11449
11501
11737
12007
13109
13313
13745
14753
15513
15606
15835
16888
17103
17316
17472
18268
18847
19102
20278
20539
20635
20941
21785
22506
22635
23887
24688
25121
25331
25802
26007
26484
26493
26668
26957
27135
27837
28099
28237
28686
28822
28831
29028
29095
29310
29377
30202
30253
30616
30840
31224
32049
32490
33401
34021
34476
34545
34643
34668
34955
35156
35627
35739
35910
35951
36062
36179
36656
36890
36932
37667
37845
38021
38036
38314
38526
39262
39389
39420
39644
40188
40500
40855
40912
41499
41788
41943
42260
42388
42929
43012
43109
43153
43602
43740
44024
44201
44275
44384
44509
44759
44858
44862
44933
44991
45042
45114
45255
45308
45395
45416
45560
45662
45671
45749
45824
46263
46610
46623
46634
46868
Number of cuts: 149

Rhodalysa
1062
1430
2536
3396
3596
4260
4338
4407
4748
4814
4862
4937
5225
5377
5930
5930
5968
7269
7545
7694
7781
8223
8767
8838
8865
8946
8985
9568
9750
9807
9853
10294
10885
11001
11738
12032
12357
12984
13164
13188
13254
13620
13761
13935
15671
17110
17155
17311
18107
18679
18700
19178
19369
19877
19942
20911
21776
22289
22553
22641
23480
24063
24200
24215
24306
24651
24790
25700
25885
26023
26026
26722
27124
27232
27592
27699
27736
27835
29068
29295
29846
29892
30170
30554
31379
31546
31820
32107
32259
33364
33700
34010
34166
34221
34306
34403
34783
34789
35036
35106
35184
35281
35634
35703
35946
36904
37514
37538
37631
37694
37718
38338
38590
38616
38629
39091
39150
39405
39688
39694
39778
39781
39941
39956
40049
40124
41059
41266
42134
42143
42304
42348
42617
42634
42661
42685
42859
42910
42931
43332
43390
43441
43708
43810
43831
43897
44077
44135
44164
44213
44281
44327
44330
44676
44751
45030
Number of cuts: 156

StCroix
1062
1430
2536
3396
3596
4260
4338
4407
4748
4814
4862
4937
5225
5377
5930
5930
5968
7269
7545
7694
7781
8223
8767
8838
8946
8985
9568
9750
9807
9853
10294
10885
11001
11738
12032
12357
12984
13164
13188
13254
13620
13761
13935
15671
17110
17155
17311
18107
18679
18700
19178
19369
19877
19942
20911
21776
22293
22302
22537
22587
23493
24076
24213
24228
24319
24664
24803
25713
25898
26036
26039
26413
26417
27137
27245
27605
27712
27749
27848
29081
29308
29859
29905
30183
30567
31392
31559
31833
32120
32272
33377
33713
34023
34179
34234
34319
34416
34796
34802
35049
35119
35197
35294
35647
35716
35959
36220
36926
37536
37560
37653
37716
37740
38360
38612
38638
38651
39113
39172
39427
39710
39716
39800
39803
39963
39978
40071
40146
40820
40923
40973
41081
41133
41288
42156
42165
42326
42370
42639
42656
42683
42707
42716
42881
42932
42953
43354
43412
43463
43730
43832
43853
43919
44099
44157
44186
44303
44349
44352
44698
44773
45052
Number of cuts: 162

Swann
1062
1430
2536
3396
3596
4260
4338
4407
4748
4814
4862
4937
5225
5377
5930
5930
5968
7269
7545
7694
7781
8223
8767
8838
8865
8946
8985
9568
9750
9807
9853
10294
10885
11001
11738
12032
12357
12984
13164
13188
13254
13620
13761
13935
15671
17110
17155
17311
18107
18679
18700
19178
19369
19877
19942
20911
22289
22553
22641
23480
24063
24200
24306
24651
24790
25700
25885
26023
26026
26722
27124
27232
27592
27699
27736
27835
29068
29293
29844
29890
30168
30552
31377
31544
31818
32105
32257
33362
33698
34008
34164
34219
34304
34401
34781
34787
35034
35104
35182
35279
35632
35701
35944
36902
37512
37536
37629
37692
37716
38336
38588
38614
38627
39089
39148
39403
39692
39776
39779
39939
39954
40047
40122
41057
41264
42132
42141
42302
42346
42615
42632
42659
42683
42857
42908
42929
43330
43388
43439
43706
43808
43829
43895
44075
44133
44162
44279
44325
44328
44674
44749
45028
Number of cuts: 152

Takoda
419
1055
1423
2746
3388
3588
4051
4252
4330
4399
4740
4806
4854
4929
5217
5340
5369
5894
5922
5922
5960
6222
7246
7522
7633
7671
7758
7956
8727
8825
8906
8945
9528
9710
9767
10254
10533
10845
10961
11489
11698
11722
11992
12317
12351
12944
13124
13148
13214
13580
13721
15631
17070
17115
17271
18067
18639
18660
19138
19329
19837
19902
20871
22252
22261
22496
22546
23452
24036
24173
24279
24600
24624
24763
25673
25858
25996
26271
26373
26377
26478
26695
27097
27565
27672
29041
29268
29726
29998
30077
31286
31453
31727
32014
32166
32272
33268
33793
33854
33874
34184
34340
34395
34480
34586
34966
34972
35219
35289
35367
35464
35817
35886
36129
36700
37087
37697
37721
37814
37877
37901
38466
38521
38799
38812
39027
39274
39588
39805
39879
39963
40126
40141
40309
41135
41243
41450
42397
42482
42798
42812
42872
43034
43085
43661
43719
43770
44034
44136
44157
44461
44490
44607
45002
45077
45180
45257
Number of cuts: 157

Trina
1219
1423
2031
2289
2378
3075
3538
4506
4659
5433
5436
5579
5773
5844
5931
6499
7142
7698
7780
7976
8022
8270
8288
8321
8370
8414
8930
9315
9470
9844
10450
10876
10981
11057
11258
11362
11450
11736
11742
12207
12213
12235
12546
12653
12752
12942
13111
13186
13312
13767
13829
14123
14894
15032
15047
15209
15515
15551
15752
15806
16054
16168
16336
16375
17484
17673
17943
18640
18769
19133
19380
19683
20821
21216
21417
21431
23428
23464
23857
24126
24855
24858
24861
25008
25715
25739
26120
26961
27116
27513
27837
28132
28404
30150
30303
31292
31572
32700
32715
32798
33231
33497
33720
33750
33762
34097
34230
34568
34589
35083
35377
35453
35782
36019
36419
36675
36686
36762
36783
36792
37020
37197
37218
37230
37445
37509
37860
38038
38054
38792
38952
38981
39114
39477
39518
40246
40372
40656
40815
40829
41045
41503
41674
42178
42521
42876
42879
42972
43098
43232
43280
43298
43394
43409
43786
43908
44694
44872
46825
47461
47475
47583
47778
47991
48034
48069
48091
48289
48310
48328
48541
48586
48684
48733
48960
49272
50713
50921
51060
51104
52081
52607
52939
53090
53218
53246
53330
53510
53602
54512
54779
54848
54851
55144
55164
55230
56060
56168
57021
57927
58770
59446
60016
60022
60136
60265
60572
60575
61046
61607
61804
61970
63115
63301
63447
63983
63986
64038
64283
64387
65101
65103
65683
65686
65786
65852
66094
66312
66322
66343
66872
66934
67345
67424
67568
67580
67672
67694
68163
68232
68370
68418
68565
68750
68900
68993
69161
69203
69269
69272
69413
69455
69593
69745
69790
70115
70292
70403
70891
71099
71676
71837
71901
71968
72103
72185
72331
73291
73294
73624
73701
73943
74377
74556
74895
75597
75991
75994
76314
77236
77272
77502
77890
78025
78441
78535
78888
79116
79414
79949
79952
80309
80432
81718
82533
82647
82683
83467
84465
84591
84606
84803
84826
84860
84898
84944
85088
85262
86236
86345
86837
87186
88355
88412
88490
88532
88636
88679
88970
89556
89761
90184
90624
92042
92327
92363
93405
93465
93707
93807
94563
94604
94913
94986
96054
96111
96156
96498
97086
97108
99350
99616
99935
100234
100264
100380
100556
100823
101008
101168
101287
101525
101652
101921
102273
102280
102283
102459
102581
102840
102928
103431
103637
104663
105744
105924
106113
106588
106809
107222
107359
107410
107473
108141
110808
110841
111528
111567
111731
111777
111875
112199
112241
112361
113058
113121
113176
113200
113451
113955
114150
114595
115012
115559
115961
116498
116694
117599
117641
117937
118375
118858
118861
120134
120814
120916
121137
121194
121419
121437
121488
121914
122107
122184
122185
122526
122871
122913
123445
123815
124044
124350
124383
124458
125136
125505
125559
126841
128298
128744
129019
129225
129428
130759
131800
132793
134268
134828
135089
135149
135152
135173
135366
135441
135444
137621
137825
138433
138691
138780
Number of cuts: 450

TWAMP
1062
1430
2536
3396
3596
4260
4338
4407
4748
4814
4862
4937
5225
5377
5930
5930
5968
7269
7545
7694
7781
8223
8767
8838
8865
8946
8985
9568
9750
9807
9853
10294
10885
11001
11738
12032
12357
12984
13164
13188
13254
13620
13761
13935
15671
17110
17155
17311
18107
18679
18700
19178
19369
19877
19942
20911
21776
22289
22553
22641
23480
24063
24200
24215
24306
24651
24790
25700
25885
26023
26026
26722
27124
27232
27592
27699
27736
27835
29068
29295
29846
29892
30170
30554
31379
31546
31820
32107
32259
33364
33700
34010
34166
34221
34306
34403
34783
34789
35036
35106
35184
35281
35634
35703
35946
36904
37514
37538
37631
37694
37718
38338
38590
38616
38629
39091
39150
39405
39688
39694
39778
39781
39941
39956
40049
40124
41059
41266
42134
42143
42304
42348
42617
42634
42661
42685
42859
42910
42931
43332
43390
43441
43708
43810
43831
43897
44077
44135
44164
44213
44281
44327
44330
44676
44751
45030
Number of cuts: 156

UhSalsa
1062
1430
2536
3396
3596
4260
4338
4407
4748
4814
4862
4937
5225
5377
5930
5930
5968
7269
7545
7694
7781
8223
8767
8838
8946
8985
9568
9750
9807
9853
10294
10885
11001
11738
12032
12357
12984
13164
13188
13254
13620
13761
13935
15671
17110
17155
17311
18107
18679
18700
19178
19369
19877
19942
20911
22289
22553
22641
23480
24063
24201
24307
24652
24791
25701
25886
26024
26027
26723
27125
27233
27593
27700
27737
27836
29069
29294
29752
30024
30103
30487
31312
31479
31753
32040
32192
33297
33633
33943
33985
34099
34154
34239
34345
34725
34731
34978
35048
35126
35223
35576
35645
35888
36846
37456
37480
37573
37636
37660
38280
38310
38532
38558
38571
39033
39092
39344
39559
39627
39633
39717
39720
39880
39895
40063
40235
40739
40842
40892
41000
41052
41207
42075
42084
42245
42289
42558
42575
42602
42626
42635
42800
42851
42872
43273
43331
43382
43649
43751
43772
43838
44018
44076
44105
44222
44268
44271
44617
44692
44971
Number of cuts: 160

Weasels2
175
217
334
661
855
1009
1373
1460
1661
1737
1979
1982
2045
3520
3571
3713
4138
4206
4242
4391
4745
4823
4911
5093
5506
5509
5989
6238
6492
6527
7090
7244
7585
7636
7766
8089
8149
8185
8471
8576
8698
8770
8811
8952
8955
9605
10061
10188
10453
10606
10720
10795
11019
11228
11535
11548
11551
11799
12168
12546
12712
12765
12851
13022
13071
13125
13182
13263
13278
13362
13574
13727
13966
14294
14381
14387
14510
14825
15141
15159
15186
15303
15324
15349
15562
15568
15571
15782
15953
15977
16546
16552
16768
16816
17417
17456
17875
17977
17991
18102
18158
18640
19609
19699
19714
20235
20284
20341
20877
20950
21035
21071
21088
21330
21343
22309
22459
23369
23420
23942
24267
24330
24339
24678
24797
24858
24894
25025
25073
25187
25325
25562
25617
25710
25809
25934
26277
26607
27082
27108
27185
27438
27759
27903
28517
28592
28992
29359
29675
29717
29779
29875
30058
30692
31245
31792
32420
33850
33914
35740
37003
37063
37173
37203
37270
37925
38177
38196
38225
38301
38457
38545
38892
38950
38961
39048
39067
39291
39376
39409
39469
39484
39487
39508
39529
39559
39642
39682
39796
39895
39903
40288
40363
40373
40896
41092
41104
41413
41591
41601
41604
41763
41940
42457
42532
42574
43588
43671
43687
43720
43779
43900
44037
44236
44244
44557
44964
45175
45430
45918
46139
46150
46187
46526
47002
47206
47756
48271
48887
49223
49305
49369
49630
49680
49851
50262
50455
50529
50947
51464
51812
52173
53037
53070
53286
53743
53746
54411
54439
54512
54824
55391
55486
56100
56105
56244
56344
56400
56451
56679
56845
57245
57401
57462
57465
57639
57645
57781
57784
57804
57855
57858
57945
58065
58101
58236
58875
58974
59153
59457
59475
59531
59618
59693
59809
59830
60103
60324
61369
61450
61451
61456
61501
61807
61852
61908
61999
62065
62558
62642
62654
62657
62858
63058
63254
63299
63650
63776
63914
64204
64258
64460
64865
64954
64985
65063
65075
65268
65563
65566
65580
65741
66422
66493
66496
66571
66794
67137
67140
67222
67300
67473
67640
67708
67862
68071
68108
68153
68197
68207
68496
68554
68580
68796
69357
69484
69529
69598
69671
69805
70185
70825
71052
71219
71258
71261
71378
71413
71522
71903
71924
72041
72708
72711
72816
72825
72912
72915
72924
73060
73105
73231
73407
73671
73674
74441
74680
74825
74956
75016
75067
75102
75286
75321
75863
75878
75919
75965
76004
76589
76601
76654
77682
78064
78184
78451
78520
78523
78945
79189
79353
79659
79779
79973
80412
80514
80652
81065
81295
81333
81363
81500
81789
82098
82302
82462
82557
82746
83353
83578
83644
83765
83792
83795
83798
83855
84220
84382
84451
84732
85126
85617
85910
85935
86128
86134
86209
86368
86770
87025
87064
87158
87302
87380
87479
87809
88010
88278
88825
88889
88916
88946
89153
89234
89353
89366
89644
90014
90074
90442
90494
90856
91021
91258
91261
91397
91563
91754
91978
92074
92080
92144
92339
92488
92522
92624
93259
93502
93686
94048
94246
94306
94397
94915
95083
95185
95724
95932
95974
96179
96587
97039
97134
97369
97384
97428
98633
98770
98837
99279
99287
99316
99625
99752
99755
99830
100002
100194
100331
100636
100765
100813
100843
100849
100909
101241
101290
101413
101416
101455
101502
101508
101511
101516
101616
101754
101790
101903
102381
102582
102590
102637
102916
103063
103088
103274
103380
103482
103570
103802
103910
104039
104412
104630
104922
104940
104979
105087
105170
105293
105338
105377
105392
105962
105991
106213
107208
107226
107407
107586
107769
107862
108013
108104
108155
108305
108415
108544
108570
108613
108791
109087
109320
109437
109454
109779
110049
110473
110476
110697
110832
110958
111081
111480
111610
111800
112432
112582
112585
112637
112646
112774
113110
113158
113399
113627
113672
113723
114209
114212
114458
114548
114619
114622
114772
114966
114970
114985
115222
115287
115290
115317
115356
115362
115365
116027
116072
116144
116172
116734
116737
116824
116875
116935
116938
117024
117319
117328
117404
117597
117804
117903
117957
118005
118151
118788
118811
118848
119065
119324
119418
119697
120217
120298
120349
120515
120518
120678
120823
120881
121039
121691
121712
121775
121778
122609
122648
122664
122819
122909
123197
123409
123412
123457
123469
123502
123610
124986
124989
125120
125169
125307
125359
125851
126047
126281
126323
126362
126502
126831
126835
127163
127269
127431
127825
128369
128787
128808
128981
128986
129007
129046
129257
129305
129363
129523
129604
130170
130189
130306
130741
130802
131032
131207
131243
131483
131498
131595
131635
131880
131922
132039
132366
132560
132714
133078
133165
133366
133442
133684
133687
133750
Number of cuts: 722

Yogi
1062
1430
2536
3396
3596
4260
4338
4407
4862
4937
5225
5348
5377
5930
5930
5968
6265
7254
7530
7641
7679
7766
7964
8735
8914
9536
9718
9775
10262
10541
10859
10975
11515
11712
11736
12006
12331
12365
12958
13138
13162
13228
13594
13735
13909
15645
17084
17129
17285
18081
18091
18653
18674
19152
19343
19851
19916
20885
22263
22527
22615
23454
24037
24174
24280
24625
24764
25674
25859
25997
26374
26378
26696
27098
27196
27206
27566
27673
27710
27809
29042
29269
29820
29866
30144
30528
31353
31520
31794
32081
32233
33338
33674
33984
34140
34195
34280
34754
34760
35007
35077
35155
35252
35605
35674
35917
37255
37865
37889
37982
38045
38069
38689
38941
38967
38980
39442
39756
39971
40045
40129
40132
40292
40307
40400
40475
41410
41617
42485
42655
42699
42968
42985
43012
43036
43045
43210
43261
43282
43683
43741
43792
44059
44161
44182
44248
44486
44515
44632
44678
44681
45027
45102
45381
Number of cuts: 154

Yoncess
1062
1430
2536
3396
3596
4260
4338
4407
4862
4937
5225
5348
5377
5930
5930
5968
6265
7254
7530
7641
7679
7766
7964
8735
8914
8953
9536
9718
9775
10262
10541
10859
10975
11515
11712
11736
12006
12331
12365
12958
13138
13162
13228
13594
13735
13909
15645
17084
17129
17285
18081
18091
18653
18674
19152
19343
19851
19916
20885
22264
22528
22616
22718
23455
24038
24175
24281
24602
24626
24765
25675
25860
25998
26375
26379
26697
27099
27207
27567
27674
27711
27810
29043
29270
29924
30308
31133
31235
31300
31574
31861
32013
33118
33454
33764
33920
33975
34060
34157
34537
34543
34790
34860
34938
35035
35388
35457
35700
36658
37268
37292
37385
37448
37472
38092
38370
38383
38607
38613
38845
38904
39159
39374
39448
39532
39535
39695
39710
39803
39878
40813
41020
41892
41901
42062
42106
42375
42392
42419
42443
42452
42617
42668
42689
43091
43149
43200
43467
43569
43590
43836
43894
43923
44040
44086
44089
44435
44510
44789
Number of cuts: 159

