Alatin
1714
28071
37114
43121
Number of cuts:  4

Alpacados
1666
27976
37007
42944
Number of cuts:  4

AngryOrchard
1659
27935
43166
Number of cuts:  3

AppleCloud
1421
27946
36832
42838
Number of cuts:  4

Belenaria
1714
28005
36980
42986
Number of cuts:  4

BobbyDazzler
1515
1778
28050
37084
43092
Number of cuts:  5

Bonanza
1714
27978
37389
43396
Number of cuts:  4

Bradshaw
1714
28004
37047
43054
Number of cuts:  4

Bryce
1714
27979
36792
42800
Number of cuts:  4

ChewyVIII
18415
19870
40980
52391
Number of cuts:  4

CosmicSans
1714
28004
37038
43045
Number of cuts:  4

Dinger
1710
27988
Number of cuts:  2

DocB7
7830
15704
28722
59498
Number of cuts:  4

E3
4000
7517
16431
47400
48460
Number of cuts:  5

Erik
1714
28002
36970
42876
Number of cuts:  4

Espica
1714
28005
36980
42986
Number of cuts:  4

Finch
4710
8248
22409
43852
50123
86405
94959
98995
107447
109286
115244
123115
138671
Number of cuts: 13

Gollum
1714
28004
37036
42987
Number of cuts:  4

Grayson
583
4107
6096
7138
8790
16757
17371
19403
23304
24024
25174
25456
25484
26500
28891
32322
46434
48399
48987
49110
49161
51543
51654
54648
54765
54990
59908
60533
63292
63745
65356
65882
67828
69421
69537
70881
71814
73934
76863
77336
79942
80283
80367
81161
81832
83947
84158
84706
86823
88175
88852
96748
100533
102483
105119
106128
107642
108602
109051
110408
111908
113346
113358
114921
115582
116504
117815
118170
119774
120485
122960
124116
129484
Number of cuts: 73

Harlequin
1714
28009
38321
40343
42835
Number of cuts:  5

Hiro
1714
28264
37298
43306
Number of cuts:  4

Jace
5650
38664
39231
Number of cuts:  3

Jester
1714
11725
27940
38252
40274
42766
Number of cuts:  6

Krishelle
1714
28288
37407
43414
Number of cuts:  4

Lillie
1714
28004
37038
43045
Number of cuts:  4

Mahdia
Number of cuts:  0

Naiad
1714
28017
37060
43067
Number of cuts:  4

Nancinator
1714
28005
36980
42384
Number of cuts:  4

Natosaleda
1714
28004
36979
42985
Number of cuts:  4

Partridge
1773
28087
Number of cuts:  2

Pepy6
16426
29409
36089
46216
59219
61444
64766
76420
Number of cuts:  8

Peregrin
1672
1744
5934
8104
9602
15456
16356
18205
18955
20237
21842
22470
23190
24748
31068
35358
35418
35767
45214
47179
47890
47941
50437
53431
53548
53773
58275
61659
62112
63774
64300
65156
66253
67846
67962
69291
70002
70224
70317
73633
77070
77563
78362
78955
79356
80814
80898
81691
82329
83834
84045
84593
86742
86961
88068
88626
95220
95781
99358
99620
100469
100607
101586
105053
105631
106549
107366
107915
108018
108073
109094
109414
113342
115525
115908
115962
116621
116954
117312
118494
118946
121210
121918
123030
123609
125420
125962
129311
129752
131741
131813
Number of cuts: 91

Phrankenstein
1714
27950
36984
42991
Number of cuts:  4

Pine5
22512
Number of cuts:  1

Poco6
1449
12726
30588
31610
44109
53913
54384
72982
77688
Number of cuts:  9

Rasputin
1714
27975
37009
43016
Number of cuts:  4

RER2
1714
28004
37038
43045
Number of cuts:  4

RexFury
1745
28035
37069
43075
Number of cuts:  4

RGL3
1713
Number of cuts:  1

Rhodalysa
1714
28004
37038
43045
Number of cuts:  4

StCroix
1714
28017
37060
43067
Number of cuts:  4

Swann
1714
28004
37036
43043
Number of cuts:  4

Takoda
1706
27977
Number of cuts:  2

Trina
772
6533
7108
11963
13570
14957
14997
26296
26404
26781
28201
31881
32797
33397
34002
34134
40552
41753
43657
44651
46282
46559
47075
48905
53616
56212
58577
59948
68805
74018
74059
75325
80147
80373
83544
86748
88413
91548
93057
94996
95170
97225
98208
99159
100779
101150
102483
104468
106477
106670
110260
110830
115189
117712
118841
120020
129372
129968
130100
130945
133305
135124
137174
Number of cuts: 63

TWAMP
1714
28004
37038
43045
Number of cuts:  4

UhSalsa
1714
28005
36980
42986
Number of cuts:  4

Weasels2
135
853
4292
4582
10757
12069
16399
16576
17048
21171
21387
22115
24754
25036
25064
26080
27926
33035
34175
36869
38592
45569
45890
46484
46817
48539
49715
52147
54531
54643
56708
68849
70782
73007
73120
74609
75948
76215
78104
79687
80626
82977
83013
83517
83868
84444
85724
87804
91619
93589
95891
96434
100135
100973
106211
111659
111680
111699
111814
114992
120163
123086
123125
123293
124273
125076
125702
128106
129170
129535
130970
131610
131840
132558
Number of cuts: 74

Yogi
1714
27978
37389
43396
Number of cuts:  4

Yoncess
1714
27979
36792
42803
Number of cuts:  4

