Alatin
441
1714
6906
7631
11968
12118
14450
17708
19055
19229
28071
28178
34026
37114
39485
40659
41631
42152
43121
45077
45509
Number of cuts: 21

Alpacados
441
1666
6853
7162
7578
11904
12054
15510
18991
19165
25998
27976
28083
33931
37007
39159
39378
40482
41975
42944
44900
45332
Number of cuts: 22

AngryOrchard
1659
6836
7561
11887
12037
17972
18974
19148
20462
25921
26232
26255
27935
28042
28409
33783
34091
35668
37984
38689
38723
39319
40827
43166
Number of cuts: 24

AppleCloud
165
205
720
1421
4414
6600
7325
8811
11621
11771
18018
19020
19194
20508
22277
22574
23380
23961
24883
26369
27946
28053
31827
33750
33999
36832
39200
40216
41869
42838
44794
45226
Number of cuts: 32

Belenaria
441
1714
6906
7631
11968
12118
14450
19055
19229
28005
28112
33892
36980
39348
40364
42017
42986
44942
45374
Number of cuts: 19

BobbyDazzler
441
1494
1515
1778
6962
7271
7687
12013
12163
15619
19100
19274
20588
26035
28050
28157
28524
34005
37084
38532
38606
38640
39236
39455
40629
42123
43092
45048
45480
Number of cuts: 29

Bonanza
441
1714
6891
7200
7616
11942
12092
15548
19029
19203
26000
27978
28085
33933
37389
38878
39760
40934
42427
43396
45352
45784
Number of cuts: 22

Bradshaw
441
1714
6906
7631
11968
12118
14450
19055
19229
28004
28111
33959
37047
39418
40592
41564
42085
43054
44675
45442
Number of cuts: 20

Bryce
441
1714
6891
7200
7616
11942
12092
15548
19029
19203
20517
25964
27979
28086
28453
33713
36792
38240
38314
38348
38944
39163
40337
41831
42800
44756
45188
Number of cuts: 27

ChewyVIII
1532
5035
5955
6551
6622
8601
10176
11278
11461
11498
11876
13384
18415
19355
19870
24829
26929
40980
43418
45081
47611
48735
48751
52391
55079
56013
59686
61455
65871
Number of cuts: 29

CosmicSans
441
1714
6906
7631
11968
12118
14450
19055
19229
28004
28111
33959
37038
39409
40583
42076
43045
45001
45433
Number of cuts: 19

Dinger
922
1710
6887
7612
11938
12088
18023
19025
19199
20176
20513
26411
27988
28095
34092
37997
38702
38736
39332
Number of cuts: 19

DocB7
7243
7830
8310
9098
15297
15384
15704
22699
28722
32360
33642
34739
35812
36837
38613
40511
40973
45975
46060
55603
56843
59498
66471
66846
67495
67910
68144
68234
69197
70177
70387
73694
75715
Number of cuts: 33

E3
4000
4715
7517
8542
16431
32628
47400
48460
49341
56035
77703
87563
115944
119560
124999
141714
Number of cuts: 16

Erik
441
1714
6906
7631
11967
12117
14449
19054
19228
28002
28109
33891
36970
39341
40414
41907
42876
44832
45264
Number of cuts: 19

Espica
441
1714
6906
7631
11968
12118
14450
19055
19229
28005
28112
33892
36980
39348
40364
42017
42986
44942
45374
Number of cuts: 19

Finch
2832
4084
4376
4694
4710
8248
16005
18317
22102
22409
22439
28661
34118
35053
36682
37287
40041
43852
45529
45642
47245
47522
50123
55573
55981
61059
63891
64012
71710
73140
73867
75052
75083
82277
86405
91727
93102
94959
97542
98700
98995
101629
103254
104401
105681
107447
107901
108157
109286
109546
112337
113704
115244
116718
116743
117634
117706
122470
123115
128537
131463
134701
135525
138671
Number of cuts: 64

Gollum
441
1714
6906
7631
11968
12118
14450
19055
19229
28004
28111
33957
37036
39404
40525
42018
42987
44608
44943
45375
Number of cuts: 20

Grayson
17
49
296
393
480
583
932
2916
2923
3012
3326
3334
3350
3387
3403
3647
3656
3819
4006
4107
4167
4179
4287
4325
4547
4570
4836
4882
5044
5114
5225
5527
5727
6096
6330
6364
6413
6584
6611
6815
6911
7138
7407
7518
7641
7731
7814
7826
8327
8452
8496
8505
8552
8556
8733
8790
9060
9075
9124
9260
9334
9363
9540
9756
10028
10270
10350
10395
10532
10559
10590
10755
10907
11270
11330
11828
12503
12655
12851
12949
13006
13090
13165
13290
13742
13765
13844
13996
14031
14152
14426
14563
14622
14763
14774
14909
15231
15244
15437
15502
15904
16062
16098
16174
16669
16690
16757
16941
17214
17219
17371
17511
18107
18469
18531
18604
18686
18908
19102
19136
19217
19259
19403
19467
19524
19558
19771
19807
19933
20047
20133
20463
20493
20550
20681
20701
20733
20739
20901
20936
20966
21080
21087
21338
21360
21477
21484
21545
21712
21927
21939
22108
22319
22463
22742
22776
22824
23113
23173
23183
23196
23230
23304
23309
23890
24024
24069
24421
24519
24523
24615
24726
24877
24994
25174
25293
25456
25484
26374
26402
26500
26621
26632
26680
26758
26860
26869
26999
27145
27274
27390
27452
27645
28042
28295
28338
28413
28421
28454
28484
28564
28657
28676
28705
28891
28996
29074
29610
29701
29917
29977
30003
30031
30042
30054
30058
30123
30350
30380
30428
30522
30533
30686
30774
30882
30910
30954
31185
31310
31428
31449
31525
31551
31827
31938
32322
32673
32942
33055
33114
33202
33291
33346
33369
33470
34203
34725
35193
35550
35768
36358
36671
36873
37047
37090
37107
37343
37738
37835
38104
38190
38449
38628
38945
39601
40110
40303
40884
40960
41243
41478
41661
41727
41780
41945
42047
42241
42687
42705
42869
43637
43908
43946
44032
44355
44492
44960
45332
45345
45545
45734
45930
46026
46119
46272
46311
46434
47134
47294
47445
47505
47700
47714
48003
48126
48399
48867
48876
48930
48957
48987
49047
49110
49134
49161
49176
49452
49791
50300
50454
50496
50637
50708
51088
51168
51406
51465
51543
51654
51869
52225
52474
52907
53069
53099
53270
53315
53474
53726
53773
54274
54312
54566
54648
54675
54765
54939
54990
55919
56081
56091
56107
56325
56398
56466
56514
56676
56716
56838
56956
56961
56990
57035
57078
57099
57275
57351
57469
57476
57493
57677
57808
57899
57908
58071
58593
58694
58883
59053
59479
59908
59935
59986
60003
60198
60308
60372
60477
60533
60583
60693
60837
60891
61039
61175
61272
61276
61427
61887
62166
62481
62625
62810
62922
62970
62995
63142
63292
63729
63745
64222
65095
65356
65785
65854
65882
65968
66188
66283
66395
66698
66860
67121
67174
67179
67475
67798
67828
67939
68045
68071
68130
68161
68676
69029
69303
69421
69447
69537
69579
69590
69594
69599
69709
69764
70088
70125
70445
70451
70466
70527
70569
70740
70818
70860
70872
70881
70892
70922
70934
71018
71154
71180
71576
71814
72088
72314
72419
72570
72732
72770
72775
72995
73262
73268
73310
73388
73870
73934
74259
74269
74381
74428
74443
75026
75190
75289
75459
75496
75668
75780
75796
75873
76125
76148
76392
76455
76462
76504
76558
76569
76699
76800
76863
76879
76901
76916
76949
77039
77176
77198
77336
77642
77912
78154
78293
78346
78402
78753
78846
79038
79049
79335
79425
79629
79927
79942
80283
80340
80367
80535
80554
80578
80599
80616
80728
80913
81093
81108
81161
81368
81422
81533
81567
81634
81659
81679
81778
81832
82000
82182
82247
82328
82340
82443
82613
82654
82806
82872
83138
83235
83947
84158
84192
84355
84394
84617
84635
84681
84706
84950
85239
85243
85332
85422
85439
85703
86119
86511
86543
86576
86624
86799
86823
87032
87416
87475
87569
87645
87755
87799
87988
88050
88091
88175
88260
88421
88464
88597
88711
88752
88852
89194
89329
89385
89427
89463
89566
89648
89729
90178
90446
90564
90638
90840
91992
92234
92260
92294
92427
92462
92486
92519
92582
92625
92728
92921
93027
93363
93483
93676
93742
93755
93765
93915
93929
94013
94044
94050
94113
94309
94510
94544
94652
95579
95678
95753
95780
96187
96424
96482
96699
96748
97028
97041
97356
97440
97904
98141
98540
98582
98597
98617
98736
98863
98960
99045
99057
99282
99309
99371
99509
99651
99762
99786
100129
100189
100255
100398
100523
100533
100582
100632
100776
100841
101022
101692
102483
102576
102745
103065
103109
103188
103359
103453
103554
103728
103744
103757
103860
103924
104038
104077
104156
104300
104323
104341
104374
104579
104660
104702
104743
104772
105119
105156
105190
105482
105626
105689
105714
105773
106068
106128
106134
106188
106212
106306
106763
107071
107159
107371
107451
107546
107599
107642
107939
107958
108158
108268
108296
108396
108602
108619
108630
108640
108680
109009
109051
109256
109284
109603
109636
109867
110059
110151
110276
110408
110632
110900
110977
111099
111191
111396
111421
111434
111501
111546
111596
111875
111908
111923
112254
112513
112610
112642
112999
113145
113218
113346
113358
113445
113555
113697
113850
113893
113932
113958
114199
114376
114815
114921
114937
115060
115178
115582
115764
116323
116498
116504
116771
116847
117001
117085
117165
117237
117285
117292
117415
117672
117691
117815
117866
117896
118007
118020
118047
118170
118519
118577
118658
118891
119051
119178
119314
119402
119711
119774
119779
119851
120075
120187
120372
120422
120485
120511
120543
120608
120702
120803
120961
120995
121124
121193
121231
121295
121402
121480
121732
121830
122333
122609
122960
123211
124116
124148
124246
124291
124807
125097
125496
125529
126537
126616
126933
127149
127306
127990
128027
128134
128307
128530
128918
128950
129197
129294
129381
129484
129833
Number of cuts: 878

Harlequin
441
1714
4705
6891
7616
9102
11918
12068
15524
19005
19179
20493
25994
28009
28116
28483
33743
38321
38344
38974
40212
40343
40507
40789
41866
42835
44791
45223
Number of cuts: 28

Hiro
441
1714
6891
7200
7616
9102
11912
12062
18309
19311
19485
20799
22568
22865
26249
28264
28371
28738
34219
37298
39669
40843
42337
43306
45262
45694
Number of cuts: 26

Jace
5443
5650
5657
12560
14657
16426
18570
28602
35837
38664
39231
45042
53401
Number of cuts: 13

Jester
441
1714
4705
6891
7616
9102
11725
11912
12062
17997
18999
19173
20487
25925
27940
28047
28414
33674
38252
38275
38905
40143
40274
40438
40720
41797
42766
44722
45154
Number of cuts: 29

Krishelle
441
1714
6906
7631
9117
11927
12077
18324
19326
19500
20814
22619
22916
23722
24303
25225
26711
28288
28395
34319
37407
39778
40952
41924
42445
43414
45370
45802
46108
Number of cuts: 29

Lillie
441
1714
6906
7631
11968
12118
14450
19055
19229
28004
28111
33959
37038
39409
40583
42076
43045
45001
45433
Number of cuts: 19

Mahdia
1860
5788
10230
10518
17639
27409
28367
31937
33291
33399
38210
Number of cuts: 11

Naiad
441
1714
6906
7631
11968
12118
14450
19055
19229
28017
28124
33972
37060
39431
40605
41577
42098
43067
45023
45455
Number of cuts: 20

Nancinator
441
1714
6906
7631
11968
12118
14450
19055
19229
28005
28112
33892
36980
39348
39922
41415
42384
44340
44772
Number of cuts: 19

Natosaleda
441
1714
6906
7631
11968
12118
14450
19055
19229
28004
28111
33891
36979
39347
40363
42016
42985
44941
45373
45679
Number of cuts: 20

Partridge
920
1773
6950
7675
12001
12151
18086
19088
19262
20239
20576
26510
28087
28194
34248
38154
38859
38893
39489
Number of cuts: 19

Pepy6
1819
2968
5975
6929
7984
8045
8692
9265
9589
10104
11227
12089
12274
12836
13604
13842
15640
16218
16426
16578
16764
17215
17509
17742
18030
18810
18852
19160
20574
21959
23186
24295
24930
26181
27147
28146
28252
28616
28709
29067
29409
29591
29959
30939
33937
33952
33968
34422
35603
35779
36089
36658
37143
37406
37600
37638
38089
38115
38520
38907
39352
39783
40435
41466
42241
42428
43519
43870
44671
44972
45316
45414
46216
46660
46762
49005
49067
50894
50908
51974
52358
52665
52908
53604
55734
56691
57919
59219
59820
61444
61758
62039
64766
65674
66436
66754
68546
71830
71937
72357
72646
76420
76603
76636
76668
76676
76697
Number of cuts: 107

Peregrin
49
360
1672
1744
2047
2953
2960
3052
3096
3159
3362
3378
3603
3684
3900
3941
4062
4108
4199
4375
4446
4710
4841
4942
5288
5634
5675
5934
6156
6199
6224
6248
6301
6492
6720
6767
6780
6831
7044
7480
7631
7871
7981
8074
8104
8438
8574
8648
8677
8854
8862
9000
9070
9192
9342
9584
9602
9625
9709
9752
9846
9873
9904
9954
10096
10644
11142
11604
11864
11969
12165
12263
12320
12404
12479
12604
13079
13291
13310
13345
13463
13484
13537
13758
13807
13895
14106
14175
14589
14602
14795
14860
15262
15420
15456
15532
15641
15971
16069
16080
16268
16356
16530
16543
16601
16760
16767
16818
16854
16912
16919
16970
17110
17700
17943
18021
18067
18205
18238
18460
18654
18688
18796
18811
18955
18962
19019
19076
19110
19323
19359
19485
19685
20069
20102
20132
20237
20291
20396
20411
20418
20504
20526
20645
20713
20820
20879
21093
21105
21177
21274
21629
21842
21908
21942
21990
22019
22279
22339
22349
22362
22470
22475
23056
23190
23235
23462
23552
23670
23760
24093
24097
24189
24568
24668
24748
24867
25061
25074
25951
26104
26198
26209
26335
26437
26446
26576
26788
26904
26966
27159
27556
27776
27809
27852
27927
27935
27968
28078
28171
28190
28219
28376
28510
29124
29215
29488
29514
29542
29553
29565
29569
29634
29730
29774
29867
29889
29989
30177
30625
30874
31068
31137
31272
31455
31837
31861
31896
31984
32073
32124
32252
32273
32404
32883
32967
32985
33144
33507
34332
34550
34563
34587
34956
35345
35358
35418
35767
35837
35872
35889
36125
36204
36520
36703
37410
37673
37726
37736
38382
38891
39083
39664
39740
40023
40258
40391
40560
40725
40827
41287
41467
41485
41649
42379
42417
42493
42688
42726
42748
42812
43127
43135
43272
43740
44258
44325
44514
44728
44806
44899
45052
45091
45214
45914
46132
46285
46494
46783
46818
46906
47059
47179
47200
47611
47647
47656
47737
47827
47890
47914
47941
47956
48227
48232
48574
49083
49237
49279
49420
49491
49662
49871
50189
50248
50437
50652
50958
51008
51257
51624
51717
51777
52053
52556
53057
53095
53154
53349
53431
53473
53548
53773
54149
54453
54702
54864
54890
55108
55181
55401
55445
55466
55642
55718
55836
55843
55860
55919
56044
56175
56266
56275
56288
56633
56960
57061
57420
57846
58176
58275
58302
58353
58370
58565
58657
58675
58950
59060
59204
59258
59406
59639
59643
59794
60254
60365
60620
60848
60992
61177
61289
61337
61362
61641
61659
61839
62096
62112
62664
63120
63774
64101
64203
64272
64300
64386
64414
64502
64647
64658
64820
64886
65123
65156
65527
65599
65604
65900
66223
66253
66402
66496
66555
66586
67101
67187
67728
67846
67872
67962
68004
68015
68019
68024
68314
68350
68498
68535
68855
68861
68876
68979
68990
69150
69228
69270
69282
69291
69302
69332
69344
69428
69564
70002
70074
70217
70224
70317
70498
70724
70892
70980
71142
71180
71185
71405
71672
71678
71728
71773
71777
72334
72798
72880
72922
72941
73061
73076
73176
73318
73417
73538
73579
73610
73633
73639
73847
73963
73994
74020
74236
74246
74358
74486
75173
75190
75258
75317
75460
75497
75669
75781
75797
75926
76054
76077
76176
76416
76430
76455
76487
76676
76727
76795
76848
76853
76906
77070
77086
77108
77123
77156
77408
77563
77901
77989
78001
78122
78362
78610
78713
78955
78961
79054
79227
79264
79328
79356
79439
79948
80076
80152
80458
80716
80814
80871
80898
81066
81085
81109
81130
81147
81201
81444
81624
81638
81691
81899
82064
82084
82276
82329
82496
82545
82697
82792
83030
83127
83659
83834
84045
84079
84242
84281
84472
84522
84593
85107
85149
85251
85322
85574
85622
86038
86430
86495
86543
86742
86769
86788
86875
86904
86961
87488
87503
87554
87610
87649
87764
87943
87984
88009
88043
88068
88136
88187
88268
88522
88583
88626
88765
88861
89000
89120
89163
89328
89418
89643
89877
89995
90069
90127
90673
90833
90894
91168
91423
91665
91725
91858
91893
91917
91950
92056
92352
92409
92551
92572
92671
92696
93174
93187
93347
93361
93420
93445
93667
93874
93880
94210
94431
94579
94630
94727
94741
94845
95220
95457
95515
95614
95732
95781
95829
96061
96074
96386
96470
96587
97028
97043
97182
97309
97406
97491
97503
97755
97955
98097
98135
98277
98309
98509
98581
98638
98643
99244
99358
99399
99620
99850
99907
99992
99997
100183
100463
100469
100607
100791
100895
101073
101234
101415
101541
101586
101646
101774
102055
102079
102294
102404
102441
102978
103062
103147
103467
103511
103590
103761
103855
104130
104146
104159
104188
104262
104326
104440
104479
104705
104745
104778
104854
105053
105064
105106
105149
105178
105541
105631
105903
106047
106110
106135
106194
106199
106549
106555
106633
107039
107346
107366
107434
107644
107724
107915
108018
108073
108212
108231
108470
108535
108766
109006
109015
109094
109102
109110
109414
109536
109720
109836
109937
110069
110293
110561
110638
110852
110996
111490
111637
111826
111857
112031
112085
112097
112201
112455
112606
112620
112844
113138
113342
113347
113551
113693
113775
113855
113957
114050
114819
114863
114900
114920
114947
115078
115096
115119
115193
115225
115326
115446
115525
115664
115710
115908
115916
115953
115962
115994
116021
116048
116056
116313
116438
116621
116677
116781
116882
116954
117047
117131
117306
117312
117579
117655
117809
117892
117973
118045
118093
118100
118223
118480
118494
118499
118674
118774
118785
118823
118946
119043
119176
119295
119464
119542
119782
119840
120314
120441
120577
120665
120854
120983
121210
121215
121287
121310
121739
121805
121855
121918
121944
121976
122041
122119
122323
122424
122749
122860
123030
123421
123609
124181
124579
124623
124878
125420
125962
126094
126139
126655
127095
127133
127653
127941
128186
128343
129245
129311
129352
129525
129550
129752
130042
130118
130429
131741
131813
132116
Number of cuts: 909

Phrankenstein
441
1714
6906
7631
11968
12118
14450
19055
19229
27950
28057
33905
36984
39355
40529
42022
42991
44947
45379
Number of cuts: 19

Pine5
14646
22512
29156
31057
32925
35136
46273
51534
58557
Number of cuts:  9

Poco6
1449
2025
2386
4773
5215
6286
7663
7689
8520
8541
9244
9341
10785
10839
11032
11293
11495
11558
12168
12195
12269
12660
12726
13376
14387
14418
15735
17602
18262
19157
19678
20446
26308
26508
26943
28893
29029
29850
30388
30588
30728
31610
31978
32945
35622
35754
35962
35977
35993
36444
37625
37801
38680
39581
40111
40197
40542
40827
40929
41022
41374
41391
42297
43268
43724
44109
44222
45047
45096
45345
45694
46409
46511
47167
48862
49766
52396
52421
52983
53483
53867
53913
54173
54384
54408
54416
55034
55112
56708
57242
58311
58633
62596
64642
66418
67657
69217
70317
71778
72982
73199
73380
73908
75610
76634
77688
77710
77744
77871
77936
77964
Number of cuts: 111

Rasputin
441
1714
6891
7200
7616
11937
12087
15543
19024
19198
20512
27975
28082
33930
37009
39380
40554
42047
43016
44972
45404
Number of cuts: 21

RER2
441
1714
6906
7631
11968
12118
14450
19055
19229
26026
28004
28111
33959
37038
39409
40583
42076
43045
45001
45433
Number of cuts: 20

RexFury
441
1745
6937
7662
11999
12149
14481
19086
19260
28035
28142
33990
37069
39437
40453
42106
43075
45031
45463
Number of cuts: 19

RGL3
1479
1713
4707
11943
16574
20577
22789
26139
28991
29098
31621
34902
38123
39385
41099
41405
Number of cuts: 16

Rhodalysa
441
1714
6906
7631
11968
12118
14450
19055
19229
28004
28111
33959
37038
39409
40583
42076
43045
45001
45433
Number of cuts: 19

StCroix
441
1714
6906
7631
11968
12118
14450
19055
19229
28017
28124
33972
37060
39431
40605
41577
42098
43067
45023
45455
Number of cuts: 20

Swann
441
1714
6906
7631
11968
12118
14450
19055
19229
28004
28111
33957
37036
39407
40581
42074
43043
44999
45431
Number of cuts: 19

Takoda
920
1706
6883
7608
11928
12078
15534
18013
19015
19189
20503
25962
27977
28084
28451
33825
34133
36503
38038
38743
38777
39373
40881
Number of cuts: 23

Trina
39
72
245
272
509
567
602
772
1414
2695
2873
2883
2898
3271
3327
3417
3474
3504
3876
3918
4116
4179
4202
4598
4715
4909
4935
5086
5185
5495
5756
5813
5991
6031
6533
6699
6941
7108
7244
7400
7569
8066
8146
8204
9289
9381
9676
9885
10065
10173
10556
10766
10888
11081
11106
11195
11963
12051
13225
13366
13378
13438
13570
13731
13809
14265
14464
14957
14997
15205
15979
16211
16299
16395
16433
16794
16800
17190
17381
17398
17821
18019
18025
18221
18773
19453
19927
20038
20123
20255
20457
21028
21559
21612
21644
21779
22020
22179
22756
22837
22861
23218
23330
23396
23468
23884
23987
24025
24216
24691
24915
25831
26296
26404
26416
26781
26858
26935
27049
27093
27266
27592
27661
27951
28201
28280
28546
28656
28804
29364
30518
30756
31643
31881
31995
32267
32797
33035
33280
33310
33397
33440
33534
33733
34002
34134
34154
34166
34625
34764
34887
34971
35165
35457
36295
36302
36571
36775
37288
37300
37363
37428
37599
38735
39160
39186
39693
39780
39814
40552
40819
41173
41283
41530
41753
41873
41880
41964
42738
43114
43657
43826
44009
44507
44651
44696
45025
45134
45274
45458
45794
45805
46133
46254
46282
46559
46794
47075
47534
47699
47950
48071
48664
48736
48905
49226
49574
50657
50692
50977
51561
51837
52524
52563
52633
52848
53327
53501
53616
53877
53890
54048
54176
54753
55165
55253
55374
55569
55786
56063
56207
56212
56322
57128
57166
57518
58577
58710
58767
59318
59489
59836
59948
60107
60284
60431
60750
60754
60802
60934
61132
61215
61586
61762
61826
61869
61992
62196
62446
62512
63200
63242
63456
63526
63686
63807
64068
64104
64475
64627
65156
65648
65710
65821
66076
66214
66286
66343
67038
67048
67131
67175
67757
67924
68271
68645
68805
69831
69960
70890
71091
71386
71558
71595
71627
71742
72177
72967
72971
73223
73390
73457
73715
74018
74059
74105
74126
74321
74453
74741
75325
75487
75497
75523
75572
76244
76777
76999
77869
77908
78175
78494
78535
78614
78901
79193
79367
79394
79530
79839
80147
80283
80373
80566
80614
80939
81115
81158
81368
81527
81716
81743
81840
81877
82123
82722
82798
82884
83038
83060
83079
83150
83156
83509
83544
83581
83716
83745
83760
83764
83851
83981
84193
85233
85328
85657
86226
86593
86748
87380
87477
87574
88045
88074
88115
88140
88167
88191
88413
88631
88753
89019
89076
90324
90596
90601
90875
90914
91005
91253
91306
91358
91374
91535
91548
91635
91831
91836
91923
91931
92223
92658
92922
93027
93031
93057
93072
93546
93802
94131
94372
94570
94649
94862
94977
94996
95170
95351
95501
95517
95526
95674
95754
95899
95939
96206
96627
96748
96763
96852
96928
96953
97191
97225
97341
98058
98208
98397
98464
98501
98556
98725
98771
98959
99100
99159
99485
100041
100072
100303
100563
100632
100706
100710
100779
100975
101150
101255
101764
102483
102676
102862
102982
103056
103079
103546
103722
103877
104068
104320
104414
104468
104862
105045
105222
105245
105470
106397
106446
106462
106477
106670
106804
106809
106854
106868
107440
107573
107728
107775
108173
108791
109077
109264
109514
109540
109566
109579
110260
110419
110635
110674
110707
110796
110830
111141
111165
111321
111363
111473
114141
114500
114838
115057
115092
115123
115154
115189
115362
115831
115867
115913
116041
116224
116502
116529
116576
116612
116840
116942
116988
117064
117349
117633
117712
118085
118120
118155
118398
118443
118755
118787
118841
118951
119528
119702
119940
120020
120623
120834
121197
121251
121298
121605
121615
121662
121801
121960
122003
122315
122339
122349
122480
122486
122945
123808
124551
124922
125152
125156
125577
125645
125952
126557
126683
126780
127157
127168
127290
127894
128310
128905
129342
129372
129602
129617
129785
129968
130068
130100
130240
130282
130419
130945
131025
131248
131283
131326
131355
131397
131649
132177
132386
133294
133305
133537
133923
134111
134700
134823
134969
135124
135201
135293
135406
135416
135912
135934
136353
136441
136474
136647
136674
136911
136969
137004
137174
137816
139097
Number of cuts: 629

TWAMP
441
1714
6906
7631
11968
12118
14450
19055
19229
28004
28111
33959
37038
39409
40583
42076
43045
45001
45433
Number of cuts: 19

UhSalsa
441
1714
6906
7631
11968
12118
14450
19055
19229
28005
28112
33892
36980
39348
40364
42017
42986
44942
45374
Number of cuts: 19

Weasels2
13
30
41
135
209
489
853
1435
2290
3246
3284
3291
3385
3389
3396
3443
3583
3609
3726
3927
4049
4063
4207
4264
4292
4582
4594
4720
4761
4978
5001
5067
5161
5593
5761
5889
5936
6004
6019
6226
6237
6352
6356
6399
6508
6541
6723
6735
6893
6927
7243
7712
7951
8214
8269
8332
8344
8349
8609
8638
8814
8981
9048
9130
9253
9319
9678
9739
9783
9928
9960
9996
10328
10437
10594
10662
10757
10944
11053
11109
11277
11291
11320
11500
12069
12120
12169
12364
12623
12790
12814
13040
13205
13295
13372
13931
13971
14085
14099
14351
14486
14539
14809
15108
15411
15451
15499
15744
15812
16175
16205
16363
16399
16576
16666
16690
16960
16981
17048
17473
17503
17507
17511
17601
17630
17656
18236
18458
18655
18679
18720
19030
19050
19252
19508
19649
20226
20372
20832
20896
20906
20919
20948
20991
21029
21069
21171
21263
21309
21323
21387
21598
21658
21764
21877
22041
22082
22115
22331
22365
22574
22696
22756
22831
23247
23601
23642
24001
24103
24301
24616
24730
24754
24873
25036
25064
25739
25954
26080
26212
26338
26580
26787
26898
26903
27555
27851
27926
27934
27967
27997
28077
28147
28170
28189
28509
28752
28793
29474
29526
29555
29567
29571
29732
29792
29866
29896
29944
30049
30159
30198
30219
30384
30510
30637
30786
30851
30876
30885
31137
31304
31359
31521
31926
32026
32073
32096
32178
32284
32468
32663
32722
33035
33184
33812
33971
34175
35054
35377
35829
35834
35967
36280
36482
36656
36699
36716
36746
36869
36878
37673
37732
37891
38076
38239
38256
38271
38519
38575
38592
39058
39122
39231
39673
40223
40577
40689
40867
40981
41226
41412
41430
41455
41973
42052
42348
42488
42584
42631
42769
43279
43325
43464
44814
45233
45283
45302
45322
45536
45569
45613
45890
46273
46460
46484
46610
46817
46845
46889
46943
47234
47312
47594
47729
47793
47870
48499
48509
48539
48556
48686
48767
49004
49184
49340
49598
49715
49849
50156
50186
50257
50322
50637
50906
51029
51433
51792
51850
52041
52147
52408
52413
52501
52636
52979
53293
53572
53639
53992
54034
54503
54531
54643
54711
54789
54950
55078
55353
55460
55485
55796
56513
56708
56742
56974
57077
57099
57116
57202
57248
57365
57432
57508
57595
57850
58040
58217
58570
58653
58986
59398
59475
59640
59669
60213
60360
60735
60794
60873
60945
61399
61672
61766
61781
62323
62340
62404
62483
62730
62790
63092
63245
63492
64037
64418
64791
64878
64926
65262
65307
65692
65724
65737
66042
66353
66696
66863
67313
67325
67516
67547
67558
67589
67968
68121
68432
68849
69025
69030
69558
69649
69666
69813
69873
69913
70162
70261
70314
70348
70356
70452
70575
70782
70910
71228
71499
72165
72203
72262
72761
72807
73007
73120
73347
73689
73793
74012
74120
74171
74237
74285
74338
74435
74532
74609
74627
74675
74727
74745
74752
74817
74841
74872
75213
75224
75516
75640
75733
75795
75869
75948
76215
76533
76632
76663
76812
76904
76959
77182
77304
77860
78058
78104
78132
78187
78276
78287
78405
78634
79317
79507
79627
79687
80036
80288
80497
80598
80626
80679
80940
80997
81338
81355
81369
81389
81479
81501
81600
81891
82039
82049
82357
82410
82416
82532
82642
82737
82796
82956
82977
82994
83013
83142
83148
83153
83314
83329
83517
83868
83961
84042
84310
84444
84543
84606
85350
85509
85605
85631
85724
85879
85926
86263
86315
86516
87333
87700
87804
87862
87906
88228
88477
88929
88957
89190
89394
89487
89677
89709
89742
89790
89886
90096
90141
90255
90284
90354
90368
90773
90817
90823
90961
90999
91023
91284
91560
91585
91612
91619
91686
91851
91863
91930
92360
92419
92445
92583
92754
92906
92976
92993
93105
93242
93390
93423
93437
93589
93881
93888
93894
93945
94106
94310
95373
95529
95645
95831
95891
96090
96326
96434
96825
97046
97502
97717
97995
98009
99218
99362
99430
99461
99482
99556
99601
99798
99926
100135
100342
100397
100973
101185
101343
101653
101783
101790
101805
101820
101865
101957
102379
102504
102609
102961
103004
103153
103347
103550
103580
103590
103864
103893
104006
104345
104362
104386
104509
104574
104769
104815
105152
105173
105318
105429
105684
105898
105915
106026
106035
106211
106345
106601
106695
106971
107261
107556
107987
108197
108243
108248
108336
108374
108450
108747
108790
108840
109029
109273
109293
109303
109560
109636
109651
109666
109883
110162
110251
110455
110486
110544
111076
111396
111403
111634
111659
111680
111699
111774
111814
111899
112000
112194
112303
112550
112614
112678
113201
113427
113522
113547
113560
113619
113801
113854
114135
114748
114817
114992
115167
115418
115556
115661
115981
116179
116520
117085
117530
117588
117733
117976
117988
118102
118120
118129
118420
118564
119273
119400
119544
119990
120163
120250
120299
120310
120392
120455
120517
120699
120819
121253
121268
121388
121565
121821
121883
122027
122177
122452
122762
122817
122901
122978
122983
123086
123125
123223
123293
123355
123525
123636
123822
124025
124215
124273
124353
125076
125434
125702
126267
126346
126677
126782
126877
127086
127263
127488
127592
128106
128887
128965
129170
129535
130494
130970
131278
131610
131674
131718
131735
131746
131840
131914
132194
132558
133140
133995
134951
Number of cuts: 816

Yogi
441
1714
6891
7200
7616
11942
12092
15548
19029
19203
26000
27978
28085
33933
37389
39760
40934
42427
43396
45352
45784
Number of cuts: 21

Yoncess
441
1714
6891
7200
7616
11942
12092
15548
19029
19203
20517
25964
27979
28086
28453
33713
36792
38240
38314
38348
38944
39163
40337
41834
42803
44760
45192
Number of cuts: 27

