Alatin
459
935
1126
1568
1655
1768
1975
3169
3786
3960
4161
4330
4719
5264
5404
5870
6694
6818
7057
7665
8604
8985
9488
9498
9945
10234
10747
10794
11134
12176
12468
12610
12751
12901
13165
13507
13737
15315
15811
16243
16777
16856
17336
17784
19529
19730
20504
20693
21020
21830
22114
22222
23121
23277
23388
23630
23768
23894
24323
25262
26079
27174
27834
27975
28032
28308
28412
30129
30469
30627
32410
32440
32783
33885
34426
34530
35204
35223
36302
37008
37102
37259
37550
37817
37895
38912
39235
39332
39868
40422
41006
41149
41703
43359
43773
43825
43990
44578
45530
45582
45651
45777
46010
Number of cuts: 103

Alpacados
459
935
1126
1568
1720
1928
3131
3681
3748
3844
3922
4123
4292
4681
5226
5290
5832
6133
6641
6765
7004
8915
10164
10253
11070
12112
12366
12404
12546
12687
12783
12837
13068
13101
13443
13537
13673
15251
15747
17272
17720
18091
19465
19666
20440
20629
20956
21071
21712
21996
22156
22612
22990
23146
23257
23499
23637
23763
24192
25131
25984
27079
27238
27739
27880
27937
28213
28317
30034
30374
30532
31690
32315
32345
32688
33790
34432
35106
35125
36230
36901
36995
37152
37443
37710
37788
38805
39761
40245
40972
41526
42617
43182
43596
43648
44401
45353
45405
45483
45600
45833
Number of cuts: 101

AngryOrchard
930
1119
1561
1713
1920
3114
3905
4106
4275
4664
5209
5273
5815
6447
6624
6748
6987
8751
8898
9401
9411
10147
10236
11053
12095
12349
12387
12529
12670
12766
12820
13051
13084
13426
13656
15234
15730
15861
16162
17206
17703
18074
19207
19448
19578
19649
20612
22985
23141
23252
23494
23759
23927
24188
25127
27038
27197
27698
27839
27896
28172
28276
29822
29894
29927
30267
30425
31583
31808
32348
32388
32588
33458
33950
34592
35285
36222
36390
37061
37303
37312
37603
37870
37948
38965
39288
39923
41203
41670
41756
43404
43815
43867
44620
45083
45523
45595
45712
45938
Number of cuts: 99

AppleCloud
730
919
1362
1475
1684
2285
2878
3669
3870
4428
4755
4973
5037
5579
5880
6415
6512
8638
9141
9151
9470
9887
10390
10787
11829
12215
12866
13097
13130
13472
13702
14679
15040
15280
16208
16742
17252
17301
17749
18120
19253
19435
19494
19695
20234
20658
21100
21741
22025
22320
22524
23797
25137
25954
27049
27208
27850
27907
28183
28287
29859
30199
30357
30882
31244
31740
32170
32867
33125
33484
33497
33609
34931
34950
36055
36726
36820
36977
37268
37535
37613
38630
38953
39583
39683
40134
40723
40866
41420
43076
43490
43542
43707
44295
45247
45299
45368
45494
45727
Number of cuts: 99

Belenaria
459
935
1126
1568
1655
1768
1975
3169
3786
3960
4161
4330
4719
5264
5404
5870
6694
6818
7057
7665
8604
8985
9488
9498
9945
10234
10747
10794
11134
12176
12468
12610
12751
12901
13165
13507
13737
15315
15811
16243
16777
16856
17336
17784
19529
19730
20504
20693
21020
21731
21776
22060
22220
22676
23054
23210
23321
23563
23701
23827
24257
25196
26013
27108
27768
27909
27966
28242
28346
29890
29962
29995
30335
31876
32276
32306
32649
33751
34405
35079
35098
36203
36874
36968
37125
37416
37683
37761
38778
39101
39731
39831
40282
40871
41014
41568
43224
43638
43690
43855
44443
45395
45447
45516
45642
45875
Number of cuts: 106

BobbyDazzler
459
935
1126
1568
1719
1832
2040
3240
3790
3857
3953
4031
4232
4401
4790
5335
5399
5941
6242
6750
6874
7113
9024
10273
10362
11179
12221
12475
12513
12655
12796
12892
12946
13177
13210
13552
13646
13782
15360
15856
17381
17829
18200
19574
19775
20531
20738
21065
21821
22105
22266
22722
23100
23367
23609
23747
23873
24302
25241
26058
27153
27312
27813
27954
28011
28287
28391
30108
30448
30606
31764
32389
32419
32762
33864
34405
34509
35183
35202
36307
36978
37072
37229
37520
37787
37865
38882
39205
40392
41119
41674
42765
43330
43744
43796
44549
45501
45553
45631
45637
45748
45981
Number of cuts: 102

Bonanza
459
935
1126
1568
1655
1768
1975
3169
3719
3786
3882
3960
4161
4330
4719
5264
5328
5870
6171
6679
6803
7042
8953
10202
10291
11108
12150
12404
12442
12584
12725
12821
12875
13106
13139
13481
13575
13711
15289
15785
17310
17758
18129
19503
19704
20478
20667
20994
21109
21750
22034
22194
22650
23028
23295
23537
23675
23801
23969
24230
24369
25169
25986
27081
27240
27741
27882
27939
28215
28319
30036
30376
30534
31692
32317
32347
32690
33792
34434
35108
35127
36232
37283
37377
37534
37825
38092
38170
39187
40143
40697
41424
41978
43069
43634
44048
44100
44853
45857
45926
46043
46270
Number of cuts: 102

Bradshaw
459
935
1126
1568
1655
1768
1975
2576
3169
3786
3960
4161
4330
4719
5264
5404
5428
5870
6694
6818
7057
7665
8604
8985
9488
9498
9945
10234
10747
10794
11134
12176
12468
12610
12751
12901
13165
13507
13737
15315
15811
16243
16777
16856
17336
17784
19529
19730
20504
20693
21020
21776
22060
22220
22676
23054
23210
23321
23563
23701
23827
24256
25195
26012
27107
27767
27908
27965
28241
28345
30062
30402
30560
32343
32373
32716
33818
34359
34463
35137
35156
36235
36941
37035
37192
37483
37750
37828
38845
39168
39265
39801
40355
40939
41082
41636
43292
43706
43758
43923
44511
44627
45463
45515
45584
45710
45943
Number of cuts: 107

Bryce
459
935
1126
1568
1655
1768
1975
3169
3719
3786
3882
3960
4161
4330
4719
5264
5328
5870
6171
6679
6803
7042
8953
10202
10291
11108
12150
12404
12442
12584
12725
12821
12875
13106
13139
13481
13575
13711
15289
15785
17310
17758
18129
19503
19704
20460
20667
20994
21109
21750
22034
22195
22651
23029
23296
23538
23676
23802
24231
24442
25170
25987
27082
27241
27742
27883
27940
28216
28320
29816
30156
30314
31472
32097
32127
32470
33572
34113
34217
34891
34910
36015
36686
36780
36937
37228
37495
37573
38590
38913
39546
40100
40827
41382
42473
43038
43452
43504
44257
45209
45261
45339
45345
45456
45689
Number of cuts: 105

ChewyVIII
29
176
936
989
1620
2372
2423
2703
2926
3027
3091
3314
3657
3818
3887
4058
4496
5150
6621
6933
7141
8105
8960
9032
9343
10416
10482
10707
11771
11904
12410
12466
12612
12676
12764
12854
13161
13944
14038
14159
14241
14270
14298
14309
14516
15349
15541
16455
16897
17162
17225
18052
18241
18400
18515
18622
19018
19047
19072
19254
19459
20332
20472
20596
20771
20977
21600
21744
22590
22677
22881
23048
23266
24255
25036
25232
25687
25906
26404
27668
28161
28665
29049
29057
29516
29564
29787
30165
30766
31437
31674
32170
32828
32847
33279
33455
34139
34142
34188
34232
34873
34959
36053
36269
37100
37488
37612
38177
38231
38472
39167
39595
39714
39754
39853
41400
41552
42133
43001
43048
43394
43909
45175
45179
45421
45703
46050
46144
46369
46618
46888
47488
47497
47617
47868
47906
47965
48022
48666
49291
49424
49918
50079
50086
50328
50332
50538
51341
52564
52987
53100
53950
54931
55284
55604
56411
56601
56716
56750
57370
57641
57715
57820
59553
59920
60171
60266
60344
60754
60801
60875
61579
61982
62574
62709
63117
63653
63706
64047
64119
64483
64754
64908
65539
66749
66838
66950
66956
Number of cuts: 188

CosmicSans
459
935
1126
1568
1655
1768
1975
2576
3169
3786
3960
4161
4330
4719
5264
5404
5428
5870
6694
6818
7057
7665
8604
8985
9488
9498
9945
10234
10747
10794
11134
12176
12468
12610
12751
12901
13165
13507
13737
15315
15811
16243
16777
16856
17336
17784
19529
19730
20504
20693
21020
21776
22060
22220
22676
23054
23321
23563
23701
23827
24256
25195
26012
27107
27767
27908
27965
28241
28345
30062
30402
30560
31943
32343
32373
32716
33818
34359
34463
35137
35156
36261
36932
37026
37183
37474
37741
37819
38836
39159
39256
39792
40346
41073
41627
43283
43697
43749
43914
44502
45454
45506
45575
45701
45934
Number of cuts: 105

Dinger
932
1121
1563
1651
1764
1971
2572
3165
3956
4157
4326
4715
5260
5324
5866
6167
6675
6799
7038
8949
9452
9462
9909
10198
10287
11104
12146
12400
12438
12580
12721
12817
12871
13102
13135
13477
13707
15285
15781
15912
16213
17257
17306
17754
18125
19440
19499
19700
20663
21105
21746
21933
22030
22650
22659
23037
23304
23546
23811
23979
24240
25179
25996
27091
27250
27892
27949
28225
28329
29931
30271
30429
31587
31812
32212
32352
33465
33826
33839
33951
34507
34605
35298
36403
37074
37168
37316
37325
37616
37883
37961
38978
39301
39936
41217
41290
43422
43484
43833
43885
44638
45540
45627
45730
45902
45957
Number of cuts: 106

DocB7
134
965
1311
1484
1929
2180
2264
2741
3016
3032
4015
4631
5746
8240
8546
9319
9508
9700
9757
11336
11435
11458
11702
11873
12548
12908
13189
13280
13888
14139
14182
14600
14715
15149
15780
15834
16052
17878
18613
18630
18962
19578
20245
20358
20365
20403
20765
21029
21050
22158
22264
23530
24254
24660
24754
24897
25443
26028
26396
26949
27371
27501
27888
27895
28386
28426
28926
28939
29201
29222
29339
29414
29905
30356
31099
31144
31729
31787
32757
33728
34843
34845
34964
35414
35617
35759
36594
37813
39469
39595
40401
40679
40950
41340
42298
43311
44313
45422
45767
45958
46818
47068
47460
47958
48777
49082
49253
49266
49649
50294
50903
52044
52687
52706
53050
54249
54361
54390
54871
55287
55796
55952
56766
57164
59811
59975
60989
61066
61124
61310
61485
62789
63920
64177
64272
64461
64693
64950
65596
65900
66326
66766
67327
68277
68574
68781
69932
71925
71951
71988
72105
72825
73058
73089
74136
74388
74595
74621
74817
75031
75689
Number of cuts: 161

E3
31
166
540
993
1099
1583
1645
1810
2003
2204
2489
4040
4252
4879
5855
6179
7484
8906
9059
9176
9358
11270
12347
13104
14826
15816
16768
17010
18726
21909
21948
22053
22072
23396
23414
23498
24451
25219
25354
26129
26540
26564
26696
27986
28295
28649
29559
29569
30528
30693
32998
33019
33166
33268
33418
33616
33928
34456
35068
35541
35635
35695
36677
36872
37220
38060
38527
38831
38836
39184
39277
39948
40282
40495
41869
42265
42466
42955
43385
43676
43866
44839
44883
44955
45722
45831
45924
46340
46772
47267
47581
48817
48950
49406
50802
50877
51150
52010
52211
52696
53095
53805
54071
55555
56117
56845
57446
58405
58467
59761
60713
61089
61172
61433
61622
61965
62484
62526
62826
63230
63315
63905
64449
65511
65820
65832
66549
66813
67089
67101
67199
68173
68770
68891
69072
70070
70080
70661
71071
71099
72212
72335
72455
72533
72992
73490
73877
76193
76244
76395
76433
76466
76649
76930
77239
77566
78294
78462
78483
78579
79008
79218
79347
79386
79641
80925
80930
81074
81224
81253
84003
84944
85639
86311
86347
86723
87424
87476
87661
87930
89331
89532
89937
89940
90369
91482
92555
92719
92919
93193
93214
95792
96355
96481
98907
99268
100268
100319
100571
100712
101443
101485
101676
102002
103831
104444
105885
106890
107043
107052
107092
107148
107605
108154
108241
108426
108769
108775
109097
109572
109965
110150
111245
111934
112980
113346
113551
113803
114239
114736
115467
115607
115703
115878
115916
116098
116473
117216
118026
118400
118981
119176
119541
119551
119910
120538
120689
121126
121139
121195
122552
122840
123455
123659
124234
125104
125504
127654
128726
128966
129067
130285
130854
131029
131303
131545
131809
132304
132520
133108
133240
137275
138871
140188
140329
140764
140820
141154
141443
141514
141767
142404
Number of cuts: 282

Erik
459
935
1126
1568
1655
1768
1975
3169
3786
3960
4161
4330
4719
5264
5404
5870
6694
6818
7057
7665
8604
8984
9487
9497
9944
10233
10746
10793
11133
12175
12467
12609
12750
12900
13164
13506
13736
15314
15810
16242
16776
16855
17335
17783
19528
19729
20503
20692
21019
21730
21775
22059
22219
22675
23053
23320
23561
23699
23825
24254
25193
26010
27105
27765
27906
27963
28239
28343
29889
29961
29994
30334
32275
32305
32648
33750
34291
34395
35069
35088
36193
36864
36958
37115
37406
37673
37751
38768
39091
39188
39724
40904
41458
43114
43528
43580
43745
44333
45285
45337
45406
45532
45765
Number of cuts: 103

Espica
459
935
1126
1568
1655
1768
1975
3169
3786
3960
4161
4330
4719
5264
5404
5870
6694
6818
7057
7665
8604
8985
9488
9498
9945
10234
10747
10794
11134
12176
12468
12610
12751
12901
13165
13507
13737
15315
15811
16243
16777
16856
17336
17784
19529
19730
20504
20693
21020
21731
21776
22060
22220
22676
23054
23210
23321
23563
23701
23827
24257
25196
26013
27108
27768
27909
27966
28242
28346
29890
29962
29995
30335
31876
32276
32306
32649
33751
34405
35079
35098
36203
36874
36968
37125
37416
37683
37761
38778
39101
39731
39831
40282
40871
41014
41568
43224
43638
43690
43855
44443
45395
45447
45516
45642
45875
Number of cuts: 106

Finch
91
250
835
1799
3475
3881
4104
4372
4394
5942
6627
7182
7829
8067
8238
8627
8735
8964
9557
10903
11005
11032
11368
12538
12647
13395
13437
14494
15135
15601
15648
15904
16314
16324
16564
17821
18179
18206
18234
18454
19519
19764
20505
20866
21604
22785
24462
25208
25495
26512
26804
26956
28145
29083
29107
29173
29544
29976
30381
30460
30492
30538
31620
31854
32937
33145
33615
33898
34327
34909
35262
35600
36106
37419
37660
39942
41161
41399
42320
48137
48164
48209
48353
48965
49136
49331
49943
50434
50680
50875
51097
51688
51979
52966
53011
53645
54550
54830
55088
55094
55872
57354
58551
59020
59312
59786
60139
60349
60725
61133
63107
64389
64919
65516
65754
67382
69142
69644
69767
70496
70594
70739
71059
71528
72379
72972
77048
77435
78192
79181
79500
79732
80084
80273
80281
80914
81144
81462
81825
82790
84035
84096
84368
86519
86537
86979
86999
89075
89191
90099
90705
90892
91030
91230
91894
92115
92746
93636
96089
96096
96148
96336
98212
99692
99953
100245
101071
101460
103614
104173
104366
105765
106057
106093
107388
107477
108227
108231
109333
109526
109703
110163
110665
110997
111328
111676
111892
112861
113988
114197
114970
116662
117064
117632
117779
117869
118280
118736
120199
120985
121060
121180
121223
122969
124525
125746
126035
126709
126975
126983
127074
127089
127557
128037
128200
128688
129602
129761
130235
130322
130457
130466
131162
131657
131768
132778
133257
133365
134158
135000
135101
136037
136519
136864
137048
138335
Number of cuts: 236

Gollum
459
935
1126
1568
1655
1768
1975
3169
3786
3960
4161
4330
4719
5264
5404
5870
6694
6818
7057
7665
8604
8985
9488
9498
9945
10234
10747
10794
11134
12176
12468
12610
12751
12901
13165
13507
13737
15315
15811
16243
16777
16856
17287
17336
17784
19529
19730
20504
20693
21020
21731
21776
22060
22220
22676
23054
23321
23563
23701
23827
24256
25195
26012
27107
27767
27908
27965
28241
28345
30060
30400
30558
31941
32341
32371
33816
34357
34461
35135
35154
36259
36930
37024
37181
37472
37739
37817
38834
39157
40288
41015
41569
43225
43639
43691
43856
44444
44560
45396
45526
45532
45643
45876
Number of cuts: 103

Grayson
602
1383
2475
2734
2741
4727
5470
5968
6110
6178
7229
7489
7518
7945
11951
13080
13319
13923
15272
17560
17791
17945
18781
19741
19894
20588
21451
22243
22273
23385
23957
24860
26036
27804
28165
28323
28609
29248
31022
32477
32591
33559
34470
34584
34747
35683
36214
36360
37426
37616
37715
38468
38874
39084
39222
39331
40100
42392
43095
43514
43749
44355
44582
45629
46054
46173
48467
48608
49249
50327
53407
54885
55256
55386
56674
56835
57222
58178
58528
58717
60723
60749
60822
63085
63522
64110
64482
65959
66668
67077
67877
68051
69249
69411
70566
71201
71975
72638
73122
73834
74071
74096
74159
75150
75833
76206
76314
77074
77290
77585
77719
77917
78640
79141
79562
80345
80875
81885
82665
83132
83952
84051
85978
87172
87531
88862
89964
90400
91541
91978
92212
93844
93904
94098
94354
95372
97288
97854
98657
98967
100064
101220
102473
103079
103418
106457
106465
106821
107224
107393
109183
109986
111476
111868
112037
112414
113198
113694
114634
117233
119427
119737
120344
121333
121760
122794
122935
123162
123835
124373
124490
124577
124722
125105
125444
125649
125669
125751
125835
125995
126054
127519
127859
129503
130284
131376
131635
131642
Number of cuts: 188

Harlequin
459
935
1126
1568
1655
1768
1975
3169
3960
4161
4719
5046
5264
5328
5870
6679
6803
7042
8929
9432
9442
10178
10267
11084
12126
12380
12418
12560
12701
12797
12851
13082
13115
13457
13551
13687
15265
15761
17286
17734
18105
19479
19680
20436
20643
20970
21085
21780
22064
22225
22681
23059
23326
23568
23706
23832
24261
24472
25200
26017
27112
27271
27772
27913
27970
28246
28350
29846
30186
30344
31502
32127
32157
32500
33602
34143
34247
34921
34940
36045
36716
36810
36967
37258
37525
37603
37850
38620
38943
39031
40129
40548
40790
40862
41417
42508
43073
43487
43539
44292
45244
45296
45374
45380
45491
45724
Number of cuts: 106

Hiro
459
935
1126
1568
1655
1768
1975
3169
3719
3786
3882
3960
4161
4330
4719
5264
5328
5870
6171
6679
6803
7042
8929
9432
9442
9761
10178
10681
11078
12120
12150
12506
13157
13388
13421
13434
13763
13993
14970
15331
15571
16067
17033
17543
17592
18411
19726
19785
19986
20525
20949
21391
22032
22316
22611
22815
24087
24516
25455
26272
27367
27526
28027
28168
28225
28501
28605
30322
30662
30820
31978
32603
32633
32976
34078
34619
34723
35397
35416
36521
37192
37286
37443
37734
38001
38079
39096
40052
40606
41333
41888
42979
43544
43958
44010
44763
45715
45767
45845
45851
45962
46195
Number of cuts: 102

Jace
386
402
488
2356
2427
2733
3153
4520
5019
5349
5958
6159
7014
7715
7734
8109
8410
9162
9594
9777
9841
10288
10486
11371
11496
11803
11839
12157
12322
12616
12949
13399
13747
13934
13970
14437
14542
15558
17541
18165
19233
19481
21593
21848
23926
24290
24628
24952
25824
26371
26887
27235
27341
27357
27704
27852
28226
29273
30447
30988
32440
33873
34439
35490
35698
35878
35953
37639
39365
39459
39742
40875
41722
41990
42304
42496
42721
42859
42991
43276
43398
44326
44364
44839
45048
45628
45853
45932
45970
47130
47439
48063
48213
48242
49324
49393
50174
50787
51057
51117
51351
52217
53453
53565
53607
53885
Number of cuts: 106

Jester
459
935
1126
1568
1655
1768
1975
3169
3960
4161
4719
5046
5264
5328
5870
6679
6803
7042
8929
9432
9442
9761
10178
10267
10681
11078
12120
12374
12554
12695
12791
12845
13076
13109
13451
13545
13681
14658
15019
15259
15755
16187
16721
17231
17280
18099
19473
19674
20430
20637
20964
21079
21720
21995
22156
22612
22990
23257
23499
23637
23763
24192
24403
25131
25948
27043
27202
27703
27844
27901
28177
28281
29777
30117
30275
31433
32058
32088
32431
33533
34074
34178
34852
34871
35976
36647
36741
36898
37189
37456
37534
37781
38551
38874
38962
40060
40479
40721
40793
41348
42439
43004
43418
43470
44223
45175
45227
45305
45311
45422
45655
Number of cuts: 111

Krishelle
459
935
1126
1568
1655
1768
1975
3169
3786
3960
4161
4330
4719
5264
5404
5870
6694
6818
7057
8944
9447
9457
9776
10193
10696
11093
12135
12521
13172
13403
13436
13778
14008
14985
15346
15586
16514
17048
17558
17607
18055
18426
19559
19741
19800
20001
20540
20964
21406
22083
22367
22662
22866
24139
25479
26296
27391
27550
28192
28249
28525
28629
30422
30762
30920
32703
32733
33076
34178
34719
34823
35497
35516
36595
37301
37395
37552
37843
38110
38188
39205
39528
39625
40161
40715
41299
41442
41996
43652
44066
44118
44283
44871
45823
45875
Number of cuts: 95

Lillie
459
935
1126
1568
1655
1768
1975
2576
3169
3786
3960
4161
4330
4719
5264
5404
5428
5870
6694
6818
7057
7665
8604
8985
9488
9498
9945
10234
10747
10794
11134
12176
12468
12610
12751
12901
13165
13507
13737
15315
15811
16243
16777
16856
17336
17784
19529
19730
20504
20693
21020
21776
22060
22220
22676
23054
23321
23563
23701
23827
24256
25195
26012
27107
27767
27908
27965
28241
28345
30062
30402
30560
31943
32343
32373
32716
33818
34359
34463
35137
35156
36261
36932
37026
37183
37474
37741
37819
38836
39159
39256
39792
40346
41073
41627
43283
43697
43749
43914
44502
45454
45506
45575
45701
45934
Number of cuts: 105

Mahdia
1144
1450
1579
2345
2443
2866
3261
3424
3571
3639
4116
4810
7082
7321
7336
7399
7837
8101
8331
8714
8730
9498
9893
10022
10420
10441
10561
12238
12682
13255
13408
13453
13757
13814
14248
14302
15508
17280
20040
20431
20437
21238
22865
22866
23238
24133
26503
28283
28894
29194
29289
29734
29887
30008
30858
31152
32254
32268
33615
33625
33880
34084
34102
34209
34390
35643
36136
36785
37025
37113
38297
39716
40651
41192
41205
42044
Number of cuts: 76

Naiad
459
935
1126
1568
1655
1768
1975
3169
3786
3960
4161
4330
4719
5264
5404
5870
6694
6818
7057
7665
8604
8985
9488
9498
9945
10234
10747
10794
11134
12176
12468
12610
12751
12901
13165
13507
13737
15315
15811
16243
16777
16856
17336
17784
19529
19730
20504
20693
21020
21776
22060
22168
23067
23223
23334
23576
23714
23840
24269
25208
26025
27120
27780
27921
27978
28254
28358
30075
30415
30573
32356
32386
32729
33831
34372
34476
35150
35169
36248
36954
37048
37205
37496
37763
37841
38858
39181
39278
39814
40368
40952
41095
41649
43305
43719
43771
43936
44524
45476
45528
45597
45723
45956
Number of cuts: 103

Nancinator
459
935
1126
1568
1655
1768
1975
3169
3786
3960
4161
4330
4719
5264
5404
5870
6694
6818
7057
7665
8604
8985
9488
9498
9945
10234
10747
10794
11134
12176
12468
12610
12751
12901
13165
13507
13737
15315
15811
16243
16777
16856
17336
17784
19529
19730
20504
20693
21020
21731
21776
22060
22220
22676
23054
23210
23321
23563
23701
23827
24257
25196
26013
27108
27768
27909
27966
28242
28346
29890
29962
29995
30335
31876
32276
32306
32649
33751
34405
35079
35098
36203
36874
36968
37125
37416
37683
37761
38778
39101
39685
40412
40966
42622
43036
43088
43253
43841
44793
44845
44914
45040
45273
Number of cuts: 103

Natosaleda
459
935
1126
1568
1655
1768
1975
2576
3169
3786
3960
4161
4330
4719
5264
5404
5870
6694
6818
7057
7665
8604
8985
9488
9498
9945
10234
10747
10794
11134
12176
12468
12610
12751
12901
13165
13507
13737
15315
15811
16243
16777
16856
17336
17784
19529
19730
20504
20693
21020
21731
21776
22060
22220
22676
23054
23210
23321
23563
23701
23827
24256
25195
26012
27107
27767
27908
27965
28241
28345
29889
29961
29994
30334
31875
32275
32305
32648
33750
34404
35078
35097
36202
36873
36967
37124
37415
37682
37760
38777
39100
39730
39830
40281
40870
41013
41567
43223
43637
43689
43854
44442
45394
45446
45461
45866
Number of cuts: 106

Partridge
930
1119
1561
1714
1827
2034
2635
3228
4019
4220
4389
4778
5323
5387
5929
6230
6738
6862
7101
9012
9515
9525
9972
10261
10350
11167
12209
12463
12501
12643
12784
12880
12934
13165
13198
13540
13770
15348
15844
15975
16276
17320
17369
17817
18188
19503
19562
19763
20521
20726
21168
21809
21996
22093
22713
22722
23100
23367
23609
23874
24042
24303
25242
26095
27190
27349
27991
28048
28324
28428
30222
30562
30720
31838
31878
32103
32503
32636
32643
32683
32883
33753
34107
34663
34761
35454
36509
37230
37324
37473
37482
37773
38040
38118
39135
39458
40093
41374
41447
43768
43830
44179
44231
44984
45885
45972
46075
46302
Number of cuts: 108

Pepy6
599
625
857
928
961
1191
1380
1510
1628
1786
2151
2201
2439
2542
2891
3044
4039
4147
4306
4576
4832
4841
5114
5203
6036
6098
6116
6538
6703
6770
7850
8527
9040
9868
9971
10438
10644
11194
11580
11601
12225
12478
12704
13531
15411
16527
17377
17611
17857
18161
18891
19484
19853
20546
21475
21581
21702
21727
21736
21745
21754
22916
23367
23960
24290
25085
25358
25472
25965
26007
26306
27647
28573
28795
31542
31709
31832
31998
33776
33894
34556
34712
34775
34922
35326
36522
36927
36996
39492
40787
40989
41026
41201
41271
42360
42935
44932
45129
45485
45632
45718
45830
46161
46536
46766
46869
47069
47163
47379
47702
48146
48177
48417
49287
49421
50352
50438
51105
51159
51261
52670
53481
54181
54542
54564
55112
55677
57373
57439
57471
57580
57919
58327
58357
58405
59171
59465
59654
59747
60113
60943
61131
61907
62159
62194
62808
63104
63175
63895
64463
65707
65762
66037
67113
67149
67741
68664
68962
69461
69510
69581
69653
69683
69858
70052
70863
71778
72706
72759
73149
73191
73716
73864
74088
74157
74221
74246
75497
75778
76112
Number of cuts: 180

Peregrin
1084
2004
2087
2741
3710
4630
6802
6831
12394
12633
12783
13022
13172
13237
13513
15066
17159
17390
19446
19903
20484
20619
21409
21439
22551
23123
23560
23767
24434
26977
27679
27837
29059
29857
31373
32341
33366
33529
34465
35072
35206
35322
35704
36398
37250
37311
37699
37865
38003
38112
38881
41172
41875
42294
42529
43362
44953
46178
47247
47388
48029
48273
49110
49212
51278
51386
51930
52190
52715
52883
53668
54169
56545
56895
57084
58027
59116
59189
61452
61889
62477
62854
63600
64377
65203
66302
66476
67250
67674
67836
68769
69204
69611
71048
71532
72576
73134
73449
73614
73811
74136
74674
75834
76952
77404
77795
78848
78889
79531
80876
81269
81406
82382
82556
83839
84397
85037
85105
86205
86220
86320
86846
87015
87091
87660
88162
89398
89831
90972
91409
92091
96318
99285
99821
99828
99882
101669
102875
103481
103820
105287
105590
105712
106733
106741
107097
107499
107666
109563
109596
109836
110022
110931
111263
111433
111986
112130
112394
112691
113215
113690
114974
117742
118041
119844
121777
122711
124366
124829
125384
125532
126221
126338
126425
126456
126570
126851
126896
126957
128458
128556
129078
131153
132073
132156
132810
Number of cuts: 186

Phrankenstein
459
935
1126
1568
1655
1768
1975
3169
3786
3960
4161
4330
4719
5264
5404
5428
5870
6694
6818
7057
7665
8604
8985
9488
9498
9945
10234
10747
10794
11134
12176
12468
12610
12751
12901
13165
13507
13737
15315
15811
16243
16777
16856
17336
17784
19529
19730
20504
20693
21020
21677
21722
22006
22166
22622
23000
23267
23509
23647
23773
24202
25141
25958
27053
27713
27854
27911
28187
28291
30008
30348
31889
32289
32319
32662
33764
34305
34409
35083
35102
36207
36878
36972
37129
37420
37687
37765
38782
39105
39202
39738
40292
41019
41573
43229
43643
43695
44448
45400
45452
45521
45647
45880
Number of cuts: 103

Pine5
189
684
1120
1128
1778
2087
2114
2323
2441
3843
4136
4202
4965
5945
6224
6904
7129
7784
8303
8648
8780
8865
9206
9404
9513
9752
11488
11645
11770
12988
13163
13454
13972
14392
17293
17838
18702
19005
19274
19401
19445
19499
20788
20881
21077
21319
21922
21926
21970
22490
23788
24058
24442
24781
25040
25198
25998
26616
26946
27956
29174
29516
30301
30940
31197
31545
31579
31841
35676
35708
35792
36211
37184
37430
38045
38387
38537
39241
39794
39836
40070
40739
41411
41837
41880
42210
44179
44547
45320
45550
46509
46868
46909
47312
47940
48226
48295
49012
49201
49335
49819
50371
51469
51787
51792
52204
52815
53285
53471
54240
55272
55876
56038
56093
56725
57676
59142
Number of cuts: 117

Poco6
280
842
928
946
1377
1507
1769
1939
1980
2427
2521
2980
3094
3419
3421
3993
4371
4607
4676
4709
4881
6286
6394
6908
7361
7455
7743
8301
8711
8768
9868
10114
11158
11508
11958
12471
13027
13105
13257
13299
14052
15016
15269
16155
16982
16990
17694
18026
18171
19025
19259
19586
19809
20632
20758
20841
21121
22168
22568
23222
23497
23603
23724
23749
23767
23776
25380
25973
26303
27098
27978
29635
30196
30790
30969
30976
31219
31794
33292
33552
33734
33857
33876
34623
34785
35179
35569
35688
36318
36578
36734
36797
38626
38855
38973
39018
39376
39625
40245
40805
40987
41000
41577
42696
42766
43876
44796
45457
45845
45862
45872
46805
46889
47903
48103
48363
48373
48737
49071
49432
49540
49890
50796
51145
52677
52680
52770
53510
54178
54989
55244
55689
55997
56050
57185
57594
57932
58123
58743
59035
59401
60579
61335
62569
62861
62960
63079
64274
64706
64744
65020
65182
65312
65478
66524
66660
66866
67000
67039
67524
68448
69120
69745
69763
69922
70012
70358
70471
70482
70511
70617
70891
70921
71179
72126
72215
73041
73477
75126
75350
75508
75574
75976
77046
77380
Number of cuts: 185

Rasputin
459
935
1126
1568
1655
1768
1975
3169
3786
3960
4161
4330
4719
5264
5328
5870
6171
6679
6803
7042
8954
10203
10353
10716
10983
11103
12145
12399
12437
12579
12720
12816
12870
13101
13134
13476
13570
13706
15284
15780
17305
17753
18124
19498
19699
20455
20662
20989
21745
22029
22190
22646
23024
23291
23533
23798
23966
24227
25166
25983
27078
27738
27879
27936
28212
28316
30033
30373
30531
31914
32314
32344
32687
33789
34330
34434
35108
35127
36232
36903
36997
37154
37445
37712
37790
38807
39130
39227
39763
40317
41044
41598
43254
43668
43720
43885
44473
45425
45477
45546
45672
45905
Number of cuts: 102

RER2
459
935
1126
1568
1655
1768
1975
2576
3169
3786
3960
4161
4330
4719
5264
5404
5428
5870
6694
6818
7057
7665
8604
8985
9488
9498
9945
10234
10747
10794
11134
12176
12468
12610
12751
12901
13165
13507
13737
15315
15811
16243
16777
16856
17336
17784
19529
19730
20504
20693
21020
21731
21776
22060
22220
22676
23054
23210
23321
23563
23701
23827
24256
25195
26012
27107
27266
27767
27908
27965
28241
28345
30062
30402
30560
32343
32373
32716
33818
34359
34463
35137
35156
36261
36932
37026
37183
37474
37741
37819
38836
39159
39256
40346
41073
41627
43283
43697
43749
43914
44502
45454
45506
45575
45701
45934
Number of cuts: 106

RexFury
459
966
1157
1599
1686
1799
2006
3200
3817
3991
4192
4361
4750
5295
5435
5901
6725
6849
7088
7696
8635
9016
9519
9529
9976
10265
10778
10825
11165
12207
12499
12641
12782
12932
13163
13196
13538
13768
15346
15842
16274
16808
16887
17318
17367
17815
19560
19761
20535
20724
21051
21762
21807
22091
22251
22707
23085
23241
23352
23594
23732
23858
24287
25226
26043
27138
27798
27939
27996
28272
28376
30093
30433
30591
32374
32404
32747
33849
34390
34494
35168
35187
36292
36963
37057
37214
37505
37772
37850
38867
39190
39820
39920
40371
40960
41103
41657
43313
43727
43779
43944
44532
45484
45536
45605
45731
45964
Number of cuts: 107

RGL3
1107
1157
1160
1550
1766
1974
2947
3171
3721
3962
4163
4721
5152
5704
5995
6687
8488
8951
9454
9464
10292
10881
10989
11815
12151
12528
12720
12846
12879
12972
13026
13290
13632
15231
15522
15741
15747
15893
16407
17020
17497
19115
19955
20001
21130
22435
22507
22832
23555
24044
24070
24310
25127
25436
25686
26746
26830
26950
28082
28895
29679
30299
30732
30797
31072
31425
31563
32112
32283
33169
33974
34761
35230
35314
36194
36338
36663
36822
36972
37098
37927
37948
38828
38839
39340
39965
40124
40278
42251
42712
43022
43094
43507
43531
43881
44178
44256
44268
44884
45472
45520
45796
46079
46855
47087
Number of cuts: 105

Rhodalysa
459
935
1126
1568
1655
1768
1975
2576
3169
3786
3960
4161
4330
4719
5264
5404
5428
5870
6694
6818
7057
7665
8604
8985
9488
9498
9945
10234
10747
10794
11134
12176
12468
12610
12751
12901
13165
13507
13737
15315
15811
16243
16777
16856
17336
17784
19529
19730
20504
20693
21020
21776
22060
22220
22676
23054
23321
23563
23701
23827
24256
25195
26012
27107
27767
27908
27965
28241
28345
30062
30402
30560
31943
32343
32373
32716
33818
34359
34463
35137
35156
36261
36932
37026
37183
37474
37741
37819
38836
39159
39256
39792
40346
41073
41627
43283
43697
43749
43914
44502
45454
45506
45575
45701
45934
Number of cuts: 105

StCroix
459
935
1126
1568
1655
1768
1975
3169
3786
3960
4161
4330
4719
5264
5404
5870
6694
6818
7057
7665
8604
8985
9488
9498
9945
10234
10747
10794
11134
12176
12468
12610
12751
12901
13165
13507
13737
15315
15811
16243
16777
16856
17336
17784
19529
19730
20504
20693
21020
21776
22060
22168
23067
23223
23334
23576
23714
23840
24269
25208
26025
27120
27780
27921
27978
28254
28358
30075
30415
30573
32356
32386
32729
33831
34372
34476
35150
35169
36248
36954
37048
37205
37496
37763
37841
38858
39181
39278
39814
40368
40952
41095
41649
43305
43719
43771
43936
44524
45476
45528
45597
45723
45956
Number of cuts: 103

Swann
459
935
1126
1568
1655
1768
1975
3169
3786
3960
4161
4330
4719
5264
5404
5428
5870
6694
6818
7057
7665
8604
8985
9488
9498
9945
10234
10747
10794
11134
12176
12468
12610
12751
12901
13165
13507
13737
15315
15811
16243
16777
16856
17336
17784
19529
19730
20504
20693
21020
21731
21776
22060
22220
22676
23054
23321
23563
23701
23827
24256
25195
26012
27107
27767
27908
27965
28241
28345
30060
30400
30558
32341
32371
32714
33816
34357
34461
35135
35154
36259
36930
37024
37181
37472
37739
37817
38834
39157
39254
39790
40344
41071
41625
43281
43695
43747
43912
44500
45452
45504
45573
45699
45932
Number of cuts: 104

Takoda
930
1119
1561
1648
1760
1967
3161
3952
4153
4322
4711
5256
5320
5862
6494
6671
6795
7034
8945
9448
9458
10194
10283
11094
12136
12390
12428
12570
12711
12807
12861
13092
13125
13467
13697
15275
15902
16203
17247
17744
18115
19248
19489
19690
20653
21736
23026
23293
23535
23800
23968
24229
25168
27080
27239
27490
27881
27938
28214
28318
29864
29936
29969
30309
30467
31625
31850
32390
32430
32630
33500
33992
34646
35320
35339
36276
36444
37115
37357
37366
37657
37924
38002
39019
39342
39977
40792
41257
41724
41810
43240
43612
44023
44075
44828
45291
45731
45803
45920
Number of cuts: 99

Trina
2129
2134
3490
4040
4656
4820
5121
5257
5290
6326
6560
6736
8785
9112
9141
9274
11892
13110
13754
14021
14895
15017
16035
16243
16879
17278
18094
18334
18769
18956
19187
20036
20665
20760
23314
23412
23565
23807
24654
25335
25383
26595
27509
27845
27990
28916
29553
30832
31044
31072
31175
32281
32663
33231
33440
35339
35926
37571
38026
39020
39578
40664
41422
44251
46281
47439
49687
49845
50562
51368
52293
53296
54010
54658
55857
55905
57171
58147
59061
59527
60305
60539
60638
61748
62200
62523
63920
64459
66036
66658
67694
69569
69600
70283
70519
70555
71478
71679
72813
73462
74272
75461
76178
76688
79266
79447
79789
80559
80596
81389
81573
81865
82050
82175
82452
82551
83312
84256
85078
85132
86654
87138
87860
90026
91568
92027
93056
93622
94848
95059
95175
96168
96918
97084
97494
97834
98704
99071
100192
101341
101698
102163
102488
102549
102927
102955
103196
103301
104241
104443
105049
106261
107491
107500
109472
110080
110383
110508
111056
111569
112806
112941
114330
115371
116131
116579
118063
118238
118346
118499
120932
121102
121425
122198
122526
122547
123050
123393
123893
125206
125401
125695
127114
127424
128077
129028
129451
130022
130630
132050
132283
132313
134565
135673
138531
138536
Number of cuts: 196

TWAMP
459
935
1126
1568
1655
1768
1975
2576
3169
3786
3960
4161
4330
4719
5264
5404
5428
5870
6694
6818
7057
7665
8604
8985
9488
9498
9945
10234
10747
10794
11134
12176
12468
12610
12751
12901
13165
13507
13737
15315
15811
16243
16777
16856
17336
17784
19529
19730
20504
20693
21020
21776
22060
22220
22676
23054
23321
23563
23701
23827
24256
25195
26012
27107
27767
27908
27965
28241
28345
30062
30402
30560
31943
32343
32373
32716
33818
34359
34463
35137
35156
36261
36932
37026
37183
37474
37741
37819
38836
39159
39256
39792
40346
41073
41627
43283
43697
43749
43914
44502
45454
45506
45575
45701
45934
Number of cuts: 105

UhSalsa
459
935
1126
1568
1655
1768
1975
3169
3786
3960
4161
4330
4719
5264
5404
5870
6694
6818
7057
7665
8604
8985
9488
9498
9945
10234
10747
10794
11134
12176
12468
12610
12751
12901
13165
13507
13737
15315
15811
16243
16777
16856
17336
17784
19529
19730
20504
20693
21020
21731
21776
22060
22220
22676
23054
23210
23321
23563
23701
23827
24257
25196
26013
27108
27768
27909
27966
28242
28346
29890
29962
29995
30335
31876
32276
32306
32649
33751
34405
35079
35098
36203
36874
36968
37125
37416
37683
37761
38778
39101
39731
39831
40282
40871
41014
41568
43224
43638
43690
43855
44443
45395
45447
45516
45642
45875
Number of cuts: 106

Weasels2
665
1668
2216
3151
4154
5818
6098
6298
6653
6890
7224
7229
7528
7533
10397
10504
11429
11485
11611
11986
12711
13437
13575
13657
14243
14440
15383
15456
15635
16776
17283
19035
19439
19858
21685
21834
22022
23119
24127
24555
25524
25616
26826
26840
27282
27317
27678
28122
29549
30292
30776
32079
32208
32928
33277
33427
33695
33795
35969
37392
37783
38096
38157
38961
39660
39838
40276
40879
41799
41862
42944
43982
44839
44998
45323
46596
47220
47994
48033
48801
49876
51546
52974
53451
53499
54094
54138
54252
54392
54426
54927
55409
55484
56171
56376
56833
57921
57945
58888
59603
62075
63038
63641
63947
64828
65053
65948
66064
66275
66445
66827
66866
67231
67772
68459
68694
69472
72336
72817
74101
74595
75462
76897
77019
77358
77763
78757
80381
81844
81916
81969
81994
83066
83118
83590
84332
84367
85305
86444
86947
87809
88229
90354
90723
91522
95009
95207
95418
96335
97391
97526
97791
98158
99837
101295
101526
101601
103555
103639
104277
104314
105754
105770
106177
107309
107652
109101
109469
110925
112129
112324
112767
113020
113602
113987
115080
115238
115326
115786
118074
118704
119547
121401
122448
122797
122842
122893
123029
123041
123598
123912
123929
124452
124757
125134
125936
126135
126394
126972
126981
127162
127858
127885
128037
128183
128212
128393
128600
128758
128858
129914
129950
130053
130093
130778
131371
132370
133373
133921
134856
Number of cuts: 220

Yogi
459
935
1126
1568
1655
1768
1975
3169
3719
3786
3882
3960
4161
4330
4719
5264
5328
5870
6171
6679
6803
7042
8953
10202
10291
11108
12150
12404
12442
12584
12725
12821
12875
13106
13139
13481
13575
13711
15289
15785
17310
17758
18129
19503
19704
20478
20667
20994
21109
21750
22034
22194
22650
23028
23295
23537
23675
23801
23969
24230
24369
25169
25986
27081
27240
27741
27882
27939
28215
28319
30036
30376
30534
31692
32317
32347
32690
33792
34434
35108
35127
36232
37283
37377
37534
37825
38092
38170
39187
40143
40697
41424
41978
43069
43634
44048
44100
44853
45857
45926
46043
46270
Number of cuts: 102

Yoncess
459
935
1126
1568
1655
1768
1975
3169
3719
3786
3882
3960
4161
4330
4719
5264
5328
5870
6171
6679
6803
7042
8953
10202
10291
11108
12150
12404
12442
12584
12725
12821
12875
13106
13139
13481
13575
13711
15289
15785
17310
17758
18129
19503
19704
20460
20667
20994
21109
21750
22034
22195
22651
23029
23296
23538
23676
23802
24231
25170
25987
27082
27241
27742
27883
27940
28216
28320
28346
29816
30156
30314
31472
32097
32127
32470
33572
34113
34217
34891
34910
36015
36686
36780
36937
37228
37495
37573
38590
38913
39546
40100
40827
41382
42476
43042
43456
43508
44261
45213
45265
45343
45349
45460
45693
Number of cuts: 105

