Alatin
670
748
902
1376
2294
2741
2771
2783
2981
3322
3443
3646
3805
3916
4038
4318
5118
5387
5508
6035
6103
7660
7875
9462
9522
9630
9720
10000
10477
10777
11926
12427
12881
12935
13244
13466
13635
14457
14577
15739
15975
16308
16893
17123
17193
17334
17739
17863
18422
19282
19316
19764
19788
20197
20754
20856
22028
22366
23194
23967
24113
24317
26977
27142
27602
28006
31070
31079
31628
33693
34158
34537
34898
35178
35515
35643
36499
38110
38374
38766
39685
40136
40652
40851
41060
41198
41332
41898
41915
42760
42779
42954
43210
43402
45601
45847
Number of cuts: 96

Alpacados
670
748
902
1376
1965
2256
2703
2733
2745
2943
3284
3405
3608
3767
4000
4280
5080
5997
6065
6636
6984
7607
7822
8152
9372
9650
9930
10035
10407
11862
12363
12477
12736
12817
12871
13180
13402
14393
14396
14513
15172
15419
15675
15911
16244
16874
16976
17059
17270
18358
19700
20133
20600
20690
21910
23836
23982
24186
25401
26205
26365
26583
26882
27047
27911
30184
30984
31533
34063
34439
34800
35080
35417
35545
36392
38659
39578
40029
40475
40499
40674
40883
41331
41721
41738
42583
42602
42777
43033
43225
43919
45424
45670
Number of cuts: 93

AngryOrchard
665
743
897
1369
2239
2686
2926
3267
3591
3983
4053
5063
5980
6048
6967
7590
7805
8135
9375
9543
9633
9774
9913
10018
10390
10679
11845
12346
12460
12719
12800
12854
13163
13385
14496
15155
15402
15658
15894
16227
16857
17042
17253
17658
18341
19226
19683
19707
20455
20673
21600
22230
23832
24182
26165
26324
26841
27870
31426
31521
31611
32571
33742
34223
34674
34960
35577
35705
36915
37331
38427
38819
39561
39738
40730
40905
41114
41150
41562
41951
41968
42179
43724
44021
44138
45578
45774
Number of cuts: 87

AppleCloud
130
465
560
1169
2003
2450
2492
2690
3031
3152
3355
4027
4827
5744
5812
6731
7354
7569
7899
9115
9283
9514
9653
9758
10130
10671
10792
11201
11306
11579
12312
13209
13600
14422
14542
14772
15201
15448
15704
15940
16273
16903
17005
17088
17299
17704
18288
18387
19281
19729
20629
20719
20797
22212
23870
24192
26175
26335
26852
27017
27213
27881
30809
33882
34030
34625
34905
35242
35370
36217
37828
38092
39400
39851
40568
40777
40915
41225
41615
41632
42477
42496
42671
42927
43119
45318
45564
Number of cuts: 87

Belenaria
670
748
902
1376
2294
2741
2771
2783
2981
3322
3443
3646
3805
3916
4038
4318
5118
5387
5508
6035
6103
7660
7875
9462
9522
9630
9720
10000
10477
10777
11926
12427
12881
12935
13244
13466
13635
14457
14577
15739
15975
16308
16893
17123
17193
17334
17739
17863
18422
18878
19282
19316
19764
19788
20197
20754
20856
21974
23900
24046
24251
26394
26612
26911
27076
27940
30945
31494
33559
34024
34773
35053
35390
35518
36365
37976
38240
39548
39999
40716
40925
41063
41373
41763
41780
42625
42644
42819
43075
43267
45466
45712
Number of cuts: 92

BobbyDazzler
670
748
902
1376
2077
2365
2812
2842
2854
3052
3393
3514
3717
3876
4109
4389
5189
6106
6174
6745
7093
7716
7931
8261
9669
9759
10039
10144
10516
11971
12472
12586
12845
12926
12980
13289
13511
13680
14502
14505
14622
15281
15528
15784
16020
16353
16983
17085
17168
17379
18467
19809
19900
20242
20709
20799
22019
23946
24092
24296
25511
26163
26279
26439
26657
26956
27121
31049
31058
31607
34137
34516
34877
35157
35494
35622
36469
38736
39655
40106
40622
40646
40821
41030
41478
41869
41886
42731
42786
42925
43181
43950
45572
45818
Number of cuts: 94

Bonanza
670
748
902
1376
2037
2294
2741
2771
2783
2981
3322
3443
3646
3805
4038
4318
5118
6035
6103
6674
7022
7645
7860
8190
9410
9688
9968
10073
10445
10734
11900
12401
12515
12774
12855
12909
13218
13440
14431
14434
14551
15210
15457
15713
15949
16282
16912
17014
17097
17308
18396
19738
19829
20171
20638
20728
21948
23101
23874
24224
25439
26091
26207
26367
26585
26884
27049
30186
30986
31535
34065
34441
34802
35082
35419
35547
36506
39041
39960
40411
40927
40951
41126
41335
41783
42173
42190
43035
43054
43229
43485
43677
44371
45876
46105
46524
Number of cuts: 96

Bradshaw
670
748
902
1376
2294
2741
2783
3322
3443
3646
3805
4038
4318
5118
5387
5508
6035
6103
7660
7875
9462
9522
9630
9720
10000
10477
10777
11926
12427
12881
12935
13244
13466
13635
14457
14577
15739
15975
16308
16893
17123
17193
17334
17739
17863
18422
18878
19282
19316
19764
19788
20197
20664
20754
20856
21974
23127
23900
24046
24250
26910
27075
27535
27939
31003
31012
31561
33626
34091
34470
34831
35111
35448
35576
36432
38043
38307
38699
39618
40069
40585
40784
40993
41131
41265
41831
41848
42693
42712
42887
43143
43335
45534
45780
Number of cuts: 94

Bryce
670
748
902
1376
2294
2741
2771
2783
2981
3322
3443
3646
3805
4038
4318
5118
6035
6103
6674
7022
7645
7860
8190
9410
9598
9688
9968
10073
10445
11900
12401
12515
12774
12855
12909
13218
13440
14431
14434
14551
15210
15457
15713
15949
16282
16912
17014
17097
17308
18396
19738
19829
20171
20638
20728
21948
23875
24021
24225
25440
26208
26368
26885
27050
29966
30757
30766
31315
31500
33845
34224
34585
34865
35202
35330
36177
38444
39363
40330
40354
40529
40738
41186
41577
41594
42439
42494
42633
42889
43658
45280
45526
Number of cuts: 92

ChewyVIII
397
783
789
1136
2731
2825
3092
4020
4611
4740
5185
5756
6741
7096
8283
8958
9180
9204
10181
10805
11805
11834
11866
12393
12704
14269
14593
14928
15250
15429
15764
15870
16305
16393
16871
17700
17826
18608
19106
19444
20400
21429
21660
21731
21829
22346
22349
22573
23086
23294
25389
25697
26206
26534
27420
27872
28418
29041
32016
34362
35028
35670
35886
36237
37781
38550
39529
40163
41282
41549
41580
43083
45482
45545
45884
46268
46589
46784
46885
47588
48261
48404
48715
49335
49713
50384
51536
51632
52073
54214
54797
55151
56746
56846
57067
57376
58730
59180
59536
60509
61594
62179
62302
63225
64315
65562
65775
67508
67751
68117
68174
Number of cuts: 111

CosmicSans
670
748
902
1376
2294
2741
2783
3322
3443
3646
3805
4038
4318
5118
5387
5508
6035
6103
7660
7875
9462
9522
9630
9720
10000
10477
10777
11926
12427
12881
12935
13244
13466
13635
14457
14577
15739
15975
16308
16893
17123
17193
17334
17739
17863
18422
18878
19282
19316
19764
19788
20197
20664
20754
20856
21974
23900
24046
24250
26393
26611
26910
27075
27535
27939
31003
31012
31561
33626
34091
34470
34831
35111
35448
35576
36423
38034
38298
38690
39609
40060
40576
40600
40775
40984
41432
41822
41839
42684
42703
42878
43134
43326
45525
45771
Number of cuts: 95

Dinger
667
745
1371
2290
2779
2977
3318
3439
3559
3642
4034
4314
5114
6031
6099
7018
7641
7856
8186
9426
9594
9684
9964
10069
10441
10988
11896
12397
12770
12851
12905
13214
13436
13605
14547
15206
15453
15709
15945
16278
16908
17010
17093
17304
17709
18392
19734
19758
20634
20724
22282
23110
23884
24234
26217
26377
26894
27059
27255
27923
30881
31430
31525
31615
32745
34224
34612
34973
35590
35709
36288
36565
37344
38832
39574
39751
40204
40719
40743
40919
41128
41165
41266
41969
41986
42197
43223
44039
44156
45595
45792
Number of cuts: 91

DocB7
2685
3873
4729
5421
5729
7277
7606
8901
9536
9716
9853
12522
12740
14015
14975
15535
15560
15996
16405
18652
18685
19549
22267
22309
23696
24077
26689
27616
28343
28387
29443
30230
30725
31127
31172
34030
34385
35182
37307
38410
38794
39745
39751
40969
41337
43412
43819
45116
46128
49360
50142
50900
50927
54128
54665
55001
57255
59412
59685
60093
60215
60317
60636
60654
61296
63485
65874
67543
68111
68723
69345
69382
69420
69667
72373
73555
74522
Number of cuts: 77

E3
1606
1662
5677
6461
6987
11828
16514
19101
21598
21922
22903
24721
27264
28005
28940
29034
29144
31021
33533
33746
34511
35695
35875
36329
36433
36855
37740
38282
38352
38388
39922
40007
40514
42365
46308
46632
47820
48080
48895
49114
50830
52302
53360
53543
55375
59072
61596
61814
63244
63987
69444
70189
70371
71971
74757
75051
75185
75792
76820
77198
78056
78389
79291
80175
81372
82299
82317
83487
83575
85101
86330
88991
89662
90964
96098
96374
98411
98673
100125
100338
100764
100840
101976
103811
104254
104362
104407
106864
107071
109460
109685
110169
110628
110728
112423
112477
112627
112963
112987
114258
116126
116676
116781
117781
119334
121100
121220
121229
122393
125309
125956
127812
129209
129920
130329
132332
132494
133423
133789
133922
134131
134168
134395
135016
135148
135196
135307
135518
136320
139597
140131
140720
141411
142025
Number of cuts: 134

Erik
670
748
902
1376
2294
2741
2771
2783
2981
3322
3443
3646
3805
3916
4038
4318
5118
5387
5508
6035
6103
7660
7875
9461
9521
9629
9719
9999
10476
10776
11925
12426
12880
12934
13243
13465
13634
14456
14576
15738
15974
16307
16892
17122
17192
17333
17738
17862
18421
18877
19281
19315
19763
19787
20196
20753
20855
21973
23898
24044
24248
26391
26609
26908
27073
27937
30944
31493
33558
34023
34402
34763
35043
35380
35508
36355
37966
38230
38622
39541
39992
40407
40431
40606
40815
41263
41653
41670
42515
42534
42709
42965
43157
45356
45602
Number of cuts: 95

Espica
670
748
902
1376
2294
2741
2771
2783
2981
3322
3443
3646
3805
3916
4038
4318
5118
5387
5508
6035
6103
7660
7875
9462
9522
9630
9720
10000
10477
10777
11926
12427
12881
12935
13244
13466
13635
14457
14577
15739
15975
16308
16893
17123
17193
17334
17739
17863
18422
18878
19282
19316
19764
19788
20197
20754
20856
21974
23900
24046
24251
26394
26612
26911
27076
27940
30945
31494
33559
34024
34773
35053
35390
35518
36365
37976
38240
39548
39999
40716
40925
41063
41373
41763
41780
42625
42644
42819
43075
43267
45466
45712
Number of cuts: 92

Finch
770
950
1958
3724
4424
4527
4936
5015
5020
5469
7756
8646
9228
10595
11285
13483
14095
14149
14329
15100
16198
16505
16520
17999
19006
19102
20900
21109
21130
21218
21623
22020
22288
22454
22579
22615
25619
27805
29051
29602
30013
34295
34894
36467
37599
39890
41493
42900
43509
43536
44417
44585
46290
47983
48579
48648
51392
52331
53534
54870
55122
55948
56489
57368
57754
58333
59048
59054
59105
59491
59819
60197
60378
63151
63405
63908
64375
64914
69795
70045
71392
71605
72213
72354
72448
72913
74546
74588
75057
75927
77695
78094
78890
79270
79805
80383
80724
83488
86044
86360
87071
89202
89331
90038
90073
91536
91697
91901
92034
92819
94239
94475
96293
97446
98349
99957
100622
101921
103673
104276
105109
105679
105832
105953
106818
107294
109430
109722
110296
110368
110789
112481
113227
113872
116891
118263
119190
120014
120278
121191
122226
123060
124057
126554
126891
127108
127222
127897
128047
128056
128204
128666
129177
130356
130446
131376
131844
131904
132024
132667
132804
133597
133631
133763
134540
134887
135743
136538
136889
137954
Number of cuts: 170

Gollum
670
748
902
1376
2294
2741
2771
2783
2981
3322
3443
3646
3805
3916
4038
4318
5118
5387
5508
6035
6103
7660
7875
9462
9522
9630
9720
10000
10477
10777
11926
12427
12881
12935
13244
13466
13635
14457
14577
15739
15975
16308
16893
17123
17193
17334
17739
17863
18422
18878
19282
19316
19764
19788
20197
20754
20856
21974
23127
23900
24250
26393
26611
26910
27075
27939
30335
31001
31010
31559
33624
34089
34468
34829
35109
35446
35574
36421
38032
38296
39604
40002
40518
40542
40717
40926
41374
41764
41781
42626
42645
42820
43076
43268
45467
45713
Number of cuts: 96

Grayson
6678
9027
9447
11681
11861
12193
12730
13655
14077
14510
14909
15424
17176
18570
20625
23047
25881
27590
28705
30946
31166
31316
31814
33792
34049
34215
34532
35737
36628
36715
39064
39208
41900
42120
44138
46570
47134
47669
51547
51577
52623
54049
57313
59567
65379
65978
67012
68631
70489
75499
76029
76942
78197
79544
83628
84326
85952
87480
88477
97140
97822
99733
100047
100396
103269
104124
104965
106084
107537
108355
109157
109300
109378
110979
111332
111926
114521
116345
118198
118481
118955
120954
122573
122690
122744
123209
124978
125186
125255
127336
127417
127959
128612
Number of cuts: 93

Harlequin
670
748
902
1376
2294
2741
2771
2783
2981
3322
3443
3646
4038
4318
5118
6035
6103
7022
7645
7860
8190
9406
9664
9944
10049
10421
11876
12377
12491
12750
12831
12885
13194
13416
14407
14410
14527
15186
15433
15689
15925
16258
16888
16990
17073
17284
18372
19714
19805
20147
20614
20704
21978
23905
24051
24255
25470
26238
26398
26915
27080
29996
30787
30796
31345
31530
33875
34254
34615
34895
35232
35360
36207
38082
38474
39393
40131
40356
40386
41221
41612
41629
42474
42529
42668
42924
43693
45315
45561
Number of cuts: 89

Hiro
670
748
902
1376
2037
2294
2741
2771
2783
2981
3322
3443
3646
3805
4038
4318
5118
6035
6103
6674
7022
7645
7860
8190
9406
9574
9805
9944
10049
10421
10962
11083
11492
11597
11870
12603
13500
13891
14713
14833
15063
15492
15739
15995
16231
16564
17194
17296
17379
17590
17995
18678
19563
20020
20920
21010
21088
22503
24160
24306
24510
25725
26377
26493
26653
27170
27335
30597
31263
31272
31821
34351
34730
35091
35371
35708
35836
36683
38950
39869
40320
40836
40860
41035
41244
41692
42083
42100
42945
43000
43139
43395
44164
45786
46032
Number of cuts: 95

Jace
702
4999
6933
10580
11495
12635
12641
13794
14375
16546
18057
18178
19146
24311
25467
33815
34977
41351
42689
44425
46085
46928
47054
49117
50647
51862
53033
53638
Number of cuts: 28

Jester
670
748
902
1376
2294
2741
2771
2783
2981
3322
3443
3646
4038
4318
5118
6035
6103
7022
7645
7860
8190
9406
9664
9944
10049
10421
10962
11083
11870
12371
12825
12879
13188
13410
13513
13579
14401
14521
14751
15180
15427
15683
15919
16252
16882
16984
17067
17278
17683
18366
19708
19799
20141
20608
20698
21918
23836
23982
24186
25401
26169
26329
26846
27011
29927
30718
30727
31276
31461
33806
34185
34546
34826
35163
35291
36138
38013
38405
39324
40062
40287
40317
41152
41543
41560
42405
42460
42599
42855
43624
45246
45492
Number of cuts: 92

Krishelle
670
748
902
1376
2294
2741
2771
2783
2981
3322
3443
3646
3805
3916
4038
4318
5118
5387
5508
6035
6103
7660
7875
8205
9421
9589
9820
9959
10064
10436
10977
11098
11507
11612
11885
12618
13515
13906
14728
14848
15078
15507
15754
16010
16246
16579
17209
17311
17394
17605
18010
18594
18693
19587
20035
20935
21025
21103
22554
24212
24534
26517
26677
27194
27359
27555
28223
31363
31372
31921
33986
34451
34830
35191
35471
35808
35936
36792
38403
38667
39059
39978
40429
40945
41144
41353
41491
41625
42191
42208
43053
43072
43247
43503
43695
45894
46071
46127
Number of cuts: 98

Lillie
670
748
902
1376
2294
2741
2783
3322
3443
3646
3805
4038
4318
5118
5387
5508
6035
6103
7660
7875
9462
9522
9630
9720
10000
10477
10777
11926
12427
12881
12935
13244
13466
13635
14457
14577
15739
15975
16308
16893
17123
17193
17334
17739
17863
18422
18878
19282
19316
19764
19788
20197
20664
20754
20856
21974
23900
24046
24250
26393
26611
26910
27075
27535
27939
31003
31012
31561
33626
34091
34470
34831
35111
35448
35576
36423
38034
38298
38690
39609
40060
40576
40600
40775
40984
41432
41822
41839
42684
42703
42878
43134
43326
45525
45771
Number of cuts: 95

Mahdia
1196
1370
3443
3491
5143
5516
7402
7427
8120
8623
8721
12905
13115
14615
15159
15380
17137
17668
17773
19493
19753
20488
20908
21055
22101
22107
22467
24478
25359
25837
27244
27769
27998
29677
30544
31961
32653
34711
35762
35807
37008
37726
39690
40251
41352
Number of cuts: 45

Naiad
670
748
902
1376
2294
2741
2771
2783
2981
3322
3443
3646
3805
3916
4038
4318
5118
5387
5508
6035
6103
7660
7875
9462
9522
9630
9720
10000
10477
10777
11926
12427
12881
12935
13244
13466
13635
14457
14577
15739
15975
16308
16893
17123
17193
17334
17739
17863
18422
19282
19316
19764
19788
20197
20754
20856
21974
22312
23140
23913
24059
24263
26923
27088
27548
27952
31016
31025
31574
33639
34104
34483
34844
35124
35461
35589
36445
38056
38320
38712
39631
40082
40598
40797
41006
41144
41278
41844
41861
42706
42725
42900
43156
43348
45547
45793
Number of cuts: 96

Nancinator
670
748
902
1376
2294
2741
2771
2783
2981
3322
3443
3646
3805
3916
4038
4318
5118
5387
5508
6035
6103
7660
7875
9462
9522
9630
9720
10000
10477
10777
11926
12427
12881
12935
13244
13466
13635
14457
14577
15739
15975
16308
16893
17123
17193
17334
17739
17863
18422
18878
19282
19316
19764
19788
20197
20754
20856
21974
23900
24046
24251
26394
26612
26911
27076
27940
30945
31494
33559
34024
34773
35053
35390
35518
36365
37976
38240
39915
39939
40114
40323
40771
41161
41178
42023
42042
42217
42473
42665
44864
45110
Number of cuts: 91

Natosaleda
670
748
902
1376
2294
2741
2771
2783
2981
3322
3443
3646
3805
3916
4038
4318
5118
5387
5508
6035
6103
7660
7875
9462
9522
9630
9720
10000
10477
10777
11926
12427
12881
12935
13244
13466
13635
14457
14577
15739
15975
16308
16893
17123
17193
17334
17739
17863
18422
18878
19282
19316
19764
19788
20197
20754
20856
21974
23900
24046
24250
26393
26611
26910
27075
27939
30944
31493
33558
34023
34772
35052
35389
35517
36364
37975
38239
39547
39998
40715
40924
41062
41372
41762
41779
42624
42643
42818
43074
43266
45465
45567
45642
45698
46120
Number of cuts: 95

Partridge
665
743
1369
2353
2800
2842
3040
3381
3502
3622
3705
4097
4377
5177
6094
6162
7081
7704
7919
8249
9489
9657
9747
10027
10132
10504
10793
11051
11959
12460
12833
12914
12968
13277
13499
13668
14610
15269
15516
15772
16008
16341
16971
17073
17156
17367
17772
18455
19797
19821
20787
22345
23173
23947
24297
26316
26341
26476
26993
27158
28022
31163
31172
31721
31906
32866
34380
34768
35129
35746
35865
36721
37501
38989
39731
39908
40361
40900
41076
41285
41322
41423
42123
42140
42351
43569
44385
44502
45940
46137
Number of cuts: 90

Pepy6
488
848
885
929
1367
1544
1724
2429
2930
3466
3513
3573
3938
4538
4751
5302
5543
5547
7878
8066
9230
9340
10574
11222
11904
11914
13191
13281
13612
14417
16387
16433
17562
18100
19785
20384
21228
21782
22200
22681
22983
24068
24104
25104
25246
25317
25981
26391
26420
26569
26732
26739
27136
27708
27862
27900
28217
28748
29238
29326
30022
34390
35839
36140
36260
36572
36606
36753
36754
36763
37684
38750
41201
41667
42028
42139
42338
43263
43520
44034
46501
46959
47730
48513
50557
50603
50923
51151
51403
51457
51658
53301
54040
54570
55883
57490
58270
58398
59715
60076
60629
60755
62084
63515
63791
65955
66452
67536
67661
67724
67913
68477
69202
70040
70214
70250
70625
70651
71422
71547
71806
73481
74423
74693
75806
Number of cuts: 125

Peregrin
7174
8341
10995
11175
11507
13391
13842
14360
14782
15973
16920
22213
25458
27104
28219
28824
30881
32831
32997
33314
33659
34519
35222
37845
40680
42918
45350
45914
46449
50131
50288
50330
50360
51292
51406
52832
55680
57934
58486
62412
62984
63797
64396
65501
65574
67056
68899
70331
75500
75958
78405
79411
84213
87152
88642
89405
91943
92489
96170
98524
99569
99770
100130
101471
103671
104526
105371
106059
106505
107810
110640
112248
112713
114525
116921
117153
119257
120218
121227
123366
123611
124145
124262
124316
124876
126830
127196
127993
128441
128758
Number of cuts: 90

Phrankenstein
670
748
902
1376
2294
2741
2771
2783
2981
3322
3443
3646
3805
4038
4318
5118
5387
5508
6035
6103
7660
7875
9462
9522
9720
10000
10105
10477
10777
11926
12427
12881
12935
13244
13466
13635
14457
14577
15739
15975
16308
16893
17123
17193
17334
17739
17863
18422
18878
19282
19316
19764
19788
20197
20754
20856
21920
23846
23992
24196
26339
26557
26856
27021
27885
30958
31507
33572
34037
34416
34777
35057
35394
35522
36369
37980
38244
38636
39555
40006
40522
40546
40721
40930
41378
41768
41785
42630
42649
42824
43080
43272
45471
45717
Number of cuts: 94

Pine5
1947
1962
2489
4757
4784
6198
6857
8727
8757
9487
13346
14416
15030
16296
16733
17342
17806
19184
20151
21005
21452
22580
25031
25355
25692
26650
26929
27378
29037
29399
29458
29490
31157
31905
31906
31936
32646
33344
33851
33944
36216
36269
36330
37338
39762
40827
40866
40953
41124
42319
42844
43549
43765
44319
45173
47461
48129
48245
48520
51610
52760
54637
55628
58525
59130
59161
Number of cuts: 66

Poco6
223
848
929
1364
1919
2134
2384
2655
3728
3810
4315
4369
4635
5177
5279
5713
5820
6003
6185
6644
6876
7549
7785
8883
9156
9640
9764
9788
9877
11291
11400
12151
12255
14004
14643
14865
16642
16732
17063
17808
19210
20097
22198
22741
23804
24188
24417
24706
24841
24954
26117
27330
28404
28433
28582
28745
28752
29149
29728
30236
32041
32992
37861
38020
38282
38776
39163
40644
40983
42356
42696
43466
43738
43844
45171
45346
45456
46917
47777
48250
49638
49884
49958
51440
52072
52450
52669
53167
54809
55268
55548
57391
59099
59172
59969
60887
61561
61830
61956
62316
62424
62829
64215
64694
66966
67598
68348
68666
69092
70380
70492
71480
71516
71888
72143
72185
72685
73069
75320
76555
77074
78013
Number of cuts: 122

Rasputin
670
748
902
1376
2294
2741
2771
2783
2981
3322
3443
3646
3805
3916
4038
4318
5118
6035
6103
6674
7022
7645
7860
8191
9411
9491
9599
9689
9969
10074
10446
10987
11895
12396
12510
12769
12850
12904
13213
13435
13604
14426
14429
14546
15205
15452
15708
15944
16277
16907
17009
17092
17303
18391
19733
19824
20166
20633
20723
21943
23097
23871
24221
25436
26364
26582
26881
27046
27506
27910
30308
30974
30983
31532
33597
34062
34441
34802
35082
35419
35547
36394
38005
38269
38661
39580
40031
40547
40571
40746
40955
41403
41793
41810
42655
42674
42849
43105
43297
45496
45742
Number of cuts: 101

RER2
670
748
902
1376
2294
2741
2783
3322
3443
3646
3805
4038
4318
5118
5387
5508
6035
6103
7660
7875
9462
9522
9630
9720
10000
10477
10777
11926
12427
12881
12935
13244
13466
13635
14457
14577
15739
15975
16308
16893
17123
17334
17739
17863
18422
18878
19282
19316
19764
19788
20197
20664
20754
21974
23900
24046
24250
25465
26117
26233
26393
26611
26910
27075
30212
31003
31012
31561
33626
34091
34470
34831
35111
35448
35576
36146
36423
38034
38298
38690
39609
40060
40576
40600
40775
40984
41432
41822
41839
42684
42703
42878
43134
43326
45525
45771
Number of cuts: 96

RexFury
701
779
933
1407
2325
2772
2802
2814
3012
3353
3474
3677
3836
3947
4069
4349
5149
5418
5539
6066
6134
7691
7906
9493
9553
9661
9751
10031
10508
10808
11957
12458
12912
12966
13275
13497
13666
14488
14608
15770
16006
16339
16924
17154
17224
17365
17770
17894
18453
18909
19313
19347
19795
19819
20228
20695
20785
20887
22005
23931
24077
24281
25496
26424
26642
26941
27106
27970
30368
31034
31043
31592
33657
34122
34501
34862
35142
35479
35607
36454
38065
38329
39637
40088
40805
41014
41152
41462
41852
41869
42714
42733
42908
43164
43356
45555
45801
Number of cuts: 97

RGL3
442
1218
1290
2296
3648
3981
4317
5082
6003
6037
6790
6828
6925
7027
7865
8457
9090
9254
9686
11545
11901
12424
12583
12913
13006
13669
13901
13991
14039
14138
15394
16045
16104
16113
16472
16578
16780
17284
17495
17717
17919
18583
18873
19028
19466
19911
20295
21039
21057
22328
22526
22786
22878
23665
23767
24384
24407
24718
25755
25974
26159
26963
27368
27944
28926
29892
31053
32231
33352
34008
34388
34397
34841
35172
35802
36067
36815
40866
42939
43000
43332
43481
44265
44422
44456
45527
45698
Number of cuts: 87

Rhodalysa
670
748
902
1376
2294
2741
2783
3322
3443
3646
3805
4038
4318
5118
5387
5508
6035
6103
7660
7875
9462
9522
9630
9720
10000
10477
10777
11926
12427
12881
12935
13244
13466
13635
14457
14577
15739
15975
16308
16893
17123
17193
17334
17739
17863
18422
18878
19282
19316
19764
19788
20197
20664
20754
20856
21974
23900
24046
24250
26393
26611
26910
27075
27535
27939
31003
31012
31561
33626
34091
34470
34831
35111
35448
35576
36423
38034
38298
38690
39609
40060
40576
40600
40775
40984
41432
41822
41839
42684
42703
42878
43134
43326
45525
45771
Number of cuts: 95

StCroix
670
748
902
1376
2294
2741
2771
2783
2981
3322
3443
3646
3805
3916
4038
4318
5118
5387
5508
6035
6103
7660
7875
9462
9522
9630
9720
10000
10477
10777
11926
12427
12881
12935
13244
13466
13635
14457
14577
15739
15975
16308
16893
17123
17193
17334
17739
17863
18422
19282
19316
19764
19788
20197
20754
20856
21974
22312
23140
23913
24059
24263
26923
27088
27548
27952
31016
31025
31574
33639
34104
34483
34844
35124
35461
35589
36445
38056
38320
38712
39631
40082
40598
40797
41006
41144
41278
41844
41861
42706
42725
42900
43156
43348
45547
45793
Number of cuts: 96

Swann
670
748
902
1376
2294
2741
2771
2783
2981
3322
3443
3646
3805
4038
4318
5118
5387
5508
6035
6103
7660
7875
9462
9522
9630
9720
10000
10477
10777
11926
12427
12881
12935
13244
13466
13635
14457
14577
15739
15975
16308
16893
17123
17193
17334
17739
17863
18422
18878
19282
19316
19764
19788
20197
20754
20856
21974
23900
24046
24250
25465
26393
26611
26910
27075
27939
31001
31010
31559
33624
34089
34468
34829
35109
35446
35574
36144
36421
38032
38296
38688
39607
40058
40574
40598
40773
40982
41430
41820
41837
42682
42701
42876
43132
43324
45523
45769
Number of cuts: 97

Takoda
665
743
1369
2004
2286
2733
2973
3314
3638
4030
4100
4310
5110
6027
6095
7014
7637
7852
8182
9422
9590
9680
9821
9960
10065
10437
11886
12387
12501
12760
12841
12895
13204
13426
14537
15196
15443
15699
15935
16268
16898
17083
17294
17699
18382
19267
19724
19748
20714
21641
22271
23099
23873
24223
26206
26883
27912
30919
31468
31563
31653
32613
33784
34265
35014
35294
35631
35759
36969
37385
38481
38873
39615
39792
40784
40959
41168
41616
42005
42022
42233
43413
43932
44229
44346
45786
45982
Number of cuts: 87

Trina
1059
1427
1472
1888
2110
4130
7205
9882
10238
12783
12898
15759
18674
18930
20415
20697
22179
23119
23125
26268
29231
31257
32611
33474
34723
34937
36054
39578
40334
41492
42207
46098
49966
50894
51054
54386
55248
55266
57297
57394
57892
58714
59102
60110
61281
63995
64003
64880
64972
65562
65668
65723
66011
67787
68526
69583
69613
71200
71231
74300
75536
76021
76028
78004
81349
81839
83205
83860
85115
86344
90987
91098
92088
92357
94428
94971
97452
97734
98115
98544
100048
100150
100833
101078
101089
101771
102861
102924
103215
103712
104520
106014
106194
106274
107066
107199
107797
108491
108657
109511
109794
110345
110543
111217
112040
112988
113725
116335
116711
118113
118291
118411
119881
121710
122586
127315
128566
130300
131176
132074
132587
137461
137829
137874
138290
138512
Number of cuts: 126

TWAMP
670
748
902
1376
2294
2741
2783
3322
3443
3646
3805
4038
4318
5118
5387
5508
6035
6103
7660
7875
9462
9522
9630
9720
10000
10477
10777
11926
12427
12881
12935
13244
13466
13635
14457
14577
15739
15975
16308
16893
17123
17193
17334
17739
17863
18422
18878
19282
19316
19764
19788
20197
20664
20754
20856
21974
23900
24046
24250
26393
26611
26910
27075
27535
27939
31003
31012
31561
33626
34091
34470
34831
35111
35448
35576
36423
38034
38298
38690
39609
40060
40576
40600
40775
40984
41432
41822
41839
42684
42703
42878
43134
43326
45525
45771
Number of cuts: 95

UhSalsa
670
748
902
1376
2294
2741
2771
2783
2981
3322
3443
3646
3805
3916
4038
4318
5118
5387
5508
6035
6103
7660
7875
9462
9522
9630
9720
10000
10477
10777
11926
12427
12881
12935
13244
13466
13635
14457
14577
15739
15975
16308
16893
17123
17193
17334
17739
17863
18422
18878
19282
19316
19764
19788
20197
20292
20754
20856
21974
23900
24046
24251
26394
26612
26911
27076
27940
30945
31494
33559
34024
34773
35053
35390
35518
36365
37976
38240
39548
39999
40716
40925
41063
41373
41763
41780
42625
42644
42819
43075
43267
45466
45712
Number of cuts: 93

Weasels2
150
438
573
609
891
1372
1382
1617
1697
4006
7328
7731
10277
10644
10931
12383
12534
13082
13327
13331
13770
14397
14844
14875
15204
15297
15428
15725
16804
18503
19606
22980
25163
25461
27002
28218
31247
31540
31772
32435
35271
35346
36237
36324
37532
38838
39887
43765
43937
47038
47886
48034
49344
51051
51141
52190
52948
53369
53616
54721
55492
57225
59583
63921
64039
64491
64699
64898
66318
66855
72163
74011
74502
74781
75034
76290
77595
78400
78726
79539
79772
80042
80681
80935
81595
81658
82427
87944
88930
89880
90175
90611
92347
93716
93858
94032
96089
97664
100101
100546
100636
100689
101287
101686
101905
102923
105392
106511
107033
107292
108834
111427
112515
112914
117136
120223
120593
121932
122351
123721
123895
125371
125887
126538
126783
131855
132143
132278
132314
132596
133077
133087
133322
133402
Number of cuts: 134

Yogi
670
748
902
1376
2037
2294
2741
2771
2783
2981
3322
3443
3646
3805
4038
4318
5118
6035
6103
6674
7022
7645
7860
8190
9410
9688
9968
10073
10445
10734
11900
12401
12515
12774
12855
12909
13218
13440
14431
14434
14551
15210
15457
15713
15949
16282
16912
17014
17097
17308
18396
19738
19829
20171
20638
20728
21948
23101
23874
24224
25439
26091
26207
26367
26585
26884
27049
30186
30986
31535
34065
34441
34802
35082
35419
35547
36506
39041
39960
40411
40927
40951
41126
41335
41783
42173
42190
43035
43054
43229
43485
43677
44371
45876
46105
46524
Number of cuts: 96

Yoncess
670
748
902
1376
2294
2741
2771
2783
2981
3322
3443
3646
3805
4038
4318
5118
6035
6103
6674
7022
7645
7860
8190
9598
9688
9968
10073
10445
11900
12401
12515
12774
12855
12909
13218
13440
14431
14434
14551
15210
15457
15713
15949
16282
16912
17014
17097
17308
18396
19738
19829
20171
20638
20728
21948
23875
24021
24225
25440
26092
26208
26368
26885
27050
29966
30757
30766
31315
33845
34224
34585
34865
35202
35330
36177
38444
39363
39814
40330
40354
40529
40738
41186
41597
42442
42497
42636
42893
43662
45284
45530
Number of cuts: 91

