Alatin
425
2500
6095
6170
9168
9332
10933
11652
12958
14518
19400
22669
23678
24206
31183
31819
35414
36609
39398
40185
41164
43096
45197
Number of cuts: 23

Alpacados
2462
6132
9098
10869
13245
16791
19336
21801
23547
24075
26055
30392
31088
31724
35316
36502
37359
39291
40987
42660
42919
45020
Number of cuts: 22

AngryOrchard
426
2445
5194
6040
6115
7485
9081
9245
10852
13228
14377
17615
19319
22533
23413
23542
24071
30285
30981
31617
35476
36662
37519
39451
41218
45152
Number of cuts: 26

AppleCloud
2209
5879
8821
10586
12923
13274
14423
14483
17661
19365
22568
23451
24081
24091
30217
30913
32280
33378
35141
36327
39116
39900
40881
42813
44914
Number of cuts: 25

Belenaria
425
2500
6095
6170
9168
9332
10933
12958
14518
19400
23611
24140
30353
31049
31685
35289
36475
39264
40048
41029
42961
45062
Number of cuts: 22

BobbyDazzler
425
2571
6241
9207
10978
13354
16900
19445
21910
23657
24185
26129
30466
31162
31798
35393
36579
39368
40155
41134
42808
45168
Number of cuts: 22

Bonanza
425
2500
6170
9136
10907
13283
16829
19374
21839
23585
24113
26057
30394
31090
31726
35318
36196
36818
36884
37741
39673
40460
41439
43371
45472
46067
Number of cuts: 26

Bradshaw
425
2500
6095
6170
9168
9332
10933
11652
12958
14518
19400
23611
24139
31116
31752
35347
36542
39331
40118
41097
43029
45130
Number of cuts: 22

Bryce
425
2500
6170
9136
10907
13283
16829
19374
21839
23586
24114
30174
30870
31506
35101
36287
39076
39863
40842
42516
42775
44876
Number of cuts: 22

ChewyVIII
4007
4169
4183
5156
5410
5860
6512
6964
8910
11408
11421
11864
14145
16381
19724
22185
23314
23950
26086
26143
26245
26915
28872
29367
29640
29691
30186
32774
33098
33629
33983
34349
35337
35387
35832
37172
37453
38128
39335
39813
43457
44130
45739
45955
47013
47355
48788
50170
50665
51499
51904
52451
54868
55598
56784
57284
59421
59514
59550
59765
60623
60722
62667
62967
67022
67570
67988
69056
69066
69076
69110
Number of cuts: 71

CosmicSans
425
2500
6095
6170
9168
9332
10933
11652
12958
14518
19400
23611
24139
31116
31752
35347
36533
39322
40109
41088
43020
45121
Number of cuts: 22

Dinger
426
2496
6091
6166
9132
10903
14428
17666
20577
22585
23465
23594
24123
30289
30985
31621
35489
36675
37532
39464
39660
41232
45170
Number of cuts: 23

DocB7
1967
2576
2675
2813
2858
7590
8036
8072
9353
9392
10163
10770
11275
12170
12954
13522
13804
14098
15644
16408
16570
21768
22374
22497
23816
24546
26796
27395
29522
30742
30971
32898
32984
37535
37576
38205
38626
39039
39176
40708
41433
41607
41703
43978
46495
47258
47540
51270
51413
51669
51979
53414
53416
53743
53921
54536
54674
54755
54851
54932
56429
57420
58110
58453
58686
59749
62657
62981
63992
64293
64316
64679
67173
70914
71242
71840
72177
72299
72357
73792
74152
75080
75244
Number of cuts: 83

E3
14
103
232
519
582
876
2390
2696
3263
3884
4415
4445
4646
6362
10184
10411
11165
11399
11668
11779
12064
12541
12810
13758
13804
16076
16339
16881
17228
17534
17907
17943
18515
18735
19504
20915
23187
24310
24388
24543
26087
27716
28116
28999
29220
32227
32328
32530
32646
32695
32884
33310
33967
34508
34951
36362
36391
38917
39971
41315
42358
42679
44159
45870
47693
49884
50349
50757
50850
51552
51953
52151
52953
52973
55810
57795
58569
60506
62322
63471
63570
64202
65433
65550
67226
67643
68344
68997
69218
69320
69866
70034
72176
72308
72344
72649
72830
73769
74549
76726
77155
78711
78813
78987
79596
79964
80393
80750
81047
83495
84734
85223
87120
88103
89655
90090
93975
94095
95564
95690
96457
97530
97782
98080
98191
98500
98506
100946
103986
106512
107560
107566
107596
107950
108826
109473
109548
111208
113190
113265
114949
115189
115251
115464
115749
115808
116522
117993
118515
118557
119330
119779
120206
120219
120425
121081
121216
125598
129274
129723
129744
130233
130260
130508
131786
131833
132556
133773
134346
135207
135885
137017
138131
139725
139932
140353
141181
141421
141538
142381
Number of cuts: 180

Erik
425
2500
6095
6170
9167
9331
10932
11651
12957
14517
19399
23609
24137
30352
31048
31684
35279
36465
39254
40041
40919
42851
44952
Number of cuts: 23

Espica
425
2500
6095
6170
9168
9332
10933
12958
14518
19400
23611
24140
30353
31049
31685
35289
36475
39264
40048
41029
42961
45062
Number of cuts: 22

Finch
3333
5609
5705
6049
8307
10314
10407
10672
11047
11719
12130
12685
14106
14319
14383
14472
14541
17299
19656
20038
20246
21895
22173
22728
23057
23324
23705
24324
24622
25873
27564
28118
28535
28888
29586
30604
31635
31944
32763
34332
34455
34878
35001
38099
41525
42290
43196
43772
43975
44796
45123
46019
46409
46595
47114
47279
49795
52099
52546
53134
53452
53506
53569
54451
54478
55019
56233
56356
56479
57339
57964
57967
59370
59420
60196
60737
61391
61704
62514
63152
63401
63950
64805
66566
66635
67286
69133
69380
69538
69832
70463
70594
71131
71250
71264
71331
73819
74455
74566
74635
75158
75278
75359
75533
75767
76791
77397
78089
81743
81979
82515
82629
82904
83173
83645
84329
85132
86216
86219
86435
86851
87545
88055
88732
90081
91215
92145
93887
93944
94229
94232
94482
94513
94653
95799
96051
97321
97342
98263
98275
98505
100143
100797
101004
101749
102680
103319
103779
104794
104893
106432
107168
107951
108461
108694
109026
109228
110434
110479
111778
111973
112132
112541
113793
116260
117253
118157
118604
119240
121444
122463
122772
123467
124805
124904
126354
126999
127501
129455
130019
130805
130880
130979
131195
131324
131408
131900
132278
132338
132551
132578
132968
133013
133675
134083
134434
135102
135225
135934
137564
138537
Number of cuts: 201

Gollum
425
2500
6095
6170
9168
9332
10933
11652
12958
14518
19400
23611
24139
31114
31750
35345
36531
37388
39320
40051
41030
42962
45063
Number of cuts: 23

Grayson
2399
2848
3045
4494
4524
8726
8868
9603
9912
10611
11430
12983
13922
15577
16679
19835
20572
21245
21371
23986
25044
26132
26456
27917
28918
32787
33258
34071
37079
37459
39278
42464
42989
43100
43369
43848
45305
45969
46842
49232
51723
51810
52081
52942
55471
55492
55734
56731
59104
60153
63840
64395
64576
66448
68748
71954
73764
74695
74875
76775
77709
81449
84858
84891
89167
91530
93477
93712
95075
95449
95944
97763
98788
99724
100038
100156
100213
100370
101128
102939
104681
105022
105846
106030
108697
108699
112318
112634
112973
113667
115651
117122
117663
119571
121979
125167
125772
131300
131749
Number of cuts: 99

Harlequin
425
2500
6095
6170
9112
9276
10883
13259
16805
19350
21869
23616
24144
30204
30900
31536
35131
36317
39106
40877
42551
42810
44911
Number of cuts: 23

Hiro
425
2500
6170
9112
10877
13214
13565
14714
14774
17111
17952
22859
23742
24399
26343
30680
31376
32012
35607
36793
39582
40369
41348
43022
43281
45382
Number of cuts: 26

Jace
1164
2271
2445
2745
3009
3276
3309
3821
4294
5107
5871
7926
8404
9352
10180
10780
10855
10975
11551
11923
14877
17542
19049
19899
19976
21010
29839
32301
33325
34690
34817
34871
35169
35340
37589
38463
38624
39309
39694
40399
41921
43398
46216
46600
46861
48029
48389
48736
49131
50346
50562
50856
51483
52688
Number of cuts: 54

Jester
425
2500
6095
6170
9112
9276
10877
13253
16799
17640
19344
21809
23547
24075
30135
30831
31467
35062
36248
39037
40808
42482
42741
44842
Number of cuts: 24

Krishelle
425
2500
6095
6170
9127
10892
13229
13580
14729
14789
17967
19671
22910
23793
24423
24433
31476
32112
35707
36902
39691
40478
41457
43389
45490
Number of cuts: 25

Lillie
425
2500
6095
6170
9168
9332
10933
11652
12958
14518
19400
23611
24139
31116
31752
35347
36533
39322
40109
41088
43020
45121
Number of cuts: 22

Mahdia
443
536
1240
1357
1456
1564
1819
2989
3247
6411
6586
7759
7882
8065
9450
9511
10543
10576
11416
11554
12115
14380
14644
15721
15891
17244
17388
17796
18198
19139
19145
19274
20097
20379
20397
20950
21404
21797
22046
23738
25326
26053
26355
26434
26950
28579
28729
29305
29430
29769
30357
30496
30532
31565
33352
34678
35151
35408
35584
35750
37785
39377
39671
39811
39976
41382
41595
42140
Number of cuts: 68

Naiad
425
2500
6095
6170
9168
9332
10933
11652
12958
14518
19400
22615
23624
24152
31129
31765
35360
36555
39344
40131
41110
43042
45143
Number of cuts: 23

Nancinator
425
2500
6095
6170
9168
9332
10933
12958
14518
19400
23611
24140
30353
31049
31685
35289
36475
39264
40427
42359
44460
Number of cuts: 21

Natosaleda
425
2500
6095
6170
9168
9332
10933
12958
14518
19400
23611
24139
30352
31048
31684
35288
36474
39263
40047
41028
42960
45061
Number of cuts: 22

Partridge
426
2559
4367
6154
6229
9195
10966
14491
17729
22648
23528
23657
24186
30580
31276
31912
35645
36831
37689
39621
39817
41389
42800
42893
45515
Number of cuts: 25

Pepy6
1558
2523
5378
5826
5991
6313
8884
9244
9642
10205
12389
14323
14623
15382
16138
17250
18241
19427
20304
20437
22215
22521
23591
23664
24505
24686
24920
25487
25733
26959
27849
30014
30653
32105
32609
32972
34981
35297
36205
37276
37888
38315
38851
39262
39749
40862
41316
43627
44114
44288
46953
47091
47182
47565
48085
48688
48713
50020
50047
51486
54399
55972
56497
57438
58209
61010
62208
62318
63689
63718
63979
64922
68525
68826
70063
70974
71334
72430
72572
75277
76138
76626
76656
Number of cuts: 83

Peregrin
2428
3315
3836
4352
5085
5541
6898
7937
8040
8182
8917
9226
9925
10744
12297
13236
14253
14767
14935
14961
16278
19387
20465
20537
23152
24360
24618
25709
27431
28432
28616
29151
31569
32030
32040
38059
40953
41244
41769
41880
42149
42628
44085
44749
45622
48273
50506
50593
50864
53324
54254
54275
57471
58520
59100
62207
62994
63111
64873
67173
68124
70370
72174
74852
75971
76982
77610
77919
79076
79959
80066
83605
84745
84778
86033
90961
92908
97234
100121
100435
100643
100763
101851
103341
104648
104715
105085
105428
106267
106451
108454
108456
111890
112479
112773
112818
117930
118471
120282
120792
132497
Number of cuts: 101

Phrankenstein
425
2500
6095
6170
9168
9332
10933
11652
12958
14518
19400
23557
24085
30366
31062
31698
35293
36479
39268
40055
41034
42966
45067
Number of cuts: 23

Pine5
3475
4705
4861
6083
9956
11239
14017
14370
22354
22360
22399
23953
24080
25339
25345
28810
31964
32827
35184
35523
38612
43605
44058
46482
49058
50113
51435
53342
54090
54493
54640
Number of cuts: 31

Poco6
637
1555
3173
3230
10332
10515
12675
13073
17672
17926
18025
18062
18142
18898
19886
21449
22326
22459
24546
24980
25677
26933
28972
29584
29961
31469
32033
33983
37003
38227
40873
41051
41203
41756
42807
43118
43875
44567
45294
45453
45950
47610
49293
49805
51532
51559
51565
52995
55907
57480
58005
58166
59034
62100
63194
64828
67413
67765
67864
70326
72237
73692
73782
73834
74916
77406
Number of cuts: 66

Rasputin
425
2500
6170
7540
9137
10902
13278
16824
23452
23581
24110
30391
31087
31723
35318
36504
39293
40080
41059
42991
45092
Number of cuts: 21

RER2
425
2500
6095
6170
9168
9332
10933
11652
12958
14518
19400
23611
24139
26083
30420
31116
31752
35347
36533
39322
40109
41088
43020
45121
Number of cuts: 24

RexFury
425
2531
6126
6201
9199
9363
10964
11683
12989
14549
19431
23642
24170
30451
31147
31783
35378
36564
39353
40137
41118
43050
45151
Number of cuts: 23

RGL3
2265
3746
4978
6097
9134
9751
10908
11627
12438
13659
14792
16004
16103
17398
17857
18821
19138
19550
19889
21656
21789
23963
24092
24347
24539
25320
29843
30090
31090
31924
32422
34127
34227
35235
35566
35926
36303
36480
37528
39362
41399
46415
Number of cuts: 42

Rhodalysa
425
2500
6095
6170
9168
9332
10933
11652
12958
14518
19400
23611
24139
31116
31752
35347
36533
39322
40109
41088
43020
45121
Number of cuts: 22

StCroix
425
2500
6095
6170
9168
9332
10933
11652
12958
14518
19400
22615
23624
24152
31129
31765
35360
36555
39344
40131
41110
43042
45143
Number of cuts: 23

Swann
425
2500
6095
6170
9168
9332
10933
11652
12958
14518
19400
23611
24139
31114
31750
35345
36531
39320
40107
41086
43018
45119
Number of cuts: 22

Takoda
426
2492
5241
6087
6162
7532
9128
9292
10893
13269
14418
17656
19360
22574
23454
23583
24112
30327
31023
31659
35530
36716
37573
39505
41272
41771
45360
45944
Number of cuts: 28

Trina
748
1016
8607
9420
10342
12148
12798
13274
14544
15601
18283
18999
24282
24741
25846
27632
28620
35036
37539
37689
37744
38120
40755
42351
47098
48802
49130
50519
53021
58630
59588
61686
61901
63991
68372
70304
70545
78170
79589
79714
80558
81223
85605
89931
90877
91435
93662
98929
99684
99909
100896
101384
101832
101985
111900
114857
114935
119291
120597
123572
123883
124294
128660
131052
132858
134691
134693
137150
137418
Number of cuts: 69

TWAMP
425
2500
6095
6170
9168
9332
10933
11652
12958
14518
19400
23611
24139
31116
31752
35347
36533
39322
40109
41088
43020
45121
Number of cuts: 22

UhSalsa
425
2500
6095
6170
9168
9332
10933
12958
14518
19400
23611
24140
30353
31049
31685
35289
36475
39264
40048
41029
42961
45062
Number of cuts: 22

Weasels2
1682
2605
2611
2638
2644
2762
3003
3055
3224
4551
4954
9041
10371
10894
11651
15878
16970
17391
17566
19477
23026
23042
24366
25712
27430
28431
32867
33682
34328
35494
41004
43487
46343
48784
49045
51287
51374
51648
55012
55033
55275
56254
57907
59962
60253
64098
64622
66248
66315
67926
70630
72587
72669
73220
73266
73447
73831
75383
76026
76206
78922
79247
81591
82016
82746
84942
86581
87682
87737
90111
91213
92799
93725
94398
94998
97496
98732
99106
99907
101140
101177
103739
104088
105257
105667
107498
108283
111618
111620
112045
114537
117871
119133
122304
122379
124961
126858
128932
129781
130168
130382
130940
133387
134310
134316
134343
134349
134467
134708
134760
134929
Number of cuts: 111

Yogi
425
2500
6170
9136
10907
13283
16829
19374
21839
23585
24113
26057
30394
31090
31726
35318
36196
36818
36884
37741
39673
40460
41439
43371
45472
46067
Number of cuts: 26

Yoncess
425
2500
6170
7540
9136
10907
13283
16829
19374
20666
21839
23586
24114
26058
30174
30870
31506
35101
36287
39076
39863
40842
42519
42778
44880
Number of cuts: 25

