Alatin
461
1603
2003
2546
2879
3995
4654
5221
5596
5729
6206
6298
7893
8297
8394
9812
10225
10783
12359
12487
13063
13306
13414
13840
14877
15087
17945
19598
19874
20308
21605
22731
24947
25472
28259
28579
29545
30163
31924
33515
35081
35440
35829
36036
37970
41724
42166
43240
44985
45180
45797
Number of cuts: 51

Alpacados
461
2508
2841
4187
4616
5183
5558
5691
6168
6245
8259
9742
10155
10468
11394
12423
12741
12999
13350
13776
13950
14037
14490
14813
15023
15821
16991
17881
19197
19810
21268
22600
24816
25341
28164
28484
29450
30068
31829
33420
34983
35342
35731
35938
37863
40627
41989
43063
43817
44808
45006
45620
Number of cuts: 52

AngryOrchard
76
1948
2824
4170
4599
5541
5674
6151
6228
6348
8090
8242
9725
10138
10451
10553
12406
12724
12982
13333
14020
14900
17615
17864
19517
19793
20271
20611
22595
22912
24568
24812
25337
26777
28123
28443
29409
29762
29961
31267
31722
33310
35143
35502
35891
36571
38023
41365
41795
42360
43275
43285
44036
Number of cuts: 53

AppleCloud
1712
2588
3934
4363
4930
5305
5438
5915
5939
5992
7854
8006
9878
10381
11111
11935
12157
12200
12263
13028
14066
14153
14519
15850
17661
17910
19226
19563
19839
20395
22485
24578
24822
25347
26788
27008
28134
28533
29893
31654
33245
34808
35167
35556
35763
37688
39061
41028
41883
42957
44702
44897
45514
Number of cuts: 53

Belenaria
461
1603
2003
2546
2879
3995
4654
5221
5596
5729
6206
6298
7893
8297
8394
9812
10225
10783
12359
12487
13063
13306
13414
13840
14877
15087
16803
17945
19598
19874
20308
21551
22664
24881
25406
28193
28513
29830
31790
33381
34956
35315
35704
35911
37836
39209
41176
42031
43105
44850
45045
45662
Number of cuts: 52

BobbyDazzler
461
1667
2617
2950
4296
4481
4725
5292
5667
5800
6277
6354
8216
8368
9851
10264
10577
11503
12532
12850
13108
13459
13885
14059
14146
14599
15132
17100
17990
19306
21195
21377
22710
24682
24926
25451
26892
28238
28558
29524
30142
31903
35060
35419
36015
37940
40774
41281
41695
42137
43211
43965
44956
45151
45768
Number of cuts: 55

Bonanza
461
2003
2546
2879
4225
4654
5221
5596
5729
6206
6283
8297
9780
10193
10506
11432
12461
12779
13037
13388
13814
13988
14075
14528
14851
15061
15859
17029
17919
19235
22638
22955
24854
25379
28166
28486
29452
30070
31831
33422
34985
35344
35733
35940
36666
38245
41079
41586
41999
42441
43515
44269
45260
45458
Number of cuts: 54

Bradshaw
461
1603
2003
2546
2879
3716
3995
4654
5221
5596
5729
6206
6298
7893
8297
8394
9812
10225
10783
12359
12487
13063
13306
13414
13840
14877
15087
17945
19598
19874
20308
21551
22664
24880
25405
28192
28512
29478
30096
31857
33448
35014
35373
35762
35969
37903
41657
42099
43173
44918
45113
45730
Number of cuts: 52

Bryce
461
2003
2546
2879
4225
4410
4654
5221
5596
5729
6206
6283
8145
8297
9780
10193
10506
11432
12461
12779
13037
13388
13814
13988
14075
14528
14851
15061
15859
17029
17919
19235
20049
22639
24611
24855
25380
28167
28487
29453
29850
31611
34768
35127
35516
35723
37648
40482
40989
41403
41845
42919
43673
44664
44859
45476
Number of cuts: 56

ChewyVIII
312
322
632
1232
1376
1645
1905
3316
3521
3858
4149
4769
5099
5277
5313
5444
5471
5669
5787
5800
6391
7295
7302
7507
7826
8489
9315
9503
10587
10733
10770
11067
11289
11830
12743
13717
14207
14359
15262
15614
15953
16175
16357
16637
16663
16881
17325
18140
18478
19000
19083
19368
20078
20161
20861
21087
21374
21790
21870
22424
22603
22983
23167
23245
23410
23421
23592
23749
24668
24687
24719
24845
25320
25447
25921
25933
27514
27883
27934
28157
28183
28349
28400
28602
28698
28751
29444
29916
30213
30461
30800
30829
31117
31634
31723
31908
32572
32987
33068
33500
33805
33964
34734
34802
35177
35636
36027
36589
36968
37028
37563
37862
38392
38405
40282
40558
40666
41333
41584
41704
41775
41905
42469
42713
42900
43031
43111
43158
43221
43243
43960
43991
44120
44439
44749
45650
46232
46507
46584
47112
47417
47586
48382
49760
49783
50065
50198
50211
50391
50578
50683
50761
51270
51574
51965
52024
52083
52663
52835
53406
53576
53853
54002
54136
54230
54256
54421
54586
54626
54676
54824
55796
56455
56533
57373
57538
57628
57870
58740
58957
59223
59234
59274
60225
60471
60762
60832
61189
62379
62504
63370
65611
66209
66812
67619
Number of cuts: 195

CosmicSans
461
1603
2003
2546
2879
3716
3995
4654
5221
5596
5729
6206
6298
7893
8297
8394
9812
10225
10783
12359
12487
13063
13306
13414
13840
14877
15087
17945
19598
19874
20308
21551
22664
24880
25405
28192
28512
29478
30096
31857
33448
35014
35373
35762
35969
37894
40728
41235
42090
43164
44909
45104
45721
Number of cuts: 53

Dinger
76
1999
2615
2875
3445
4221
4650
5217
5592
5725
6202
6279
8141
8293
9776
10189
10604
12457
13033
13384
13810
13984
14071
14524
14951
17666
17915
19231
19568
19844
20278
20322
21302
21688
21705
21926
22647
24620
24864
25389
26830
27050
28176
28575
29884
29892
31726
32253
33317
35156
35515
35904
38036
41379
41810
43940
44054
Number of cuts: 57

DocB7
85
255
1341
2934
3244
3435
4216
4300
4423
4472
4663
5196
5252
5832
5952
5970
6238
6811
7081
9008
9371
10443
10795
11067
11565
11730
12691
12716
13303
13813
13966
15118
16159
17627
18027
18033
18081
18093
18102
18303
18369
18411
18555
18792
20190
20724
20850
22773
23174
23334
23851
25074
25295
25479
26311
26985
27632
28977
29902
34861
35241
38064
38468
38761
40751
41551
42030
42840
43998
45016
45220
47004
47011
47448
48684
51262
54021
55231
57801
62598
63009
64003
65981
66226
66825
67315
67696
70065
70520
71317
74459
Number of cuts: 91

E3
243
727
834
866
1795
1813
2908
2926
5289
6766
7306
8646
8702
9072
9085
9287
9306
9699
9925
10161
10979
11027
11217
11553
11598
12168
12191
12380
12612
13012
13474
14077
14235
15110
16269
16289
16418
16904
17799
17805
17935
19212
19240
19440
19554
20074
20603
21123
21848
22348
22496
22744
23247
23401
23499
23541
23745
24213
24776
24814
25411
25870
25879
25933
26743
26752
27233
27385
27502
28059
28632
28784
29025
29111
29600
29953
30435
30715
31288
31469
31494
31710
31722
32237
32390
32961
33072
33351
33402
33447
34434
35545
36071
36985
37828
37932
38428
38709
39411
39554
39951
40536
41020
41075
42234
42437
43251
43749
44365
44490
44674
44696
44780
44984
45039
45082
45176
45379
46632
47140
47939
48075
48208
48782
48821
49373
49614
49622
50021
50339
50465
51151
51858
52738
52926
54539
55048
55217
55367
55877
56294
57320
57329
58069
58258
59700
59719
60185
60590
60752
61136
61670
61721
61955
62686
62897
63248
63392
64224
64770
65150
65202
65575
65633
66158
66257
66626
68334
68576
68600
68847
69084
69662
69828
70078
70135
70683
71040
71127
71253
71699
72119
72190
72250
72454
72498
72987
73564
73721
73819
73959
74410
74587
74842
74887
75100
76533
76773
76811
76821
76986
77022
78027
78212
78482
78889
79201
79611
80020
80044
80449
80629
81489
81787
81925
83001
83658
83927
83965
84224
84834
84894
85041
85155
86376
86657
88211
88397
89232
89284
89362
89980
90898
90949
90958
91081
91192
91663
91987
92878
93010
93147
93528
94580
95057
95378
95635
95644
95975
96096
96180
96288
96392
96744
96782
97214
97699
97926
98043
98049
98094
98908
99368
99410
99479
100068
100519
101819
104201
105917
107709
107763
108379
109397
109720
110086
110184
111912
112182
112332
112523
112712
113117
113312
113362
113666
113921
114045
115108
115157
115226
115627
116722
118022
119556
119966
120136
120945
121103
121216
121332
121545
121964
122219
122593
122856
122866
123466
123778
123934
124471
125303
125623
125857
126182
126487
126597
126935
127148
127393
128027
128268
128503
128802
129161
129218
129317
129653
130116
130362
130713
131121
131469
131552
132393
133166
133586
134228
134819
135464
136021
136097
137792
138543
138896
139064
140390
140603
141335
141663
142019
Number of cuts: 351

Erik
461
1603
2003
2546
2879
3995
4654
5221
5596
5729
6206
6298
7893
8297
8394
9811
10224
10782
12358
12486
13062
13305
13413
13839
14876
15086
17944
19597
19873
20307
21550
22663
24878
25403
28190
28510
29829
31789
33380
34946
35305
35694
35901
37826
40559
41066
41921
42995
44740
44935
45552
Number of cuts: 51

Espica
461
1603
2003
2546
2879
3995
4654
5221
5596
5729
6206
6298
7893
8297
8394
9812
10225
10783
12359
12487
13063
13306
13414
13840
14877
15087
17945
19598
19874
20308
21551
22664
24881
25406
28193
28513
29830
31790
33381
34956
35315
35704
35911
37836
39209
41176
42031
43105
44850
45045
45662
Number of cuts: 51

Finch
141
291
1056
1509
1886
3981
4738
4910
4952
5250
5381
6098
6457
6930
7236
7713
7926
8148
8423
8951
9170
9332
9407
9879
10481
10504
10812
10842
11088
11172
11233
11518
12172
12971
13671
15004
15424
16626
17705
18178
18412
18556
19235
19735
20385
20551
21207
21357
21405
21852
22054
23423
23624
25762
25807
26184
26277
27603
27613
28198
28497
28511
28844
29487
30494
30504
31931
32936
33046
34283
34311
35001
35145
36436
37702
38611
39293
39354
40153
40767
40947
41590
41794
41830
44409
44530
44620
45085
45688
46075
46285
46660
47333
47392
48685
48752
49629
50288
50394
50553
52438
52464
54842
55913
56766
56853
57012
57161
57707
57749
58407
59153
60016
60334
60496
60983
61174
61270
61294
62646
64738
67063
67327
68236
68245
68320
68686
69017
69786
70530
70731
71728
71854
72028
73439
73841
74274
74480
74655
76122
80338
80508
80962
81100
81542
82291
84685
84900
85406
87269
88579
89312
89945
90190
90507
90788
90813
90877
91873
92545
93543
93664
94638
95027
95379
95799
96608
96661
98311
98977
99655
99838
99922
99990
100152
100539
101023
101433
101443
101645
102140
102150
102449
102775
103674
104834
105164
105505
105736
106166
106265
106316
107400
107693
109156
109435
110119
111555
112235
113292
114123
114330
114618
115215
115434
115899
116408
117278
117382
117903
117996
120167
120844
120923
122509
122574
123457
123586
125229
125343
125503
125553
126718
126770
130759
131104
131367
131674
132392
132953
133646
133824
134001
134397
135052
136050
136812
136839
136972
138699
Number of cuts: 240

Gollum
461
1603
2003
2546
2879
3995
4654
5221
5596
5729
6206
6298
7893
8297
8394
9812
10225
10783
12359
12487
13063
13306
13414
13840
14877
15087
17945
19598
19874
20308
21551
22664
24880
25405
28192
28512
29476
30094
31855
33446
35012
35371
35760
35967
37892
39265
40670
41177
42032
43106
44851
45046
45538
45663
Number of cuts: 54

Grayson
5851
7780
19306
20890
32721
34055
34115
35837
36080
38517
43684
47912
48158
50021
54061
56283
74799
74983
79786
82096
92575
104267
104651
105893
106884
116424
Number of cuts: 26

Harlequin
461
2003
2546
2879
4225
4654
5596
5729
6206
6283
8145
8297
9756
10169
10482
11408
12437
12755
13013
13364
13790
13964
14051
14504
14827
15037
15835
17005
17895
19211
20025
22669
24641
24885
25410
28197
28517
29483
29880
31641
34798
35157
35546
35753
37678
37929
38567
41438
41880
42954
43708
44699
44894
45511
Number of cuts: 54

Hiro
461
2003
2546
2879
4410
4654
5221
5596
5729
6206
6283
8145
8297
10169
10672
11402
12226
12448
12491
12554
13319
14357
14444
14810
16141
17952
19517
19854
20130
20686
22776
24896
25140
25665
27106
28452
28772
29738
30356
32117
35274
35633
36022
36229
38154
40988
41495
41909
42351
43425
44179
45170
45365
45982
Number of cuts: 54

Jace
1097
1148
1181
1264
1277
1796
1813
1849
2151
2424
2706
3962
4247
4332
4635
4984
4992
5225
5552
6337
6369
6534
6580
6609
7078
7106
8427
8589
9516
9534
9604
9977
10665
10914
11588
11812
12067
12178
13149
13425
14390
14416
14619
14718
14906
15083
16181
17246
17559
17979
18966
19101
19422
20177
20960
21263
21330
21455
21777
21975
22175
22210
23001
23370
24677
24754
26495
26528
26705
27050
27379
27567
27809
27853
28164
28225
28373
29532
29559
29737
30014
30257
30544
30885
31850
32339
32549
32824
33549
33645
33754
33763
34740
34830
35586
36038
36217
36785
36878
37158
37290
37335
37598
38074
38683
38871
39294
39774
40239
40399
40425
40584
41006
41321
41372
42097
42319
42774
42783
42837
43123
43425
43934
44060
44081
44168
44219
44285
44848
45185
45763
46353
47552
48093
49029
49395
49953
50683
50698
51322
51409
51770
51803
52631
52792
52998
53286
53479
53633
53835
53846
Number of cuts: 151

Jester
461
2003
2546
2879
4225
4654
5596
5729
6206
6283
8145
8297
9756
10169
12431
13007
13358
13784
13958
14045
15829
17640
17889
19205
20019
22600
24572
24816
25341
28128
28448
29414
29811
31572
34729
35088
35477
35684
37609
37860
38498
41369
41811
42885
43639
44630
44825
45442
Number of cuts: 48

Krishelle
461
1603
2003
2546
2879
3995
4654
5221
5596
5729
6206
6298
8160
8312
10184
10687
11417
12241
12463
12506
12569
13334
14372
14459
14825
16156
17967
18216
19532
19869
20145
20701
22827
24920
25164
25689
27130
27350
28476
28875
29838
30456
32217
33808
35374
35733
36122
36329
38263
42017
42459
43533
45278
45473
46304
Number of cuts: 55

Lillie
461
1603
2003
2546
2879
3716
3995
4654
5221
5596
5729
6206
6298
7893
8297
8394
9812
10225
10783
12359
12487
13063
13306
13414
13840
14877
15087
17945
19598
19874
20308
21551
22664
24880
25405
28192
28512
29478
30096
31857
33448
35014
35373
35762
35969
37894
40728
41235
42090
43164
44909
45104
45721
Number of cuts: 53

Mahdia
337
913
954
2379
2824
2998
3247
4041
4930
5131
5416
5439
5578
6033
6304
6479
6611
6878
7028
7062
7714
7768
8032
8768
9195
9385
9415
9898
9961
10031
10282
10384
10397
10630
10817
10900
11200
11251
13156
14904
14957
15166
15907
16154
16360
16839
17220
17739
17979
18005
18759
18846
19429
19535
19727
19987
20769
20913
21654
22536
22959
23322
23480
24152
24293
24340
25010
25029
25097
25212
25914
26772
26911
26988
27130
27358
28384
28494
28516
28780
29335
29500
29779
30119
30357
30923
31460
31556
31607
32120
32162
32319
32348
32415
32798
33034
33556
33566
33626
33736
33801
34357
35120
36020
36429
36943
37310
37497
37592
38181
38926
38946
38998
39098
39427
40628
41497
42216
Number of cuts: 118

Naiad
461
1603
2003
2546
2879
3995
4654
5221
5596
5729
6206
6298
7893
8297
8394
9812
10225
10783
12359
12487
13063
13306
13414
13840
14877
15087
17945
19598
19874
20308
21551
22677
24893
25418
28205
28525
29491
30109
31870
33461
35027
35386
35775
35982
37916
41670
42112
43186
44931
45126
45743
Number of cuts: 51

Nancinator
461
1603
2003
2546
2879
3995
4654
5221
5596
5729
6206
6298
7893
8297
8394
9812
10225
10783
12359
12487
13063
13306
13414
13840
14877
15087
17945
19598
19874
20308
21551
22664
24881
25406
28193
28513
29830
31790
33381
34956
35315
35704
35911
37836
39209
40067
40574
41429
42503
44248
44443
45060
Number of cuts: 52

Natosaleda
461
1603
2003
2546
2879
3995
4654
5221
5596
5729
6206
6298
7893
8297
8394
9812
10225
10783
12359
12487
13063
13306
13414
13840
14877
15087
17945
19598
19874
20308
21551
22664
24880
25405
28192
28512
29829
31789
33380
34955
35314
35703
35910
37835
39208
41175
42030
43104
44849
45044
45741
Number of cuts: 51

Partridge
76
2062
2938
3508
4284
4713
5280
5655
5788
6265
6342
8204
8356
9839
10252
10667
12520
13447
13873
14047
14134
14587
15014
17729
17978
19294
19631
19907
20341
20385
21365
21751
21768
21989
22710
24683
24927
25452
26929
27149
28275
28674
30256
32017
32402
32544
33605
35312
35671
36060
38193
41536
41967
43639
44400
Number of cuts: 55

Pepy6
433
845
969
1606
2643
3465
4149
4658
6017
7808
7921
7960
8242
11340
11463
11636
11804
11929
12829
14446
19071
19746
23105
24221
24573
25389
25538
26875
27262
28571
29991
31077
31775
33508
33801
34990
37226
37479
38621
40579
41026
41418
42837
44153
44165
44349
46493
47664
48935
49352
50330
50423
52486
54181
54224
54707
57177
57581
57662
60150
63785
65901
69548
74845
75319
76348
Number of cuts: 66

Peregrin
5220
5575
5689
6730
7093
18141
18858
23678
29948
30393
30938
31503
42464
45309
46692
46938
47295
48483
58055
62723
66820
71763
73953
83413
88018
93546
95317
98632
99119
104637
104672
107160
107967
117232
127722
Number of cuts: 35

Phrankenstein
461
1603
2003
2546
2879
3995
4654
5221
5596
5729
6206
6298
7893
8297
8394
9812
10225
10783
12359
12487
13063
13306
13414
13840
14877
15087
17438
17945
19598
19874
20308
21497
22610
24826
25351
28138
28458
29424
30042
31803
33394
34960
35319
35708
35915
37840
40674
41181
42036
43110
43864
44855
45050
45667
Number of cuts: 54

Pine5
640
787
946
1131
1542
1583
3101
3520
4161
4977
5233
5380
6358
6569
6582
7662
7760
8015
8204
8921
10261
10522
10616
10715
10824
11176
11302
11437
11629
11768
12086
12098
12202
12680
12822
12933
13960
14545
14748
16247
16479
16803
17027
17293
17414
17486
17642
17690
17978
18387
19209
19242
20650
20866
23387
23519
23596
23833
23862
23891
24796
24892
24918
24975
25277
25492
25847
25924
26458
26732
26965
27728
28061
28138
28832
29242
29412
29643
29762
30217
30537
30599
30669
31071
31829
32468
32975
33089
33192
34384
34540
35304
36324
37055
37321
37591
38420
38560
38780
38932
39305
39559
40548
40614
40643
40800
41513
41571
41887
42239
42923
43325
44164
44248
44465
44613
45265
45782
45808
47103
47215
49864
50017
50479
50730
50935
51499
52715
53071
53226
54406
54774
55364
55414
56115
56824
56942
57264
57834
57899
58488
59064
Number of cuts: 142

Poco6
587
845
969
1297
1490
1603
3810
4281
4849
5712
6113
7875
10065
12964
13215
15051
16280
17209
20725
20881
21199
21768
22255
23515
24168
25088
25118
26234
27402
29374
29555
32010
34349
35533
35826
37012
37054
37248
37571
38396
39411
41091
41987
43220
43494
45989
48709
50450
51273
51938
53603
53994
55732
56075
56215
58665
59177
60066
60563
64634
67539
68685
75974
76584
77616
Number of cuts: 65

Rasputin
461
1603
2003
2546
2879
3995
4410
4654
5221
5596
5729
6206
6283
8146
8298
9781
10194
12456
12774
13032
13383
13809
13983
14070
14523
14846
15056
17024
17914
19230
21119
21301
21520
22634
24607
24851
25376
28163
28483
29449
30067
31828
33419
34985
35344
35733
35940
37865
40699
41206
42061
43135
44880
45075
45692
Number of cuts: 55

RER2
461
1603
2003
2546
2879
3716
3995
4654
5221
5596
5729
6206
6298
7893
8297
8394
9812
10225
10783
12359
12487
13063
13306
13414
13840
14877
15087
17945
19598
19874
20308
21551
22664
24880
25405
28192
28512
29478
30096
31857
33448
35014
35373
35762
37894
40728
41235
42090
43164
44909
45104
45721
Number of cuts: 52

RexFury
461
1634
2034
2577
2910
4026
4685
5252
5627
5760
6237
6329
7924
8328
8425
9843
10256
10814
12390
12518
13094
13445
13871
14908
15118
17976
19629
19905
20339
21582
22695
24911
25436
28223
28543
28847
29509
30127
31888
33479
35045
35404
35793
36000
37925
39298
41265
42120
43194
44939
45134
45751
Number of cuts: 52

RGL3
967
1855
2301
3204
3451
3569
3986
3997
4656
5598
5782
7915
8287
8384
8399
8835
10216
10377
10647
12388
12473
12544
13245
13539
14405
14625
14694
15035
15377
16790
19376
20021
20705
21289
21982
22033
22080
23101
23157
26338
28063
29337
29472
29755
30529
30578
32527
34633
35267
35970
36332
36797
39539
39991
40281
41300
41903
42793
42943
47214
47304
47386
Number of cuts: 62

Rhodalysa
461
1603
2003
2546
2879
3716
3995
4654
5221
5596
5729
6206
6298
7893
8297
8394
9812
10225
10783
12359
12487
13063
13306
13414
13840
14877
15087
17945
19598
19874
20308
21551
22664
24880
25405
28192
28512
29478
30096
31857
33448
35014
35373
35762
35969
37894
40728
41235
42090
43164
44909
45104
45721
Number of cuts: 53

StCroix
461
1603
2003
2546
2879
3995
4654
5221
5596
5729
6206
6298
7893
8297
8394
9812
10225
10783
12359
12487
13063
13306
13414
13840
14877
15087
17945
19598
19874
20308
21551
22677
24893
25418
28205
28525
29491
30109
31870
33461
35027
35386
35775
35982
37916
41670
42112
43186
44931
45126
45743
Number of cuts: 51

Swann
461
1603
2003
2546
2879
3716
3995
4654
5221
5596
5729
6206
6298
7893
8297
8394
9812
10225
10783
12359
12487
13063
13306
13414
13840
14877
15087
17945
19598
19874
20308
21551
22664
24880
25405
28192
28512
30094
31855
33446
35012
35371
35760
37892
40726
41233
42088
43162
44907
45102
45719
Number of cuts: 51

Takoda
76
1995
2871
4646
5588
5721
6198
6275
6395
8137
8289
9772
10185
10498
12447
12765
13023
13374
14061
14514
14941
17656
17905
19558
19834
20312
22636
22953
24609
24853
25378
26819
28165
28485
29451
29804
31309
31764
33352
35197
35556
35945
36625
38077
39450
41419
41849
42414
43483
43493
44244
Number of cuts: 51

Trina
4629
12296
15279
16595
17838
18498
21764
22381
23709
27372
30452
32398
34331
35657
35747
44369
45154
45439
46747
47107
49003
49666
49927
58993
59023
59773
62644
71407
72240
74982
75772
79268
84953
85185
86315
88475
90047
91592
92099
92621
92855
93876
94481
95853
100461
101314
101865
104760
106770
110589
110761
111263
113786
116854
117800
119024
122152
122651
125085
Number of cuts: 59

TWAMP
461
1603
2003
2546
2879
3716
3995
4654
5221
5596
5729
6206
6298
7893
8297
8394
9812
10225
10783
12359
12487
13063
13306
13414
13840
14877
15087
17945
19598
19874
20308
21551
22664
24880
25405
28192
28512
29478
30096
31857
33448
35014
35373
35762
35969
37894
40728
41235
42090
43164
44909
45104
45721
Number of cuts: 53

UhSalsa
461
1603
2003
2546
2879
3995
4654
5221
5596
5729
6206
6298
7893
8297
8394
9812
10225
10783
12359
12487
13063
13306
13414
13840
14877
15087
17945
19598
19874
20308
21551
22664
24881
25406
28193
28513
29830
31790
33381
34956
35315
35704
35911
37836
39209
41176
42031
43105
44850
45045
45662
Number of cuts: 51

Weasels2
2864
4529
6038
10632
12498
19431
35002
35446
35689
39571
45934
46729
49249
52854
53766
56755
57612
58715
65461
66062
66665
73954
80739
81658
91294
94231
101435
107487
107522
110361
110873
114768
118150
120696
128549
134569
Number of cuts: 36

Yogi
461
2003
2546
2879
4225
4654
5221
5596
5729
6206
6283
8297
9780
10193
10506
11432
12461
12779
13037
13388
13814
13988
14075
14528
14851
15061
15859
17029
17919
19235
22638
22955
24854
25379
28166
28486
29452
30070
31831
33422
34985
35344
35733
35940
36666
38245
41079
41586
41999
42441
43515
44269
45260
45458
Number of cuts: 54

Yoncess
461
2003
2546
2879
4225
4410
4654
5221
5596
5729
6206
6283
8145
8297
9780
10193
10506
11432
12461
12779
13037
13388
13814
13988
14075
14528
14851
15061
15859
17029
17919
19235
21306
22639
24611
24855
25380
28167
28487
29453
29850
31611
33202
34768
35127
35516
35723
37648
40482
40989
41403
41848
42923
43677
44668
44863
45480
Number of cuts: 57

