Alatin
176
302
350
620
632
2076
2199
2817
3009
3935
5477
6122
6563
6891
7963
9062
9897
10249
10758
13041
13820
14342
14991
15533
15622
18631
19544
20653
21337
22826
23219
24393
24531
26015
26490
27214
28152
29077
30783
31918
33037
35267
36051
36816
38234
38286
39317
41969
44902
Number of cuts: 49

Alpacados
176
302
350
620
632
1879
2029
2779
2971
3897
5042
6084
6510
6838
7704
8376
8797
8992
10179
10610
12599
12977
13756
14278
14927
15469
15558
16691
18548
18567
19480
20589
21072
21273
22695
23088
24262
24400
25920
26395
27119
28057
28982
29456
30688
31823
32942
35169
36709
38127
38179
39210
41792
44725
Number of cuts: 54

AngryOrchard
176
302
350
617
629
1871
2021
2144
2179
2762
2954
3880
5025
5422
6067
6493
6821
7687
8359
8975
10162
10593
12582
12960
13739
13758
14261
14910
15452
15541
16674
18550
19463
20572
22690
23083
24258
24396
25880
26354
27078
28016
28941
29415
30581
31716
32062
32832
35329
36869
38287
39370
42022
44944
Number of cuts: 54

AppleCloud
93
384
396
1635
1785
1908
1943
2526
2697
2718
3644
5186
5831
6257
6349
6585
7451
7778
8123
8715
9902
10333
12781
13006
13549
13785
13804
14956
15498
15587
18596
19509
20168
20618
21302
22228
23118
24268
24406
24928
25890
26365
27089
28027
29031
29502
30513
31648
32767
34994
36534
37952
38004
39035
41686
44619
Number of cuts: 56

Belenaria
176
302
350
620
632
2076
2199
2817
3009
3935
5477
6122
6563
6891
7963
9062
9897
10249
10758
13041
13820
14342
14991
15533
15622
18631
19544
20653
21337
22759
23152
24327
24465
25949
26424
28086
29011
29483
30649
32903
35142
36682
38100
38152
39183
41834
44767
Number of cuts: 47

BobbyDazzler
176
302
350
620
632
1991
2141
2264
2305
2888
3080
4006
5151
6193
6619
6947
7813
8485
8906
9101
10288
10719
12708
13086
13865
14387
15036
15578
15667
16800
18657
18676
19589
20698
21382
23198
24372
24510
25994
26469
27193
28131
29056
29530
30762
31897
33016
35246
36786
38204
38256
39287
41940
44873
Number of cuts: 54

Bonanza
176
302
350
620
632
2076
2199
2234
2817
3009
3935
5080
6122
6548
6876
7742
8414
8835
9030
10217
10648
12637
13015
13794
14316
14965
15507
15596
16729
18586
18605
19518
20627
21311
22733
23126
24300
24438
25922
26397
27121
28059
28984
29458
31825
32944
35171
37091
38509
38561
39592
42244
45177
Number of cuts: 53

Bradshaw
176
302
350
620
632
2076
2199
2817
3009
3935
5477
6122
6563
6891
7963
9062
9897
10249
10758
13041
13820
14342
14991
15533
15622
18631
19544
20653
21337
22759
23152
24326
24464
25948
26423
27147
28085
29010
30716
31851
32970
35200
35984
36749
38167
38219
39250
41902
44835
Number of cuts: 49

Bryce
176
302
350
620
632
2076
2199
2234
2817
3009
3935
5080
6122
6548
6876
7742
8414
8835
9030
10217
10648
12637
13015
13794
14316
14965
15507
15596
16729
18586
18605
19518
20627
21110
21311
23127
24301
24439
25923
26398
27122
28060
28985
29459
30470
31605
32724
34954
36494
37912
37964
38995
41648
44581
Number of cuts: 54

ChewyVIII
146
281
816
2208
2501
3222
3365
3693
4215
5702
7258
7622
8283
10122
10625
11303
11802
13402
14112
14161
15061
15816
15896
17892
19565
20586
21495
22916
25261
25803
26714
28099
29342
30379
33031
34012
35304
35880
36564
36825
38619
39316
40325
41051
42390
42394
44174
45035
45467
46536
48632
50954
52894
55668
56293
58252
59543
60780
63151
63453
63498
63520
66241
68425
68429
68444
68463
68580
Number of cuts: 68

CosmicSans
176
302
350
620
632
2076
2199
2817
3009
3935
5477
6122
6563
6891
7963
9062
9897
10249
10758
13041
13820
14342
14991
15533
15622
18631
19544
20653
21337
22759
23152
24326
24464
25948
26423
27147
28085
29010
30716
31851
32970
35200
36740
38158
38210
39241
41893
44826
Number of cuts: 48

Dinger
176
302
350
619
631
2072
2195
2813
2984
3005
3811
3931
5076
5473
6118
6544
6636
6872
7738
8065
8410
9026
10213
10644
12633
13011
13790
14312
14961
15503
15592
16725
18601
19514
20623
21307
22742
23135
24310
24448
25932
26407
27131
28069
29073
29545
30585
31720
32066
32839
33548
35342
36165
36882
38300
38352
39383
42040
44962
Number of cuts: 59

DocB7
Number of cuts:  0

E3
Number of cuts:  0

Erik
176
302
350
620
632
2076
2199
2817
3009
5477
6122
6563
6891
7963
9061
9896
10248
10757
13040
13819
14341
14990
15532
15621
18630
19543
20652
21336
22758
23151
24324
24462
25946
26421
28083
29008
29482
30648
31783
32902
35132
36672
38090
38142
39173
41724
44657
Number of cuts: 47

Espica
176
302
350
620
632
2076
2199
2817
3009
3935
5477
6122
6563
6891
7963
9062
9897
10249
10758
13041
13820
14342
14991
15533
15622
18631
19544
20653
21337
22759
23152
24327
24465
25949
26424
28086
29011
29483
30649
32903
35142
36682
38100
38152
39183
41834
44767
Number of cuts: 47

Finch
15269
118732
Number of cuts:  2

Gollum
176
302
350
620
632
2076
2199
2817
3009
3935
5477
6122
6563
6891
7963
9062
9897
10249
10758
13041
13820
14342
14991
15533
15622
18631
19544
20653
21337
22759
23152
24326
24464
25948
26423
27147
28085
29010
29482
30714
32968
35198
36738
38156
38208
39239
41835
44768
Number of cuts: 48

Grayson
226
2806
2834
13016
29671
58243
73152
83194
92712
98857
105532
110765
118673
121131
121149
121171
121185
124123
124164
124168
124193
125252
127494
128406
128484
128507
128550
128585
129127
131707
131735
Number of cuts: 31

Harlequin
176
302
350
620
632
2076
2199
2234
2817
3009
3935
5477
6122
6548
6876
7742
8414
9006
10193
10624
12613
12991
13770
14292
14941
15483
15572
16705
18562
18581
19494
20603
21086
21287
23157
24331
24469
25953
26428
27152
28090
29015
29489
30500
31635
32754
34984
36524
37942
37994
39025
41683
44616
Number of cuts: 53

Hiro
176
302
350
620
632
2076
2199
2234
2817
3009
3935
5080
6122
6548
6876
7742
8069
8414
9006
10193
10624
13072
13297
13840
14076
14095
15247
15789
15878
18887
19800
20459
20909
21593
22519
23409
24586
24724
26208
26683
27407
28345
29270
29744
30976
32111
33230
35460
37000
38418
38470
39501
42154
45087
Number of cuts: 54

Jace
827
1532
1865
4451
5939
6545
7668
9342
9446
10620
11478
13094
14399
15855
16591
17503
18292
18700
19318
21003
21228
21474
23087
24601
26408
27495
28676
30034
30628
31223
31570
32147
33791
34757
35101
35273
35610
36670
37826
38495
39669
41406
42049
42406
43391
44843
45983
46799
47764
48175
48442
49535
49977
51305
52163
53291
Number of cuts: 56

Jester
176
302
350
620
632
2076
2199
2234
2817
3009
3935
5477
6122
6548
6876
7742
8414
9006
10193
10624
12607
12985
13764
14935
15477
15566
18575
19488
20597
21080
21281
23088
24262
24400
25884
26359
27083
28021
28946
29420
30431
31566
32685
34915
36455
37873
37925
38956
41614
44547
Number of cuts: 50

Krishelle
176
302
350
620
632
2076
2199
2817
3009
3935
5477
6122
6563
6891
7757
8084
8429
9021
10208
10639
13087
13312
13855
14091
14110
15262
15804
15893
18902
19815
20474
20924
21608
22570
23460
24610
24748
25270
26232
26707
27431
28369
29373
31076
32211
33330
35560
36344
37109
38527
38579
39610
42262
45195
Number of cuts: 54

Lillie
176
302
350
620
632
2076
2199
2817
3009
3935
5477
6122
6563
6891
7963
9062
9897
10249
10758
13041
13820
14342
14991
15533
15622
18631
19544
20653
21337
22759
23152
24326
24464
25948
26423
27147
28085
29010
30716
31851
32970
35200
36740
38158
38210
39241
41893
44826
Number of cuts: 48

Mahdia
Number of cuts:  0

Naiad
176
302
350
620
632
2076
2199
2817
3009
3935
5477
6122
6563
6891
7963
9062
9897
10249
10758
13041
13820
14342
14991
15533
15622
18631
19544
20653
21337
22772
23165
24339
24477
25961
26436
27160
28098
29023
30729
31864
32983
35213
35997
36762
38180
38232
39263
41915
44848
Number of cuts: 49

Nancinator
176
302
350
620
632
2076
2199
2817
3009
3935
5477
6122
6563
6891
7963
9062
9897
10249
10758
13041
13820
14342
14991
15533
15622
18631
19544
20653
21337
22759
23152
24327
24465
25949
26424
28086
29011
29483
30649
32903
35142
36682
38100
38152
39183
41232
44165
Number of cuts: 47

Natosaleda
176
302
350
620
632
2076
2199
2817
3009
3935
5477
6122
6563
6891
7963
9062
9897
10249
10758
13041
13820
14342
14991
15533
15622
18631
19544
20653
21337
22759
23152
24326
24464
25948
26423
28085
29010
29482
30648
32902
35141
36681
38099
38151
39182
41833
44766
Number of cuts: 47

Partridge
176
302
350
617
629
2135
2258
2876
3047
3068
3874
3994
5139
5536
6181
6607
6699
6935
7801
8128
8473
9089
10276
10707
12696
13074
13853
14375
15024
15566
15655
16788
18664
19577
20236
20686
21370
22805
23198
24373
24511
26031
26506
27230
28168
29172
29644
30876
32011
32357
33127
33836
35498
36282
37038
38457
38509
39540
42194
45308
Number of cuts: 60

Pepy6
52
356
720
1250
2135
4339
4865
5371
10174
11066
14520
15399
17018
17175
18461
18821
21115
22345
22723
24189
25497
25749
27363
28775
29399
30604
31260
32293
35386
36888
37581
37742
43416
43933
43969
45042
45547
45675
45936
47617
47716
47797
49179
50100
50394
53935
54025
54541
54691
57083
59303
60499
60678
63894
64076
65174
65392
67454
68901
69620
70495
73053
73974
Number of cuts: 63

Peregrin
215
2843
2871
12330
29185
56610
71562
83086
92143
97303
105953
110426
121398
122867
122884
122906
122920
125969
126010
126014
126038
127262
128531
129634
129712
129735
130284
132912
132940
Number of cuts: 29

Phrankenstein
176
302
350
620
632
2076
2199
2817
3009
3935
5477
6122
6563
6891
7963
9062
9897
10249
10758
13041
13820
14342
14991
15533
15622
18631
19544
20653
21337
22705
23098
24272
24410
25894
26369
27093
28031
28956
29430
30662
32916
35146
36686
38104
38156
39187
41839
44772
Number of cuts: 48

Pine5
256
431
1157
1310
3752
4024
5306
6691
7204
7915
8584
10104
10435
11024
11991
12285
14149
14167
14182
14609
16279
16369
18406
19067
20404
21261
21612
22946
23138
23997
24399
25149
26264
27070
28351
28983
29206
30830
31520
31555
32685
33533
35338
35690
37404
37922
39157
39798
41208
41466
41941
42715
43870
44506
45207
46542
46546
47494
47800
48889
48956
49922
50162
50525
50772
52311
53812
54421
55809
57202
57441
Number of cuts: 71

Poco6
52
435
720
1247
1332
1653
4508
5860
6586
7052
7211
7618
7658
8984
14496
14664
19166
20100
21816
23137
23141
24370
24766
26202
27553
27762
30979
33285
34723
35146
37408
37914
38910
45143
45793
47675
49857
51612
51909
55533
56049
56199
59402
59899
60482
61879
64743
65921
66139
68096
68972
69210
71761
75236
Number of cuts: 54

Rasputin
176
302
350
620
632
2076
2199
2817
3009
3935
5080
6122
6548
6876
7742
8415
8836
9031
10218
10727
12632
13010
13789
14311
14960
15502
15591
16724
18581
18600
19513
20622
21306
22729
23122
24297
24435
25919
26394
27118
28056
28981
29455
30687
31822
32941
35171
36711
38129
38181
39212
41864
44797
Number of cuts: 53

RER2
176
302
350
620
632
2076
2199
2817
3009
3935
5477
6122
6563
6891
7963
9062
9897
10249
10758
13041
13820
14342
14991
15533
15622
18631
19544
20653
21337
22759
23152
24326
24464
25948
26423
27147
28085
29010
29484
30716
31851
32970
35200
36740
38158
38210
39241
41893
44826
Number of cuts: 49

RexFury
176
302
350
620
632
2107
2230
2848
3966
5508
6153
6594
6922
7994
9093
9928
10280
10789
12694
13072
13851
14373
15022
15564
15653
18662
19575
20684
21368
22790
23183
24357
24495
25979
26454
27178
28116
29041
29515
30747
33001
35231
36771
38189
38241
39272
41923
44856
Number of cuts: 48

RGL3
173
608
621
837
2075
3011
3937
5082
6648
6881
7953
8854
10419
10610
12104
13166
13463
15697
15709
15786
16919
18793
19691
20254
20850
22740
23630
24748
25348
25366
26798
28122
28165
29381
30353
32521
33874
35708
37735
38985
39732
40032
41430
42719
42733
46392
Number of cuts: 46

Rhodalysa
176
302
350
620
632
2076
2199
2817
3009
3935
5477
6122
6563
6891
7963
9062
9897
10249
10758
13041
13820
14342
14991
15533
15622
18631
19544
20653
21337
22759
23152
24326
24464
25948
26423
27147
28085
29010
30716
31851
32970
35200
36740
38158
38210
39241
41893
44826
Number of cuts: 48

StCroix
176
302
350
620
632
2076
2199
2817
3009
3935
5477
6122
6563
6891
7963
9062
9897
10249
10758
13041
13820
14342
14991
15533
15622
18631
19544
20653
21337
22772
23165
24339
24477
25961
26436
27160
28098
29023
30729
31864
32983
35213
35997
36762
38180
38232
39263
41915
44848
Number of cuts: 49

Swann
176
302
350
620
632
2076
2199
2817
3009
3935
5477
6122
6563
6891
7963
9062
9897
10249
10758
13041
13820
14342
14991
15533
15622
18631
19544
20653
21337
22759
23152
24326
24464
25948
26423
27147
28085
29010
29482
30714
31849
32968
35198
36738
38156
38208
39239
41891
44824
Number of cuts: 49

Takoda
176
302
350
617
629
1918
2068
2191
2226
2809
3001
3927
5072
5469
6114
6540
6868
7734
8406
8827
9022
10209
10640
12623
13001
13780
13799
14302
14951
15493
15582
16715
18591
19504
20613
21297
22731
23124
24299
24437
25921
26396
27120
28058
28983
29457
30623
31758
32104
32874
35383
36167
36923
38341
38393
39424
42076
45152
Number of cuts: 58

Trina
261
294
2785
136663
136696
139187
Number of cuts:  6

TWAMP
176
302
350
620
632
2076
2199
2817
3009
3935
5477
6122
6563
6891
7963
9062
9897
10249
10758
13041
13820
14342
14991
15533
15622
18631
19544
20653
21337
22759
23152
24326
24464
25948
26423
27147
28085
29010
30716
31851
32970
35200
36740
38158
38210
39241
41893
44826
Number of cuts: 48

UhSalsa
176
302
350
620
632
2076
2199
2817
3009
3935
5477
6122
6563
6891
7963
9062
9897
10249
10758
13041
13820
14342
14991
15533
15622
18631
19544
20653
21337
22759
23152
24327
24465
25949
26424
28086
29011
29483
30649
32903
35142
36682
38100
38152
39183
41834
44767
Number of cuts: 47

Weasels2
Number of cuts:  0

Yogi
176
302
350
620
632
2076
2199
2234
2817
3009
3935
5080
6122
6548
6876
7742
8414
8835
9030
10217
10648
12637
13015
13794
14316
14965
15507
15596
16729
18586
18605
19518
20627
21311
22733
23126
24300
24438
25922
26397
27121
28059
28984
29458
31825
32944
35171
37091
38509
38561
39592
42244
45177
Number of cuts: 53

Yoncess
176
302
350
620
632
2076
2199
2234
2817
3009
3935
5080
6122
6548
6876
7742
8414
9030
10217
10648
13015
13794
14316
14965
15507
15596
16729
18586
18605
19518
20627
21311
23127
24301
24439
25923
26398
27122
28060
28985
29459
30470
31605
34954
36494
37912
37964
38995
41651
44585
Number of cuts: 50

