Alatin
394
791
1447
1729
1768
1894
2619
2650
3246
4542
5023
5210
6494
6633
6974
7022
8154
9213
9356
9398
9970
10459
12052
12390
12496
13370
14155
14717
16574
16580
16624
17261
17280
17372
17630
18262
19037
19886
20163
20229
20570
20668
21131
21329
21480
21534
22175
22254
22313
22369
22681
23175
23226
24775
25194
25249
25399
25752
25762
26003
26970
27092
27762
28010
28097
28530
28563
29957
30222
30604
31566
31944
32350
32575
32808
33224
33695
34672
34818
35016
35029
35243
35275
35848
36236
37962
38247
38450
38890
38915
39134
42093
44031
46227
46408
46470
46471
Number of cuts: 97

Alpacados
394
791
1447
1681
1720
2581
2612
3208
3571
3645
4504
4985
5172
5193
5602
5793
6036
6441
6580
6921
6969
9286
9900
10063
10656
11128
11988
12413
12432
13128
13306
14091
14653
16510
16560
17197
17216
17308
17566
18198
18973
19588
19822
20099
20165
20506
20604
20758
21197
21416
21917
22056
22238
22550
23044
23095
23147
24644
25063
25118
25268
25382
25657
25667
26577
26875
26997
27224
27667
28002
28435
28468
29043
29862
30509
31471
31849
32255
32480
32713
33129
33600
33809
34574
34720
34918
34931
35145
35177
35750
37855
38343
38808
39027
41916
43854
45462
46229
46291
46292
Number of cuts: 100

AngryOrchard
394
461
786
1674
1713
2152
2511
2564
2595
3191
3628
4487
4968
5155
5176
5585
5776
5811
6019
6424
6441
6563
6904
9269
9883
10639
11111
12396
12415
13111
13289
14074
16493
16499
16543
17180
17199
17291
17486
17549
18181
18956
19805
20720
21248
21363
21417
22039
22118
22177
22233
22545
23039
23090
23142
24640
25059
25114
25285
25617
25627
25868
26536
26834
27167
27341
27626
28394
29002
30402
31364
31742
32606
33019
33509
33590
33969
34641
34880
35078
35091
35305
35337
35910
36060
38015
38943
38968
39187
42146
42831
43600
44073
45071
45241
46335
46395
46396
Number of cuts: 98

AppleCloud
71
124
586
1436
1475
1916
2117
2328
2359
2955
3318
3392
3589
4029
4251
4732
4919
4940
5540
5783
6188
6327
6668
8782
9009
9623
10112
10845
11705
12587
13335
13408
14296
15771
16539
16589
17226
17245
17337
17595
18227
19002
19851
20194
20331
20402
20787
21096
21294
21445
22086
22164
22247
22347
22625
22671
22712
22760
23416
24650
25069
25124
25274
25627
25637
25878
26547
26845
27352
27637
28350
29092
29952
30334
31248
31674
32305
32367
32538
32954
33628
34306
34545
34743
34756
34970
35002
35575
37680
37965
38013
38192
38375
38633
38852
41810
43748
45944
46124
46186
46187
Number of cuts: 101

Belenaria
394
791
1447
1729
1768
1894
2619
2650
3246
4542
5023
5210
6494
6633
6974
7022
8154
9213
9356
9398
9970
10459
12052
12390
12496
13370
14155
14717
16574
16580
16624
17261
17280
17372
17630
19037
19886
20163
20229
20570
20668
21131
21329
21480
22120
22246
22614
23108
23159
24709
25128
25183
25333
25686
25696
25937
26606
26904
27026
27696
27944
28031
28464
28497
29072
29821
30470
31432
31810
32216
32441
32674
33090
33561
33770
34693
34891
34904
35118
35150
35723
35873
37828
38113
38161
38340
38523
38781
39000
41958
43896
46092
46273
46335
46336
Number of cuts: 95

BobbyDazzler
394
791
1793
1832
2241
2690
2721
3317
3680
3754
4214
4613
5094
5281
5302
5711
5902
5937
6145
6550
6689
7030
7078
9395
10009
10765
11237
12097
12522
12541
13237
13415
14200
14762
16619
16669
17306
17325
17417
17675
18307
19082
19697
19931
20208
20274
20615
20713
20867
21176
21306
21525
22026
22166
22348
22361
22660
23154
23205
24754
25173
25228
25378
25731
25741
25982
26651
26949
27071
27298
27741
27989
28076
28509
28542
29117
29936
30543
30583
31923
32329
32554
32787
33203
33674
33883
34651
34797
34995
35008
35222
35254
35827
37932
38420
38860
38885
39104
42064
44002
46377
46439
46440
Number of cuts: 103

Bonanza
394
791
1447
1729
1768
1894
2619
2650
3246
3609
3683
4143
4542
5023
5210
5231
5640
5831
6074
6479
6618
6959
7007
9324
9938
10101
10694
11166
12026
12451
12470
13166
13344
14129
14691
16548
16598
17235
17254
17346
17604
18236
19011
19626
19860
20137
20203
20544
20642
20796
21105
21243
21303
21418
21955
22094
22276
22588
23082
23133
23558
24682
25101
25156
25306
25659
25669
26579
26877
27226
27669
27917
28004
28437
28470
29045
29864
30471
30511
31473
31851
32257
32482
32715
33131
33602
33811
34576
34722
34920
34933
35147
35179
35752
36387
38237
38725
39190
39409
42368
44306
46668
46730
46731
Number of cuts: 104

Bradshaw
394
791
1447
1729
1768
1894
2619
2650
3246
4542
5023
5210
6494
6633
6974
7022
8154
9213
9356
9398
9970
10459
12052
12390
12496
13370
14155
14717
16574
16580
16624
17261
17280
17372
17630
19037
19886
20163
20229
20570
20668
21131
21329
21480
22120
22246
22302
22614
23108
23159
24708
25127
25182
25332
25685
25695
25936
26605
26903
27025
27695
27943
28030
28463
28496
29890
30155
30537
31499
31877
32283
32508
32741
33157
33628
34605
34751
34949
34962
35176
35208
35781
36169
37895
38180
38383
38823
38848
39067
42026
43964
46160
46340
46402
46403
Number of cuts: 95

Bryce
394
791
1447
1729
1768
1854
1894
2619
2650
3246
3609
3683
4143
4542
5023
5210
5231
5640
5831
5866
6074
6479
6618
6959
7007
9324
9938
10694
11166
12026
12451
12470
13166
13344
14691
16548
16598
17235
17254
17346
17604
18236
19011
19626
19860
20137
20203
20544
20642
20796
21243
21303
21454
21955
22095
22277
22290
22589
23083
23134
24683
25102
25157
25307
25660
25670
25911
26580
26878
27000
27227
27243
27244
27385
27670
27918
28005
28438
28471
29046
30291
31253
31631
32037
32262
32495
32911
33382
33591
34359
34444
34505
34703
34716
34930
34962
35535
37640
38128
38593
38812
41772
43710
45318
46083
46145
46146
Number of cuts: 107

ChewyVIII
93
608
1219
1799
1894
1921
1967
2023
2221
2295
2907
2929
3108
3352
3697
3790
4855
4942
5343
6137
7332
7604
7629
7797
8453
8940
8974
9955
11040
11120
11579
12000
12213
12261
12783
13478
13816
13878
13879
13980
14378
15019
15026
15635
17020
17155
17459
17842
17962
18006
18040
19195
19441
19848
19967
20196
20432
20594
20759
21328
22245
22530
22540
23176
23326
23449
23461
23652
24031
24167
24247
24425
24533
25012
25228
25496
26272
26291
26617
26914
26926
27265
27303
27373
27553
27662
27824
28088
28263
29428
29463
29984
30116
30168
30176
30317
30509
30666
30735
30874
31053
31081
31347
31484
31732
32840
32911
33514
34087
34115
34437
34557
34646
35258
35352
35669
36045
36348
36401
36766
37381
37648
37841
38005
38080
38352
38690
39107
39767
39774
39970
39976
40441
40672
41033
41105
42009
42374
42483
42642
43616
44356
44406
44566
45066
45163
45190
45252
45417
45640
45880
45902
45970
46795
47123
47897
48193
48372
48896
50324
50448
51002
51170
51301
51807
51918
51935
51978
52040
52116
52372
52725
53469
53563
53920
54014
54115
54216
55032
55229
56761
56899
56911
57152
57247
57953
58528
58734
58968
60127
60784
61036
61059
61410
62216
62597
63649
64269
69136
Number of cuts: 199

CosmicSans
394
791
1447
1729
1768
1894
2619
2650
3246
4542
5023
5210
6494
6633
6974
7022
8154
9213
9356
9398
9970
10459
12052
12390
12496
13370
14155
14717
16574
16624
17261
17280
17372
17630
18262
19037
19886
20163
20229
20570
20668
21131
21329
21480
22120
22246
22302
22614
23108
23159
23211
24708
25127
25182
25353
25685
25695
25936
26605
26903
27025
27695
27943
28030
28463
28496
29890
30155
30537
31499
31877
32283
32508
32741
33157
33628
34605
34751
34949
34962
35176
35208
35781
37886
38171
38374
38814
38839
39058
42017
43955
46332
46394
46395
Number of cuts: 94

Dinger
394
788
1442
1725
1764
2448
2646
3242
3679
4538
5019
5227
5636
5827
6070
6475
6485
6492
6614
6955
7003
9320
9934
10690
11065
11162
12466
13162
13340
14125
16544
16550
16594
17231
17250
17342
17537
17600
18232
19007
19532
19696
19856
20199
20407
20638
21101
21414
21468
22091
22170
22177
22285
22597
23012
23091
23142
23194
24692
25111
25166
25316
25669
25679
25920
26589
26887
27394
27679
28392
29134
30406
30714
31368
31746
32439
32551
32610
33026
33516
33542
33597
33743
33970
34747
34893
35091
35104
35318
35350
35923
36073
38028
38516
38956
38981
39200
39889
40995
41394
42164
42849
43618
44091
45258
46174
46354
46395
46444
46445
Number of cuts: 110

DocB7
410
1004
1454
1691
1752
1944
2140
2873
3365
4098
4203
4494
5330
5482
5503
5813
5851
6778
7110
7402
7706
7874
7991
8064
8612
9055
10436
10935
11572
11841
11934
12032
12086
12327
12518
13077
13241
13265
13356
13670
13690
14083
14768
15338
16313
16372
16703
16837
17256
17471
19550
19836
19899
21240
21589
23257
23290
23881
25749
26016
26103
26122
26814
27374
27433
27966
28092
28292
28451
29396
29971
31863
33405
33580
34530
34551
34841
36518
36676
37862
38099
38183
38378
38481
39483
39755
40301
40923
41746
43094
46909
47056
47801
47964
48229
48306
48702
49589
50199
50365
50874
51050
51233
51513
51623
52009
52271
53433
54268
54447
54922
55042
55361
55390
55411
56546
56623
56728
56742
58032
58162
58666
58755
58824
59015
59288
59325
59872
60082
60730
60764
61074
61112
61164
61364
61398
61483
62092
62245
62257
63576
63586
63780
64259
64468
64478
64624
64712
64794
65181
65248
65631
65662
65736
65754
65964
66180
66433
66488
66499
66682
66864
67060
67338
67539
68625
68931
68962
69040
70798
70821
71730
72199
74026
75109
75144
Number of cuts: 176

E3
177
178
203
558
559
927
973
1486
2109
2240
2262
2563
2678
2755
2816
2966
2981
2982
3099
3250
3251
3446
3702
3857
3872
4498
4686
5041
5369
5495
5552
6067
6143
6288
6455
6508
6517
6915
6972
7175
7253
7404
7639
7702
8251
8354
8589
8654
8655
8894
9096
9339
9915
10003
10004
10252
10327
10363
10370
10456
10643
10710
10753
10761
10791
11527
11721
11841
11860
12001
12111
12283
13222
13237
13266
13422
13506
13893
13980
14620
15538
15599
15724
15921
16037
16275
16315
16381
17082
17453
17454
17942
17943
18081
18567
18752
18786
18865
19165
20150
20570
20690
20926
21103
21231
21306
21348
21349
21735
21736
21920
22277
22420
22774
22947
22967
22968
23362
23706
23814
23951
23952
24558
25405
25566
25919
26105
26153
26326
26358
26359
26378
26379
26503
26593
26759
27328
27390
27485
27584
27635
27701
27726
27914
28052
28223
28423
28526
28678
29081
29444
29456
29457
29589
29590
29739
29740
29916
29917
30072
30150
30197
30696
30708
30846
30891
30912
31402
31463
31477
31629
31807
31901
32226
32257
32491
32499
32519
32624
33298
33453
34864
35026
35421
35485
35662
35845
36117
36190
36630
36740
36834
36918
36929
36990
37673
38052
38136
38352
38548
38549
38604
38605
38633
38754
39049
39214
39530
39920
40009
40010
40190
40191
40322
40666
40805
40953
41276
41307
41334
41504
41538
41544
41703
41987
42565
42592
43123
43550
43595
43642
43878
44032
44127
44191
44234
44285
44476
44715
44768
44801
45044
45519
45566
45725
45931
46022
46114
46195
46216
46324
46336
46337
46390
46407
46525
46687
46823
46905
46922
46990
47061
47152
47265
47266
47286
47287
47381
47568
47693
47721
47881
48199
48217
48218
48257
48268
48269
48335
49060
49301
49509
49510
50165
50204
50281
50558
50646
50774
50838
50858
51007
51079
51091
51092
51270
51328
51335
51758
51801
51802
51973
51974
52070
52109
52790
53604
53784
54106
54723
54983
54984
55146
55177
55391
55569
55604
55641
55642
55655
55656
55870
56202
56343
56611
56719
56882
56935
56936
56954
57093
57107
57198
57349
57391
57525
57558
57603
57864
57865
57900
57981
58024
58137
58245
58602
58761
58762
59206
59320
59686
59687
59988
59989
60207
60216
60225
60226
60297
60431
60856
61279
61292
61293
61887
61966
62164
62184
62185
62396
62522
62532
62556
62595
62616
62697
62838
62955
62956
63037
63038
63155
63597
63757
63798
63823
63824
63854
64025
64139
64172
64382
64694
64712
64753
64754
64988
64995
64996
65112
65133
65324
65325
65335
65596
65739
65740
65754
65982
65983
66028
66246
66513
66834
67216
67328
67368
67427
67428
67517
67518
67553
67845
67942
67978
67984
68176
68233
68275
68319
68481
68538
69105
69254
69275
69276
69655
70337
70338
70364
70939
71283
71307
71536
72382
72580
72648
72881
73025
73026
73043
73088
73089
73291
73387
73584
73748
73760
73761
73776
73802
73803
73880
74246
74443
74495
74650
74724
75032
75033
75144
75409
75410
75577
75685
75797
75879
75917
76026
76314
76361
76882
76921
77031
77115
77116
77167
77342
77373
77600
77612
77677
77798
77807
77995
78164
78699
78843
79131
79132
79296
79322
79323
79410
79411
79458
80108
80366
80699
80711
81088
81128
81359
81385
81612
81659
81774
81908
81909
81955
82051
82213
82236
82237
82297
82298
82379
82392
82456
82457
82508
82585
82700
82711
82735
82946
83321
83405
83478
83576
83694
83953
84142
84370
84911
84977
84978
85393
85418
85618
85627
86041
86113
86190
86548
86549
87159
87254
87285
87416
87479
88182
88566
88567
88582
88583
88676
88677
88704
88705
88747
88748
88861
88937
89167
89244
89245
89439
89531
89825
90024
90062
90063
90080
90124
90125
90479
90550
90618
90698
90853
90903
91142
91374
91375
91522
91868
92096
92197
92796
92826
92919
92992
93254
94038
94053
94149
94150
94216
94232
94498
94841
94842
94854
94864
95306
95434
95681
95757
95758
95908
96115
96306
96317
96331
96433
96534
97664
98116
98275
98745
99041
99159
99193
99509
99563
99568
99900
99906
100082
100235
100400
100626
100869
101000
101194
101322
101374
101590
101663
101737
101791
101941
101942
102020
102520
102521
102710
102886
103328
103381
103382
103406
103427
103454
103612
103763
104150
104723
104942
105041
105103
105320
105321
105585
105822
105961
106049
106121
106230
106551
106728
106764
107016
107802
107810
107861
108097
108107
108418
108536
108847
109278
109306
109363
109416
109683
109814
109884
109947
110222
110354
110581
110582
110599
110734
110797
111324
111329
111370
111456
111628
111825
111826
111964
112280
112584
112585
112835
113077
113122
113409
113415
113428
113761
114167
114396
114699
114700
114833
114909
114923
115121
115216
115282
115334
115559
115560
115642
116160
116161
116212
116213
116223
116224
116232
116512
116680
116783
116901
116996
117153
117446
117474
117859
118196
118284
118992
118993
119031
119214
119249
119721
119746
119923
120353
120496
120739
120740
120965
120985
121251
121534
121626
121666
122071
122086
122212
122329
122346
122642
122840
122877
123168
123198
123384
123385
123560
123575
123868
124181
124328
124426
124427
124512
124637
124790
124926
125110
125154
125161
125296
125368
125495
125871
125953
126059
126091
126127
126128
126247
126493
126949
126963
126985
127161
127281
127672
127680
127681
127928
128083
128430
128792
129086
129115
129150
129393
129556
129925
130036
130050
130318
130470
130757
131191
131561
131674
131744
131745
131812
131908
131947
131991
132435
132556
132741
132755
132772
132796
132797
132984
133230
133231
133404
134033
134277
134673
134736
134737
134895
134943
135002
135185
135294
135438
135843
136026
136027
136110
136370
136371
136647
136789
137103
137327
137377
137425
137455
137479
137767
137776
137815
137858
137980
138061
138166
138167
138418
138445
138446
138526
138574
138646
138752
138859
139153
139185
139301
139310
139326
139839
139923
139968
139989
139990
140088
140143
140232
140243
140530
140703
140850
140877
140987
141001
141241
141242
141313
141340
141341
141455
141456
141525
141561
141593
141970
141971
142039
142204
142359
142422
142519
Number of cuts: 933

Erik
394
791
1447
1729
1768
1894
2619
2650
3246
4542
5023
5210
6494
6633
6974
7022
8154
9212
9355
9397
9969
10458
12051
12389
12495
13369
14154
14716
16573
16579
16623
17260
17279
17371
17629
19036
19885
20162
20228
20569
20667
21130
21328
21479
22119
22245
22613
23107
23158
23210
24706
25125
25180
25330
25683
25693
25934
26603
26901
27023
27693
27941
28028
28461
28494
29820
30469
31431
31809
32215
32440
32673
33089
33560
34537
34683
34881
34894
35108
35140
35713
37818
38103
38306
38746
38771
38990
41848
43786
45982
46164
46226
46227
Number of cuts: 93

Espica
394
791
1447
1729
1768
1894
2619
2650
3246
4542
5023
5210
6494
6633
6974
7022
8154
9213
9356
9398
9970
10459
12052
12390
12496
13370
14155
14717
16574
16580
16624
17261
17280
17372
17630
19037
19886
20163
20229
20570
20668
21131
21329
21480
22120
22246
22614
23108
23159
24709
25128
25183
25333
25686
25696
25937
26606
26904
27026
27696
27944
28031
28464
28497
29072
29821
30470
31432
31810
32216
32441
32674
33090
33561
33770
34693
34891
34904
35118
35150
35723
37828
38113
38161
38340
38523
38781
39000
41958
43896
46092
46272
46334
46335
Number of cuts: 94

Finch
153
455
529
607
783
937
1036
1349
1402
1616
1717
1896
2000
2079
2406
3123
3231
4564
4934
4946
5495
5609
5795
5966
6445
6802
6952
7515
7652
8226
8573
8916
8994
9209
9365
9838
9853
9945
10356
11035
11842
12281
12317
12329
12359
12401
12434
12708
12844
12859
13183
13806
14280
14454
14790
15672
15775
16205
16327
16417
16562
16594
16676
16738
16837
16847
16871
17099
18134
18588
18633
19288
19710
19863
19890
20569
20709
21040
21069
21485
21542
21790
22352
22358
22387
22501
22727
23166
23195
23440
23722
23786
24044
24132
24192
24564
25005
25251
25288
25343
25459
25469
25567
25573
26026
26464
26473
26527
26628
26974
26992
27048
27127
27209
27531
27632
28299
28613
28723
28807
30102
30614
30797
30890
31060
31119
31201
31524
31967
32009
32334
32538
32859
33278
33300
33375
33515
33637
33659
33769
33968
34273
34374
34407
34890
35070
35556
35926
35945
36307
36352
36402
36547
37592
37845
37961
37968
38002
38140
38175
38224
38239
38326
39642
40013
40106
40244
40281
40411
40505
40647
40820
40965
41088
41112
41580
41660
41820
41835
41850
41909
42086
42327
42411
42431
42593
42657
42777
42831
42899
43038
43208
43361
43391
43598
43683
43791
44032
44167
44271
44323
44686
44795
44917
44931
45482
45809
46156
46179
46442
46530
46859
47177
47225
47837
48001
48051
48220
48437
48584
48595
48958
49088
49101
49136
49148
49369
49575
50353
50380
50437
50614
50676
50733
51311
51403
51527
51765
51911
51982
52063
52217
52268
52378
53046
53110
53142
53377
53427
53506
53568
53612
53652
53767
53967
54093
54229
54304
54321
54365
54593
55141
55626
55876
56025
56530
56659
56667
56713
56791
56804
56928
56971
57671
58080
58086
58376
58515
58799
59251
59619
59629
59769
59964
60114
60160
60322
60473
60658
60784
60794
60918
61003
61301
62355
62927
62953
63082
63910
65078
65186
65633
65684
66358
66464
66513
66582
67277
67643
67715
67897
67943
69040
69356
69647
69656
69793
69982
70653
70659
70794
70936
70984
71215
72325
72569
72968
73316
73899
74142
74166
74291
74310
74580
74671
74739
74823
74839
75540
75564
75591
75873
75923
75989
76510
76956
77068
77568
78016
78128
78234
78593
78741
79041
79407
79667
80146
80385
81477
81522
81684
81734
81943
82053
82761
83071
83149
83358
83627
83670
83759
83769
84158
84371
84534
84922
85208
85215
85292
85417
85440
85507
85656
85852
86099
86189
86204
87036
87491
87500
87561
87630
88676
88772
89285
89424
89553
89754
89934
90081
90448
92369
92409
92764
92845
93490
94122
94660
94907
95034
95481
95642
95751
95931
96151
96278
96370
96564
96621
96806
96907
96968
96995
97049
97342
97488
97975
98183
98228
98631
99011
99028
99081
99112
99203
99311
99318
99419
99449
99808
99968
100887
100925
100953
101097
101161
101208
101828
102438
102522
103130
103239
103570
103576
103585
103614
104357
104643
104869
105150
105314
105910
105979
106003
106339
106356
106407
106465
107184
107279
107711
108167
108342
108556
108649
108798
109169
109324
109670
109848
109906
110043
111066
111895
111984
112172
112475
112585
112959
112979
113472
113556
113814
113902
114265
114292
114389
114464
114488
114512
114798
115109
115718
115906
115923
115981
116062
116169
116323
116372
116925
116975
117349
117759
117790
118049
118061
118185
118592
118671
118727
118937
118943
119356
119579
119744
119838
120315
120399
120532
120916
120940
121102
121226
122496
123517
123777
123971
124620
124629
124635
125195
125891
125990
126287
126803
126872
127746
127767
128079
128803
128901
129248
129594
129638
130200
130412
130619
130718
130788
130999
131151
131373
131633
132035
132052
132308
132323
132693
132788
132810
133413
133558
133688
134021
134302
134414
134594
135154
135492
136226
136232
136515
136732
136782
136798
136937
137089
137095
137174
137419
138032
138089
138850
138871
Number of cuts: 595

Gollum
394
791
1447
1729
1768
1894
2619
2650
3246
4542
5023
5210
6494
6633
6974
7022
8154
9213
9356
9398
9970
10459
12052
12390
12496
13370
14155
14717
16574
16580
16624
17261
17280
17372
17630
19037
19886
20163
20229
20570
20668
21131
21329
21480
22120
22246
22614
23108
23159
23211
24708
25138
25182
25332
25685
25695
25936
26605
26903
27025
27695
27943
28030
28463
28496
29071
29888
30153
30535
31497
31875
32281
32506
32739
33155
33626
33835
34603
34749
34947
34960
35174
35206
35779
37884
38169
38217
38396
38579
38837
39056
41959
43897
46093
46271
46333
46334
Number of cuts: 97

Grayson
1743
1834
3099
3186
5036
6208
8122
10035
10541
11182
11851
11992
13456
14105
14814
15363
15638
15838
17457
19179
19566
20427
23480
25405
25820
36000
37815
39231
45085
53570
56277
60907
64039
65214
65725
67161
68447
75693
75758
76577
76853
79379
80349
81861
83401
85481
87108
89104
94747
101047
103177
110940
115727
123312
126977
130644
130735
Number of cuts: 57

Harlequin
394
791
1447
1729
1768
1854
1894
2619
2650
3246
3609
3683
3880
4320
4542
5023
5210
5231
5640
5831
6074
6479
6489
6496
6618
6959
9073
9300
9914
10670
11142
12002
12427
12446
13142
13320
14667
16524
16574
17211
17230
17322
17580
18212
18987
19602
19836
20113
20179
20520
20618
20772
21219
21279
21430
21484
21985
22125
22307
22320
22619
23113
23164
24713
25132
25187
25337
25690
25700
25941
26610
26908
27030
27257
27273
27274
27415
27700
27948
28035
28468
28501
29076
30321
31283
31661
32067
32292
32525
32941
33412
33621
34389
34474
34535
34733
34746
34960
34992
35565
37670
38623
38842
41807
43745
45353
46119
46181
46182
Number of cuts: 109

Hiro
394
791
1447
1729
1768
1894
2619
2650
3246
3609
3683
4143
4542
5023
5210
5231
5640
5831
5866
6074
6479
6618
6959
7007
9073
9300
9914
10403
11136
11996
12878
13626
13699
14587
16062
16830
16836
16880
17517
17536
17628
17823
17886
18030
18493
18518
19293
20142
20485
20622
20693
21078
21387
21585
21736
22377
22455
22538
22638
22916
22962
23003
23051
23707
24968
25387
25442
25592
25945
25955
26196
26865
27163
27285
27512
27955
28203
28290
28723
28756
29331
30150
30757
30797
31759
32137
32543
32768
33417
33888
34097
34865
35011
35209
35222
35436
35468
36041
38146
38634
39099
39318
42278
44216
46591
46653
46654
Number of cuts: 107

Jace
78
287
748
1171
1200
1677
1840
2511
2657
2765
2835
2965
3120
3447
3545
4132
4222
4286
4476
4598
4794
5475
5955
6025
6598
6773
6856
6866
6883
7263
7504
7769
7778
7908
7917
7951
8032
8665
8672
9109
9439
9459
9541
9565
9593
10018
10817
10866
10887
10907
11582
12048
12126
12527
12884
12947
13103
13287
13368
13543
13735
13834
14002
14007
14028
14081
14230
14474
15007
15132
15176
15394
15409
15495
15522
15893
16071
16167
16856
17009
17220
17238
17351
17863
18168
18372
18782
19192
19346
19386
19667
20067
20270
21146
21158
21209
21218
21338
21706
22848
23123
23382
23668
23746
24502
24955
25077
25092
25115
25132
25164
25516
25589
26638
26868
27177
27572
28060
29035
29161
29284
29417
29628
29951
30087
30244
30434
30717
30755
30991
31264
31814
32128
32347
32439
33009
33405
33449
33482
33694
34233
34442
35124
35139
35548
35929
36150
36996
37135
37164
38179
38297
38454
38462
38895
39439
40082
40102
40293
40389
40432
40653
41111
41472
41822
41986
43027
43270
43610
43816
43945
44017
44347
44431
44738
44927
45116
45147
45158
45299
45673
45744
46323
46434
47004
47083
47186
47490
47796
48005
48335
48547
48878
48887
48932
48987
49327
49573
49638
49674
49849
50001
50219
50306
50389
50537
50846
51345
52081
52234
52371
52435
52451
52526
52582
52742
52763
53324
53338
53607
53762
53787
Number of cuts: 222

Jester
394
791
1447
1729
1768
1854
1894
2619
2650
3246
3609
3683
3880
4320
4542
5023
5210
5231
5640
5831
6074
6479
6489
6496
6618
6959
9073
9300
9914
10077
11136
11996
12410
12440
12714
13136
13314
14661
15750
16518
16568
17205
17224
17316
17511
17574
17718
18181
18206
18981
19596
19830
20107
20173
20514
20612
20766
21213
21273
21424
21925
22056
22238
22251
22550
23044
23095
24644
25063
25118
25268
25621
25631
25872
26541
26839
26961
27188
27204
27205
27346
27631
27879
27966
28399
28432
29007
30252
31214
31592
31998
32223
32456
32872
33343
33552
34320
34405
34466
34664
34677
34891
34923
35496
37601
38554
38773
41738
43676
45284
46050
46112
46113
Number of cuts: 113

Krishelle
394
791
1447
1729
1768
1894
2619
2650
3246
4542
5023
5210
6494
6633
6974
7022
9088
9315
9929
10418
11151
12011
12893
13641
13714
14602
16077
16845
16895
17532
17551
17643
17901
18533
19308
20157
20500
20637
20708
21093
21402
21600
21787
22428
22506
22589
22689
22967
23013
23054
23102
23758
24992
25411
25466
25616
25969
25979
26220
26889
27187
27694
27979
28692
29434
30250
30515
30897
31859
32237
32643
32868
33101
33517
33988
34965
35111
35309
35322
35536
35568
36141
36529
38255
38540
38743
39183
39208
39427
42386
44324
46809
46816
Number of cuts: 93

Lillie
394
791
1447
1729
1768
1894
2619
2650
3246
4542
5023
5210
6494
6633
6974
7022
8154
9213
9356
9398
9970
10459
12052
12390
12496
13370
14155
14717
16574
16624
17261
17280
17372
17630
18262
19037
19886
20163
20229
20570
20668
21131
21329
21480
22120
22246
22302
22614
23108
23159
23211
24708
25127
25182
25353
25685
25695
25936
26605
26903
27025
27695
27943
28030
28463
28496
29890
30155
30537
31499
31877
32283
32508
32741
33157
33628
34605
34751
34949
34962
35176
35208
35781
37886
38171
38374
38814
38839
39058
42017
43955
46332
46394
46395
Number of cuts: 94

Mahdia
603
625
637
1065
1179
1446
1456
1475
1546
1630
1712
1747
1801
1809
1971
2177
2188
2407
2515
2602
2629
2665
2746
3061
3160
3210
3353
3373
3382
3574
3954
4224
4766
5650
5743
5776
5857
6018
6194
6529
6604
6647
6698
6712
7252
7294
7306
7461
7493
7663
7729
7964
8370
8403
8669
8741
9037
9057
9106
9330
9378
9613
9789
10003
10966
11038
11233
11563
11584
11764
12101
12128
12227
12499
12887
12916
12962
12984
13069
13205
13237
13293
13363
13441
13598
13619
13742
14020
14091
14116
14131
14156
14417
14454
14460
14534
14548
14688
14923
15000
15022
15058
15064
15199
15229
15276
15291
15471
15540
15551
15648
15742
15758
15802
15819
16094
16137
16649
16704
16743
16774
16810
16914
16945
17034
17233
17426
17467
17720
17754
17784
18109
18114
18174
18251
18276
18438
18588
18803
18882
19074
19606
19810
19854
20193
20433
20778
20802
20959
21026
21072
21338
21363
21393
21518
21524
21693
21719
21811
21818
21830
22022
22104
22126
22132
22197
22275
22318
22429
22448
23102
23129
23234
23394
23411
23632
23638
23807
24058
24317
24460
24471
24564
24678
24703
24989
24996
25143
25695
25845
26172
26257
26823
26904
27009
27070
27191
27451
27504
27849
27984
28232
28258
28458
28702
28823
28996
29552
29569
29893
29908
29951
29956
30168
30373
30395
30511
30543
30558
30702
31047
31148
31300
31538
32018
32081
32191
32579
32775
33118
33235
33489
33520
33639
33664
34014
34080
34137
34258
34278
34306
34434
34638
34962
35023
35082
35260
35335
35371
35571
35595
35659
36081
36117
36205
36237
36244
36415
36493
36680
36788
36796
36886
37001
37010
37036
37164
37336
37676
38111
38121
38135
38344
38446
38485
38664
38681
38913
39252
39390
39478
39541
39547
39571
39631
39662
39724
39745
39846
39856
39901
40086
40364
40533
40788
40800
40862
40888
40972
41026
41208
41353
41433
41480
41618
41696
41817
41829
41874
42018
Number of cuts: 310

Naiad
394
791
1447
1729
1768
1894
2619
2650
3246
4542
5023
5210
6494
6633
6974
7022
8154
9213
9356
9398
9970
10459
12052
12390
12496
13370
14155
14717
16574
16580
16624
17261
17280
17372
17630
18262
19037
19886
20163
20229
20570
20668
21131
21329
21480
22121
22200
22259
22315
22627
23121
23172
24721
25140
25195
25345
25698
25708
25949
26916
27038
27708
27956
28043
28476
28509
29903
30168
30550
31512
31890
32296
32521
32754
33170
33641
34618
34764
34962
34975
35189
35221
35794
36182
37908
38193
38396
38836
38861
39080
42039
43977
46173
46354
46416
46417
Number of cuts: 96

Nancinator
394
791
1447
1729
1768
1894
2619
2650
3246
4542
5023
5210
6494
6633
6974
7022
8154
9213
9356
9398
9970
10459
12052
12390
12496
13370
14155
14717
16574
16580
16624
17261
17280
17372
17630
19037
19886
20163
20229
20570
20668
21131
21329
21480
22120
22246
22614
23108
23159
24709
25128
25183
25333
25686
25696
25937
26606
26904
27026
27696
27944
28031
28464
28497
29072
29821
30470
31432
31810
32216
32441
32674
33090
33561
33770
34693
34891
34904
35118
35150
35723
37828
38113
38161
38340
38523
38781
39000
41356
43294
45490
45671
45733
45734
Number of cuts: 94

Natosaleda
394
791
1447
1729
1768
1894
2619
2650
3246
4542
5023
5210
6494
6633
6974
7022
8154
9213
9356
9398
9970
10459
12052
12390
12496
13370
14155
14717
16574
16580
16624
17261
17280
17372
17630
19037
19886
20163
20229
20570
20668
21131
21329
21480
22120
22246
22614
23108
23159
24708
25127
25182
25332
25685
25695
25936
26605
26903
27025
27695
27943
28030
28463
28496
29071
29820
30469
31431
31809
32215
32440
32673
33089
33560
33769
34692
34890
34903
35117
35149
35722
37827
38112
38160
38339
38522
38780
38999
41957
43895
46263
46325
46326
46353
46354
Number of cuts: 95

Partridge
394
786
1440
1788
1827
2511
2678
2709
3305
3742
4601
5082
5269
5290
5699
5890
6133
6538
6548
6555
6677
7018
7066
9383
9997
10753
11128
11225
12529
13225
13403
14188
16607
16613
16657
17294
17313
17405
17600
17663
18295
19070
19595
19759
19919
20262
20470
20701
21164
21477
21531
22154
22240
22348
22660
23075
23154
23205
23257
24755
25174
25229
25379
25768
25778
26019
26688
26986
27493
27778
28491
29233
30697
31005
31659
32037
32901
33314
33804
33830
33885
34126
34903
35049
35247
35260
35474
35506
36079
36229
38185
38673
39113
39138
39357
40046
41152
41551
42318
43195
43964
44437
45603
46699
46740
Number of cuts: 105

Pepy6
15
46
47
855
1288
1289
1913
2894
3044
3672
3980
4110
4645
5110
5841
5881
7801
8614
8929
8980
9457
9993
11092
11431
11681
13638
14263
14424
15025
15768
17037
22485
23156
23345
24616
25409
25422
25552
25565
25613
25697
25755
26052
27419
27477
27908
28351
28366
28704
28867
29059
29130
35259
35408
36079
36821
37162
37730
37760
38410
38859
39361
39362
42461
44716
45200
45229
45324
45359
45847
47875
49520
49521
52421
52422
52792
52886
54319
54515
55206
55207
55285
57378
58005
58131
58625
58626
58889
59957
60823
62132
62844
64727
64728
65203
66552
68910
70529
71017
72742
76353
Number of cuts: 101

Peregrin
3633
4864
6046
9349
9855
10496
11306
13437
13717
14996
15196
17056
18731
19118
19979
22646
24979
25837
26980
34782
35544
36597
38012
42653
43865
51298
52116
55060
62406
64522
65586
66872
75694
75759
77060
79689
79902
80082
80880
81844
82358
83294
87027
93762
94968
97417
99735
101440
103579
105627
107982
110601
116559
124979
128014
Number of cuts: 55

Phrankenstein
394
791
1447
1729
1768
1894
2619
2650
3246
4542
5023
5210
6494
6633
6974
7022
8154
9213
9356
9398
9970
10459
12052
12390
12496
13370
14155
14717
16574
16580
16624
17261
17280
17372
17630
19037
19886
20163
20229
20570
20668
21131
21329
22066
22192
22560
23054
23105
23157
24654
25073
25128
25299
25631
25641
25882
26551
26849
26971
27641
27889
27976
28409
28442
29017
29836
30101
30483
31445
31823
32229
32454
32687
33103
33574
34551
34697
34895
34908
35122
35154
35727
37832
38117
38320
38760
38785
39004
41963
43901
46097
46277
46339
46340
Number of cuts: 94

Pine5
297
501
809
876
915
922
1187
1244
1335
1415
1533
1718
1850
1932
1964
1999
2128
2244
2250
2278
2407
2573
2711
2742
2755
2881
3043
3189
3262
4040
4094
4205
4213
4291
4320
4387
4442
4674
4696
4738
5192
5210
5358
5486
5514
6267
6437
6738
7049
7502
7778
7827
7850
7955
7982
8170
8528
8766
8948
9091
9145
9291
9566
9665
9895
9979
10124
10351
10360
10590
10671
10688
11153
11189
11726
11738
12067
12695
12721
12748
13193
13248
13254
13277
13307
13667
13860
13893
13911
14033
14078
14084
14218
14328
14450
14478
14568
14687
15146
15432
15720
16198
16266
16416
16428
16645
16771
16900
16929
17073
17247
17368
17457
17711
17837
17933
17940
18084
18198
18216
18308
18361
18840
18873
18879
19119
19253
19292
19319
19637
19736
19888
19953
20292
20349
20569
20602
20685
20904
21287
21442
21671
21785
21955
22015
22536
22810
22968
23002
23103
23324
23393
23548
23658
23775
23903
23927
23969
23978
24156
24181
24207
24306
24591
24769
25285
25795
26015
26198
26361
26589
26719
26772
26825
26843
26897
26909
26932
27032
27220
27382
27527
27563
27584
27625
27688
27803
27843
27938
27992
28017
28052
28193
28314
28376
28387
28667
28795
28890
28952
28978
28998
29023
29126
29306
29311
29441
29656
29701
29852
29882
29919
29964
30176
30206
30255
30385
30394
30562
30625
30725
31000
31440
31482
31796
31877
32039
32065
32150
32226
32342
32723
32782
32872
32953
33013
33029
33037
33064
33151
33211
33365
33557
33594
33746
34190
34275
34416
34873
35012
35429
35532
35570
35617
35863
35949
36429
36444
36485
36550
36736
36809
37000
37024
37116
37243
37412
37612
37693
37748
37754
37777
38066
38081
38279
38363
38509
38696
38886
38939
39092
39115
39130
39268
39436
39586
39611
39679
39969
40074
40276
40372
40463
40482
40514
40531
40583
40624
40815
41081
41165
41294
41313
41351
41393
41429
41435
41642
41660
41720
41762
41791
41803
42144
42678
42747
43062
43138
43202
43232
43379
43433
43593
43619
43881
44563
44576
44582
44813
45066
45083
45235
45420
45466
45525
45562
45609
45643
45732
45799
45869
45885
45942
46141
46373
46389
46597
46723
46864
46891
46995
47202
47322
47603
47615
47647
47712
47727
47970
48027
48391
48777
48870
49095
49422
49500
49674
49929
49992
50032
50062
50173
50208
50326
50332
50503
50599
50605
50655
50696
50866
50889
51121
51189
51325
51363
51516
51528
51694
51714
51821
51966
51988
52034
52162
52528
52791
52994
53051
53083
53254
53411
53443
53672
53698
53950
53962
54115
54144
54341
54378
54565
54704
54714
54827
54972
54978
55083
55125
55154
55177
55256
55499
55524
55823
56009
56038
56248
56326
56559
56628
56713
56793
56914
57098
57161
57173
57230
57349
57484
57567
57662
57766
57841
58127
58265
58297
58331
58385
58457
58482
58508
58566
58691
58750
Number of cuts: 455

Poco6
15
47
1613
1942
3857
4887
5109
5331
5478
5565
6227
10093
10885
10894
11002
12044
12045
12360
12411
12547
12888
13424
14522
14846
17089
17992
18327
23720
24510
25169
25358
26354
26629
27422
27435
27446
27578
27681
27710
27768
28065
29432
29968
30385
31078
31306
31332
31378
32297
33923
33924
38101
38424
38843
39752
39782
40432
40881
41383
41384
43300
43301
45114
46556
47175
47847
49285
51026
51027
53293
53929
54300
54394
55827
56715
56793
56930
56942
60013
60014
63052
63743
63825
66915
68492
68579
69091
69549
69583
71989
72280
72739
74003
74004
75145
75562
77621
Number of cuts: 97

Rasputin
394
791
1447
1729
1768
1894
2619
2650
3246
4542
5023
5210
5231
5640
5831
5866
6074
6479
6618
6959
7007
9325
9939
10102
12021
12446
12465
13161
13339
14124
14686
16543
16593
17230
17249
17341
17599
18231
19006
19621
19855
20198
20539
20637
20791
21100
21230
21449
21467
21950
22090
22272
22285
22584
22999
23078
23129
23181
24679
25098
25153
25303
25324
25656
25666
25907
26576
26874
26996
27666
27914
28001
28434
28467
29042
29861
30126
30438
30508
31848
32254
32479
32712
33128
33599
34576
34722
34920
34933
35147
35179
35752
37857
38142
38345
38785
38810
39029
41988
43926
46122
46304
46366
46367
Number of cuts: 104

RER2
394
791
1447
1729
1768
1894
2619
2650
3246
4542
5023
5210
6494
6633
6974
7022
8154
9213
9356
9398
9970
10459
12052
12390
12496
13370
14155
14717
16574
16580
16624
17261
17280
17372
17630
19037
19886
20163
20229
20570
20668
20822
21131
21329
21480
22120
22246
22302
22614
23108
23159
24708
25127
25182
25332
25685
25695
26605
26903
27025
27252
27695
27943
28030
28463
28496
29071
29890
30497
30537
31499
31877
32283
32508
32741
33157
33628
34605
34751
34949
34962
35176
35208
35781
35931
37886
38171
38374
38814
38839
39058
42017
43955
46151
46330
46393
46394
Number of cuts: 97

RexFury
394
822
1478
1760
1799
1925
2650
2681
3277
4573
5054
5241
6525
6664
7005
7053
8185
9244
9387
9429
10001
12083
12421
12527
13401
14186
14748
16605
16611
16655
17292
17311
17403
17661
19068
19917
20194
20260
20601
20699
21162
21360
21511
22151
22645
23139
24739
25158
25213
25363
25384
25716
25726
25967
26636
26934
27056
27726
27974
28061
28494
28527
29102
29921
30186
30498
30568
31908
32314
32539
32772
33188
33659
34636
34782
34980
34993
35207
35239
35812
37917
38202
38250
38429
38612
38870
39089
42047
43985
46181
46362
46424
46425
Number of cuts: 93

RGL3
138
273
777
1394
1429
1473
1766
2064
2198
2410
2454
2508
2574
2621
2652
2663
3248
3882
4159
4254
4322
4381
4544
5025
5206
5251
5298
5452
5547
5833
6076
6163
6487
6618
6855
7012
7795
8144
9095
9246
9322
9342
9892
10069
10404
10452
10500
10554
10734
11058
11167
11761
12564
12849
12935
12948
13134
13495
13945
14595
14672
14875
15206
16453
17148
17422
17441
17533
17659
18398
18423
18951
19187
19651
19709
20047
20519
20554
21233
21304
21313
21904
22137
22404
22648
23272
23378
23566
23928
24293
24898
25127
25154
25193
25466
25618
25823
26083
26103
26236
26309
26408
26578
26663
27060
27284
27436
27653
27750
27878
28000
28025
28036
28096
28397
28523
28658
28930
29005
29708
30322
30475
30825
31207
31718
31764
31784
32145
32304
32547
32579
32806
33257
33317
33328
33387
33615
33829
33851
33926
34277
34544
34668
34780
35111
35194
35742
35763
35792
36042
36132
36164
36503
36544
36719
37057
37157
37375
38395
38895
38971
39468
39605
39768
40427
40551
41560
41702
41714
41892
41927
42081
42197
42414
42824
43653
43701
43957
44884
44933
45540
45849
46216
46222
46580
46842
47902
47916
Number of cuts: 188

Rhodalysa
394
791
1447
1729
1768
1894
2619
2650
3246
4542
5023
5210
6494
6633
6974
7022
8154
9213
9356
9398
9970
10459
12052
12390
12496
13370
14155
14717
16574
16624
17261
17280
17372
17630
18262
19037
19886
20163
20229
20570
20668
21131
21329
21480
22120
22246
22302
22614
23108
23159
23211
24708
25127
25182
25353
25685
25695
25936
26605
26903
27025
27695
27943
28030
28463
28496
29890
30155
30537
31499
31877
32283
32508
32741
33157
33628
34605
34751
34949
34962
35176
35208
35781
37886
38171
38374
38814
38839
39058
42017
43955
46332
46394
46395
Number of cuts: 94

StCroix
394
791
1447
1729
1768
1894
2619
2650
3246
4542
5023
5210
6494
6633
6974
7022
8154
9213
9356
9398
9970
10459
12052
12390
12496
13370
14155
14717
16574
16580
16624
17261
17280
17372
17630
18262
19037
19886
20163
20229
20570
20668
21131
21329
21480
22121
22200
22259
22315
22627
23121
23172
24721
25140
25195
25345
25698
25708
25949
26916
27038
27708
27956
28043
28476
28509
29903
30168
30550
31512
31890
32296
32521
32754
33170
33641
34618
34764
34962
34975
35189
35221
35794
36182
37908
38193
38396
38836
38861
39080
42039
43977
46173
46354
46416
46417
Number of cuts: 96

Swann
394
791
1447
1729
1768
1894
2619
2650
3246
4542
5023
5210
6494
6633
6974
7022
8154
9213
9356
9398
9970
10459
12052
12390
12496
13370
14155
14717
16574
16580
16624
17261
17280
17372
17630
19037
19886
20163
20229
20570
20668
21131
21329
21480
22120
22246
22302
22614
23108
23159
23211
24708
25127
25182
25332
25353
25685
25695
25936
26605
26903
27025
27695
27943
28030
28463
28496
29071
29888
30153
30535
31497
31875
32281
32506
32739
33155
33626
34603
34749
34947
34960
35174
35206
35779
35929
37884
38169
38372
38812
38837
39056
42015
43953
46150
46331
46393
46394
Number of cuts: 98

Takoda
394
461
786
1440
1721
1760
2199
2558
2611
2642
3238
3675
4534
5015
5202
5223
5632
5823
5858
6066
6471
6488
6610
6951
9316
9930
10686
11152
12012
12437
12456
13330
14115
16534
16540
16584
17221
17240
17332
17590
18222
18997
19846
20761
21289
21404
21458
22080
22159
22218
22274
22586
23080
23131
23183
24681
25100
25155
25326
25658
25668
25909
26578
26876
27209
27383
27668
28436
29044
30444
31406
31784
32648
33061
33551
33632
34011
34934
35132
35145
35359
35391
35964
36114
38069
38997
39022
39241
42200
42885
43808
44281
45279
45449
46544
46604
46605
Number of cuts: 97

Trina
240
816
1112
1408
1450
1805
1840
2172
2514
2687
2712
2995
3962
5168
5427
6710
6781
8113
8159
10654
11938
12772
13134
14448
14641
15476
16075
18130
19713
19779
20544
21299
22201
22847
25102
25553
26592
26956
28896
30735
38727
38744
43388
44819
45769
51513
51899
52934
53664
53724
55763
56930
58514
60018
61616
64118
64920
71973
72477
75764
79985
80408
81604
81629
82278
82300
82876
83347
86584
86760
86787
87099
87793
88663
89564
90552
92383
93309
93601
96674
96717
97409
97605
98199
98752
98839
99748
100191
100986
101459
105266
105359
107039
107196
107250
110032
111957
111963
113027
113862
114446
115174
116031
120863
121351
125313
125717
125730
127005
127326
127483
128276
128701
129238
130030
131461
131910
132471
132487
133164
134543
135028
136081
136642
137218
137514
137810
137852
138207
138242
138574
138916
139089
139114
Number of cuts: 134

TWAMP
394
791
1447
1729
1768
1894
2619
2650
3246
4542
5023
5210
6494
6633
6974
7022
8154
9213
9356
9398
9970
10459
12052
12390
12496
13370
14155
14717
16574
16624
17261
17280
17372
17630
18262
19037
19886
20163
20229
20570
20668
21131
21329
21480
22120
22246
22302
22614
23108
23159
23211
24708
25127
25182
25353
25685
25695
25936
26605
26903
27025
27695
27943
28030
28463
28496
29890
30155
30537
31499
31877
32283
32508
32741
33157
33628
34605
34751
34949
34962
35176
35208
35781
37886
38171
38374
38814
38839
39058
42017
43955
46332
46394
46395
Number of cuts: 94

UhSalsa
394
791
1447
1729
1768
1894
2619
2650
3246
4542
5023
5210
6494
6633
6974
7022
8154
9213
9356
9398
9970
10459
12052
12390
12496
13370
14155
14717
16574
16580
16624
17261
17280
17372
17630
19037
19886
20163
20229
20570
20668
21131
21329
21480
22120
22246
22614
23108
23159
24709
25128
25183
25333
25686
25696
25937
26606
26904
27026
27696
27944
28031
28464
28497
29072
29821
30470
31432
31810
32216
32441
32674
33090
33561
33770
34693
34891
34904
35118
35150
35723
37828
38113
38161
38340
38523
38781
39000
41958
43896
46092
46273
46335
46336
Number of cuts: 94

Weasels2
264
409
674
1316
1793
1999
2116
2442
10315
12333
13945
14463
15664
16139
17742
18500
18620
19177
19295
20520
21145
21155
21532
22397
23033
24985
25400
26822
27321
27865
31121
32315
35609
36845
42539
43811
47060
48101
52891
52900
53137
58681
62147
63555
65247
77217
77282
78295
78706
80790
83042
86372
87600
94878
98392
100177
104780
110280
110307
110661
110889
112017
113798
114048
115500
118362
122370
126193
127034
127852
128300
129068
130566
131969
132114
132379
133021
133498
133704
133821
134147
Number of cuts: 81

Yogi
394
791
1447
1729
1768
1894
2619
2650
3246
3609
3683
4143
4542
5023
5210
5231
5640
5831
6074
6479
6618
6959
7007
9324
9938
10101
10694
11166
12026
12451
12470
13166
13344
14129
14691
16548
16598
17235
17254
17346
17604
18236
19011
19626
19860
20137
20203
20544
20642
20796
21105
21243
21303
21418
21955
22094
22276
22588
23082
23133
23558
24682
25101
25156
25306
25659
25669
26579
26877
27226
27669
27917
28004
28437
28470
29045
29864
30471
30511
31473
31851
32257
32482
32715
33131
33602
33811
34576
34722
34920
34933
35147
35179
35752
36387
38237
38725
39190
39409
42368
44306
46666
46728
46729
Number of cuts: 104

Yoncess
394
791
1447
1729
1768
1854
1894
2619
2650
3246
3609
3683
4143
4542
5023
5210
5231
5640
5831
5866
6074
6479
6618
6959
7007
9324
9938
10694
11166
12026
12451
12470
13166
13344
14691
16548
16598
17235
17254
17346
17604
18236
19011
19626
19860
20137
20203
20544
20642
20796
21105
21235
21454
21955
22095
22277
22290
22589
23083
23134
24683
25102
25157
25307
25660
25670
25911
26580
26878
27000
27227
27670
27918
28005
28438
28471
29046
30291
31253
31631
32037
32262
32495
32911
33382
33591
34359
34505
34703
34716
34930
34962
35535
37640
38128
38568
38593
38812
41775
43714
46089
46151
46152
Number of cuts: 103

