Alatin
174
300
348
618
630
2074
2197
2815
3007
3933
5475
6120
6561
6889
7961
9060
9895
10247
10756
13039
13818
14340
14989
15531
15620
18629
19542
20651
21335
22824
23217
24391
24529
26013
26488
27212
28150
29075
30781
31916
33035
35265
36049
36814
38232
38284
39315
41967
44900
Number of cuts: 49

Alpacados
174
300
348
618
630
1877
2027
2777
2969
3895
5040
6082
6508
6836
7702
8374
8795
8990
10177
10608
12597
12975
13754
14276
14925
15467
15556
16689
18546
18565
19478
20587
21070
21271
22693
23086
24260
24398
25918
26393
27117
28055
28980
29454
30686
31821
32940
35167
36707
38125
38177
39208
41790
44723
Number of cuts: 54

AngryOrchard
174
300
348
615
627
1869
2019
2142
2177
2760
2952
3878
5023
5420
6065
6491
6819
7685
8357
8973
10160
10591
12580
12958
13737
13756
14259
14908
15450
15539
16672
18548
19461
20570
22688
23081
24256
24394
25878
26352
27076
28014
28939
29413
30579
31714
32060
32830
35327
36867
38285
39368
42020
44942
Number of cuts: 54

AppleCloud
91
382
394
1633
1783
1906
1941
2524
2695
2716
3642
5184
5829
6255
6347
6583
7449
7776
8121
8713
9900
10331
12779
13004
13547
13783
13802
14954
15496
15585
18594
19507
20166
20616
21300
22226
23116
24266
24404
24926
25888
26363
27087
28025
29029
29500
30511
31646
32765
34992
36532
37950
38002
39033
41684
44617
Number of cuts: 56

Belenaria
174
300
348
618
630
2074
2197
2815
3007
3933
5475
6120
6561
6889
7961
9060
9895
10247
10756
13039
13818
14340
14989
15531
15620
18629
19542
20651
21335
22757
23150
24325
24463
25947
26422
28084
29009
29481
30647
32901
35140
36680
38098
38150
39181
41832
44765
Number of cuts: 47

BobbyDazzler
174
300
348
618
630
1989
2139
2262
2303
2886
3078
4004
5149
6191
6617
6945
7811
8483
8904
9099
10286
10717
12706
13084
13863
14385
15034
15576
15665
16798
18655
18674
19587
20696
21380
23196
24370
24508
25992
26467
27191
28129
29054
29528
30760
31895
33014
35244
36784
38202
38254
39285
41938
44871
Number of cuts: 54

Bonanza
174
300
348
618
630
2074
2197
2232
2815
3007
3933
5078
6120
6546
6874
7740
8412
8833
9028
10215
10646
12635
13013
13792
14314
14963
15505
15594
16727
18584
18603
19516
20625
21309
22731
23124
24298
24436
25920
26395
27119
28057
28982
29456
31823
32942
35169
37089
38507
38559
39590
42242
45175
Number of cuts: 53

Bradshaw
174
300
348
618
630
2074
2197
2815
3007
3933
5475
6120
6561
6889
7961
9060
9895
10247
10756
13039
13818
14340
14989
15531
15620
18629
19542
20651
21335
22757
23150
24324
24462
25946
26421
27145
28083
29008
30714
31849
32968
35198
35982
36747
38165
38217
39248
41900
44833
Number of cuts: 49

Bryce
174
300
348
618
630
2074
2197
2232
2815
3007
3933
5078
6120
6546
6874
7740
8412
8833
9028
10215
10646
12635
13013
13792
14314
14963
15505
15594
16727
18584
18603
19516
20625
21108
21309
23125
24299
24437
25921
26396
27120
28058
28983
29457
30468
31603
32722
34952
36492
37910
37962
38993
41646
44579
Number of cuts: 54

ChewyVIII
144
279
814
2206
2499
3220
3363
3691
4213
5700
7256
7620
8281
10120
10623
11301
11800
13400
14110
14159
15059
15814
15894
17890
19563
20584
21493
22914
25259
25801
26712
28097
29340
30377
33029
34010
35302
35878
36562
36823
38617
39314
40323
41049
42388
42392
44172
45033
45465
46534
48630
50952
52892
55666
56291
58250
59541
60778
63149
63451
63496
63518
66239
68423
68427
68442
68461
68578
Number of cuts: 68

CosmicSans
174
300
348
618
630
2074
2197
2815
3007
3933
5475
6120
6561
6889
7961
9060
9895
10247
10756
13039
13818
14340
14989
15531
15620
18629
19542
20651
21335
22757
23150
24324
24462
25946
26421
27145
28083
29008
30714
31849
32968
35198
36738
38156
38208
39239
41891
44824
Number of cuts: 48

Dinger
174
300
348
617
629
2070
2193
2811
2982
3003
3809
3929
5074
5471
6116
6542
6634
6870
7736
8063
8408
9024
10211
10642
12631
13009
13788
14310
14959
15501
15590
16723
18599
19512
20621
21305
22740
23133
24308
24446
25930
26405
27129
28067
29071
29543
30583
31718
32064
32837
33546
35340
36163
36880
38298
38350
39381
42038
44960
Number of cuts: 59

DocB7
Number of cuts:  0

E3
Number of cuts:  0

Erik
174
300
348
618
630
2074
2197
2815
3007
5475
6120
6561
6889
7961
9059
9894
10246
10755
13038
13817
14339
14988
15530
15619
18628
19541
20650
21334
22756
23149
24322
24460
25944
26419
28081
29006
29480
30646
31781
32900
35130
36670
38088
38140
39171
41722
44655
Number of cuts: 47

Espica
174
300
348
618
630
2074
2197
2815
3007
3933
5475
6120
6561
6889
7961
9060
9895
10247
10756
13039
13818
14340
14989
15531
15620
18629
19542
20651
21335
22757
23150
24325
24463
25947
26422
28084
29009
29481
30647
32901
35140
36680
38098
38150
39181
41832
44765
Number of cuts: 47

Finch
15267
118730
Number of cuts:  2

Gollum
174
300
348
618
630
2074
2197
2815
3007
3933
5475
6120
6561
6889
7961
9060
9895
10247
10756
13039
13818
14340
14989
15531
15620
18629
19542
20651
21335
22757
23150
24324
24462
25946
26421
27145
28083
29008
29480
30712
32966
35196
36736
38154
38206
39237
41833
44766
Number of cuts: 48

Grayson
224
2804
2832
13014
29669
58241
73150
83192
92710
98855
105530
110763
118671
121129
121147
121169
121183
124121
124162
124166
124191
125250
127492
128404
128482
128505
128548
128583
129125
131705
131733
Number of cuts: 31

Harlequin
174
300
348
618
630
2074
2197
2232
2815
3007
3933
5475
6120
6546
6874
7740
8412
9004
10191
10622
12611
12989
13768
14290
14939
15481
15570
16703
18560
18579
19492
20601
21084
21285
23155
24329
24467
25951
26426
27150
28088
29013
29487
30498
31633
32752
34982
36522
37940
37992
39023
41681
44614
Number of cuts: 53

Hiro
174
300
348
618
630
2074
2197
2232
2815
3007
3933
5078
6120
6546
6874
7740
8067
8412
9004
10191
10622
13070
13295
13838
14074
14093
15245
15787
15876
18885
19798
20457
20907
21591
22517
23407
24584
24722
26206
26681
27405
28343
29268
29742
30974
32109
33228
35458
36998
38416
38468
39499
42152
45085
Number of cuts: 54

Jace
825
1530
1863
4449
5937
6543
7666
9340
9444
10618
11476
13092
14397
15853
16589
17501
18290
18698
19316
21001
21226
21472
23085
24599
26406
27493
28674
30032
30626
31221
31568
32145
33789
34755
35099
35271
35608
36668
37824
38493
39667
41404
42047
42404
43389
44841
45981
46797
47762
48173
48440
49533
49975
51303
52161
53289
Number of cuts: 56

Jester
174
300
348
618
630
2074
2197
2232
2815
3007
3933
5475
6120
6546
6874
7740
8412
9004
10191
10622
12605
12983
13762
14933
15475
15564
18573
19486
20595
21078
21279
23086
24260
24398
25882
26357
27081
28019
28944
29418
30429
31564
32683
34913
36453
37871
37923
38954
41612
44545
Number of cuts: 50

Krishelle
174
300
348
618
630
2074
2197
2815
3007
3933
5475
6120
6561
6889
7755
8082
8427
9019
10206
10637
13085
13310
13853
14089
14108
15260
15802
15891
18900
19813
20472
20922
21606
22568
23458
24608
24746
25268
26230
26705
27429
28367
29371
31074
32209
33328
35558
36342
37107
38525
38577
39608
42260
45193
Number of cuts: 54

Lillie
174
300
348
618
630
2074
2197
2815
3007
3933
5475
6120
6561
6889
7961
9060
9895
10247
10756
13039
13818
14340
14989
15531
15620
18629
19542
20651
21335
22757
23150
24324
24462
25946
26421
27145
28083
29008
30714
31849
32968
35198
36738
38156
38208
39239
41891
44824
Number of cuts: 48

Mahdia
Number of cuts:  0

Naiad
174
300
348
618
630
2074
2197
2815
3007
3933
5475
6120
6561
6889
7961
9060
9895
10247
10756
13039
13818
14340
14989
15531
15620
18629
19542
20651
21335
22770
23163
24337
24475
25959
26434
27158
28096
29021
30727
31862
32981
35211
35995
36760
38178
38230
39261
41913
44846
Number of cuts: 49

Nancinator
174
300
348
618
630
2074
2197
2815
3007
3933
5475
6120
6561
6889
7961
9060
9895
10247
10756
13039
13818
14340
14989
15531
15620
18629
19542
20651
21335
22757
23150
24325
24463
25947
26422
28084
29009
29481
30647
32901
35140
36680
38098
38150
39181
41230
44163
Number of cuts: 47

Natosaleda
174
300
348
618
630
2074
2197
2815
3007
3933
5475
6120
6561
6889
7961
9060
9895
10247
10756
13039
13818
14340
14989
15531
15620
18629
19542
20651
21335
22757
23150
24324
24462
25946
26421
28083
29008
29480
30646
32900
35139
36679
38097
38149
39180
41831
44764
Number of cuts: 47

Partridge
174
300
348
615
627
2133
2256
2874
3045
3066
3872
3992
5137
5534
6179
6605
6697
6933
7799
8126
8471
9087
10274
10705
12694
13072
13851
14373
15022
15564
15653
16786
18662
19575
20234
20684
21368
22803
23196
24371
24509
26029
26504
27228
28166
29170
29642
30874
32009
32355
33125
33834
35496
36280
37036
38455
38507
39538
42192
45306
Number of cuts: 60

Pepy6
50
354
718
1248
2133
4337
4863
5369
10172
11064
14518
15397
17016
17173
18459
18819
21113
22343
22721
24187
25495
25747
27361
28773
29397
30602
31258
32291
35384
36886
37579
37740
43414
43931
43967
45040
45545
45673
45934
47615
47714
47795
49177
50098
50392
53933
54023
54539
54689
57081
59301
60497
60676
63892
64074
65172
65390
67452
68899
69618
70493
73051
73972
Number of cuts: 63

Peregrin
213
2841
2869
12328
29183
56608
71560
83084
92141
97301
105951
110424
121396
122865
122882
122904
122918
125967
126008
126012
126036
127260
128529
129632
129710
129733
130282
132910
132938
Number of cuts: 29

Phrankenstein
174
300
348
618
630
2074
2197
2815
3007
3933
5475
6120
6561
6889
7961
9060
9895
10247
10756
13039
13818
14340
14989
15531
15620
18629
19542
20651
21335
22703
23096
24270
24408
25892
26367
27091
28029
28954
29428
30660
32914
35144
36684
38102
38154
39185
41837
44770
Number of cuts: 48

Pine5
254
429
1155
1308
3750
4022
5304
6689
7202
7913
8582
10102
10433
11022
11989
12283
14147
14165
14180
14607
16277
16367
18404
19065
20402
21259
21610
22944
23136
23995
24397
25147
26262
27068
28349
28981
29204
30828
31518
31553
32683
33531
35336
35688
37402
37920
39155
39796
41206
41464
41939
42713
43868
44504
45205
46540
46544
47492
47798
48887
48954
49920
50160
50523
50770
52309
53810
54419
55807
57200
57439
Number of cuts: 71

Poco6
50
433
718
1245
1330
1651
4506
5858
6584
7050
7209
7616
7656
8982
14494
14662
19164
20098
21814
23135
23139
24368
24764
26200
27551
27760
30977
33283
34721
35144
37406
37912
38908
45141
45791
47673
49855
51610
51907
55531
56047
56197
59400
59897
60480
61877
64741
65919
66137
68094
68970
69208
71759
75234
Number of cuts: 54

Rasputin
174
300
348
618
630
2074
2197
2815
3007
3933
5078
6120
6546
6874
7740
8413
8834
9029
10216
10725
12630
13008
13787
14309
14958
15500
15589
16722
18579
18598
19511
20620
21304
22727
23120
24295
24433
25917
26392
27116
28054
28979
29453
30685
31820
32939
35169
36709
38127
38179
39210
41862
44795
Number of cuts: 53

RER2
174
300
348
618
630
2074
2197
2815
3007
3933
5475
6120
6561
6889
7961
9060
9895
10247
10756
13039
13818
14340
14989
15531
15620
18629
19542
20651
21335
22757
23150
24324
24462
25946
26421
27145
28083
29008
29482
30714
31849
32968
35198
36738
38156
38208
39239
41891
44824
Number of cuts: 49

RexFury
174
300
348
618
630
2105
2228
2846
3964
5506
6151
6592
6920
7992
9091
9926
10278
10787
12692
13070
13849
14371
15020
15562
15651
18660
19573
20682
21366
22788
23181
24355
24493
25977
26452
27176
28114
29039
29513
30745
32999
35229
36769
38187
38239
39270
41921
44854
Number of cuts: 48

RGL3
171
606
619
835
2073
3009
3935
5080
6646
6879
7951
8852
10417
10608
12102
13164
13461
15695
15707
15784
16917
18791
19689
20252
20848
22738
23628
24746
25346
25364
26796
28120
28163
29379
30351
32519
33872
35706
37733
38983
39730
40030
41428
42717
42731
46390
Number of cuts: 46

Rhodalysa
174
300
348
618
630
2074
2197
2815
3007
3933
5475
6120
6561
6889
7961
9060
9895
10247
10756
13039
13818
14340
14989
15531
15620
18629
19542
20651
21335
22757
23150
24324
24462
25946
26421
27145
28083
29008
30714
31849
32968
35198
36738
38156
38208
39239
41891
44824
Number of cuts: 48

StCroix
174
300
348
618
630
2074
2197
2815
3007
3933
5475
6120
6561
6889
7961
9060
9895
10247
10756
13039
13818
14340
14989
15531
15620
18629
19542
20651
21335
22770
23163
24337
24475
25959
26434
27158
28096
29021
30727
31862
32981
35211
35995
36760
38178
38230
39261
41913
44846
Number of cuts: 49

Swann
174
300
348
618
630
2074
2197
2815
3007
3933
5475
6120
6561
6889
7961
9060
9895
10247
10756
13039
13818
14340
14989
15531
15620
18629
19542
20651
21335
22757
23150
24324
24462
25946
26421
27145
28083
29008
29480
30712
31847
32966
35196
36736
38154
38206
39237
41889
44822
Number of cuts: 49

Takoda
174
300
348
615
627
1916
2066
2189
2224
2807
2999
3925
5070
5467
6112
6538
6866
7732
8404
8825
9020
10207
10638
12621
12999
13778
13797
14300
14949
15491
15580
16713
18589
19502
20611
21295
22729
23122
24297
24435
25919
26394
27118
28056
28981
29455
30621
31756
32102
32872
35381
36165
36921
38339
38391
39422
42074
45150
Number of cuts: 58

Trina
259
292
2783
136661
136694
139185
Number of cuts:  6

TWAMP
174
300
348
618
630
2074
2197
2815
3007
3933
5475
6120
6561
6889
7961
9060
9895
10247
10756
13039
13818
14340
14989
15531
15620
18629
19542
20651
21335
22757
23150
24324
24462
25946
26421
27145
28083
29008
30714
31849
32968
35198
36738
38156
38208
39239
41891
44824
Number of cuts: 48

UhSalsa
174
300
348
618
630
2074
2197
2815
3007
3933
5475
6120
6561
6889
7961
9060
9895
10247
10756
13039
13818
14340
14989
15531
15620
18629
19542
20651
21335
22757
23150
24325
24463
25947
26422
28084
29009
29481
30647
32901
35140
36680
38098
38150
39181
41832
44765
Number of cuts: 47

Weasels2
Number of cuts:  0

Yogi
174
300
348
618
630
2074
2197
2232
2815
3007
3933
5078
6120
6546
6874
7740
8412
8833
9028
10215
10646
12635
13013
13792
14314
14963
15505
15594
16727
18584
18603
19516
20625
21309
22731
23124
24298
24436
25920
26395
27119
28057
28982
29456
31823
32942
35169
37089
38507
38559
39590
42242
45175
Number of cuts: 53

Yoncess
174
300
348
618
630
2074
2197
2232
2815
3007
3933
5078
6120
6546
6874
7740
8412
9028
10215
10646
13013
13792
14314
14963
15505
15594
16727
18584
18603
19516
20625
21309
23125
24299
24437
25921
26396
27120
28058
28983
29457
30468
31603
34952
36492
37910
37962
38993
41649
44583
Number of cuts: 50

