Alatin
271
357
458
975
1409
2028
2643
2756
2766
2898
3214
3800
4127
5077
5557
5674
5683
5758
5916
6043
6100
6169
6175
6411
6558
6960
7554
7847
7949
7991
8039
8094
8709
8918
9173
9257
9337
10285
10317
10380
10932
10938
11061
11351
11651
11726
12840
12957
12963
13131
13263
13272
13365
13449
13594
13692
13905
14517
14523
14925
14988
15063
15255
15429
15482
15755
15882
15893
16706
16840
17554
17990
18017
18185
18762
18789
19011
19405
19636
21681
21785
22207
22674
22950
23137
23683
24636
25164
25581
25967
26417
26486
26616
26645
26960
27113
27151
27491
28246
28626
28976
29440
30971
31182
31818
32259
32546
32555
33050
33149
33400
34225
34366
34730
35042
35162
35167
35364
35574
35627
36409
36597
36608
36614
37181
37321
37576
37836
38310
38402
38542
38578
38587
39248
39330
39473
39762
39921
39942
39953
39963
40493
41169
41276
41589
41750
41795
41804
41846
41900
41905
42311
42387
42482
42768
42886
42993
43058
43110
43131
43415
43442
43486
43607
43830
44072
44082
44331
44508
44520
44951
45020
45202
45248
45465
45526
45935
46101
Number of cuts: 178

Alpacados
271
357
458
975
1409
1981
2605
2718
2728
2860
3107
4089
5379
5519
5636
5645
5720
6005
6062
6131
6137
6358
6505
6907
7501
7794
7896
7986
8639
8848
9103
9187
9267
10215
10247
10310
10868
10874
10997
11287
11662
12737
12899
13067
13199
13208
13250
13301
13385
13535
13628
13805
13841
14297
14459
14720
14861
14999
15191
15365
15418
15691
15818
15829
16642
16776
16863
17490
17926
17953
18121
18698
18725
18947
19341
19572
21563
22484
22543
22576
22789
22819
23006
23552
24505
25033
25872
26110
26322
26391
26521
26550
26865
27018
27507
28151
28301
28531
28881
29345
30876
31087
31723
32164
32451
32460
32955
33054
33140
33305
34130
34632
34944
35064
35069
35266
35367
35476
36490
36501
36507
37074
37214
37469
37729
38203
38295
38435
38480
39366
39655
39814
39835
39846
39856
40316
40992
41099
41412
41573
41618
41627
41669
41723
41728
42134
42210
42305
42591
42709
42816
42881
42933
42954
43238
43309
43430
43653
43895
43905
43932
43981
44154
44331
44343
44774
44843
45025
45071
45288
45349
45758
45924
Number of cuts: 173

AngryOrchard
271
357
458
640
908
970
982
1402
1973
2267
2588
2682
2701
2711
2843
4072
5502
5619
5628
5703
5988
6045
6114
6120
6488
6890
7484
7777
7879
7969
8622
8831
9086
9170
9250
10198
10230
10293
10851
10857
10980
11270
11645
12759
12882
13050
13182
13191
13284
13368
13443
13611
13824
14280
14703
14844
14982
15174
15348
15401
15674
15812
16625
16759
16831
16846
17473
17909
17936
18104
18681
18708
18930
19324
19555
21052
21546
21618
22161
22538
22814
23001
23547
24359
24501
25029
25446
25832
26014
26281
26350
26418
26509
26805
26824
27015
27355
27381
27466
28110
28260
28490
28840
28858
29304
29730
29798
29843
30769
30980
31616
32057
32179
32766
32845
32944
33030
33195
33614
33638
33710
34290
34792
35104
35224
35229
35426
35527
35636
35689
36275
36462
36650
36661
37234
37374
37629
37889
38363
38455
38595
38631
38640
39301
39526
39817
39997
40008
40018
41223
41330
41642
41803
41848
41857
41899
41953
41958
42288
42319
42672
43038
43155
43487
43652
43776
43872
44114
44151
44200
44373
44550
44562
44993
45420
45481
45863
46029
46164
Number of cuts: 179

AppleCloud
708
770
1202
1737
2352
2465
2475
2607
3509
3836
4786
5266
5383
5752
5809
5878
5884
6252
6527
6654
7248
7541
7643
7733
7788
8386
8826
8910
8990
9023
9970
10033
10585
10591
10714
11004
11379
12358
12922
12928
13228
13237
13330
13489
13498
13657
13834
14326
14488
14749
14890
14953
15028
15103
15220
15447
15720
15858
16671
16805
16877
16892
17519
17955
17982
18150
18727
18754
18976
19370
19601
20930
21029
21148
21592
22241
22402
22445
22573
22658
22721
22847
23922
24369
24511
25039
25456
25842
26024
26080
26292
26361
26520
26816
26835
26988
27026
27366
27477
27570
28121
28580
28930
29391
29817
30701
30902
30912
31539
31989
32285
32780
32879
34413
34457
34769
34889
34894
35091
35301
36127
36315
36326
36899
37039
37294
37554
38028
38120
38260
38296
38305
38760
38966
39188
39636
39657
39668
39678
40006
40886
40993
41306
41467
41512
41521
41563
41617
41622
42028
42104
42199
42485
42603
42710
42775
42827
42848
43132
43159
43203
43324
43547
43789
43799
44048
44225
44237
44668
44737
44919
44965
45182
45243
45652
45818
Number of cuts: 176

Belenaria
271
357
458
975
1409
2028
2643
2756
2766
2898
3214
3800
4127
5077
5557
5674
5683
5758
5916
6043
6100
6169
6175
6411
6558
6960
7554
7847
7949
7991
8039
8094
8709
8918
9173
9257
9337
10285
10317
10380
10932
10938
11061
11351
11726
12840
12957
12963
13131
13263
13272
13365
13449
13594
13692
13905
14517
14523
14925
14988
15063
15255
15429
15482
15755
15882
15893
16706
16840
17554
17990
18017
18185
18762
18789
19011
19405
19636
21627
22548
22607
22640
22883
23070
23616
24570
25098
25515
25901
26139
26351
26420
26550
26579
26894
27047
27085
27425
28180
28330
28560
28910
29372
30837
31048
31684
32125
32412
32421
32916
33015
33266
34091
34232
34605
34917
35037
35042
35239
35449
35502
36275
36463
36474
37047
37187
37442
37702
38176
38268
38408
38444
38453
38908
39114
39336
39784
39805
39816
39826
40154
41034
41141
41454
41615
41660
41669
41711
41765
41770
42176
42252
42347
42633
42751
42858
42923
42975
42996
43280
43307
43351
43472
43695
43937
43947
44196
44373
44385
44816
44885
45067
45113
45319
45330
45391
45800
45966
Number of cuts: 178

BobbyDazzler
271
357
458
975
1409
2093
2714
2827
2837
2969
4198
5488
5628
5745
5754
5829
6114
6171
6240
6246
6467
6614
7016
7610
7903
8005
8095
8748
8957
9212
9296
9376
10324
10356
10419
10977
10983
11106
11396
11771
12846
13008
13176
13308
13317
13359
13410
13494
13578
13644
13737
13914
13950
14406
14568
14829
14970
15108
15300
15474
15527
15800
15927
15938
16751
16885
16972
17599
18035
18062
18230
18807
18834
19056
19450
19681
21672
22594
22653
22686
22899
22929
23116
23662
24615
25143
25560
25946
26184
26396
26465
26595
26624
26920
26939
27581
28225
28375
28605
28955
29419
30950
31161
31797
32238
32525
32534
33029
33128
33214
33379
34204
34709
35021
35141
35146
35343
35553
36379
36567
36578
36584
37151
37291
37546
37806
38280
38372
38512
38548
38557
39443
39732
39891
39912
39923
39933
40463
41139
41246
41560
41721
41766
41775
41817
41871
41876
42282
42358
42453
42739
42857
42964
43029
43081
43102
43386
43413
43457
43578
43801
44043
44053
44302
44479
44491
44820
44922
44991
45173
45219
45436
45497
45906
46072
Number of cuts: 175

Bonanza
271
357
458
975
1409
2028
2643
2756
2766
2898
4127
5417
5557
5674
5683
5758
6043
6100
6169
6175
6396
6543
6945
7539
7832
7934
8024
8677
8886
9141
9225
9305
9679
10253
10285
10348
10906
10912
11035
11325
11700
12775
12937
13105
13237
13246
13288
13339
13423
13573
13666
13843
13879
14335
14497
14758
14899
15037
15229
15403
15456
15729
15856
15867
16680
16814
16901
17528
17964
17991
18159
18736
18763
18985
19379
19610
21601
22522
22581
22614
22857
23044
23590
24543
25071
25488
25874
26112
26324
26393
26523
26552
26848
26867
27020
27509
28153
28303
28533
28883
29347
30878
31089
31725
32166
32453
32462
32957
33056
33142
33307
34132
34634
34946
35066
35071
35268
35478
36195
36304
36817
36872
36883
36889
37456
37596
37851
38111
38585
38677
38817
38862
39748
40037
40196
40217
40228
40238
40768
41444
41551
41864
42025
42070
42079
42121
42175
42180
42586
42662
42757
43043
43161
43268
43333
43385
43406
43690
43717
43761
43882
44105
44347
44384
44433
44606
44783
44795
45226
45295
45477
45523
45740
45801
46066
46195
46361
Number of cuts: 177

Bradshaw
271
357
458
975
1409
2028
2643
2756
2766
2898
3214
3800
4127
4201
5077
5417
5557
5674
5683
5758
5916
6043
6100
6169
6175
6558
6960
7554
7847
7949
7991
8039
8094
8709
8918
9173
9257
9337
10285
10317
10380
10932
10938
11061
11351
11651
11726
12840
12957
12963
13131
13263
13272
13365
13449
13594
13692
13905
14517
14523
14925
14988
15063
15255
15429
15482
15755
15893
16706
16840
17554
17990
18017
18185
18762
18789
19011
19405
19636
21627
21731
22548
22607
22640
22883
23070
23616
24569
25097
25514
25900
26350
26419
26549
26578
26893
27046
27084
27424
28179
28559
28909
29373
30904
31115
31751
32192
32479
32488
32983
33082
33333
34158
34299
34663
34975
35095
35100
35297
35507
35560
36342
36530
36541
36547
37114
37254
37509
37769
38243
38335
38475
38511
38520
39181
39263
39406
39695
39854
39875
39886
39896
40426
41102
41209
41522
41683
41728
41737
41779
41833
41838
42244
42320
42415
42701
42819
42926
42991
43043
43064
43348
43375
43419
43540
43763
44005
44015
44264
44441
44453
44884
44953
45135
45181
45398
45459
45868
46034
Number of cuts: 179

Bryce
271
357
458
975
1409
2028
2643
2756
2766
2898
4127
5417
5557
5674
5683
5758
6043
6100
6169
6175
6396
6543
6945
7539
7832
7934
8024
8677
8886
9141
9225
9305
10253
10285
10348
10906
10912
11035
11325
11700
12775
12937
13105
13237
13246
13288
13339
13423
13507
13573
13666
13843
13879
14335
14497
14899
15037
15229
15403
15456
15729
15856
15867
16680
16814
16901
17528
17964
17991
18159
18736
18763
18985
19379
19610
21601
22523
22582
22615
22828
22858
23045
23591
24544
25072
25489
25875
26057
26113
26325
26394
26524
26553
26849
26868
27399
27510
28154
28304
28534
28884
29348
30658
30869
31505
31946
32233
32242
32737
32836
32922
33087
33912
34417
34729
34849
34854
35051
35261
36087
36275
36286
36292
36859
36999
37254
37514
37988
38080
38220
38256
38265
38926
39151
39440
39599
39620
39631
39641
40171
40847
40954
41268
41429
41474
41483
41525
41579
41584
41990
42066
42161
42447
42565
42672
42737
42789
42810
43094
43121
43165
43286
43509
43751
43761
44010
44187
44199
44630
44699
44881
44927
45144
45205
45614
45780
Number of cuts: 176

ChewyVIII
143
353
461
697
748
996
1076
1682
2190
2305
2689
2740
2838
3014
3179
3296
3614
3649
4012
4168
4371
4407
4561
5155
5415
5466
5562
5765
6012
6289
6317
6511
6893
7379
7550
7760
8195
8270
8462
8498
8712
8740
9790
10041
10190
10631
10742
11021
11218
11560
11869
12324
13002
13489
13620
13668
14087
14144
14171
14410
14603
14831
15277
15532
15541
15792
15963
16068
16119
16677
16722
18186
19246
19758
20637
20682
21120
21312
21525
21797
21932
22415
22445
22790
22901
22925
23313
23319
23985
24437
25138
26424
27137
27338
27390
27748
28110
28248
28802
29285
29297
29366
29696
29708
30065
30086
30398
30479
30647
30770
30941
31106
31766
31996
32134
32284
32734
33103
33115
33298
33316
34243
34348
34717
34948
34960
35413
35461
35557
35584
35740
35788
35812
35837
36241
36256
36469
36526
37171
37830
38088
38127
38191
38302
38551
38575
38704
38755
39340
39583
39700
39923
39983
40610
40646
40906
41418
41565
41770
42973
43456
43757
43937
44426
44672
44879
45543
45816
45984
46080
46529
46815
47037
47097
47280
47778
49333
49624
50409
50535
50859
51036
51153
51234
51394
51420
52456
53127
53415
54493
54763
54922
55501
55540
55603
55627
55858
56246
56261
56525
56783
57060
57287
57328
57712
57734
57962
58825
58837
59513
59609
59764
60778
62053
62666
63586
63785
63932
64334
64559
65324
65722
66270
66342
66489
66646
67036
67135
67196
67336
67394
67450
67569
67575
67963
68210
68245
68549
68572
68706
68715
68758
68806
69055
69065
69075
Number of cuts: 246

CosmicSans
271
357
458
975
1409
2028
2643
2756
2766
2898
3214
3800
4127
4201
5077
5417
5557
5674
5683
5758
5916
6043
6100
6169
6175
6558
6960
7554
7847
7949
7991
8039
8094
8709
8918
9173
9257
9337
10285
10317
10380
10932
10938
11061
11351
11651
11726
12840
12957
12963
13131
13263
13272
13365
13449
13594
13692
13905
14517
14523
14925
14988
15063
15255
15429
15482
15755
15893
16706
16840
17554
17990
18017
18185
18762
18789
19011
19405
19636
21627
21731
22548
22607
22640
22883
23070
23616
24569
25097
25514
25900
26350
26419
26549
26578
26893
27084
27424
28179
28329
28559
28909
29373
30904
31115
31751
32192
32479
32488
32983
33082
33333
34158
34299
34663
34975
35095
35100
35297
35507
35560
36333
36521
36532
36538
37105
37245
37500
37760
38234
38326
38466
38502
38511
39172
39254
39397
39686
39845
39866
39877
39887
40417
41093
41200
41513
41674
41719
41728
41770
41824
41829
42235
42311
42406
42692
42810
42917
42982
43034
43055
43339
43366
43410
43531
43754
43996
44006
44255
44432
44444
44875
44944
45126
45172
45389
45450
45859
46025
Number of cuts: 179

Dinger
357
642
910
972
1404
2024
2318
2639
2752
2762
2894
3796
4123
5553
5670
5679
5754
6039
6096
6165
6171
6539
6941
7535
7828
7930
8020
8673
8882
9137
9221
9301
10249
10281
10344
10902
10908
11031
11321
11696
12810
12933
13101
13233
13242
13284
13335
13419
13503
13662
13839
13875
14331
14754
14895
15033
15225
15399
15452
15725
15863
16676
16810
16882
16897
17524
17960
17987
18155
18732
18759
18981
19606
21326
21597
22123
22866
23053
23599
24411
24553
25081
25498
25884
26066
26122
26334
26403
26562
26858
26877
27030
27068
27408
27519
27612
28163
28622
28972
29434
30773
30984
31620
32061
32681
32852
32951
33037
33621
33717
34188
34291
34432
34805
35117
35237
35242
35439
35649
36307
36475
36663
36674
36680
37247
37387
37642
37902
38376
38468
38608
38644
38653
39539
39830
40010
40021
40031
40355
40779
40842
41223
41237
41344
41440
41657
41818
41863
41872
41914
41971
41976
42306
42342
42690
43056
43173
43505
43670
43794
43890
44142
44169
44218
44391
44568
44580
45011
45437
45498
46048
Number of cuts: 171

DocB7
154
249
292
574
721
793
871
956
988
1095
1176
1278
1371
1702
1762
1834
1891
1966
2269
2341
2350
2365
2395
2680
2717
2725
2759
2812
2816
2857
3310
3892
3931
3940
4042
4252
4309
4510
4522
4714
4837
4996
5377
5404
5517
5643
6376
7193
7589
8071
8137
8239
8404
8604
8701
8979
9180
9205
9623
9661
9907
10015
10162
10168
10206
10377
10697
10724
10739
11042
11141
11649
11681
12082
12175
12298
12455
12796
12967
13006
13447
13465
13491
14013
14103
14415
14425
14963
15037
15168
16269
16569
17050
17125
17251
17670
17697
18160
18473
18521
18653
18836
18950
19268
19403
19604
19631
19922
20405
20697
20945
20975
21077
21386
21560
21602
21767
21878
21932
21950
21989
22070
22307
22316
22373
22379
22472
22553
22613
23114
23282
23468
23660
23771
24131
24164
24179
24332
24509
25082
25367
25556
25616
25766
26234
26801
26879
26930
26951
27613
28023
28123
28507
28663
28747
29342
29527
29614
29632
29855
30333
30804
30948
31011
31350
31496
31640
31763
32043
32114
32473
32857
33233
33806
34122
34351
34573
34594
34651
34720
34810
34997
35046
35481
35577
35586
36333
36665
36737
36749
37138
37155
37185
37205
37220
37250
37255
37721
37900
37946
38168
38204
38330
38685
38791
39044
39175
39283
39342
40015
40165
40713
40740
41147
41172
41402
41708
41840
42105
42216
42437
42453
42483
42813
42975
42987
43164
43719
43956
43983
44049
44142
44195
44265
44415
44430
44472
44958
45516
45858
45914
45922
46079
46157
46184
46220
46355
46392
46443
46494
46521
46563
46614
46722
46816
46969
47355
47506
47608
47821
48323
48381
48389
48534
48612
48940
49379
49568
49845
50040
50125
50359
50500
50602
50912
51102
51273
51303
51340
51843
51885
51936
52391
52804
52825
52915
52984
53004
53225
53319
53385
53409
53479
53845
53866
53920
54028
54037
54211
54266
54535
54541
54646
54754
54862
54937
55018
55216
55762
55873
55882
56101
56314
56563
56575
56715
56789
56990
57059
57274
57319
57425
57434
57611
57903
58140
58280
58489
58557
58647
58677
58691
59360
59453
59468
59473
59686
59811
59932
59973
60076
60243
60409
60682
62379
62438
62469
62564
62673
62737
62767
62947
63129
63247
63265
63352
63386
63408
63954
63991
63997
64074
64125
64198
64292
64358
64605
64699
64948
64972
65060
65127
65445
65763
65988
66033
66120
67139
67211
67508
68609
68632
69093
69493
70333
70355
70584
70644
70681
70916
71125
71144
71476
71796
71861
72065
72092
72304
72338
72356
72470
72542
72911
72955
73004
73258
73346
73595
73604
73672
73854
73945
73999
74079
74157
74173
74272
74308
74482
74658
74829
75031
75187
75356
Number of cuts: 424

E3
237
288
312
404
587
800
881
1398
1663
1778
1855
2005
2068
2290
2347
2389
2395
2416
2794
3010
3169
3481
3607
3616
4041
4288
4420
4531
4854
4920
5070
5429
5897
6641
6798
8076
8094
8120
8290
9422
10189
10248
10323
10416
11164
11386
11398
11619
11784
12474
13019
13199
13973
14100
14209
14382
14442
14472
14574
14983
15689
15983
16377
16797
16847
16886
17975
18176
18520
18935
19156
19180
19485
19503
19596
19723
19825
20098
20125
20655
20700
21243
21533
21596
22157
23048
23795
25091
25131
25318
25379
26065
26086
26299
26461
27089
27172
27355
27382
27400
27493
27715
28090
28171
28944
28980
29064
29219
30339
30573
30593
30653
30758
31442
31592
31830
31839
31986
32193
32274
32615
32910
33114
33171
33327
33576
33600
33750
33783
33879
34353
34518
34539
34560
34770
34896
34950
34956
35016
35137
35216
35598
35798
35936
36141
36149
36390
36396
37222
37240
37336
37486
37582
37630
38227
38922
39330
39516
39651
40188
40515
40644
41314
41320
41620
41892
41913
42189
42207
42267
42660
42678
42861
43501
43867
44009
45760
46421
47375
47443
48085
48436
48995
49097
49565
50762
50918
51952
52625
52958
53032
54016
54195
54626
54824
55716
58004
58550
58725
60280
60686
61167
62828
63077
63245
63272
63476
63575
63659
63725
63764
63794
64482
64590
64964
65684
66347
66467
66578
66827
67186
67231
67609
67648
68373
68435
69100
69175
69352
69454
69499
69811
69865
69871
69913
69973
69994
70018
70180
70408
70423
71185
71496
71514
71628
71673
72181
72343
72835
72937
72958
73183
74125
74137
74147
74710
74743
74776
74830
74851
74899
74920
75073
75228
76390
76470
77370
77646
78479
78593
78602
78710
79571
79946
80074
80386
80398
80923
81220
81229
81577
81943
82471
82861
83047
83781
83867
84294
84739
84803
84925
85260
85334
85433
85518
86787
87317
87382
87735
87763
87799
88050
88719
88804
89085
89292
89453
90101
90242
90980
91004
91299
91887
92321
92834
92897
93117
93180
94616
94646
94769
95177
95563
95575
95779
95809
96240
96273
96847
97574
97583
97631
98196
98304
98505
98789
98807
98966
99080
99557
99602
99917
100951
100987
101026
101253
101346
101586
101968
102266
102600
102864
103395
104456
104495
104561
104753
105092
105554
105563
105674
106366
106442
106475
106922
107514
107532
107565
107778
108174
108195
108981
108993
109472
109547
110050
110763
110968
111009
111207
111534
112065
112391
112503
112811
113015
113132
113240
113615
114052
114693
115250
115256
115531
115693
115807
115891
115932
116367
116578
117035
117161
117239
117389
117467
117554
117674
118337
118445
118601
118654
119308
119883
120394
120430
120591
120850
121086
121324
121929
122286
122554
122584
122635
122716
122957
123409
123736
123994
124069
124971
125031
125129
125143
125388
125510
125525
125678
125705
126079
126211
126508
126824
127448
127534
127907
128061
128248
128541
128944
129327
129341
129949
130513
130564
130854
131052
131325
131601
132300
133001
133139
133148
133178
133496
133626
133649
133964
134351
134528
135344
135854
136605
136917
137262
137433
137838
137919
138006
138132
138510
139088
139955
140034
140066
140205
141547
141675
141771
142083
Number of cuts: 490

Erik
271
357
458
975
1409
2028
2643
2756
2766
2898
3214
3800
4127
5077
5557
5674
5683
5758
5916
6043
6100
6169
6175
6411
6558
6960
7554
7847
7949
7991
8039
8094
8708
8917
9172
9256
9336
10284
10316
10379
10931
10937
11060
11350
11650
11725
12839
12956
12962
13130
13262
13271
13364
13448
13593
13691
13904
14516
14522
14924
14987
15062
15254
15428
15481
15754
15892
16705
16839
17553
17989
18016
18184
18761
18788
19010
19404
19635
21626
22547
22606
22639
22882
23069
23614
24567
25095
25512
25898
26136
26348
26417
26547
26576
26891
27044
27082
27422
28177
28327
28557
28907
29371
30836
31047
31683
32124
32411
32420
32915
33014
33100
33265
34090
34231
34595
34907
35027
35032
35229
35439
35492
36265
36453
36464
36470
37037
37177
37432
37692
38166
38258
38398
38434
38443
39104
39186
39329
39618
39777
39798
39809
39819
40248
40924
41031
41344
41505
41550
41559
41601
41655
41660
42066
42142
42237
42523
42641
42748
42813
42865
42886
43170
43197
43241
43362
43585
43827
43837
44086
44263
44275
44706
44775
44957
45003
45220
45281
45690
45856
Number of cuts: 180

Espica
271
357
458
975
1409
2028
2643
2756
2766
2898
3214
3800
4127
5077
5557
5674
5683
5758
5916
6043
6100
6169
6175
6411
6558
6960
7554
7847
7949
7991
8039
8094
8709
8918
9173
9257
9337
10285
10317
10380
10932
10938
11061
11351
11726
12840
12957
12963
13131
13263
13272
13365
13449
13594
13692
13905
14517
14523
14925
14988
15063
15255
15429
15482
15755
15882
15893
16706
16840
17554
17990
18017
18185
18762
18789
19011
19405
19636
21627
22548
22607
22640
22883
23070
23616
24570
25098
25515
25901
26139
26351
26420
26550
26579
26894
27047
27085
27425
28180
28330
28560
28910
29372
30837
31048
31684
32125
32412
32421
32916
33015
33101
33266
34091
34232
34605
34917
35037
35042
35239
35449
36275
36463
36474
37047
37187
37442
37702
38176
38268
38408
38444
38453
38908
39114
39336
39784
39805
39816
39826
40154
41034
41141
41454
41615
41660
41669
41711
41765
41770
42176
42252
42347
42633
42751
42858
42923
42975
42996
43280
43307
43351
43472
43695
43937
43947
44196
44373
44385
44816
44885
45067
45113
45330
45391
45800
45966
Number of cuts: 177

Finch
414
693
762
1152
1257
1435
1587
1671
2016
2073
2286
2396
2553
2757
3311
3834
3954
4028
4120
4305
4707
4727
4889
5081
5237
5560
5593
5650
5704
5947
6024
6107
6317
6359
6539
7223
7796
8156
8300
8312
8393
8471
8597
9052
9085
9199
9376
9520
9790
10097
10644
10704
10908
11136
11502
11535
11631
11639
11865
12135
12279
12294
12684
12690
12915
13154
13724
13733
14081
14289
14363
14810
15281
15582
15981
15990
16000
16035
16050
16584
16779
17645
18477
18508
18646
19028
19214
19343
19490
19508
19637
19835
19898
19958
19976
20251
20395
20606
20622
20691
20906
22331
22538
22721
22888
23233
23353
23449
23704
24329
25121
25446
25560
26460
26484
26889
26958
27032
27176
28830
28946
29203
29354
29621
29825
29888
30431
30779
31037
31544
31784
31943
31949
32114
32147
32300
32360
32492
32525
32569
32762
33199
33460
33630
33720
33942
35037
35453
35748
36014
36120
36184
36378
36660
36906
37373
37442
37632
37764
37866
37911
38031
38368
38514
38622
38685
38724
38784
39087
39585
39747
40030
40252
40846
41014
41076
41277
41857
41965
41980
42529
42715
42751
43021
43201
43507
43528
43702
43729
43777
43786
43897
43944
44019
44295
44511
44861
44905
45062
45161
45586
45757
46024
46186
46738
46843
47284
47495
47563
48319
48376
48547
50360
51198
51342
51630
51930
52545
52946
53139
53193
53442
53451
53457
53850
53895
54030
54114
54153
54246
54498
54693
55009
55220
55427
55526
55568
55850
56238
56361
56379
56460
56484
56730
56760
57135
57201
57245
57338
57418
57746
58028
58064
58238
58256
58436
58718
58916
59134
59233
59419
60000
60066
60691
60736
60805
61222
61278
61390
61537
61691
61703
61967
62054
62225
62623
62731
62833
63169
63380
63400
63575
63659
63702
64780
65062
65464
65527
65650
65800
65860
65980
66004
66169
66226
66253
66475
66565
66571
66782
67012
67129
67315
67466
67498
67660
67696
67894
68134
68484
68526
68886
69069
69102
69183
69345
69702
69843
70106
70336
70462
70539
70626
70806
70827
70836
71004
71022
71034
71130
71561
71755
71776
71794
72244
72875
73613
73730
73820
74151
74331
74474
74571
74634
75076
75157
75283
75517
75766
75826
76415
76538
76733
76796
76898
77050
77224
77246
77474
77489
77727
78727
79217
79702
79820
79940
80015
80108
80218
80416
80647
81092
81323
81698
81891
81896
81984
82064
82156
82346
82496
82514
82613
82634
82792
83064
83178
83216
83270
83279
83366
83420
83938
84260
84364
84617
85753
85882
86218
86232
86382
86910
86952
87394
87623
87906
87953
88071
88086
88193
88298
88360
88689
89197
89323
89636
89675
90047
90355
90384
90411
90672
91084
91187
91375
91824
92048
92144
92380
92634
92814
93150
93702
95305
95512
96206
96743
96844
97260
97614
97806
97839
98178
98268
98280
100142
100291
100313
100394
100673
100934
101120
101132
101841
102685
102718
103128
103270
103405
103689
103778
103980
104116
104317
104799
104937
105241
105325
105369
105457
105466
105897
106882
106935
107323
107379
107460
107795
108135
108519
109489
109735
109777
109822
109890
110097
110193
110499
110658
110742
110858
110979
111272
111491
111783
111978
112318
112336
112419
112773
112974
113401
113748
114223
114348
114557
114632
115087
115624
115852
115861
115945
116037
116835
117195
117263
118267
118315
118525
118555
118567
118588
119123
119224
119416
119854
119892
120073
120302
120503
120517
120670
120768
121119
121314
121395
121468
122111
122468
123069
123130
123193
123226
123241
123274
123325
123472
123694
123923
124166
124202
125421
125574
126156
126359
126582
127169
127178
127289
127322
127382
127469
127664
128003
128018
128111
128191
128580
128706
128889
129070
129682
130024
130062
130108
130567
130669
130885
131974
132925
133278
133674
134013
134043
134439
134721
134744
135139
135452
135933
136006
136566
136998
137064
137487
138001
138341
Number of cuts: 597

Gollum
271
357
458
975
1409
2028
2643
2756
2766
2898
3214
3800
4127
5077
5557
5674
5683
5758
5916
6043
6100
6169
6175
6411
6558
6960
7554
7847
7949
7991
8039
8094
8709
8918
9173
9257
9337
10285
10317
10380
10932
10938
11061
11351
11651
11726
12840
12957
12963
13131
13263
13272
13365
13449
13594
13692
13905
14517
14523
14925
14988
15063
15255
15429
15482
15755
15882
15893
16706
16840
17554
17990
18017
18185
18762
18789
19011
19405
19636
21627
22548
22607
22640
22883
23070
23616
24569
25097
25514
25900
26350
26419
26549
26578
26893
27084
27424
28179
28329
28559
28909
29371
30902
31113
31749
32190
32477
32486
32981
33080
33166
33331
34156
34297
34661
34973
35093
35098
35295
35505
36331
36519
36530
36536
37103
37243
37498
37758
38232
38324
38464
38500
38509
38964
39170
39392
39787
39808
39819
39829
40359
41035
41142
41455
41616
41661
41670
41712
41766
41771
42177
42253
42348
42634
42752
42859
42924
42976
42997
43281
43308
43352
43473
43696
43938
43948
44197
44374
44386
44817
44886
45068
45114
45331
45392
45801
45967
Number of cuts: 177

Grayson
1054
1618
2124
2357
2645
4493
4523
4754
4794
5098
5468
6184
6338
7910
7998
8731
8743
8978
9103
9520
9608
10089
11139
11766
12694
12946
12988
13764
14170
14197
14228
14312
14368
15408
15900
16684
16729
16933
17120
18168
18494
18614
18984
19320
20631
20694
20752
21026
21282
22610
22716
23520
24243
24258
24614
24630
24738
24912
25062
25816
26137
26888
27025
27086
27218
27505
27645
27930
28362
28504
29183
30100
30108
30293
30737
30940
30953
32750
32955
33214
33257
33275
33287
33917
34076
34733
34871
35373
35862
36168
36202
37458
37464
37844
39191
39269
39436
40262
40345
40441
40838
42467
42988
43044
43117
43156
43335
43723
43780
43847
44573
44780
45062
45968
46201
47311
49843
50437
50728
51127
52348
52964
53810
53918
55701
55786
56446
57061
57502
57855
57968
58417
58482
59154
59192
59243
59440
59519
59995
60447
60738
61129
62095
62159
62236
62243
62353
62867
63080
63132
63247
64575
64797
65048
65147
65463
65680
65818
66447
66929
67277
67555
67952
68006
68057
68315
68497
68631
68712
68861
69128
70549
71101
71380
72014
72125
72352
72918
72929
73150
73175
73363
74350
75099
75314
76041
76133
76145
76632
77566
77714
78011
78423
78741
79348
79531
79578
79587
79839
79902
81155
81358
82995
83837
83854
84049
84186
84200
84890
85277
85534
85840
86753
87125
88439
88653
88677
88791
88824
89040
89079
89220
89256
89270
89282
90322
90839
91001
91269
91917
92906
93094
93281
93476
93509
93925
93952
94166
94443
94504
94926
95076
95273
95836
96168
96347
96557
96759
96825
97049
97896
98141
99307
99379
99425
99608
100155
100397
100512
100787
100801
100912
101018
101659
102153
102739
103159
103437
104015
104248
104596
104857
106146
106772
107014
107297
108121
108340
108367
108440
108534
109463
110217
110333
110499
111559
112317
112702
112816
112978
113232
113605
113619
114185
114549
114690
115113
115340
116087
116305
116462
116760
116845
116949
117152
117733
117805
118151
118775
119354
119381
120009
120014
120057
120186
120984
121010
121067
121419
121472
121642
121793
122702
122853
123800
124482
124705
126010
126236
127103
129955
130519
131025
131258
131546
Number of cuts: 335

Harlequin
357
458
975
1409
2028
2643
2756
2766
2898
3800
4127
5077
5557
5674
5683
5758
6043
6100
6169
6175
6543
6945
7539
7832
7934
8024
8677
9117
9201
9281
9314
10229
10261
10324
10882
10888
11011
11301
11676
12751
12913
13081
13213
13222
13264
13315
13399
13483
13549
13642
13819
13855
14311
14473
14875
15013
15205
15379
15432
15705
15832
15843
16656
16790
16877
17504
17940
17967
18135
18712
18739
18961
19355
19586
21631
22553
22612
22645
22858
22888
23075
23621
24574
25102
25519
25905
26087
26143
26355
26424
26554
26583
26879
26898
27429
27540
28184
28334
28564
28914
29378
30688
30899
31535
31976
32263
32272
32767
32866
32952
33117
33942
34447
34759
34879
34884
35081
35291
36117
36305
36316
36322
36889
37029
37284
37544
38018
38110
38286
38295
39181
39472
39631
39652
39663
39673
40229
40882
40989
41303
41464
41509
41518
41560
41614
41619
42025
42101
42196
42482
42600
42707
42772
42824
42845
43129
43156
43200
43321
43544
43786
43796
44045
44222
44234
44665
44734
44916
44962
45179
45240
45649
45815
Number of cuts: 173

Hiro
271
357
458
975
1409
2028
2643
2756
2766
2898
4127
5417
5557
5674
5683
5758
6043
6100
6169
6175
6396
6543
6945
7539
7832
7934
8024
8079
8677
9117
9201
9281
9314
10261
10324
10876
10882
11005
11295
11670
12649
13213
13219
13519
13528
13570
13621
13780
13789
13948
14125
14617
14779
15040
15181
15244
15319
15394
15511
15738
16011
16149
16962
17096
17168
17183
17810
18246
18273
18441
19018
19045
19267
19892
21221
21320
21439
21883
22532
22693
22736
22864
22949
23012
23138
24829
25357
25774
26160
26398
26610
26679
26809
26838
27134
27153
27795
28439
28589
28819
29169
29633
31164
31375
32011
32452
32739
32748
33243
33342
33428
33593
34418
34559
34923
35235
35355
35360
35557
35767
36593
36781
36792
36798
37365
37505
37760
38020
38494
38586
38726
38762
38771
39657
39946
40105
40126
40137
40147
40677
41353
41460
41774
41935
41980
41989
42031
42085
42090
42496
42572
42667
42953
43071
43178
43243
43295
43316
43600
43627
43671
43792
44015
44257
44267
44516
44693
44705
45136
45205
45387
45433
45650
45711
46120
46286
Number of cuts: 176

Jace
10
273
336
507
576
860
1088
1163
1247
1472
1541
1937
2054
2114
2738
2867
3152
3509
3856
4216
4411
7163
7190
7241
7832
8155
8391
9186
9336
9411
9918
9984
10161
10299
10638
11121
11226
11295
11550
11556
11781
11907
11970
12033
12246
12861
13266
14064
14307
14828
14915
15122
15308
15320
15482
16058
16139
16589
17541
18598
18916
19660
19687
19975
19981
20142
20197
21589
21652
22290
22917
23096
23788
24144
24362
24374
24513
24523
24657
24770
24780
24933
25109
25196
25666
25795
25936
26134
26357
26480
26504
26546
26612
26849
27026
27065
27083
27652
27731
27937
28514
29138
29200
29452
29524
29626
29994
30178
30209
30272
30597
30816
31250
31636
31717
31970
31991
33492
33861
34008
34240
34534
34573
34588
34714
34804
34816
34996
35174
35523
35992
36262
37207
37261
37303
37366
37459
37623
37716
37785
38414
38659
38743
38848
39150
39603
39615
40190
40262
40414
40607
41046
41172
41265
41502
41543
42211
42915
43681
43717
43726
43863
43966
44360
44387
44458
44605
45052
45277
45316
45757
46425
46482
47561
47644
47659
47977
48068
48367
48954
49130
50125
50193
50235
50451
50567
50645
50810
52205
52320
52807
52927
53020
53166
53892
Number of cuts: 195

Jester
357
458
975
1409
2028
2643
2756
2766
2898
3800
4127
5077
5557
5674
5683
5758
6043
6100
6169
6175
6543
6945
7539
7832
7934
8024
8677
9117
9201
9281
9314
9655
10229
10261
10324
10876
10882
11005
11295
11670
12673
12784
12907
13075
13207
13216
13258
13309
13393
13477
13543
13636
13813
13849
14467
14728
14869
14932
15007
15082
15199
15426
15699
15837
16650
16784
16856
16871
17378
17498
17934
17961
18129
18706
18733
18955
19349
19580
21571
22484
22543
22576
22789
22819
23006
23552
24505
25033
25450
25836
26018
26074
26286
26355
26485
26514
26810
26829
27360
27471
28115
28265
28495
28845
29309
30619
30830
31466
31907
32194
32203
32698
32797
32883
33048
33873
34378
34690
34810
34815
35012
35222
36048
36236
36247
36253
36820
36960
37215
37475
37949
38041
38217
38226
39112
39403
39562
39583
39594
39604
40160
40813
40920
41234
41395
41440
41449
41491
41545
41550
41956
42032
42127
42413
42531
42638
42703
42755
42776
43060
43087
43131
43252
43475
43717
43727
43976
44153
44165
44596
44665
44847
44893
45110
45171
45580
45746
Number of cuts: 177

Krishelle
271
357
458
975
1409
2028
2643
2756
2766
2898
3214
3800
4127
5077
5557
5674
5683
5758
5916
6043
6100
6169
6175
6411
6558
6960
7554
7847
7949
8039
8094
8692
9132
9216
9296
9329
10276
10339
10891
10897
11020
11310
11685
12664
13228
13234
13534
13543
13636
13795
13804
13963
14140
14632
14794
15055
15196
15259
15334
15409
15526
15753
16026
16164
16977
17111
17183
17198
17825
18261
18288
18456
19033
19060
19282
19676
19907
21236
21335
21454
21934
22583
22744
22787
22915
23000
23063
23189
24264
24711
24853
25381
25798
26184
26366
26422
26634
26703
26862
27158
27177
27330
27368
27708
27819
27912
28463
28922
29272
29733
31264
31475
32111
32552
32839
32848
33343
33442
33693
34518
34659
35023
35335
35455
35460
35657
35867
35920
36702
36890
36901
36907
37474
37614
37869
38129
38603
38695
38835
38871
38880
39541
39623
39766
40055
40214
40235
40246
40256
40786
41462
41569
41882
42043
42088
42097
42139
42193
42198
42604
42680
42775
43061
43179
43286
43351
43403
43424
43708
43735
43779
43900
44123
44365
44375
44624
44801
44813
45244
45313
45495
45541
45758
45819
46218
Number of cuts: 185

Lillie
271
357
458
975
1409
2028
2643
2756
2766
2898
3214
3800
4127
4201
5077
5417
5557
5674
5683
5758
5916
6043
6100
6169
6175
6558
6960
7554
7847
7949
7991
8039
8094
8709
8918
9173
9257
9337
10285
10317
10380
10932
10938
11061
11351
11651
11726
12840
12957
12963
13131
13263
13272
13365
13449
13594
13692
13905
14517
14523
14925
14988
15063
15255
15429
15482
15755
15893
16706
16840
17554
17990
18017
18185
18762
18789
19011
19405
19636
21627
21731
22548
22607
22640
22883
23070
23616
24569
25097
25514
25900
26350
26419
26549
26578
26893
27084
27424
28179
28329
28559
28909
29373
30904
31115
31751
32192
32479
32488
32983
33082
33333
34158
34299
34663
34975
35095
35100
35297
35507
35560
36333
36521
36532
36538
37105
37245
37500
37760
38234
38326
38466
38502
38511
39172
39254
39397
39686
39845
39866
39877
39887
40417
41093
41200
41513
41674
41719
41728
41770
41824
41829
42235
42311
42406
42692
42810
42917
42982
43034
43055
43339
43366
43410
43531
43754
43996
44006
44255
44432
44444
44875
44944
45126
45172
45389
45450
45859
46025
Number of cuts: 179

Mahdia
91
541
859
975
1115
1203
1245
1329
1482
1641
1959
2056
2490
2511
3024
3135
3150
3267
3364
3530
3749
4451
4475
5010
5175
5385
5535
5891
6164
6511
6591
6669
6810
6895
7081
7353
7542
7595
7865
8070
9045
9093
9470
10302
10341
10419
10581
10626
10659
10830
10953
11079
11340
11394
11574
11607
11739
11874
11895
12024
12073
12114
12327
12532
12651
13422
13465
13526
13548
13614
13812
14047
14058
14397
14784
14799
14820
14829
14860
14936
15267
15465
15490
15570
15657
15726
15858
15870
16041
16082
16374
16438
16679
17048
17105
17249
17292
17393
17606
18137
18330
19012
19144
19199
19655
19766
20102
20662
20744
20751
20876
21229
21685
21826
22030
22622
22754
23053
23273
23384
23402
23569
23596
23764
24111
24561
24657
25325
25365
25532
25602
26124
26379
26454
26478
26514
26589
26709
26862
27003
27102
27281
27407
27461
27611
28136
28270
28528
28578
28602
28959
29016
29166
29195
29304
29625
29748
30034
30052
30531
30537
30618
30849
31110
31163
31196
31816
31954
32088
32101
32232
32244
32469
32532
32751
32826
33105
33171
33195
33321
33498
33822
33852
33922
33975
34065
34149
34172
34200
34401
34581
34755
34809
35212
35407
35509
35589
35854
35872
35929
36316
36584
36595
36661
37081
37784
38129
38888
39170
39278
39412
39639
39810
40066
40158
40222
40456
41149
41693
41720
41798
42109
42183
42261
42333
Number of cuts: 225

Naiad
271
357
458
975
1409
2028
2643
2756
2766
2898
3214
3800
4127
5077
5557
5674
5683
5758
5916
6043
6100
6169
6175
6411
6558
6960
7554
7847
7949
7991
8039
8094
8709
8918
9173
9257
9337
10285
10317
10380
10932
10938
11061
11351
11651
11726
12840
12957
12963
13131
13263
13272
13365
13449
13594
13692
13905
14517
14523
14925
14988
15063
15255
15429
15482
15755
15882
15893
16706
16840
17554
17990
18017
18185
18762
18789
19011
19405
19636
21627
21731
22153
22620
22896
23083
23629
24582
25110
25527
25913
26363
26432
26562
26591
26906
27059
27097
27437
28192
28572
28922
29386
30917
31128
31764
32205
32492
32501
32996
33095
33346
34171
34312
34676
34988
35108
35113
35310
35520
35573
36355
36543
36554
36560
37127
37267
37522
37782
38256
38348
38488
38524
38533
39194
39276
39419
39708
39867
39888
39899
39909
40439
41115
41222
41535
41696
41741
41750
41792
41846
41851
42257
42333
42428
42714
42832
42939
43004
43056
43077
43361
43388
43432
43553
43776
44018
44028
44277
44454
44466
44897
44966
45148
45194
45411
45472
45881
46047
Number of cuts: 178

Nancinator
271
357
458
975
1409
2028
2643
2756
2766
2898
3214
3800
4127
5077
5557
5674
5683
5758
5916
6043
6100
6169
6175
6411
6558
6960
7554
7847
7949
7991
8039
8094
8709
8918
9173
9257
9337
10285
10317
10380
10932
10938
11061
11351
11726
12840
12957
12963
13131
13263
13272
13365
13449
13594
13692
13905
14517
14523
14925
14988
15063
15255
15429
15482
15755
15882
15893
16706
16840
17554
17990
18017
18185
18762
18789
19011
19405
19636
21627
22548
22607
22640
22883
23070
23616
24570
25098
25515
25901
26139
26351
26420
26550
26579
26894
27047
27085
27425
28180
28330
28560
28910
29372
30837
31048
31684
32125
32412
32421
32916
33015
33101
33266
34091
34232
34605
34917
35037
35042
35239
35449
36275
36463
36474
37047
37187
37442
37702
38176
38268
38408
38444
38453
38908
39114
39336
39756
40432
40539
40852
41013
41058
41067
41109
41163
41168
41574
41650
41745
42031
42149
42256
42321
42373
42394
42678
42705
42749
42870
43093
43335
43345
43594
43771
43783
44214
44283
44465
44511
44728
44789
45198
45364
Number of cuts: 173

Natosaleda
271
357
458
975
1409
2028
2643
2756
2766
2898
3214
3800
4127
5077
5557
5674
5683
5758
5916
6043
6100
6169
6175
6411
6558
6960
7554
7847
7949
7991
8039
8094
8709
8918
9173
9257
9337
10285
10317
10380
10932
10938
11061
11351
11726
12840
12957
12963
13131
13263
13272
13365
13449
13594
13692
13905
14517
14523
14925
14988
15063
15255
15429
15482
15755
15882
15893
16706
16840
17554
17990
18017
18185
18762
18789
19011
19405
19636
21627
22548
22607
22640
22883
23070
23616
24569
25097
25514
25900
26138
26350
26419
26549
26578
26893
27046
27084
27424
28179
28329
28559
28909
29371
30836
31047
31683
32124
32411
32420
32915
33014
33100
33265
34090
34231
34604
34916
35036
35041
35238
35448
36274
36462
36473
37046
37186
37441
37701
38175
38267
38407
38443
38452
38907
39113
39335
39783
39804
39815
39825
40153
41033
41140
41453
41614
41659
41668
41710
41764
41769
42175
42251
42346
42632
42750
42857
42922
42974
42995
43279
43306
43350
43471
43694
43936
43946
44195
44372
44384
44815
44884
45066
45112
45329
45390
45564
45791
45957
46092
Number of cuts: 179

Partridge
357
640
908
970
1402
2087
2381
2702
2815
2825
2957
3859
4186
5616
5733
5742
5817
6102
6159
6228
6234
6602
7004
7598
7891
7993
8083
8138
8736
8945
9200
9284
9364
10312
10344
10407
10965
10971
11094
11384
11759
12873
12996
13164
13296
13305
13347
13398
13482
13566
13725
13902
13938
14394
14817
14958
15096
15288
15462
15515
15788
15926
16739
16873
16945
16960
17587
18023
18050
18218
18795
18822
19044
19669
21389
21660
22186
22929
23116
23662
24474
24616
25144
25587
25597
25983
26165
26221
26433
26502
26661
26957
26976
27129
27167
27507
27618
27711
28262
28721
29071
29533
31064
31275
31911
32352
33140
33239
33325
33909
34005
34588
34961
35273
35393
35398
35595
35805
36522
36631
36819
36830
36836
37403
37544
37799
38059
38533
38625
38765
38801
38810
39696
39987
40167
40178
40188
40512
40613
40936
40999
41380
41394
41501
41597
41814
41975
42020
42029
42071
42125
42130
42460
42496
42714
42719
42892
42898
43036
43402
43519
43851
44016
44140
44236
44488
44515
44564
44737
44914
44926
45357
45782
45843
46393
Number of cuts: 175

Pepy6
117
312
510
901
1104
1315
1790
1828
2669
2964
3532
3934
3988
4159
4258
4451
4939
5345
5537
5579
6353
6403
7268
7340
7637
7709
7865
7895
8500
8783
9243
9473
9524
9624
9647
9746
10018
10060
10339
10486
10683
10770
10840
11041
11136
11247
11593
11703
11904
12388
12769
12943
13990
14400
14591
14819
14906
15080
15120
15164
15273
15387
16335
16683
16862
16907
16925
17012
19656
19842
20040
20399
20502
20537
20630
20798
21158
21382
21717
21980
22074
22129
22225
22283
22312
22355
22520
22609
22622
22816
22849
22969
23227
23326
23470
23818
23851
24259
24702
24925
25912
27234
27564
28215
28361
28470
28487
28829
29168
29513
29642
29894
30019
30094
30124
30187
30385
30487
30658
30703
30829
31177
31222
31514
31879
32014
32110
32275
32341
32437
32572
32608
32650
32833
32860
32905
32914
32971
33025
33049
33259
33436
33910
34091
34300
34588
34852
34900
35629
35804
35868
36546
37377
37686
37893
38147
38284
38338
38481
38678
39180
39402
39540
39859
40015
40257
40294
40347
40893
41112
41435
41534
41557
41601
42124
42602
42656
42791
42884
43260
43350
43825
44113
44119
44542
44652
45092
45185
45484
45656
45716
45773
45792
45966
46183
46196
46384
46922
46952
47012
47075
47181
47459
47570
47603
47615
47627
48006
48056
48212
49285
49366
49642
49687
49760
50004
50025
50046
50058
50400
50700
50797
50894
51344
52181
52341
52358
52637
52810
53207
54404
54779
54923
55580
55625
55971
56379
56496
56502
56562
57371
57503
57533
57616
57715
57875
58123
58214
58225
58554
58660
58972
59437
59532
59912
60639
60888
61098
61379
61442
61891
62110
62642
62898
62954
62975
63194
63694
63915
63928
63999
64047
64193
64212
64481
64611
65486
65609
65729
65777
65869
65908
65980
66214
66327
66351
66415
66854
67076
67109
67347
67389
69040
69161
69824
70577
70706
70940
70957
70979
71003
71229
71339
71474
72093
72423
72486
72525
72611
72779
72902
72911
73102
73285
73362
73458
73659
73815
73896
74760
74853
74965
75282
75930
75937
76269
76281
76494
76528
76631
Number of cuts: 330

Peregrin
354
1079
1641
2153
2386
2495
2512
2682
2724
3080
3841
4351
4367
4582
4926
5048
6173
6473
7308
7524
7773
8057
8123
8263
8292
8417
8643
8834
9831
10453
11080
11742
12008
12260
12302
13078
13644
13700
14337
14766
14772
15004
15258
16162
16283
16328
16719
17761
18166
18536
18872
20183
20336
20470
21585
21776
21882
22686
23409
23424
23496
24188
24204
24312
24486
24636
25265
25393
25714
26465
26602
26652
27019
27444
27876
28018
28697
29611
29619
29825
29997
30533
31532
31737
31996
32039
32057
32069
32413
32699
33515
33653
34155
34644
35104
36701
37972
38050
38217
38418
39043
39125
39221
39618
41247
41768
41897
41936
42115
42503
42627
43353
43560
43842
44246
44748
44849
46091
48626
49220
49910
51131
54569
55428
55869
56222
56335
56647
56733
56784
56849
57470
57559
57610
57807
57886
58362
58814
58938
59496
60462
60526
60603
60610
60720
60866
61234
61499
61614
61796
62950
62993
63215
63466
63565
64098
64236
64872
65354
65702
65980
66377
66431
66482
66922
67033
67056
67137
67286
67553
68129
68959
69511
69790
70369
70424
70535
70588
70762
70792
71328
71339
71560
71585
71773
72173
72292
73118
73317
73330
74327
75076
75315
75970
76062
76074
76540
76552
76906
77042
77394
77463
77776
77924
78221
78631
79871
80068
80361
81026
81685
81889
82235
82525
82887
83724
83741
83936
84073
84087
84652
84777
85130
85453
86672
87044
88601
89131
89215
89753
90270
90432
90700
91348
92337
92940
93142
93357
93648
93941
94000
94128
94325
94598
94875
95201
95380
95792
95858
96964
97753
97825
97871
98287
98763
99010
99528
99576
100050
100462
101180
101194
101305
101411
101856
103141
103561
103839
104417
104653
104688
105000
105263
105817
106567
107048
107289
107570
109222
109477
109878
109994
110160
111116
111178
112320
112823
113601
113615
114088
114152
114553
114694
115104
115152
116472
116639
116793
116802
116908
117113
117270
117653
117757
118302
118541
118613
119291
120038
120617
121487
121619
122594
122803
123259
123360
123747
124274
125408
125640
125647
126330
126517
126553
128140
130423
131148
131710
132222
132455
132564
132581
132751
132793
Number of cuts: 334

Phrankenstein
271
357
458
975
1409
2028
2643
2756
2766
2898
3214
3800
4127
4201
5077
5417
5557
5674
5683
5758
5916
6043
6100
6169
6175
6411
6558
6960
7554
7847
7949
7991
8039
8094
8709
8918
9173
9257
9337
10285
10317
10380
10932
10938
11061
11351
11651
11726
12840
12957
12963
13131
13263
13272
13365
13449
13594
13692
13905
14517
14523
14925
14988
15063
15255
15429
15482
15755
15893
16706
16840
17554
17990
18017
18185
18762
18789
19011
19405
19636
21573
22494
22553
22586
22829
23016
23562
24515
25043
25460
25846
26296
26365
26495
26524
26839
26992
27030
27370
28125
28275
28505
28855
29319
30850
31061
31697
32138
32425
32434
32929
33028
33279
34104
34245
34609
34921
35041
35046
35243
35453
35506
36279
36467
36478
37051
37191
37446
37706
38180
38272
38412
38448
38457
39118
39200
39343
39632
39791
39812
39823
39833
40363
41039
41146
41459
41620
41665
41674
41716
41770
41775
42181
42257
42352
42638
42756
42863
42928
42980
43001
43285
43312
43356
43477
43700
43942
43952
44201
44378
44390
44821
44890
45072
45118
45335
45396
45805
45971
Number of cuts: 179

Pine5
17
77
224
329
461
680
1355
1921
1972
2035
2753
3789
4172
4246
4477
4806
5060
5291
6005
6034
6088
7699
7885
8381
8507
9652
9688
9718
9790
9955
9991
10630
10726
10831
10874
11161
11244
12333
12390
12477
12573
13183
13297
13633
13955
14369
14644
14914
15296
15397
15464
15562
16582
17896
19186
20486
20640
20697
21195
21363
21558
21852
22191
22263
22304
22338
22359
22761
23262
23511
23685
23820
24483
24654
25263
25329
25344
25350
25650
26635
26708
28176
28248
28410
28449
28536
28653
28683
28815
28840
28906
29467
29731
30069
30711
30900
31392
32295
32384
32409
32826
33072
33315
34572
34664
35000
35108
35183
36174
36259
36499
36640
36655
37195
37803
37876
38572
38602
38806
38893
38962
39088
39769
40795
40831
40945
41095
41839
41904
42183
42248
42269
42323
42560
42755
42800
43217
43262
43643
43757
43970
44395
44857
44879
44964
45125
45176
45462
45474
46655
46975
47436
48080
48207
48247
48264
48335
48344
48407
48921
49005
49435
49830
50451
50835
51198
51398
51440
51937
52257
52483
52513
53027
53658
53764
53978
54002
54536
54956
55097
55758
55830
56964
57419
57894
57915
58038
58081
58516
58611
58656
58991
59151
59211
Number of cuts: 194

Poco6
117
312
594
819
1773
2161
2277
2628
2731
2788
3100
3276
4022
4037
4464
4623
5187
5211
6235
6505
6698
7223
7272
7592
8196
8384
8576
10520
10902
10955
11040
11084
11452
12214
12590
12674
12904
12955
12994
13078
13082
13099
13177
13491
13769
14200
14270
14460
14566
15118
16220
17087
17441
17865
17931
18147
19265
20685
20787
21084
21678
22029
22212
22421
22559
22652
22820
23180
23739
24002
24096
24154
24241
24250
24308
24337
24545
24634
24647
24826
24859
24985
25240
25339
25483
25831
25864
25873
26272
26523
26938
27925
28971
29247
29583
30234
30506
30848
31187
31224
31376
31438
31481
31661
31721
31913
32143
32404
32521
32692
32737
33112
33142
33313
33539
33904
33988
34135
34291
34300
34366
34675
34687
34846
34858
34885
34939
34996
35017
35050
35074
35386
35935
36116
36139
36154
36874
36922
37826
37890
38475
38721
39195
39399
39670
39708
39867
39915
40193
40306
40360
40503
40700
41202
41558
41711
41938
42071
42221
42344
42642
42840
43237
43336
43403
43581
43769
44396
44450
44704
44794
44872
45083
45287
45649
45823
45949
45955
46309
46492
46576
46640
47416
47443
47476
47543
47773
48398
48444
49124
49214
49699
49810
49843
49855
49867
49903
49975
50071
50236
50794
50875
51151
51196
51247
51516
51537
51558
51564
51570
52170
52281
52332
52344
52421
52853
53000
53690
53850
53867
54145
54318
54715
55912
56287
56431
56734
57133
57833
57887
57965
58004
58010
58070
58095
58165
58273
58382
59039
59054
59099
59129
59212
59248
59264
59314
59474
59569
59839
59914
59980
60148
60645
61083
61219
61287
62299
62774
62845
63030
63096
63649
64258
64474
64848
64896
65330
65595
65611
65685
66129
66627
66675
66809
66986
67142
67153
67764
67989
68872
69168
69282
69939
70475
70487
70541
70715
70862
70988
71394
71451
71969
72203
72266
72492
72536
72602
73355
73685
73748
73787
73873
74041
74173
74333
74459
74624
74720
74915
74921
75077
75158
75260
75827
76022
76115
76233
76550
76935
77205
77537
77549
77762
77794
Number of cuts: 324

Rasputin
271
357
458
975
1409
2028
2643
2756
2766
2898
3214
3800
4127
5417
5557
5674
5683
5758
6043
6100
6169
6175
6396
6543
6945
7539
7832
7934
8024
8678
8887
9142
9226
9306
9680
10254
10286
10349
10901
10907
11030
11320
11695
12770
12809
12932
13100
13232
13241
13283
13334
13418
13502
13568
13661
13838
13874
14330
14492
14753
14894
15032
15224
15398
15451
15724
15851
15862
16675
16809
16896
17523
17959
17986
18154
18731
18758
18980
19605
21596
22518
22577
22610
22853
23040
23586
24398
24540
25068
25871
26109
26321
26390
26520
26549
26864
27055
27395
27506
28150
28300
28530
28880
29099
29344
30875
30911
31086
31722
32163
32450
32459
32954
33053
33304
34129
34270
34634
34946
35066
35071
35268
35478
35531
36304
36492
36503
36509
37076
37216
37471
37731
38205
38297
38437
38473
38482
39143
39225
39368
39657
39816
39837
39848
39858
40388
41064
41171
41484
41645
41690
41699
41741
41795
41800
42206
42282
42377
42663
42781
42888
42953
43005
43026
43310
43337
43381
43502
43725
43967
43977
44226
44403
44415
44846
44915
45097
45143
45360
45421
45830
45996
Number of cuts: 182

RER2
271
357
458
975
1409
2028
2643
2756
2766
2898
3214
3800
4127
4201
5077
5417
5557
5674
5683
5758
5916
6043
6100
6169
6175
6558
6960
7554
7847
7949
7991
8039
8094
8709
8918
9173
9183
9257
9337
10285
10317
10380
10932
10938
11061
11351
11651
11726
12840
12957
12963
13131
13263
13272
13365
13449
13594
13692
13905
14517
14523
14925
14988
15063
15255
15429
15482
15755
15882
15893
16706
16840
16912
17554
17990
18017
18185
18762
18789
19011
19405
19636
21627
22548
22607
22640
22853
22883
23070
23616
24569
25097
25514
25900
26138
26350
26419
26549
26578
26874
26893
27535
28179
28329
28559
28909
29373
30904
31115
31751
32192
32479
32488
32983
33082
33333
34158
34299
34663
34975
35095
35100
35297
35507
35560
36165
36224
36333
36521
36532
37105
37245
37500
37760
38234
38326
38466
38502
38511
39172
39254
39397
39686
39845
39866
39877
39887
40417
41093
41200
41513
41674
41719
41728
41770
41824
41829
42235
42311
42406
42692
42810
42917
42982
43034
43055
43339
43366
43410
43531
43754
43996
44006
44255
44432
44444
44875
44944
45126
45172
45389
45450
45859
46025
Number of cuts: 184

RexFury
271
357
458
1006
1440
2059
2674
2787
2797
2929
3245
3831
4158
5108
5588
5705
5714
5789
5947
6074
6131
6200
6206
6442
6589
6991
7585
7878
7980
8022
8070
8125
8740
8949
9204
9288
9368
10316
10348
10411
10963
10969
11092
11382
11682
11757
12298
12871
12988
12994
13162
13294
13303
13345
13396
13480
13625
13723
13936
14548
14554
14956
15019
15094
15286
15460
15513
15786
15913
15924
16737
16871
17585
18021
18048
18216
18793
18820
19042
19436
19667
21658
22579
22638
22671
22914
23101
23647
24600
25128
25931
26169
26381
26450
26580
26609
26924
27077
27115
27455
28210
28360
28590
28940
29159
29404
30935
30971
31146
31782
32223
32510
32519
33014
33113
33364
34189
34330
34694
35006
35126
35131
35328
35538
36364
36552
36563
37136
37276
37531
37791
38265
38357
38497
38533
38542
38997
39203
39425
39873
39894
39905
39915
40243
41123
41230
41543
41704
41749
41758
41800
41854
41859
42265
42341
42436
42722
42840
42947
43012
43064
43085
43369
43396
43440
43561
43784
44026
44036
44285
44462
44474
44905
44974
45156
45202
45419
45480
45889
46055
Number of cuts: 180

RGL3
1276
1390
1793
2027
2645
2768
2900
4129
4203
4561
4798
5559
5676
5918
6045
6102
6177
6365
6551
6950
7837
7890
7939
7981
8029
8329
8884
9139
9223
9261
9468
9740
10254
10286
10349
10907
10913
11036
11323
11626
11701
12242
12437
12572
12721
12839
13028
13256
13397
13439
13574
13649
13658
13724
13787
13817
14267
14483
14519
14681
14797
14942
15083
15221
15413
15593
15646
16057
17076
17637
17715
18151
18178
18874
19161
19387
19555
19717
19783
19861
20155
20329
20536
20767
20824
21055
21193
21271
21516
21655
21670
21809
21990
22753
22914
23170
23359
23491
24097
24239
24467
24825
24940
25018
25057
25424
25588
26003
26871
27280
27295
27394
27553
27868
28021
28411
28606
28615
28759
29167
29519
29651
30002
30280
30685
30816
31929
32412
32421
32586
32722
33125
33134
33311
33629
33728
33773
33893
33967
33979
34331
34404
35832
35931
36051
36056
36463
36746
37262
37516
37527
37533
37848
38013
38025
38136
38257
38431
38512
38517
38530
39111
39203
39331
39612
40045
40130
40180
40492
40672
40683
40693
41400
41973
42090
42186
42302
42311
42527
42668
43333
43537
43549
43612
43987
44129
44381
44391
44612
44730
44940
45132
45501
45740
45843
46032
46246
46333
46438
46668
46897
47375
47493
Number of cuts: 203

Rhodalysa
271
357
458
975
1409
2028
2643
2756
2766
2898
3214
3800
4127
4201
5077
5417
5557
5674
5683
5758
5916
6043
6100
6169
6175
6558
6960
7554
7847
7949
7991
8039
8094
8709
8918
9173
9257
9337
10285
10317
10380
10932
10938
11061
11351
11651
11726
12840
12957
12963
13131
13263
13272
13365
13449
13594
13692
13905
14517
14523
14925
14988
15063
15255
15429
15482
15755
15893
16706
16840
17554
17990
18017
18185
18762
18789
19011
19405
19636
21627
21731
22548
22607
22640
22883
23070
23616
24569
25097
25514
25900
26350
26419
26549
26578
26893
27084
27424
28179
28329
28559
28909
29373
30904
31115
31751
32192
32479
32488
32983
33082
33333
34158
34299
34663
34975
35095
35100
35297
35507
35560
36333
36521
36532
36538
37105
37245
37500
37760
38234
38326
38466
38502
38511
39172
39254
39397
39686
39845
39866
39877
39887
40417
41093
41200
41513
41674
41719
41728
41770
41824
41829
42235
42311
42406
42692
42810
42917
42982
43034
43055
43339
43366
43410
43531
43754
43996
44006
44255
44432
44444
44875
44944
45126
45172
45389
45450
45859
46025
Number of cuts: 179

StCroix
271
357
458
975
1409
2028
2643
2756
2766
2898
3214
3800
4127
5077
5557
5674
5683
5758
5916
6043
6100
6169
6175
6411
6558
6960
7554
7847
7949
7991
8039
8094
8709
8918
9173
9257
9337
10285
10317
10380
10932
10938
11061
11351
11651
11726
12840
12957
12963
13131
13263
13272
13365
13449
13594
13692
13905
14517
14523
14925
14988
15063
15255
15429
15482
15755
15882
15893
16706
16840
17554
17990
18017
18185
18762
18789
19011
19405
19636
21627
21731
22153
22620
22896
23083
23629
24582
25110
25527
25913
26363
26432
26562
26591
26906
27059
27097
27437
28192
28572
28922
29386
30917
31128
31764
32205
32492
32501
32996
33095
33346
34171
34312
34676
34988
35108
35113
35310
35520
35573
36355
36543
36554
36560
37127
37267
37522
37782
38256
38348
38488
38524
38533
39194
39276
39419
39708
39867
39888
39899
39909
40439
41115
41222
41535
41696
41741
41750
41792
41846
41851
42257
42333
42428
42714
42832
42939
43004
43056
43077
43361
43388
43432
43553
43776
44018
44028
44277
44454
44466
44897
44966
45148
45194
45411
45472
45881
46047
Number of cuts: 178

Swann
271
357
458
975
1409
2028
2643
2756
2766
2898
3214
3800
4127
4201
5077
5417
5557
5674
5683
5758
5916
6043
6100
6169
6175
6558
6960
7554
7847
7949
7991
8039
8094
8709
8918
9173
9257
9337
10285
10317
10380
10932
10938
11061
11351
11651
11726
12840
12957
12963
13131
13263
13272
13365
13449
13594
13692
13905
14517
14523
14925
14988
15063
15255
15429
15482
15755
15893
16706
16840
17554
17990
18017
18185
18762
18789
19011
19405
19636
21627
22548
22607
22640
22883
23070
23616
24569
25097
25514
25900
26138
26350
26419
26549
26578
26893
27046
27084
27424
28179
28329
28559
28909
29371
30902
31113
31749
32190
32477
32486
32981
33080
33331
34156
34297
34661
34973
35093
35098
35295
35505
35558
36163
36222
36331
36519
36530
37103
37243
37498
37758
38232
38324
38464
38500
38509
39170
39252
39395
39684
39843
39864
39875
39885
40415
41091
41198
41511
41672
41717
41726
41768
41822
41827
42233
42309
42404
42690
42808
42915
42980
43032
43053
43337
43364
43408
43529
43752
43994
44004
44253
44430
44442
44873
44942
45124
45170
45387
45448
45857
46023
Number of cuts: 181

Takoda
271
357
458
640
908
970
1402
2020
2314
2635
2748
2758
2890
4119
5549
5666
5675
5750
6035
6092
6161
6167
6535
6937
7531
7824
7926
8016
8669
8878
9133
9217
9297
10245
10277
10340
10892
10898
11021
11311
11686
12800
12923
13091
13223
13232
13325
13409
13484
13652
13865
14321
14744
14885
15023
15215
15389
15442
15715
15853
16432
16666
16800
16872
16887
17514
17950
17977
18145
18722
18749
18971
19365
19596
21093
21587
21659
22202
22579
22855
23042
23588
24400
24542
25070
25487
25873
26055
26111
26323
26392
26460
26522
26551
26847
26866
27019
27057
27397
27423
27508
28152
28302
28532
28882
29101
29346
30811
31022
32099
32221
32887
32986
33072
33237
33656
33680
33752
34332
34473
34846
35158
35278
35283
35480
35690
35743
36407
36516
36704
36715
37288
37428
37683
37943
38417
38509
38649
38685
38694
39355
39580
39871
40051
40062
40072
41277
41384
41696
41857
41902
41911
41953
42007
42012
42342
42373
42726
43092
43209
43695
43860
43984
44080
44322
44359
44408
44581
44758
44770
45201
45628
45689
45943
46072
46238
Number of cuts: 176

Trina
413
464
487
805
838
1129
1467
1832
2195
2234
2575
3383
3625
3890
4167
4367
4431
5158
5257
5693
5787
5825
5833
6121
6359
6390
6879
9696
9885
10210
10341
10592
10607
11351
11824
12153
13202
13698
14777
15172
15276
15381
15465
15744
16368
16573
16743
16880
17246
17509
17797
18578
19128
19841
20022
21069
21338
21612
22695
22872
22886
23166
23348
24714
24726
25745
26174
26660
27148
27478
28329
28834
30390
31219
31776
32124
33066
33638
33884
33910
34204
35053
35118
36546
36989
37710
38780
38952
40219
43348
43593
43926
43980
44268
44480
44616
44946
45000
45660
46428
46692
46704
47646
47712
47754
48594
49113
49359
49693
49783
51206
51215
52250
53026
53923
54060
54093
54153
56074
57528
58629
60001
60382
61882
61945
62024
62043
62272
62331
62434
63240
63521
63595
63746
63829
64246
64537
64935
65492
65753
66143
66372
66498
66935
67125
68375
70303
70646
71107
71315
71539
71861
72370
73210
73314
73597
73898
74577
75032
75617
77478
79719
79819
81149
81343
81516
81742
82419
82549
82703
82823
83416
83705
83811
83846
83933
84185
84329
84530
84538
85326
86489
86581
87521
87704
88114
88789
88949
89889
90503
90763
90993
92020
93667
94448
94675
95146
95693
96059
96303
96313
96399
96715
97434
97700
97989
99511
99613
99683
99806
99836
100895
101438
102084
102689
102933
103717
103762
103828
104292
104335
104511
104520
104677
104789
104953
105127
105512
106035
106050
107113
107452
107660
108049
108127
108720
110744
111305
111592
111862
112205
112309
112615
112709
112851
112913
112980
113448
113993
114349
114571
115088
115248
115371
115815
116220
116240
116277
116529
116676
117710
117887
118038
118469
118741
118815
119726
119748
120425
120870
121092
121217
121221
122038
122603
122731
122764
123086
123162
123915
124299
124406
124673
125849
126153
126617
126709
127126
127213
127663
127703
127913
128002
130607
130637
130868
131514
133407
133444
133805
134412
134692
134843
135876
136815
136866
136889
137207
137240
137531
137869
138234
138597
138636
138977
Number of cuts: 315

TWAMP
271
357
458
975
1409
2028
2643
2756
2766
2898
3214
3800
4127
4201
5077
5417
5557
5674
5683
5758
5916
6043
6100
6169
6175
6558
6960
7554
7847
7949
7991
8039
8094
8709
8918
9173
9257
9337
10285
10317
10380
10932
10938
11061
11351
11651
11726
12840
12957
12963
13131
13263
13272
13365
13449
13594
13692
13905
14517
14523
14925
14988
15063
15255
15429
15482
15755
15893
16706
16840
17554
17990
18017
18185
18762
18789
19011
19405
19636
21627
21731
22548
22607
22640
22883
23070
23616
24569
25097
25514
25900
26350
26419
26549
26578
26893
27084
27424
28179
28329
28559
28909
29373
30904
31115
31751
32192
32479
32488
32983
33082
33333
34158
34299
34663
34975
35095
35100
35297
35507
35560
36333
36521
36532
36538
37105
37245
37500
37760
38234
38326
38466
38502
38511
39172
39254
39397
39686
39845
39866
39877
39887
40417
41093
41200
41513
41674
41719
41728
41770
41824
41829
42235
42311
42406
42692
42810
42917
42982
43034
43055
43339
43366
43410
43531
43754
43996
44006
44255
44432
44444
44875
44944
45126
45172
45389
45450
45859
46025
Number of cuts: 179

UhSalsa
271
357
458
975
1409
2028
2643
2756
2766
2898
3214
3800
4127
5077
5557
5674
5683
5758
5916
6043
6100
6169
6175
6411
6558
6960
7554
7847
7949
7991
8039
8094
8709
8918
9173
9257
9337
10285
10317
10380
10932
10938
11061
11351
11726
12840
12957
12963
13131
13263
13272
13365
13449
13594
13692
13905
14517
14523
14925
14988
15063
15255
15429
15482
15755
15882
15893
16706
16840
17554
17990
18017
18185
18762
18789
19011
19405
19636
21627
22548
22607
22640
22883
23070
23616
24570
25098
25515
25901
26139
26351
26420
26550
26579
26894
27047
27085
27425
28180
28330
28560
28910
29372
30837
31048
31684
32125
32412
32421
32916
33015
33101
33266
34091
34232
34605
34917
35037
35042
35239
35449
36275
36463
36474
37047
37187
37442
37702
38176
38268
38408
38444
38453
38908
39114
39336
39784
39805
39816
39826
40154
41034
41141
41454
41615
41660
41669
41711
41765
41770
42176
42252
42347
42633
42751
42858
42923
42975
42996
43280
43307
43351
43472
43695
43937
43947
44196
44373
44385
44816
44885
45067
45113
45330
45391
45800
45966
Number of cuts: 177

Weasels2
1435
1549
1831
2345
2610
2616
2643
2761
2767
2882
2989
3002
3046
3057
3067
3081
3182
3207
3341
3757
4346
4448
4550
4566
4647
4678
4745
4953
5023
5689
6390
6978
7684
7736
7996
8119
8302
8509
8946
9046
9058
10040
10229
11207
11444
11471
11620
11650
11656
11672
12033
12190
12882
13314
13923
14043
14084
14150
14504
15274
15709
15869
16201
16975
17020
17536
17845
18730
18859
19171
19370
19445
19976
20009
20207
20212
20724
20820
21997
22199
22515
22802
22922
23093
23387
23672
23821
23837
24194
24210
24318
24492
24642
25182
25268
25396
25717
26015
26310
26468
26611
26670
26862
27443
27875
28017
29613
29621
29809
30081
31173
32048
32499
32563
32775
32866
32896
34330
34342
34480
35777
35811
37004
37250
38313
39066
39220
39658
40065
40090
40140
41697
41787
41799
43362
43486
43545
43650
43863
44488
45298
45330
45409
46398
46656
47801
48330
49392
49986
50676
51915
52531
52837
53377
53485
54390
55011
55032
55327
55721
56141
56253
56583
56766
57346
57593
58077
58671
58751
58760
58957
58973
59459
59519
59713
60040
60091
60243
60652
60747
61000
61608
61928
62012
62115
63013
63148
64319
64426
64982
65158
65199
65362
65454
66247
66368
66395
66488
67060
67368
67425
67527
67810
67910
67925
68036
68352
69319
69730
70107
70801
71782
72104
72502
72509
72687
73647
73836
73869
73910
74386
74413
74701
74788
76568
76842
77833
77952
78152
78229
78350
78472
78484
78907
78921
79104
79252
79416
80801
81038
81447
81590
81782
81954
81961
82007
82641
83566
84052
84410
84602
85102
86558
86580
86622
87557
87598
87729
87944
88457
88700
90969
91580
92261
92524
92551
92882
93092
93218
93469
94737
95324
95382
96068
96089
97113
97495
97653
98005
98112
98218
98540
98733
100056
101139
101145
101900
102285
102418
102504
102691
103335
103540
103778
103853
104115
104385
104458
104520
104645
105602
105666
105979
106471
106679
106823
106902
106912
106995
107127
107503
107686
107838
108211
108282
108288
108643
108902
108967
109044
109445
110349
110494
110726
110817
110898
111186
111260
111348
112174
112878
113197
113641
113849
113970
114113
114174
114244
114536
114789
115175
115198
115353
115691
115775
115808
115896
116039
116227
116269
116769
116903
117786
118310
118354
118436
118477
119132
119293
119443
119466
119598
119720
120184
120636
120709
120781
121024
121213
121324
121983
122547
122661
122686
123268
123322
123582
124119
124398
124775
125244
125565
125601
126299
126385
126493
126605
127891
128246
128421
128680
128835
129110
129236
129241
129492
129718
129879
130040
130537
130607
130913
131120
131271
131508
133140
133254
133536
134050
134315
134321
134348
134466
134472
134587
134694
134707
134751
134762
134772
134786
134887
134912
Number of cuts: 423

Yogi
271
357
458
975
1409
2028
2643
2756
2766
2898
4127
5417
5557
5674
5683
5758
6043
6100
6169
6175
6396
6543
6945
7539
7832
7934
8024
8677
8886
9141
9225
9305
9679
10253
10285
10348
10906
10912
11035
11325
11700
12775
12937
13105
13237
13246
13288
13339
13423
13573
13666
13843
13879
14335
14497
14758
14899
15037
15229
15403
15456
15729
15856
15867
16680
16814
16901
17528
17964
17991
18159
18736
18763
18985
19379
19610
21601
22522
22581
22614
22857
23044
23590
24543
25071
25488
25874
26112
26324
26393
26523
26552
26848
26867
27020
27509
28153
28303
28533
28883
29347
30878
31089
31725
32166
32453
32462
32957
33056
33142
33307
34132
34634
34946
35066
35071
35268
35478
36195
36304
36817
36872
36883
36889
37456
37596
37851
38111
38585
38677
38817
38862
39748
40037
40196
40217
40228
40238
40768
41444
41551
41864
42025
42070
42079
42121
42175
42180
42586
42662
42757
43043
43161
43268
43333
43385
43406
43690
43717
43761
43882
44105
44347
44384
44433
44606
44783
44795
45226
45295
45477
45523
45740
45801
46066
46195
46361
Number of cuts: 177

Yoncess
271
357
458
975
1409
2028
2643
2756
2766
2898
4127
5417
5557
5674
5683
5758
6043
6100
6169
6175
6396
6543
6945
7539
7832
7934
8024
8677
8886
9141
9225
9305
10253
10285
10348
10906
10912
11035
11325
11700
12775
12937
13105
13237
13246
13288
13339
13423
13507
13573
13666
13843
13879
14335
14497
14758
14899
15037
15229
15403
15456
15729
15856
15867
16680
16814
16901
17528
17964
17991
18159
18736
18763
18985
19379
19610
21601
22523
22582
22615
22828
22858
23045
23591
24544
25072
25489
25875
26113
26325
26394
26524
26553
26849
26868
27318
27399
27510
28154
28304
28534
28884
29348
30658
30869
31505
31946
32233
32242
32737
32836
32922
33087
33912
34417
34729
34849
34854
35051
35261
36087
36275
36286
36292
36859
36999
37254
37514
37988
38080
38220
38256
38265
39151
39440
39599
39620
39631
39641
40171
40847
40954
41268
41429
41474
41483
41525
41582
41587
41993
42069
42164
42450
42568
42675
42740
42792
42813
43098
43125
43169
43290
43513
43755
43765
44014
44191
44203
44634
44703
44885
44931
45148
45209
45618
45784
Number of cuts: 176

