Alatin
106
988
1031
1851
1863
2121
2504
2672
2955
2997
3187
3243
3507
4334
4360
4371
4387
4494
4680
5069
5092
5448
5497
6560
6571
6689
6864
6970
7146
7180
7190
7612
7625
7849
8390
8457
8810
8822
8846
9285
9374
9604
9789
9966
9974
10096
10434
10481
10527
11157
12060
12115
12834
13731
14873
15619
15713
15769
15803
15928
15991
16311
16577
16621
16770
17724
18148
18274
18313
18921
19116
19393
19630
19723
19792
20533
20634
20749
20805
20980
21160
21273
21340
21430
21583
21717
21723
21759
21765
21882
21915
21972
22092
22727
22736
22833
22905
23178
23505
23712
23739
23917
24032
24410
24513
24553
24625
24791
24834
24930
25444
25493
25521
25801
25847
26194
26324
26419
26452
26468
26675
27474
27551
27596
27766
27791
27994
28101
28200
28597
28789
29485
29496
29506
29559
30201
30303
30513
30567
30922
31112
31522
31637
31787
32112
32505
32951
33019
33402
33412
33437
33444
33668
33727
33787
33980
34478
34556
34718
34900
35085
35148
35238
35514
35568
35617
36174
36378
36387
36813
37765
37991
38274
39060
39138
39351
39482
40241
40511
40742
40768
41306
41315
41583
41609
41758
42318
42444
43196
43244
44076
44852
45382
45811
45947
46265
46300
46464
46478
46495
46626
Number of cuts: 201

Alpacados
106
988
1031
1604
1804
1816
2074
2466
2634
2917
2959
3149
3205
3447
3469
4183
4296
4322
4333
4349
4456
4642
5031
5054
5459
6507
6518
6636
6811
6917
7093
7127
7137
7559
7572
7796
8352
8358
8401
8740
8752
8776
8995
9215
9304
9719
9904
10026
10364
10411
10457
10595
10654
10738
11093
11996
12051
12329
12710
13646
13655
13667
13787
13811
14809
15555
15649
15705
15739
15864
15927
16187
16262
16452
16557
16706
17660
18084
18210
18249
19052
19329
19566
19659
19728
20136
20469
20570
20762
20791
20916
21096
21121
21209
21276
21343
21366
21465
21480
21641
21712
21797
21974
22702
23047
23374
23581
23595
23608
23786
23901
24279
24382
24422
24494
24660
24703
24799
25313
25362
25752
26099
26324
26357
26373
27058
27379
27456
27501
27671
27696
27899
28006
28105
28502
28694
29390
29401
29411
29464
30106
30208
30418
30472
31017
31427
31542
31692
32017
32410
32856
32924
33307
33317
33342
33349
33573
33632
33692
33885
34325
34458
34620
34802
34987
35050
35140
35416
35470
35519
36076
36179
36271
36280
36706
37658
37884
38554
38959
39031
39244
40064
40334
40565
40591
41138
41432
41581
42141
42267
43019
43067
43899
44675
45205
45481
45634
45770
46123
46285
46299
46315
46446
Number of cuts: 203

AngryOrchard
106
620
1024
1597
1796
1808
2066
2170
2294
2449
2514
2538
2617
2900
2942
3132
3188
3452
3500
4166
4279
4305
4316
4332
4439
4625
5014
5037
5357
5442
6490
6501
6619
6794
6900
7076
7110
7120
7542
7555
7779
8335
8341
8384
8735
9198
9287
9517
9702
9887
10009
10347
10394
10440
10637
10721
11076
11979
12034
12693
12753
13134
13629
13638
13650
14341
14792
15538
15632
15722
15847
15910
16496
16540
16689
17643
18067
18193
18232
18840
19035
19312
19549
19642
19711
20097
20108
20119
20140
20173
20354
20668
20899
21079
21104
21192
21259
21326
21349
21448
21588
21597
21780
21837
21957
22591
22600
22697
22769
23042
23369
23576
23603
23897
23950
24275
24378
24418
24656
24699
24795
25309
25358
25386
25666
25712
26271
26283
26316
26332
26831
27017
27281
27338
27460
27630
27655
27858
27965
28064
28310
28653
29349
29360
29370
29423
29750
29999
30101
30311
30365
30910
31320
31435
31585
31910
32746
32814
33023
33197
33207
33232
33758
33792
33852
34045
34174
34618
34780
34962
35147
35210
35300
35576
35630
35679
36236
36339
36431
36440
36866
37818
38044
38734
39119
39191
39404
39535
40296
40565
40799
41360
41369
41636
42233
42836
43241
43802
44118
44894
45159
45337
45743
45875
46193
46228
46391
46420
46550
Number of cuts: 209

AppleCloud
411
783
824
1560
1572
1830
1934
2058
2213
2302
2381
2664
2706
2896
2952
3020
3216
3930
4043
4069
4096
4203
4389
4778
4801
4917
5121
5166
5206
6254
6265
6558
6840
6874
6884
7306
7319
7543
8099
8105
8148
8487
8511
8938
9027
9257
9627
9749
10087
10134
10180
10455
10810
11713
11768
12152
12507
13098
13675
13684
13696
13816
14300
14838
15584
15678
15734
15768
15784
15893
15956
16291
16586
16735
17689
18113
18239
18278
19081
19358
19595
19688
19757
20154
20165
20219
20400
20590
20791
21150
21305
21395
21494
21643
21741
21826
21883
22003
22793
22808
22909
23063
23408
23550
23641
24285
24388
24428
24666
24709
24805
24931
25319
25368
25396
25676
25722
26069
26294
26327
26343
27028
27349
27471
27572
27641
27889
27976
28075
28743
29436
29447
29457
29510
29931
30033
30243
30652
30842
31246
31252
31328
31367
31517
32681
32749
33142
33167
33174
33398
33457
33704
34445
34627
34812
34875
34965
35241
35295
35344
35901
36004
36105
36531
37483
37709
37992
38379
38784
38856
39069
39197
39956
41023
41032
41326
41475
42035
42161
42913
42961
43793
44569
45099
45528
45664
45982
46017
46180
46194
46211
46342
Number of cuts: 192

Belenaria
106
988
1031
1851
1863
2121
2504
2672
2955
2997
3187
3243
3507
4334
4360
4371
4387
4494
4680
5069
5092
5448
5497
6560
6571
6689
6864
6970
7146
7180
7190
7612
7625
7849
8390
8457
8810
8822
8846
9285
9374
9604
9789
9966
9974
10096
10434
10481
10527
11157
12060
12115
12834
13731
14873
15619
15713
15769
15803
15928
15991
16311
16577
16621
16770
17724
18148
18274
18313
18921
19116
19393
19630
19723
19792
20533
20634
20805
20980
21160
21273
21340
21430
21529
21663
21705
21711
21828
21861
21918
22038
22766
22838
23111
23438
23645
23659
23672
23850
23965
24344
24447
24487
24559
24725
24768
24864
25378
25427
25455
25735
25781
26128
26258
26353
26386
26402
27087
27408
27485
27530
27700
27725
27928
28035
28134
28531
28723
29417
29428
29438
29491
29818
30067
30169
30379
30433
30788
30978
31388
31503
31653
31978
32371
32817
32885
33268
33278
33303
33310
33534
33593
33653
33846
34314
34353
34431
34593
34775
34960
35023
35113
35389
35443
35492
36049
36152
36253
36679
37631
37857
38140
38527
38932
39004
39217
39345
40104
41171
41180
41474
41623
42183
42309
43061
43109
43941
44717
45247
45676
45812
46130
46165
46329
46343
46360
46491
Number of cuts: 197

BobbyDazzler
106
988
1031
1604
1916
1928
2186
2245
2296
2575
2743
3026
3068
3258
3314
3578
4292
4405
4431
4442
4458
4565
4751
5140
5163
5568
6616
6627
6745
6920
7026
7202
7236
7246
7668
7681
7905
8461
8467
8510
8849
8861
8885
9324
9413
9643
9828
10013
10135
10473
10520
10566
10704
10763
10847
11202
12105
12160
12438
12819
13755
13764
13776
13896
14918
15664
15758
15814
15848
15973
16036
16296
16371
16561
16666
16815
17769
18193
18319
18358
19161
19438
19675
19837
20245
20480
20679
20871
20900
21025
21205
21230
21318
21385
21452
21475
21750
21821
21867
21906
21963
22083
23157
23249
23484
23691
23705
23718
23896
24011
24389
24492
24532
24604
24770
24813
24909
25423
25472
25826
26173
26398
26431
26447
27132
27453
27530
27575
27745
27770
27973
28080
28179
28425
28576
28768
29464
29475
29485
30180
30282
30492
30546
30901
31091
31501
31616
31766
32091
32484
32998
33391
33416
33423
33647
33706
33766
33959
34418
34457
34535
34697
34879
35064
35127
35217
35493
35547
35596
36153
36256
36348
36357
36783
37735
37961
39036
39108
39321
40211
40342
40481
40712
40738
41276
41285
41580
41729
42289
42415
43167
43215
44047
44823
45353
45782
45918
46271
46433
46447
46463
46594
Number of cuts: 202

Bonanza
106
988
1031
1497
1851
1863
2121
2225
2504
2672
2955
2997
3187
3243
3507
4221
4334
4360
4371
4387
4494
4680
5069
5092
5497
6545
6556
6674
6849
6955
7131
7165
7175
7597
7610
7834
8390
8396
8439
8778
8790
8814
9033
9253
9342
9757
9942
10064
10402
10449
10495
10633
10692
10776
11131
12034
12089
12367
12748
13684
13693
13705
13825
13849
14847
15593
15687
15743
15777
15902
15965
16225
16300
16490
16595
16744
17698
18122
18248
18287
19090
19367
19604
19766
20174
20507
20608
20800
20829
20954
21134
21159
21179
21247
21314
21381
21404
21503
21518
21679
21750
21835
22012
22740
22812
23085
23177
23412
23619
23633
23646
23824
23939
24317
24420
24460
24532
24698
24741
24837
25351
25400
25754
26101
26326
26359
26375
27060
27381
27458
27503
27673
27698
27901
28008
28107
28504
28696
29392
29403
29413
29466
30108
30210
30420
30474
31019
31429
31544
31694
32019
32412
32858
32926
33309
33319
33344
33351
33575
33634
33694
33887
34327
34460
34622
34804
34989
35052
35142
35418
35472
35521
36078
36181
36273
36282
36429
36685
37088
38040
38266
38936
39341
39413
39626
40516
40786
41017
41043
41581
41590
41884
42033
42593
42719
43471
43519
44351
45127
45657
46074
46207
46525
46560
46724
46738
46754
46885
Number of cuts: 208

Bradshaw
106
988
1031
1851
1863
2121
2225
2504
2672
2997
3187
3243
3507
4334
4360
4371
4387
4494
4680
5069
5092
5448
5497
6560
6571
6689
6864
6970
7146
7180
7190
7612
7625
7849
8390
8457
8810
8822
8846
9285
9374
9604
9789
9966
9974
10096
10434
10481
10527
11157
12060
12115
12834
13731
14873
15619
15713
15769
15803
15928
15991
16311
16577
16621
16770
17724
18148
18274
18313
18921
19116
19393
19630
19723
19792
20533
20634
20805
20980
21160
21273
21340
21430
21529
21663
21669
21705
21711
21828
21861
21918
22038
22766
22838
23111
23438
23645
23672
23850
23965
24343
24446
24486
24558
24724
24767
24863
25377
25426
25454
25734
25780
26127
26257
26352
26385
26401
27407
27484
27529
27699
27724
27927
28034
28133
28530
28722
29418
29429
29439
29492
30134
30236
30446
30500
30855
31045
31455
31570
31720
32045
32438
32884
32952
33335
33345
33370
33377
33601
33660
33720
33913
34411
34489
34651
34833
35018
35081
35171
35447
35501
35550
36107
36311
36320
36746
37698
37924
38207
38993
39071
39284
39415
40174
40444
40675
40701
41239
41248
41516
41542
41691
42251
42377
43129
43177
44009
44785
45315
45744
45880
46256
46396
46410
46428
46559
Number of cuts: 196

Bryce
106
988
1031
1851
1863
2121
2225
2504
2672
2955
2997
3187
3243
3507
4221
4334
4360
4371
4387
4494
4680
5069
5092
5497
6545
6556
6674
6849
6955
7131
7165
7175
7597
7610
7834
8390
8396
8439
8778
8790
8814
9033
9253
9342
9572
9757
9942
10064
10402
10449
10495
10692
10776
11131
12034
12089
12367
12748
13684
13693
13705
13825
14847
15593
15687
15743
15777
15902
15965
16225
16300
16490
16595
16744
17698
18122
18248
18287
19090
19367
19604
19766
20174
20409
20608
20800
20829
20954
21134
21159
21247
21314
21381
21404
21679
21750
21796
21835
21892
22012
23086
23178
23413
23620
23634
23647
23825
23940
24318
24421
24461
24533
24699
24742
24838
25352
25401
25755
26327
26360
26376
27061
27325
27382
27504
27674
27699
27902
28009
28108
28354
28505
28697
29393
29404
29414
29467
29888
29990
30200
30254
30609
30799
31324
31474
31799
32192
32706
33099
33124
33131
33355
33414
33474
33667
34126
34165
34243
34405
34587
34772
34835
34925
35201
35255
35304
35861
35964
36056
36065
36491
37307
37443
37669
38744
38816
39029
39919
40050
40189
40420
40446
40984
40993
41288
41437
41997
42123
42875
42923
43755
44531
45061
45490
45626
45979
46139
46153
46169
46300
Number of cuts: 200

ChewyVIII
90
274
542
729
847
1139
1148
1216
1357
1566
1796
1971
2192
2205
2509
2597
3025
3212
3346
3633
3701
4382
4764
5021
5076
5265
5346
5614
5635
5664
5824
6884
7056
7289
7496
7514
7698
7801
8557
8971
9058
9361
9499
9835
9952
10215
10288
10394
10403
11455
11583
11907
12516
12747
13230
13753
13806
13828
14115
14622
14652
14803
15016
15023
15122
15335
15609
15675
15721
15873
15924
16596
16633
17024
17031
17112
17205
17241
17304
17332
17357
17523
17562
17642
17670
17679
17795
17850
17889
18020
18129
18228
18297
18408
18632
18854
19073
19307
19555
19886
20086
20092
20180
20414
20427
20703
20757
20970
21498
21509
21570
21651
21786
21830
22304
22544
22858
22962
23039
23294
23550
23613
23993
24164
24296
24353
24962
25324
25456
26379
26457
26472
26576
26939
27003
27301
27518
27535
27546
27582
27604
27778
27947
28151
28161
28278
28694
28879
29183
29339
29345
29488
29570
29942
30321
30382
30392
30440
30538
30837
30878
30917
31121
31351
31804
32353
32810
32944
33318
33399
33643
33733
33960
34021
34090
34184
34306
34561
34792
35181
35218
35230
35426
35439
35665
35806
35842
35860
36352
36371
36463
36473
36633
36745
36927
36961
37385
37405
37473
37531
37665
37839
37845
38003
38032
38350
38388
38687
39740
39771
39878
39974
39985
40049
40153
40214
40319
40373
40454
40563
40670
40676
40723
40747
40754
40888
41400
41710
41990
42178
42201
42579
42772
42870
42904
42924
43075
43154
43544
43689
43730
43849
43864
44655
44744
44793
44814
44831
45196
45420
45682
45977
46236
46651
46787
46987
47020
47165
47210
47822
47858
47985
48147
48191
48217
48428
48940
49271
49318
49641
49778
49865
49882
50174
50709
51007
51023
51387
51883
51975
52043
52688
52831
52858
52897
53025
53104
53110
53163
53317
53428
53639
53710
53728
54006
54118
54126
54225
54300
54319
54339
54518
54631
54756
54999
55035
55110
55351
55435
55467
55581
55791
55801
55834
56472
56692
57573
57834
58100
58115
58241
58576
59140
59249
59294
59450
60477
60913
61092
61207
61336
61713
61760
61914
62057
62734
63657
63766
64336
64337
64619
65169
65313
65681
66238
67981
68223
68612
68667
68860
68928
68940
69153
Number of cuts: 353

CosmicSans
106
988
1031
1851
1863
2121
2225
2504
2672
2997
3187
3243
3507
4334
4360
4371
4387
4494
4680
5069
5092
5448
5497
6560
6571
6689
6864
6970
7146
7180
7190
7612
7625
7849
8390
8457
8810
8822
8846
9285
9374
9604
9789
9966
9974
10096
10434
10481
10527
11157
12060
12115
12834
13731
14873
15619
15713
15769
15803
15928
15991
16311
16577
16621
16770
17724
18148
18274
18313
18921
19116
19393
19630
19723
19792
20533
20634
20805
20980
21160
21273
21340
21430
21529
21663
21669
21705
21711
21828
21861
22038
22766
22838
23111
23438
23645
23672
23850
23965
24343
24446
24486
24558
24724
24767
24863
25377
25426
25454
25734
25780
26127
26257
26352
26385
26401
27407
27484
27529
27699
27724
27927
28034
28133
28530
28722
29418
29429
29439
29492
30134
30236
30446
30500
30855
31045
31455
31570
31720
32045
32438
32884
32952
33335
33345
33370
33377
33601
33660
33720
33913
34411
34489
34651
34833
35018
35081
35171
35447
35501
35550
36107
36210
36311
36737
37689
37915
38198
38984
39062
39275
39406
40165
40435
40666
40692
41230
41239
41533
41682
42242
42368
43120
43168
44000
44776
45306
45735
45871
46224
46388
46402
46418
46549
Number of cuts: 194

Dinger
466
1026
1847
1859
2117
2221
2500
2589
2668
2951
2993
3183
3239
3503
3551
4217
4330
4356
4367
4383
4490
4676
5065
5088
5204
5408
5493
6489
6541
6552
6670
6845
6951
7127
7161
7171
7593
7606
7830
8386
8392
8435
8786
8810
9249
9338
9568
9753
9938
10060
10398
10445
10491
11127
12030
12085
12744
12804
13680
13689
13701
13821
14392
14843
15589
15683
15773
15898
15961
16296
16547
16591
16740
17694
18118
18244
18283
18891
19086
19363
19600
19693
19762
20148
20159
20191
20224
20405
20595
20604
20719
20950
21130
21155
21243
21310
21377
21746
21792
21831
21888
22008
22174
22749
22821
23094
23421
23628
23655
23949
24327
24430
24470
24708
24751
24847
25361
25410
25438
25718
25764
26111
26336
26369
26385
27070
27391
27513
27614
27683
27931
28018
28117
28785
29479
29490
29500
29553
30003
30105
30315
30369
30914
31324
31439
31589
31914
32753
32821
33204
33214
33239
33246
33545
33765
33799
34046
34514
34553
34631
34793
34975
35160
35223
35313
35589
35643
36249
36444
36453
36879
37831
38057
38747
39132
39204
39417
39548
40309
40578
40836
40992
41374
41383
41433
41651
41677
42251
42854
43019
43259
43820
44136
44912
45177
45354
45761
46247
46392
46409
46437
46570
Number of cuts: 202

DocB7
251
1337
1917
2128
2370
2580
2736
3706
3793
4230
4295
4330
4417
4468
5219
5344
5466
6039
6205
6289
6723
6959
7532
7551
7576
7640
8128
8152
8275
8706
8809
8994
9052
9286
10105
10545
10624
10977
11143
11222
11429
11576
11690
11845
12394
12712
12894
12906
12919
13081
13122
13399
13611
13760
13831
13862
13955
14079
14655
14828
14891
15171
15440
15640
15732
16083
16164
16332
16422
16521
16707
17253
17678
17781
17809
18017
18107
18485
18551
19019
19123
19154
19973
19991
20046
21134
21263
21329
21365
21380
21673
21965
22484
22555
23966
24013
24031
24250
24731
24754
24961
25046
25148
25253
25618
25631
25673
25778
26013
26014
26115
26315
26331
26533
26773
27032
27555
27616
27640
27717
27792
28027
28057
28338
28455
28538
29210
29533
30412
31406
31467
31675
31693
31860
32402
32714
32773
32866
33235
33277
33325
33467
33577
33943
34071
34534
34548
34921
34957
35378
36089
36731
36788
37069
37130
38096
38485
38560
38671
38723
38785
39383
39456
39725
39752
40037
40167
40264
41222
41500
42026
42099
42500
42579
42776
43818
44022
44070
44721
45246
45356
45467
45738
45996
46292
46640
46829
46878
47076
47228
48023
48186
48705
48760
49232
49789
49948
50254
50745
50943
50961
51047
51063
51277
51608
51975
52033
52316
52540
52552
52806
52951
53182
53819
53855
53925
54711
54870
55125
55292
55534
55546
56055
56557
56701
56717
56950
57107
57125
57162
57364
57592
57644
57862
58365
58703
59787
59926
60603
60918
61071
61311
61368
61411
61576
61584
61724
61824
62082
62322
62761
62798
62879
63695
63965
64164
65132
65204
65279
65757
66207
66803
67259
67900
69486
69623
69671
69930
70605
70606
71431
71680
71705
72203
72347
72481
72598
73021
73130
73197
73957
73983
74091
74148
74517
74944
75112
75198
75585
75760
Number of cuts: 290

E3
247
746
1141
1224
1742
2123
2377
2491
2599
2630
2700
2752
2766
3161
3773
3876
3948
4460
5181
5211
5421
5465
5650
5763
6782
6961
7061
7408
7434
7636
7699
7998
8224
8254
8408
8593
8633
8658
8802
9364
9758
10172
10367
10425
10589
10613
10750
10812
11048
11142
11177
11641
12287
12328
12337
12445
12607
13084
13181
13240
13398
13503
13509
13543
13834
13984
14177
14490
14756
15448
15528
15910
16335
16379
16414
16822
16956
16976
17200
17608
17969
18036
18086
18290
18322
18755
18797
18821
19268
19906
20166
20272
20421
20694
20936
21252
21610
21803
22271
22424
22615
22841
23366
23510
23628
23657
23770
24137
24257
24602
24789
24901
24959
25067
25394
25847
25900
26356
26611
26619
26756
27054
27077
27582
27608
27631
27642
27699
27723
27973
28359
28512
28885
28964
29021
29058
29097
29240
29438
29656
29835
30054
30093
30201
30346
30403
30898
30937
31002
31089
31262
31433
31474
31569
31607
31705
31718
31898
31925
32092
32111
32223
32621
32719
33134
33678
33982
34142
34157
34976
35110
35272
35482
35489
35524
35842
35914
35991
36187
36358
36422
36628
37047
37097
37632
37995
38059
38140
38172
38629
38705
39122
39212
39296
39336
39486
39494
39527
40319
40394
40802
41175
41274
41331
41446
41542
41745
41984
42327
42549
42569
42894
42987
43372
43493
43645
43785
43882
43951
44282
44295
44323
44804
45101
45306
45346
45545
45578
45610
45719
45925
46014
46388
46410
46561
46637
46771
46828
46839
46988
47223
47291
47890
48183
48203
48297
48333
48371
48393
48898
48911
48964
49227
49325
49517
49580
49618
49670
49694
49751
49770
49829
49880
50153
50420
50713
50777
50950
51088
51332
51371
51593
51832
52168
52529
52598
52734
52949
53287
53530
53716
54186
54689
54727
54853
54981
55181
56177
56206
56499
56615
57044
57090
57120
57244
57334
57509
57529
57599
57791
57977
57985
58028
58076
58123
58151
58226
58243
58316
58349
58367
58679
58914
59204
59314
59467
59538
59890
59992
60129
60205
60214
60229
60342
60419
60502
60821
60946
61853
61891
62162
62182
62269
62331
62846
62953
62980
63015
63058
63119
63467
63509
63531
64082
64136
64217
64379
64608
64750
64774
64797
64855
64992
65060
65145
65283
65445
65600
65743
65752
66331
66622
66772
66837
67213
67332
67366
67515
67522
67603
67887
67976
67982
67988
68273
68630
68700
68761
69405
69580
69646
69652
69667
69676
70213
70361
70532
70789
70937
70970
71131
71362
71372
71539
71567
71817
71843
71889
72172
72333
72386
72526
72660
72965
72974
73005
73030
73085
73294
73390
73731
73746
73765
73780
73806
74192
74492
75141
75437
75660
75729
75753
75882
75914
76111
76172
76311
76444
76722
76769
76779
76905
76971
76982
76998
77067
77259
77597
77655
77661
77742
77792
77817
78198
78397
78648
78660
78695
78809
79135
79147
79327
79671
79991
80304
80445
80561
80592
80818
81126
81363
81460
81609
82095
82376
82460
82643
82944
83254
83302
83319
83512
83581
83680
83957
83970
84049
84146
84483
84604
84708
84748
84838
84875
85015
85174
85241
85397
85415
85784
85814
85881
86018
86039
86258
86273
86283
86583
86681
86691
86744
86942
87086
87144
87359
87496
87666
87687
87713
87986
88137
88179
88432
88674
88701
88708
88745
89029
89275
89413
89823
90060
90078
90168
90230
90280
90324
90335
90477
90525
90592
90602
90751
90849
91378
91463
91548
91695
91871
92200
92281
92468
92888
93158
93287
93298
93487
94235
94375
94604
94685
94901
95105
95302
95310
95753
95761
95897
95946
96100
96314
96327
96634
96915
97005
97208
97228
97469
97495
97862
98187
98272
98365
98535
98667
98742
98773
99372
99483
99876
99903
100027
100752
100889
100953
100989
101242
101363
101537
101593
101945
102035
102108
102259
102296
102831
102890
103095
103178
103246
103313
103438
103685
103967
104463
104793
104880
105101
105317
105890
106594
106817
107247
107367
108546
108719
109294
109360
109556
109587
109596
109659
109766
109866
110219
110399
110560
110570
111102
111113
111420
111632
112106
112123
112175
112211
112336
112421
112691
112844
113369
113412
113426
113463
113903
114171
114393
114537
114556
114723
115013
115058
115075
115095
115995
116229
116236
116750
116825
117011
117461
117472
117490
117608
117791
118017
118342
118352
118647
119126
119218
119484
119500
119528
119856
119988
120240
120350
120632
120843
120949
121074
121504
121531
121629
121664
122498
122597
122730
122874
122974
123215
123260
123389
123457
124464
124538
124794
124800
124806
124945
125158
125176
125314
125390
125837
126102
126155
126285
126318
126324
126565
126953
127063
127285
127411
127426
127612
127676
128165
128409
128508
128725
128816
128887
128895
129120
129179
129309
129368
129665
129808
129976
130126
130164
130247
130269
130806
130936
131116
131558
131643
131677
131741
131796
131917
131999
132097
132571
132737
132775
133042
133298
133499
133597
133746
134266
134665
134671
134815
134843
135059
135154
135211
135460
135542
135725
135750
135837
135962
136672
137013
137028
137264
137315
137453
137459
137483
137855
138163
138252
138489
138524
138537
138644
138693
138749
138790
139168
139485
139641
139882
140406
140542
140874
140983
141317
141414
141460
141552
141587
141792
141983
142103
142139
142335
142356
142385
142425
142523
Number of cuts: 810

Erik
106
988
1031
1851
1863
2121
2504
2672
2955
2997
3187
3243
3507
4334
4360
4371
4387
4494
4680
5069
5092
5448
5497
6560
6571
6689
6864
6970
7146
7180
7190
7612
7625
7849
8390
8457
8809
8821
8845
9284
9373
9603
9788
9965
9973
10095
10433
10480
10526
11156
12059
12114
12833
13730
14872
15618
15712
15768
15802
15927
15990
16310
16576
16620
16769
17723
18147
18273
18312
18920
19115
19392
19629
19722
19791
20532
20633
20804
20979
21159
21272
21339
21429
21528
21662
21704
21710
21827
21860
21917
22037
22765
22837
23110
23437
23643
23670
23848
23963
24341
24444
24484
24556
24722
24765
24861
25375
25424
25452
25732
25778
26125
26255
26350
26383
26399
27084
27405
27482
27527
27697
27722
27925
28032
28131
28528
28720
29416
29427
29437
29817
30066
30168
30378
30432
30787
30977
31387
31502
31652
31977
32370
32816
32884
33267
33277
33302
33309
33533
33592
33652
33845
34343
34421
34583
34765
34950
35013
35103
35379
35433
35482
36039
36142
36243
36669
37621
37847
38130
38916
38994
39207
39338
40097
40266
40497
40523
41061
41070
41364
41513
42073
42199
42951
42999
43831
44607
45137
45566
45702
46020
46055
46220
46234
46251
46382
Number of cuts: 196

Espica
106
988
1031
1851
1863
2121
2504
2672
2955
2997
3187
3243
3507
4334
4360
4371
4387
4494
4680
5069
5092
5448
5497
6560
6571
6689
6864
6970
7146
7180
7190
7612
7625
7849
8390
8457
8810
8822
8846
9285
9374
9604
9789
9966
9974
10096
10434
10481
10527
11157
12060
12115
12834
13731
14873
15619
15713
15769
15803
15928
15991
16311
16577
16621
16770
17724
18148
18274
18313
18921
19116
19393
19630
19723
19792
20533
20634
20805
20980
21160
21273
21340
21430
21529
21663
21705
21711
21828
21861
21918
22038
22766
22838
23111
23438
23645
23659
23672
23850
23965
24344
24447
24487
24559
24725
24768
24864
25378
25427
25455
25735
25781
26128
26258
26353
26386
26402
27087
27408
27485
27530
27700
27725
27928
28035
28134
28531
28723
29417
29428
29438
29491
29818
30067
30169
30379
30433
30788
30978
31388
31503
31653
31978
32371
32817
32885
33268
33278
33303
33310
33534
33593
33653
33846
34314
34353
34431
34593
34775
34960
35023
35113
35389
35443
35492
36049
36152
36253
36679
37631
37857
38140
38527
38932
39004
39217
39345
40104
41171
41180
41474
41623
42183
42309
43061
43109
43941
44717
45247
45676
45812
46130
46328
46342
46359
46490
Number of cuts: 196

Finch
363
771
1069
1235
1812
2720
2751
2876
2906
3038
3101
3136
3229
3242
3325
3754
3846
3992
4068
4388
4521
4872
5270
5492
5641
6058
6503
6706
6812
6939
7027
7037
7067
7097
8052
8222
8294
8647
8883
9127
9623
9688
9777
10240
10476
10520
10871
11127
11305
11316
11585
11670
11894
11965
12222
12312
12321
12356
12363
12629
12765
12786
13181
13555
13615
13826
14417
14537
14717
14741
14917
14995
15167
15187
15293
15397
15443
15773
16260
16409
16559
16592
16662
16686
16751
16764
17096
17102
17295
18600
18611
18822
18964
19867
20283
20380
20707
20963
21143
21194
21242
21443
21494
21606
22273
22356
22384
22505
22643
22671
22834
23482
23783
24019
24100
24119
24179
24535
24568
24795
25002
25326
25466
25571
25638
25743
25767
25824
25842
25869
25965
26043
26166
26244
26388
27046
27218
27629
28080
28439
28440
28475
28824
28848
28906
29013
29046
29205
29235
30116
30248
30400
30611
30680
30886
30897
30919
31025
31057
31266
31286
31367
31415
31597
31972
32003
32013
32234
32341
32536
32554
32817
32930
32978
33001
33036
33191
33255
33741
33811
34246
34276
34328
34689
34772
34801
34844
34991
34997
35171
35730
35798
35814
36032
36114
36441
36545
36777
36857
36869
36913
37347
37359
37501
37519
37884
37948
37965
38144
38192
38286
38466
38535
38596
39075
39194
39645
39873
39972
40070
40080
40566
40572
40973
41389
41443
41577
41657
41658
41670
41737
41761
41817
41824
41907
41999
42331
42511
42567
42583
42667
42682
42688
42705
42895
42953
43105
43116
43135
43346
43389
43501
43795
43899
44011
44030
44122
44205
44320
44484
44550
44556
44605
44625
44676
44785
44914
45032
45260
45401
45487
45521
45805
45880
46069
46176
46236
46419
46707
46857
47017
47029
47634
47744
47809
47844
48223
48323
48422
48434
48469
48825
48894
48955
48962
48988
49134
49322
49714
50063
50336
50377
50579
50679
50737
50908
51071
51153
51255
51264
51309
51416
51531
51558
51769
51782
51915
52080
52180
52195
52221
52443
52557
53058
53108
53198
53374
53493
53656
53771
53812
53924
53997
54073
54098
54257
54263
54301
54400
54598
54933
55292
55408
55624
55702
55899
56089
56116
56421
56471
56503
57035
57256
57740
57863
58083
58298
58325
58573
58669
58712
58772
58871
58918
59058
59913
60163
60234
60461
60492
60558
60662
60868
61010
61298
61595
61771
62309
62518
62600
62755
62924
63008
63241
63384
63486
63730
63882
63904
64523
65183
65209
65235
65657
65677
66006
66267
66456
66509
66580
66592
66642
66954
67027
67275
67826
68067
68171
68699
68784
68862
68873
69164
69411
69630
69782
69791
69801
70394
70656
70723
70797
71060
71327
71396
71460
71479
71496
71732
72143
72210
72304
72566
72877
73068
73320
73408
73585
74070
74153
74169
74240
74476
74520
74584
74651
74827
74837
74957
75040
75097
75370
75537
75568
75675
76046
76604
76640
77059
77238
77719
77988
78039
78093
78677
78776
79045
79174
79245
79405
80005
80041
80120
80224
80283
80537
80994
81086
81167
81628
81739
81830
81848
81908
81925
82087
82180
82571
82652
82740
82922
83187
83355
83488
83668
83686
83719
83997
84075
84154
84322
84404
84441
84553
85098
85212
85384
85431
85444
85505
85768
86169
86351
86570
86863
86919
87186
87301
87634
88814
88978
89132
89317
89361
89428
89542
89733
90128
90212
90590
90598
90608
91510
91633
91925
92135
92330
92383
92958
93038
93186
93404
93717
93836
93902
94062
94579
94865
94911
95072
95560
95763
95851
96002
96149
96689
97925
98096
98144
98232
98714
98855
98982
99009
99046
99315
99384
99565
99709
99812
99832
99884
99966
100136
100205
100212
100354
100478
100728
100813
101033
101157
101294
101904
102005
102321
102497
102511
102520
102908
103070
103574
103706
103712
103747
103838
104031
104235
104367
104536
104552
104663
104897
105083
105200
105501
105618
105977
106180
106337
106372
106587
106629
107046
107181
107329
107369
107764
108317
108605
108671
108690
109224
109651
109687
109910
110023
110520
110990
111111
111213
111367
111445
111756
111771
111833
111867
112716
112898
113006
113102
113117
113135
113254
113560
113692
113742
113899
113941
114031
114258
114268
114889
115202
115802
115882
116113
116483
116609
116779
117181
117315
117347
117371
117405
117763
117983
118073
118213
118549
118624
118864
118940
118981
119353
119359
119536
119575
119718
119911
120198
120530
120597
120837
121022
121050
121830
121886
121904
122002
122009
122478
122657
122710
122791
122983
123007
123651
123748
123781
123814
124097
124180
124360
124478
124525
124834
124953
125036
125316
125454
125583
125846
125879
126075
127052
127172
127387
127744
128077
128097
128139
128161
128443
128636
128921
129011
129270
129561
129591
129913
130011
130264
130644
130726
130744
130795
131041
131149
131239
131371
131479
131788
131968
131998
132111
132150
132228
132351
132427
132814
132895
133003
133024
133227
133556
133602
133850
133906
133920
134208
134262
134295
134331
134372
134478
134538
134563
134670
134736
135067
135116
135169
135239
135756
136022
136114
136152
136230
136473
136494
136835
137093
137099
137230
137283
137356
137557
137620
137980
138018
138036
138141
138236
138725
138802
Number of cuts: 796

Gollum
106
988
1031
1851
1863
2121
2504
2672
2955
2997
3187
3243
3507
4334
4360
4371
4387
4494
4680
5069
5092
5448
5497
6560
6571
6689
6864
6970
7146
7180
7190
7612
7625
7849
8390
8457
8810
8822
8846
9285
9374
9604
9789
9966
9974
10096
10434
10481
10527
11157
12060
12115
12834
13731
14873
15619
15713
15769
15803
15928
15991
16311
16577
16621
16770
17724
18148
18274
18313
18921
19116
19393
19630
19723
19792
20533
20634
20805
20980
21160
21273
21340
21430
21529
21663
21705
21711
21828
21861
21918
22038
22766
22838
23111
23438
23645
23659
23672
23850
23965
24343
24446
24486
24558
24724
24767
24863
25377
25426
25454
25734
25780
26127
26257
26352
26385
26401
27086
27407
27484
27529
27699
27724
27927
28034
28133
28530
28722
29416
29427
29437
29490
30132
30234
30444
30498
30853
31043
31453
31568
31718
32043
32436
32882
32950
33159
33333
33343
33368
33375
33599
33658
33718
33911
34409
34487
34649
34831
35016
35079
35169
35445
35499
35548
36105
36208
36309
36735
37687
37913
38196
38583
38988
39060
39273
39401
40107
40377
40608
40634
41172
41181
41475
41624
42184
42310
43062
43110
43942
44718
45248
45677
45813
46131
46166
46327
46341
46357
46488
Number of cuts: 199

Grayson
1741
2051
2831
3557
4114
8933
10736
14389
14411
15123
16899
17461
17530
17663
18116
18585
18977
20424
21800
23911
25879
27190
27957
28729
28763
31329
34170
34477
35092
35232
36591
36865
38350
38713
38773
39014
40579
41106
43725
44252
46209
46348
46381
47328
47661
48531
50349
50791
52884
54054
54645
56017
56849
57184
57268
58098
59218
60426
61867
63502
64510
66485
67492
70187
72181
72237
72456
73451
73813
75034
75762
76098
78274
78595
79508
80125
80361
80502
81082
81393
82270
83337
84703
84996
85382
90810
92047
96502
98835
99400
103220
104210
105492
106936
107289
107713
108319
109375
110405
112325
112630
113594
114605
114617
114732
115002
115642
115898
116262
116660
118123
119495
119663
120402
120978
124582
125707
126165
126450
126605
126980
127602
128088
130642
130952
131732
Number of cuts: 126

Harlequin
106
988
1031
1851
1863
2121
2225
2504
2672
2955
2997
3187
3243
3507
4221
4360
4387
4494
4680
5069
5092
5208
5412
5497
6493
6545
6556
6674
6849
6955
7131
7165
7175
7597
7610
7834
8390
8396
8439
8802
9229
9318
9733
9918
10040
10378
10425
10471
10668
10752
11107
12010
12065
12343
12724
13660
13669
13681
13801
14823
15569
15663
15719
15753
15878
15941
16201
16276
16466
16571
16720
17674
18098
18224
18263
19066
19343
19580
19742
20150
20385
20584
20776
20805
20930
21110
21135
21223
21290
21357
21380
21709
21780
21826
21865
21922
22042
23116
23208
23443
23650
23664
23677
23855
23970
24348
24451
24491
24563
24729
24772
24868
25382
25431
25785
26357
26390
26406
27091
27355
27412
27534
27704
27729
27932
28039
28138
28384
28535
28727
29423
29434
29444
29497
29918
30020
30230
30284
30639
30829
31354
31504
31829
32222
32736
33129
33154
33161
33385
33444
33504
33697
34156
34195
34273
34435
34617
34802
34865
34955
35231
35285
35334
35891
35994
36086
36095
36521
37337
37473
37699
38369
38774
38846
39059
39190
39709
39951
40073
40330
41028
41323
41472
42032
42158
42910
42958
43790
44566
45096
45525
45661
46014
46175
46189
46205
46336
Number of cuts: 197

Hiro
106
988
1031
1851
1863
2121
2225
2504
2672
2955
2997
3187
3243
3507
4334
4360
4371
4387
4494
4680
5069
5092
5497
6545
6556
6674
6849
6955
7131
7165
7175
7597
7610
7834
8390
8396
8439
8778
8802
9229
9318
9548
9918
10040
10378
10425
10471
10746
11101
12004
12059
12443
12798
13389
13975
13987
14107
14591
15129
15875
15969
16025
16059
16184
16247
16507
16582
16833
16877
17026
17980
18404
18530
18569
19177
19372
19649
19886
19979
20048
20445
20456
20510
20691
20881
21082
21441
21596
21686
21785
21934
22032
22117
22174
22294
23084
23099
23154
23200
23354
23699
23841
23932
24110
24225
24603
24706
24746
24818
24984
25027
25123
25637
25686
26040
26387
26612
26645
26661
27346
27667
27744
27789
27959
27984
28187
28294
28393
28790
28982
29678
29689
29699
29752
30394
30496
30706
30760
31305
31830
31980
32305
32698
33212
33605
33630
33637
33861
33920
33980
34173
34671
34749
34911
35093
35278
35341
35431
35707
35761
35810
36367
36470
36562
36571
36997
37949
38175
38845
39250
39322
39535
40425
40695
40926
40952
41490
41499
41794
41943
42503
42629
43381
43429
44261
45037
45046
45567
45996
46132
46485
46647
46661
46676
46807
Number of cuts: 195

Jace
276
458
558
815
890
1168
1190
1377
1991
2090
2284
2354
2654
2672
3305
3817
4290
4339
4559
4958
4988
5479
5516
5695
5756
6157
6248
6476
6584
6605
6925
7133
7346
7489
8083
8669
8802
8981
9107
9345
9443
9464
9628
10306
10767
10815
10971
11409
12187
12320
12806
12888
13281
13342
13546
13733
13971
14042
14153
14279
14291
14323
14472
14685
14870
15205
15391
15582
15772
16025
16177
16452
16538
16575
16640
16655
16698
16853
16935
16981
17274
17436
18463
18583
18713
19300
19354
19452
19681
19822
20164
20299
20356
20583
20604
20973
21093
21111
21135
21216
21222
21289
21313
21314
21654
22117
22296
22564
22957
23120
23201
23307
23423
25088
25167
25181
25524
25539
25582
26144
26197
26411
26417
26513
26909
27305
27681
28208
28516
28964
29288
29421
29706
30084
30248
30371
30410
30437
30586
30831
31418
31508
31818
31985
32024
32150
32232
32253
32792
33222
33785
33794
34463
34697
34794
34857
35162
35309
35511
35590
35918
36133
36513
36847
37198
37342
37603
37615
37693
38383
38472
38731
38899
38963
38986
39344
39391
39443
39624
39782
39817
39924
39957
40124
40700
41164
41325
41722
41743
41787
41989
42033
42073
42454
43373
43394
43571
43750
43949
44015
44232
44362
44714
44858
44954
45120
45156
45468
45573
45986
46432
46806
46902
47761
48178
48768
48984
49578
49636
49828
50694
50958
50974
51084
51211
51308
51414
51490
52046
52078
52283
52428
52524
52681
53075
53089
53262
53537
53613
53665
Number of cuts: 240

Jester
106
988
1031
1851
1863
2121
2225
2504
2672
2955
2997
3187
3243
3507
4221
4360
4387
4494
4680
5069
5092
5208
5412
5497
6493
6545
6556
6674
6849
6955
7131
7165
7175
7597
7610
7834
8390
8396
8439
8802
9229
9318
9918
10040
10378
10425
10471
10746
11101
11469
12004
12059
12353
12778
13654
13663
13675
13795
14817
15563
15657
15713
15747
15872
15935
16270
16565
16714
17668
18092
18218
18257
19060
19337
19574
19736
20144
20379
20578
20770
20799
20924
21104
21129
21217
21284
21351
21374
21649
21720
21766
21805
21862
23047
23139
23374
23581
23595
23608
23786
23901
24279
24382
24422
24494
24660
24703
24799
25313
25362
25716
26288
26321
26337
27022
27286
27343
27465
27635
27660
27863
27970
28069
28315
28466
28658
29354
29365
29375
29428
29849
29951
30161
30215
30570
30760
31285
31435
31760
32153
32667
33060
33085
33092
33316
33375
33435
33628
34087
34126
34204
34366
34548
34733
34796
34886
35162
35216
35265
35822
35925
36017
36026
36452
37268
37404
37630
38300
38705
38777
38990
39121
39640
39882
40004
40261
40959
41254
41403
41963
42089
42841
42889
43721
44497
45027
45456
45592
45945
46106
46120
46136
46267
Number of cuts: 193

Krishelle
106
988
1031
1851
1863
2121
2504
2672
2955
2997
3187
3243
3507
4334
4360
4371
4387
4494
4680
5069
5092
5448
5497
6560
6571
6689
6864
6970
7146
7180
7190
7612
7625
7849
8405
8411
8454
8793
8817
9244
9333
9563
9933
10055
10393
10440
10486
10761
11116
12019
12074
12458
12813
13404
13981
13990
14002
14122
14606
15144
15890
15984
16040
16074
16090
16199
16262
16597
16892
17041
17995
18419
18545
18584
19387
19664
19901
19994
20063
20460
20471
20525
20706
20896
21097
21456
21611
21701
21836
21985
22083
22168
22225
22345
23135
23150
23251
23405
23750
23892
23983
24627
24730
24770
25008
25051
25147
25273
25661
25710
25738
26018
26064
26411
26636
26669
26685
27370
27691
27813
27914
27983
28231
28318
28417
29085
29778
29789
29799
29852
30494
30596
30806
30860
31215
31405
31815
31930
32080
32405
32798
33244
33312
33695
33705
33730
33737
33961
34020
34080
34273
34771
34849
35011
35193
35378
35441
35531
35807
35861
35910
36467
36671
36680
37106
38058
38284
38567
39353
39431
39644
39775
40534
40804
41035
41061
41599
41608
41876
41902
42051
42611
42737
43489
43537
44369
45145
45675
45897
46096
46230
46525
46548
46641
46806
46813
46938
Number of cuts: 197

Lillie
106
988
1031
1851
1863
2121
2225
2504
2672
2997
3187
3243
3507
4334
4360
4371
4387
4494
4680
5069
5092
5448
5497
6560
6571
6689
6864
6970
7146
7180
7190
7612
7625
7849
8390
8457
8810
8822
8846
9285
9374
9604
9789
9966
9974
10096
10434
10481
10527
11157
12060
12115
12834
13731
14873
15619
15713
15769
15803
15928
15991
16311
16577
16621
16770
17724
18148
18274
18313
18921
19116
19393
19630
19723
19792
20533
20634
20805
20980
21160
21273
21340
21430
21529
21663
21669
21705
21711
21828
21861
22038
22766
22838
23111
23438
23645
23672
23850
23965
24343
24446
24486
24558
24724
24767
24863
25377
25426
25454
25734
25780
26127
26257
26352
26385
26401
27407
27484
27529
27699
27724
27927
28034
28133
28530
28722
29418
29429
29439
29492
30134
30236
30446
30500
30855
31045
31455
31570
31720
32045
32438
32884
32952
33335
33345
33370
33377
33601
33660
33720
33913
34411
34489
34651
34833
35018
35081
35171
35447
35501
35550
36107
36210
36311
36737
37689
37915
38198
38984
39062
39275
39406
40165
40435
40666
40692
41230
41239
41533
41682
42242
42368
43120
43168
44000
44776
45306
45735
45871
46224
46388
46402
46418
46549
Number of cuts: 194

Mahdia
39
66
194
202
324
436
969
1142
1230
1471
1543
1660
1708
1716
1836
1892
1984
2050
2066
2100
2152
2181
2293
2352
2513
2545
2567
2662
2781
2819
2880
3139
3258
3571
3572
3590
3931
3994
4004
4180
4213
4261
4300
4318
4483
4484
4639
4782
4788
4901
5019
5097
5203
5283
5540
5809
5966
5992
6016
6332
6513
6532
6541
6607
6683
6690
6727
6835
7291
7304
7335
7497
7727
7789
8308
8368
8374
8383
8392
8711
8936
8957
8981
8993
9381
9426
9639
10026
10027
10036
10344
10488
10539
10914
10964
11064
11161
11176
11587
11762
11819
12062
12186
12225
12231
12237
12636
12760
12774
12884
12929
12966
13084
13085
13107
13152
13286
13439
13485
13530
13531
13550
13595
13616
13739
13772
13936
13945
14061
14113
14114
14148
14280
14281
14430
14457
14545
14566
14610
14738
14754
14786
14899
15049
15056
15279
15412
15547
15584
15642
15651
15684
16058
16084
16091
16092
16279
16310
16355
16576
16656
16681
16770
16771
16808
16835
16872
16912
16975
17213
17231
17237
17266
17283
17360
17395
17567
17747
17803
17818
17819
18178
18290
18429
18563
18614
18660
18661
18880
18890
18899
19064
19231
19249
19250
19425
19610
19782
19802
19907
19922
20111
20117
20132
20180
20334
20404
20607
20651
20756
20757
20972
21029
21044
21137
21270
21277
21300
21307
21330
21352
21367
21397
21521
21593
21700
21722
21766
21790
21815
22095
22111
22129
22168
22189
22246
22322
22333
22427
22451
22735
22816
22891
22928
22943
22949
23055
23099
23133
23263
23537
23538
23636
23767
23777
23778
23805
23986
23995
24120
24315
24344
24463
24993
25005
25127
25754
25848
25909
25927
26001
26135
26221
26311
26362
26610
26678
26767
26943
27068
27171
27309
27448
27455
27536
27636
27806
27807
28008
28050
28102
28109
28146
28247
28307
28450
28451
28560
28611
28698
28699
28736
28913
28984
29138
29234
29266
29458
29616
29959
30046
30124
30160
30185
30203
30331
30364
30384
30414
30514
30555
30705
30720
30979
31086
31131
31183
31262
31284
31320
31919
31968
31985
32001
32075
32150
32422
32638
32658
32696
32705
32778
32779
32818
33022
33073
33127
33265
33285
33340
33517
33679
33702
33796
33916
33946
33977
34255
34256
34314
34427
34437
34551
34641
34668
34713
34815
34831
35397
35568
35575
35592
35599
36241
36242
36348
36418
36527
36528
36701
36768
36799
36815
37015
37135
37152
37195
37216
37233
37314
37329
37357
37543
37627
38373
38438
38450
38476
38483
38618
38635
38661
38662
38721
38742
38797
39266
39267
39330
39394
39475
39494
39545
39629
39929
40362
40383
40537
40650
40892
40969
41004
41071
41363
41727
41850
41953
42016
42065
42079
42194
42195
42313
Number of cuts: 433

Naiad
106
988
1031
1851
1863
2121
2504
2672
2955
2997
3187
3243
3507
4334
4360
4371
4387
4494
4680
5069
5092
5448
5497
6560
6571
6689
6864
6970
7146
7180
7190
7612
7625
7849
8390
8457
8810
8822
8846
9285
9374
9604
9789
9966
9974
10096
10434
10481
10527
11157
12060
12115
12834
13731
14873
15619
15713
15769
15803
15928
15991
16311
16577
16621
16770
17724
18148
18274
18313
18921
19116
19393
19630
19723
19792
20533
20634
20749
20805
20980
21160
21273
21340
21430
21529
21663
21669
21705
21711
21828
21861
21918
22038
22673
22682
22779
22851
23124
23451
23658
23685
23863
23978
24356
24459
24499
24571
24737
24780
24876
25390
25439
25467
25747
25793
26140
26270
26365
26398
26414
26621
27420
27497
27542
27712
27737
27940
28047
28146
28543
28735
29431
29442
29452
29505
30147
30249
30459
30513
30868
31058
31468
31583
31733
32058
32451
32897
32965
33348
33358
33383
33390
33614
33673
33733
33926
34424
34502
34664
34846
35031
35094
35184
35460
35514
35563
36120
36324
36333
36759
37711
37937
38220
39006
39084
39297
39428
40187
40457
40688
40714
41252
41261
41529
41555
41704
42264
42390
43142
43190
44022
44798
45328
45757
45893
46211
46246
46410
46424
46441
46572
Number of cuts: 201

Nancinator
106
988
1031
1851
1863
2121
2504
2672
2955
2997
3187
3243
3507
4334
4360
4371
4387
4494
4680
5069
5092
5448
5497
6560
6571
6689
6864
6970
7146
7180
7190
7612
7625
7849
8390
8457
8810
8822
8846
9285
9374
9604
9789
9966
9974
10096
10434
10481
10527
11157
12060
12115
12834
13731
14873
15619
15713
15769
15803
15928
15991
16311
16577
16621
16770
17724
18148
18274
18313
18921
19116
19393
19630
19723
19792
20533
20634
20805
20980
21160
21273
21340
21430
21529
21663
21705
21711
21828
21861
21918
22038
22766
22838
23111
23438
23645
23659
23672
23850
23965
24344
24447
24487
24559
24725
24768
24864
25378
25427
25455
25735
25781
26128
26258
26353
26386
26402
27087
27408
27485
27530
27700
27725
27928
28035
28134
28531
28723
29417
29428
29438
29491
29818
30067
30169
30379
30433
30788
30978
31388
31503
31653
31978
32371
32817
32885
33268
33278
33303
33310
33534
33593
33653
33846
34314
34353
34431
34593
34775
34960
35023
35113
35389
35443
35492
36049
36152
36253
36679
37631
37857
38140
38527
38932
39004
39217
39345
39504
39774
40005
40031
40569
40578
40872
41021
41581
41707
42459
42507
43339
44115
44645
45074
45210
45528
45563
45727
45741
45758
45889
Number of cuts: 200

Natosaleda
106
988
1031
1851
1863
2121
2225
2504
2672
2955
2997
3187
3243
3507
4334
4360
4371
4387
4494
4680
5069
5092
5448
5497
6560
6571
6689
6864
6970
7146
7180
7190
7612
7625
7849
8390
8457
8810
8822
8846
9285
9374
9604
9789
9966
9974
10096
10434
10481
10527
11157
12060
12115
12834
13731
14873
15619
15713
15769
15803
15928
15991
16311
16577
16621
16770
17724
18148
18274
18313
18921
19116
19393
19630
19723
19792
20533
20634
20805
20980
21160
21273
21340
21430
21529
21663
21705
21711
21828
21861
21918
22038
22766
22838
23111
23438
23645
23659
23672
23850
23965
24343
24446
24486
24558
24724
24767
24863
25377
25426
25454
25734
25780
26127
26257
26352
26385
26401
27086
27407
27484
27529
27699
27724
27927
28034
28133
28530
28722
29416
29427
29437
29490
29817
30066
30168
30378
30432
30787
30977
31387
31502
31652
31977
32370
32816
32884
33267
33277
33302
33309
33533
33592
33652
33845
34313
34352
34430
34592
34774
34959
35022
35112
35388
35442
35491
36048
36151
36252
36678
37630
37856
38139
38526
38931
39003
39216
39344
40103
41170
41179
41473
41622
42182
42308
43060
43108
43940
44716
45246
45667
45803
46094
46121
46156
46319
46333
46349
46480
Number of cuts: 199

Partridge
620
1024
1597
1910
1922
2180
2284
2563
2652
2731
3014
3056
3246
3302
3566
3614
4280
4393
4419
4430
4446
4553
4739
5128
5151
5267
5471
5556
6552
6604
6615
6733
6908
7014
7190
7224
7234
7656
7669
7893
8449
8455
8498
8849
8873
9312
9401
9631
9816
10001
10123
10461
10508
10554
11190
12093
12148
12807
12867
13743
13752
13764
13884
14455
14906
15652
15746
15836
15961
16024
16359
16610
16654
16803
17757
18181
18307
18346
18954
19149
19426
19663
19756
19825
20211
20222
20233
20254
20287
20468
20566
20658
20667
20782
21013
21193
21218
21306
21373
21440
21809
21855
21894
21952
22071
22237
22812
22884
23157
23222
23484
23691
23718
24012
24390
24493
24533
24771
24814
24910
25424
25473
25501
25817
25863
26210
26435
26468
26484
27169
27490
27612
27713
27782
28030
28117
28216
28884
29578
29589
29599
29652
30294
30396
30606
30660
31205
31615
31730
31880
32205
33041
33109
33492
33502
33527
33534
33833
34202
34670
34709
34787
34949
35131
35316
35379
35469
35745
35799
36600
36609
37035
37988
38214
38904
39289
39361
39574
39705
40466
40735
40993
41149
41531
41540
41590
41808
41834
42405
42815
43200
43365
43605
44166
44482
45258
45522
45699
46106
46239
46592
46737
46754
46915
Number of cuts: 204

Pepy6
44
504
651
723
804
859
1338
2138
2598
2679
2873
2933
3257
3263
3525
3597
4113
4336
4642
4814
4946
5179
5693
6194
6497
6617
7430
7820
7842
8132
8332
9387
9454
10468
10760
10940
11697
11958
12792
12937
13048
13642
13807
13824
14403
14709
14855
14930
15112
15882
16772
17395
17434
18013
18290
18320
18530
18559
18715
19173
19228
19271
19554
19607
19797
19809
22230
22720
22726
22957
23089
23968
24042
24054
24078
24913
25062
25072
25141
25192
25259
25285
25332
25534
25752
26384
26893
27058
27092
27110
27348
27809
27897
28387
28436
28652
28676
28772
29252
29478
29741
29808
29912
30079
30598
30793
31651
31771
32290
32484
32998
33193
33385
33640
34048
34234
34669
35231
35256
35972
35973
36137
36363
36891
37159
38072
38875
39266
39438
39878
40105
40418
40980
41094
41691
42515
42782
44140
44229
44586
44587
44643
44714
44910
47578
47704
47719
47926
48119
48296
48573
48859
49472
49744
50097
50550
50593
50954
51104
51752
51863
51927
52002
52067
52418
53932
54323
54518
54544
54976
55465
55946
56060
56111
56477
57703
57757
58002
58630
59300
60124
60286
60369
60821
60919
61055
61224
61406
62771
63971
64113
64341
64513
64899
65177
65201
65381
65723
65861
66233
66693
66938
67614
68836
69108
69263
69493
70014
70178
70245
70406
70946
71094
71286
71521
72150
72847
72979
73089
73880
73971
74082
74124
74970
75033
75196
75294
76357
76774
Number of cuts: 229

Peregrin
635
8013
8247
8936
10387
12865
13721
13743
14481
15605
16054
16498
16737
16837
17129
17709
18498
20967
23077
23815
23830
25456
27471
28243
28277
29917
32952
33259
33355
33478
34014
37132
37495
37555
37795
39359
39886
42505
45119
45128
46108
47311
49132
49574
50417
51514
51708
53428
55551
55635
56465
57585
58793
60091
60234
61869
65917
67645
68597
69863
70204
70205
70206
70647
71861
73739
75011
75763
76027
76366
78482
78803
80656
80729
80892
81033
81841
81924
82889
82971
83230
84590
84883
86472
89674
89954
90241
91478
91601
93935
94244
94684
95321
95436
95535
96578
97281
97846
98503
103622
104615
105913
106333
107562
107976
107986
108619
110402
112419
114609
114621
114736
116040
116369
117013
117468
120800
121835
122612
127208
128017
128639
129579
130704
Number of cuts: 124

Phrankenstein
106
988
1031
1851
1863
2121
2504
2672
2955
2997
3187
3243
3507
4334
4360
4371
4387
4494
4680
5069
5092
5448
5497
6560
6571
6689
6864
6970
7146
7180
7190
7612
7625
7849
8390
8457
8810
8822
8846
9285
9374
9789
9966
9974
10096
10434
10481
10527
11157
12060
12115
12834
13731
14873
15619
15713
15769
15803
15928
15991
16311
16577
16621
16770
17724
18148
18274
18313
18921
19116
19393
19630
19723
19792
20533
20634
20805
20980
21160
21273
21340
21430
21475
21609
21651
21657
21774
21807
21864
21984
22712
22784
23057
23384
23591
23618
23796
23911
24289
24392
24432
24504
24670
24713
24809
25323
25372
25400
25680
25726
26073
26203
26298
26331
26347
27032
27353
27430
27475
27645
27670
27873
27980
28079
28476
28668
29364
29375
29385
29438
30080
30182
30392
30446
30801
30991
31401
31516
31666
31991
32384
32830
32898
33281
33291
33316
33323
33547
33606
33666
33859
34357
34435
34597
34779
34964
35027
35117
35393
35447
35496
36053
36156
36257
36683
37635
37861
38144
38930
39008
39221
39352
40111
40381
40612
40638
41176
41185
41479
41628
42188
42314
43066
43114
43946
44722
45252
45681
45817
46135
46170
46333
46347
46363
46493
Number of cuts: 195

Pine5
209
301
312
370
485
491
499
726
919
1180
1277
1313
1397
1476
1624
1747
1947
2135
2247
2276
2635
2636
2802
2820
2944
2993
3151
3266
3309
3553
3633
3734
3783
3815
4086
4202
4217
4289
4307
4446
4486
4487
4616
4784
4829
5030
5031
5047
5166
5284
5309
5339
5373
5416
5465
5466
5566
5663
5810
6151
6207
6271
6441
6523
6634
6749
6770
6831
6925
6975
6999
7424
7575
7623
7776
7863
7900
8186
8354
8751
8945
9271
9307
9632
9770
10056
10101
10257
10662
10691
10692
10922
10958
11090
11192
11556
11811
11888
11954
11976
12110
12444
12536
12684
12756
12763
13245
13251
13305
13507
13508
13579
13897
13945
14081
14082
14164
14179
14412
14426
14631
14782
14888
15670
15671
16074
16152
16193
16270
16474
16739
16783
17077
17221
17342
17407
17454
17638
17647
17729
17764
17792
17937
17949
17974
18117
18125
18196
18220
18256
18267
18737
18823
18837
18877
19213
19455
19553
19627
19641
19776
19858
19957
20125
20295
20296
20489
20605
20946
21015
21093
21222
21291
21307
21564
21615
21636
21730
21753
21844
21861
21906
21958
22105
22160
22965
23026
23100
23268
23339
23391
23397
23551
23592
23687
23880
23900
23901
23910
23976
24159
24342
24402
24511
24595
24708
24727
24753
24830
25005
25053
25282
25512
25527
25560
25681
25785
25793
25843
26267
26346
26530
26759
26828
26869
26884
26906
26953
26970
26993
26994
27037
27077
27103
27147
27254
27338
27548
27566
27615
27691
27692
27706
27767
27781
27806
27847
28182
28197
28318
28367
28380
28506
28524
28828
28876
28956
29129
29272
29299
29445
29535
29593
29781
29913
29942
30331
30488
30541
30701
30965
31029
31174
31215
31480
31552
31627
31794
31939
32082
32203
32223
32260
32307
32352
32403
32425
32490
32514
32524
32568
32593
32628
32704
32764
32779
32799
32819
32841
32870
32876
33003
33016
33017
33034
33076
33139
33179
33196
33232
33330
33478
33527
33536
33561
33577
33587
33598
33599
33637
33644
33690
34047
34187
34353
34365
34421
34521
34544
34876
34903
34970
35041
35094
35265
35308
35567
35573
35606
35813
36313
36337
36531
36632
36666
36771
36951
37301
37415
37416
37464
37587
37697
37752
37793
37919
38014
38085
38276
38302
38556
38652
38868
38936
38997
39204
39277
39301
39475
39682
39753
39933
39980
40072
40236
40273
40305
40346
40454
40628
40804
40935
41085
41151
41317
41348
41364
41391
41460
41517
41528
41567
41614
41705
41724
41800
42022
42043
42067
42287
42465
42528
42712
42728
42895
43129
43236
43417
43568
43767
43776
43789
43864
43906
43982
44159
44228
44252
44461
44579
44580
44816
44998
45220
45338
45401
45613
45646
45647
45741
45761
45778
45803
45837
45844
45866
45946
46133
46178
46306
46539
46552
46632
46886
47116
47292
47383
47472
47491
47553
48056
48084
48477
48489
48554
48641
48805
48842
48877
48911
48953
49068
49092
49282
49371
49469
49509
49738
50059
50137
50330
50506
50603
50658
50766
50863
50870
50885
51112
51186
51366
51588
51692
51942
51970
51986
51992
52025
52038
52159
52165
52224
52290
52370
52582
52628
53065
53160
53204
53447
53676
53778
53947
53948
53965
53966
54101
54195
54398
54572
54675
54711
54712
54831
54927
54970
55123
55129
55158
55174
55298
55397
55470
55483
55624
55812
55998
56042
56347
56402
56427
56515
56604
56637
56857
56906
57024
57036
57158
57170
57205
57240
57291
57400
57464
57481
57503
57800
57823
57838
57950
58262
58294
58300
58328
58366
58461
58575
58909
58939
59215
Number of cuts: 561

Poco6
44
339
456
723
804
1494
1704
1979
2201
2415
2847
3921
4268
4505
4667
4864
5299
5504
5510
5844
5977
5992
6334
6415
6583
6974
7061
8060
8375
8404
8411
8947
9295
9725
9944
10091
10610
10825
11005
11006
11021
11763
12818
12885
13898
13978
14190
14667
14742
15112
15169
15406
16243
16388
16890
17258
17275
17695
17949
19082
19632
20169
20431
20867
20910
21570
21629
21819
21949
22772
23044
24255
24892
25102
25981
26055
26091
26633
26926
27075
27154
27205
27272
27345
27432
27547
27633
27765
28397
28906
29105
29123
29361
29391
29477
29565
29916
30407
31271
31497
31760
31827
31931
32098
32617
33002
33676
34285
34315
34509
34720
35260
35410
35665
36073
36691
37994
38159
38324
38342
38913
39287
39680
40094
41288
41991
42192
43490
44676
45172
45733
45976
46065
46128
46311
46422
46423
46728
46762
47353
48258
48983
49403
49818
50016
50157
50374
51042
51609
51813
52481
53261
53372
53436
53503
53576
53599
53607
53926
54718
55440
55831
56484
57454
57619
57985
58768
59302
59601
59752
60316
60479
60850
61206
61227
61487
61605
61769
61984
62120
62422
64107
64141
64363
64668
64728
65362
65655
65794
65874
65924
65948
66490
66503
66621
67017
67119
67622
67637
68070
69995
71039
71352
71511
71672
71750
71993
72215
72549
73492
73632
74119
74241
74289
74351
74461
75142
75233
75344
75376
75386
76238
76301
76464
76562
77625
Number of cuts: 226

Rasputin
106
988
1031
1851
1863
2121
2504
2672
2955
2997
3187
3243
3507
4334
4360
4371
4387
4494
4680
5069
5092
5497
6545
6556
6674
6849
6955
7131
7165
7175
7597
7610
7834
8391
8397
8440
8779
8791
8815
9034
9254
9343
9573
9758
9943
10065
10403
10450
10496
10771
11126
12029
12084
12743
12803
13679
13688
13700
13820
14842
15588
15682
15738
15772
15897
15960
16220
16295
16485
16590
16739
17693
18117
18243
18282
19085
19362
19599
19761
20169
20404
20603
20795
20824
21129
21154
21242
21309
21376
21399
21674
21745
21830
22007
22736
22808
23081
23408
23615
23642
23936
24314
24417
24457
24695
24738
24834
25348
25397
25705
25751
26098
26228
26323
26356
26372
27057
27378
27455
27500
27670
27695
27898
28005
28104
28501
28693
29389
29400
29410
29463
30105
30207
30417
30471
30826
31016
31426
31541
31691
32016
32409
32855
32923
33306
33316
33341
33348
33572
33631
33691
33884
34382
34460
34622
34804
34989
35052
35142
35418
35472
35521
36078
36181
36282
36708
37660
37886
38169
38955
39033
39246
39377
40136
40406
40637
40663
41201
41210
41504
41653
42213
42339
43091
43139
43971
44747
45277
45706
45842
46160
46195
46360
46374
46391
46522
Number of cuts: 196

RER2
106
988
1031
1851
1863
2121
2225
2504
2672
2997
3187
3243
3507
4334
4360
4371
4387
4494
4680
5069
5092
5448
5497
6560
6571
6689
6864
6970
7146
7180
7190
7612
7625
7849
8390
8457
8810
8822
8846
9285
9374
9604
9789
9966
9974
10096
10434
10481
10527
11157
12060
12115
12834
13731
14873
15619
15713
15769
15803
15928
15991
16311
16577
16621
16770
17724
18148
18274
18313
18921
19116
19393
19630
19723
19792
20533
20634
20826
20855
20980
21160
21273
21340
21430
21529
21663
21705
21711
21828
21861
21918
22038
22766
23111
23438
23645
23659
23672
23850
23965
24343
24446
24486
24558
24724
24767
24863
25377
25426
25780
26127
26352
26385
26401
27086
27407
27484
27529
27699
27724
27927
28034
28133
28530
28722
29418
29429
29439
29492
30134
30236
30446
30500
30855
31045
31455
31570
31720
32045
32438
32884
32952
33335
33345
33370
33377
33601
33660
33720
33913
34411
34489
34651
34833
35018
35081
35171
35447
35501
35550
36107
36210
36302
36311
36737
37689
37915
38198
38984
39062
39275
39406
40165
40435
40666
40692
41230
41239
41533
41682
42242
42368
43120
43168
44000
44776
45306
45735
45871
46189
46224
46387
46401
46418
46549
Number of cuts: 195

RexFury
106
647
1019
1062
1882
1894
2152
2535
2703
2986
3028
3218
3274
3538
4365
4391
4402
4418
4525
4711
5100
5123
5479
5528
6591
6602
6720
6895
7001
7177
7211
7221
7643
7656
7880
8421
8488
8841
8853
8877
9316
9405
9635
9820
9997
10005
10127
10465
10512
10558
11188
12091
12146
12865
13762
14904
15650
15744
15800
15834
15959
16022
16342
16608
16652
16801
17755
18179
18305
18344
18952
19147
19424
19661
19754
19823
20564
20665
20836
21011
21191
21304
21371
21461
21560
21694
21736
21742
21859
21892
21949
22069
22797
22869
23142
23469
23676
23690
23703
23881
23996
24374
24477
24517
24589
24755
24798
24894
25408
25457
25765
25811
26158
26288
26383
26416
26432
27438
27515
27560
27730
27755
27958
28065
28164
28410
28561
28753
29449
29460
29470
29523
30165
30267
30477
30531
30886
31076
31486
31601
31751
32076
32469
32915
32983
33366
33376
33401
33408
33632
33691
33751
33944
34442
34520
34682
34864
35049
35112
35202
35478
35532
35581
36138
36241
36342
36768
37720
37946
38229
38616
39021
39093
39306
39434
40193
41260
41269
41563
41712
42272
42398
43150
43198
44030
44806
45336
45765
45901
46219
46254
46418
46432
46449
46580
Number of cuts: 195

RGL3
107
355
1012
1090
1101
1616
1850
1946
2120
2202
2242
2351
2452
2506
2546
2601
2674
2999
3030
3189
3245
3313
3460
3509
4049
4223
4336
4361
4362
4389
4682
4844
4908
4982
5071
5210
5240
5423
5450
5499
6260
6484
6553
6682
6831
7171
7181
7603
7616
7839
8380
8447
9340
9635
9943
9984
10412
10450
10466
10496
10511
10607
10634
10777
11132
11809
12035
12090
12393
12579
12597
12951
13011
13064
13154
13261
13521
13560
13673
13835
13876
13943
13975
14216
15031
15700
15783
15802
16112
16155
16388
16490
16785
16934
17053
17468
17885
17901
18238
18309
18435
18474
18902
18948
19303
19367
19481
19543
19604
19870
19939
20026
20111
20162
20212
20331
20380
20863
20914
20965
21035
21273
21358
21376
21384
21643
21702
21811
21839
21966
22075
22102
22302
22408
22674
22706
22929
22958
23305
23320
23375
23421
23569
23575
23615
23944
24154
24207
24454
24831
24896
24934
24974
25046
25209
25615
25868
25917
26313
26376
26480
26702
26860
26925
27058
27102
27315
27376
27439
27583
27747
27875
27938
28100
28168
28394
28454
28471
28516
28686
28914
29021
29484
29781
30106
30144
30336
30346
30390
30906
31116
31170
31715
32076
32125
32201
32240
32371
32518
32715
32838
33530
33612
34023
34350
34659
34671
34856
35066
35114
35558
35607
35746
35760
35796
35877
35974
36010
36127
36403
36457
36558
36954
37054
37207
37365
37415
37732
37829
37905
38899
39376
39466
39472
39614
39858
40227
40729
41275
41907
41924
42201
42404
42432
43046
43086
43386
43520
43705
43884
44048
44092
44457
45897
45936
46219
46238
46363
46789
46922
47245
47332
47410
47451
47479
47657
47682
47780
47863
47908
Number of cuts: 270

Rhodalysa
106
988
1031
1851
1863
2121
2225
2504
2672
2997
3187
3243
3507
4334
4360
4371
4387
4494
4680
5069
5092
5448
5497
6560
6571
6689
6864
6970
7146
7180
7190
7612
7625
7849
8390
8457
8810
8822
8846
9285
9374
9604
9789
9966
9974
10096
10434
10481
10527
11157
12060
12115
12834
13731
14873
15619
15713
15769
15803
15928
15991
16311
16577
16621
16770
17724
18148
18274
18313
18921
19116
19393
19630
19723
19792
20533
20634
20805
20980
21160
21273
21340
21430
21529
21663
21669
21705
21711
21828
21861
22038
22766
22838
23111
23438
23645
23672
23850
23965
24343
24446
24486
24558
24724
24767
24863
25377
25426
25454
25734
25780
26127
26257
26352
26385
26401
27407
27484
27529
27699
27724
27927
28034
28133
28530
28722
29418
29429
29439
29492
30134
30236
30446
30500
30855
31045
31455
31570
31720
32045
32438
32884
32952
33335
33345
33370
33377
33601
33660
33720
33913
34411
34489
34651
34833
35018
35081
35171
35447
35501
35550
36107
36210
36311
36737
37689
37915
38198
38984
39062
39275
39406
40165
40435
40666
40692
41230
41239
41533
41682
42242
42368
43120
43168
44000
44776
45306
45735
45871
46224
46388
46402
46418
46549
Number of cuts: 194

StCroix
106
988
1031
1851
1863
2121
2504
2672
2955
2997
3187
3243
3507
4334
4360
4371
4387
4494
4680
5069
5092
5448
5497
6560
6571
6689
6864
6970
7146
7180
7190
7612
7625
7849
8390
8457
8810
8822
8846
9285
9374
9604
9789
9966
9974
10096
10434
10481
10527
11157
12060
12115
12834
13731
14873
15619
15713
15769
15803
15928
15991
16311
16577
16621
16770
17724
18148
18274
18313
18921
19116
19393
19630
19723
19792
20533
20634
20749
20805
20980
21160
21273
21340
21430
21529
21663
21669
21705
21711
21828
21861
21918
22038
22673
22682
22779
22851
23124
23451
23658
23685
23863
23978
24356
24459
24499
24571
24737
24780
24876
25390
25439
25467
25747
25793
26140
26270
26365
26398
26414
26621
27420
27497
27542
27712
27737
27940
28047
28146
28543
28735
29431
29442
29452
29505
30147
30249
30459
30513
30868
31058
31468
31583
31733
32058
32451
32897
32965
33348
33358
33383
33390
33614
33673
33733
33926
34424
34502
34664
34846
35031
35094
35184
35460
35514
35563
36120
36324
36333
36759
37711
37937
38220
39006
39084
39297
39428
40187
40457
40688
40714
41252
41261
41529
41555
41704
42264
42390
43142
43190
44022
44798
45328
45757
45893
46211
46246
46410
46424
46441
46572
Number of cuts: 201

Swann
106
988
1031
1851
1863
2121
2504
2672
2955
2997
3187
3243
3507
4334
4360
4371
4387
4494
4680
5069
5092
5448
5497
6560
6571
6689
6864
6970
7146
7180
7190
7612
7625
7849
8390
8457
8810
8822
8846
9285
9374
9604
9789
9966
9974
10096
10434
10481
10527
11157
12060
12115
12834
13731
14873
15619
15713
15769
15803
15928
15991
16311
16577
16621
16770
17724
18148
18274
18313
18921
19116
19393
19630
19723
19792
20533
20634
20749
20805
20980
21160
21273
21340
21430
21529
21663
21705
21711
21828
21861
21918
22038
22766
22838
23111
23438
23645
23672
23850
23965
24343
24446
24486
24558
24724
24767
24863
25377
25426
25734
25780
26127
26257
26352
26385
26401
27407
27484
27529
27699
27724
27927
28034
28133
28530
28722
29416
29427
29437
29490
30132
30234
30444
30498
30853
31043
31453
31568
31718
32043
32436
32882
32950
33333
33343
33368
33375
33599
33658
33718
33911
34409
34487
34649
34831
35016
35079
35169
35445
35499
35548
36105
36208
36300
36309
36735
37687
37913
38196
38982
39060
39273
39404
40163
40433
40664
40690
41228
41237
41531
41680
42240
42366
43118
43166
43998
44774
45304
45733
45869
46188
46223
46387
46401
46418
46549
Number of cuts: 196

Takoda
106
620
1024
1843
1855
2113
2217
2496
2561
2585
2664
2947
2989
3179
3235
3499
3547
4326
4352
4363
4379
4486
4672
5061
5084
5404
5489
6537
6548
6666
6841
6947
7123
7157
7167
7589
7602
7826
8382
8388
8431
8782
8806
9245
9334
9564
9749
9934
10056
10394
10441
10487
10762
11117
12020
12075
12734
12794
13175
13670
13679
13691
14382
14833
15579
15673
15763
15779
15888
15951
16537
16581
16730
17684
18108
18234
18273
18881
19076
19353
19590
19683
19752
20138
20149
20160
20181
20214
20395
20709
20940
21045
21120
21145
21233
21300
21367
21390
21489
21629
21736
21821
21878
21998
22156
22632
22641
22810
23083
23175
23410
23617
23644
23938
23991
24316
24419
24459
24697
24740
24836
25350
25399
25427
25707
25753
26100
26325
26358
26374
26873
27059
27323
27380
27502
27672
27697
27900
27969
28007
28106
28352
28695
29391
29402
29412
29465
29792
30041
30143
30353
30407
30952
31362
31477
31627
31952
32788
32856
33239
33249
33274
33800
33834
33894
34087
34555
34594
34672
34834
35016
35201
35264
35354
35630
35684
35733
36290
36393
36485
36494
36920
37872
38098
38788
39173
39245
39458
39589
40350
40619
40853
41414
41423
41690
42287
42890
43284
43449
44010
44326
45102
45367
45545
45951
46084
46402
46437
46600
46630
46760
Number of cuts: 211

Trina
1338
1844
1930
2050
2249
2512
4104
4416
4762
5015
6379
7000
7201
7229
7297
7606
8403
9012
9372
9912
10658
11306
11731
12387
12565
14401
14537
14725
15386
15635
16276
16591
16941
17013
17111
18265
18795
19776
20346
21987
23003
23350
24108
25698
26203
27802
28368
28945
29244
29433
32203
32846
33112
33674
33847
35022
35120
35526
35724
36719
40111
40221
40227
40739
43578
44728
44823
45131
46394
46871
47184
49395
49662
49730
50379
51510
51517
51771
54639
55421
55742
57113
59555
61313
64722
66195
67216
67245
67824
70122
71255
72405
72848
73407
74218
74504
75637
75675
75707
76266
77286
77355
77978
78152
78353
79120
79138
81518
81783
83351
83820
84023
84448
84630
84882
86496
87103
87201
88506
89007
89370
89625
89699
90106
91443
91450
91588
93599
96194
96233
98295
98518
100439
100540
101905
102758
102923
103830
104222
104353
105480
107011
107026
109759
110036
111954
111961
112412
113135
113370
113724
113770
113817
115456
115739
119413
119840
119905
120861
122472
122832
122897
122927
125050
125675
126417
127768
129335
131313
131746
131945
132059
132468
132874
137740
138246
138332
138452
138651
138914
Number of cuts: 180

TWAMP
106
988
1031
1851
1863
2121
2225
2504
2672
2997
3187
3243
3507
4334
4360
4371
4387
4494
4680
5069
5092
5448
5497
6560
6571
6689
6864
6970
7146
7180
7190
7612
7625
7849
8390
8457
8810
8822
8846
9285
9374
9604
9789
9966
9974
10096
10434
10481
10527
11157
12060
12115
12834
13731
14873
15619
15713
15769
15803
15928
15991
16311
16577
16621
16770
17724
18148
18274
18313
18921
19116
19393
19630
19723
19792
20533
20634
20805
20980
21160
21273
21340
21430
21529
21663
21669
21705
21711
21828
21861
22038
22766
22838
23111
23438
23645
23672
23850
23965
24343
24446
24486
24558
24724
24767
24863
25377
25426
25454
25734
25780
26127
26257
26352
26385
26401
27407
27484
27529
27699
27724
27927
28034
28133
28530
28722
29418
29429
29439
29492
30134
30236
30446
30500
30855
31045
31455
31570
31720
32045
32438
32884
32952
33335
33345
33370
33377
33601
33660
33720
33913
34411
34489
34651
34833
35018
35081
35171
35447
35501
35550
36107
36210
36311
36737
37689
37915
38198
38984
39062
39275
39406
40165
40435
40666
40692
41230
41239
41533
41682
42242
42368
43120
43168
44000
44776
45306
45735
45871
46224
46388
46402
46418
46549
Number of cuts: 194

UhSalsa
106
988
1031
1851
1863
2121
2504
2672
2955
2997
3187
3243
3507
4334
4360
4371
4387
4494
4680
5069
5092
5448
5497
6560
6571
6689
6864
6970
7146
7180
7190
7612
7625
7849
8390
8457
8810
8822
8846
9285
9374
9604
9789
9966
9974
10096
10434
10481
10527
12060
12115
12834
13731
14873
15619
15713
15769
15803
15928
15991
16311
16577
16621
16770
17724
18148
18274
18313
18921
19116
19393
19630
19723
19792
20533
20634
20805
20980
21160
21273
21340
21430
21529
21663
21705
21711
21828
21861
21918
22038
22766
22838
23111
23438
23645
23659
23672
23850
23965
24344
24447
24487
24559
24725
24768
24864
25378
25427
25455
25735
25781
26128
26258
26353
26386
26402
27087
27408
27485
27530
27700
27725
27928
28035
28134
28531
28723
29417
29428
29438
29491
29818
30067
30169
30379
30433
30788
30978
31388
31503
31653
31978
32371
32817
32885
33268
33278
33303
33310
33534
33593
33653
33846
34314
34353
34431
34593
34775
34960
35023
35113
35389
35443
35492
36049
36152
36253
36679
37631
37857
38140
38527
38932
39004
39217
39345
40104
41171
41180
41474
41623
42183
42309
43061
43109
43941
44717
45247
45676
45812
46130
46165
46329
46343
46361
46492
Number of cuts: 196

Weasels2
1043
1392
1565
1714
1787
2236
2695
3980
4474
6552
6662
6784
7480
7872
9014
11019
13695
14693
14745
15473
17190
17369
17993
18173
19062
20517
21475
21748
23030
23484
25459
27318
28242
28276
30075
30991
31626
33645
34182
34841
36200
37978
38644
40730
40782
43364
43515
45027
46082
46473
46620
46886
48152
48524
49898
50329
50757
50862
52237
52550
52731
55437
56372
58719
59185
61379
62541
63018
65480
66145
67361
68308
69609
70874
71667
72527
77286
79539
79560
81190
87415
89719
93832
94278
96548
97073
98519
99163
100507
101219
101419
102810
103139
103308
103504
106462
106673
107465
108303
108723
109255
112021
112565
113413
115315
116944
117255
118627
118883
119206
119641
120266
121318
121396
122479
122522
123753
124536
125652
128002
128441
129047
130450
132748
133097
133270
133419
133492
133941
134400
Number of cuts: 130

Yogi
106
988
1031
1497
1851
1863
2121
2225
2504
2672
2955
2997
3187
3243
3507
4221
4334
4360
4371
4387
4494
4680
5069
5092
5497
6545
6556
6674
6849
6955
7131
7165
7175
7597
7610
7834
8390
8396
8439
8778
8790
8814
9033
9253
9342
9757
9942
10064
10402
10449
10495
10633
10692
10776
11131
12034
12089
12367
12748
13684
13693
13705
13825
13849
14847
15593
15687
15743
15777
15902
15965
16225
16300
16490
16595
16744
17698
18122
18248
18287
19090
19367
19604
19766
20174
20507
20608
20800
20829
20954
21134
21159
21179
21247
21314
21381
21404
21503
21518
21679
21750
21835
22012
22740
22812
23085
23177
23412
23619
23633
23646
23824
23939
24317
24420
24460
24532
24698
24741
24837
25351
25400
25754
26101
26326
26359
26375
27060
27381
27458
27503
27673
27698
27901
28008
28107
28504
28696
29392
29403
29413
29466
30108
30210
30420
30474
31019
31429
31544
31694
32019
32412
32858
32926
33309
33319
33344
33351
33575
33634
33694
33887
34327
34460
34622
34804
34989
35052
35142
35418
35472
35521
36078
36181
36273
36282
36429
36685
37088
38040
38266
38936
39341
39413
39626
40516
40786
41017
41043
41581
41590
41884
42033
42593
42719
43471
43519
44351
45127
45657
46074
46207
46525
46560
46722
46736
46752
46883
Number of cuts: 208

Yoncess
106
988
1031
1851
1863
2121
2225
2504
2672
2955
2997
3187
3243
3507
4221
4334
4360
4371
4387
4494
4680
5069
5092
5497
6545
6556
6674
6849
6955
7131
7165
7175
7597
7610
7834
8390
8396
8439
8778
8790
8814
9253
9342
9572
9757
9942
10064
10402
10449
10495
10633
10692
10776
11131
12034
12089
12367
12748
13684
13693
13705
13825
14847
15593
15687
15743
15777
15902
15965
16225
16300
16490
16595
16744
17698
18122
18248
18287
19090
19367
19604
19766
20174
20409
20608
20800
20829
20954
21247
21314
21381
21404
21679
21750
21796
21835
21892
22012
23086
23178
23413
23620
23634
23647
23825
23940
24318
24421
24461
24533
24699
24742
24838
25352
25401
25755
26102
26327
26360
26376
27061
27382
27459
27504
27674
27699
27902
28009
28108
28505
28697
29393
29404
29414
29467
29888
29990
30200
30254
30609
30799
31324
31474
31799
32192
32638
32706
33089
33099
33124
33131
33355
33414
33474
33667
34126
34165
34243
34405
34587
34772
34835
34925
35201
35255
35304
35861
35964
36056
36065
36491
37443
37669
38744
38816
39029
39919
40050
40189
40420
40446
40984
40993
41288
41437
42000
42126
42879
42927
43759
44535
45065
45494
45630
45983
46145
46159
46175
46306
Number of cuts: 199

