Alatin
181
228
894
2334
4344
4521
5104
5110
6906
7442
8841
9035
9753
10601
10820
11552
11561
12087
12267
13685
13913
17888
19411
19879
20681
21008
21665
23170
24905
25445
25762
26067
26478
26588
26681
27758
28549
30394
31491
31528
32532
33441
35759
35771
35985
36221
36948
38188
38274
39925
41276
42051
42079
42851
43373
43787
43839
45255
45596
45713
Number of cuts: 60

Alpacados
181
228
894
2296
4306
4483
5264
5828
6853
7389
8345
8771
8965
9683
10250
10756
11497
12203
13082
13431
13849
18893
19394
19815
20208
20617
20798
22732
23039
24774
25314
25667
25972
26383
26493
27663
28454
30299
31396
31433
32437
33346
35661
35673
35887
36710
38081
38167
38789
39818
41099
41874
41902
42674
43196
43610
43662
45078
45419
45536
Number of cuts: 60

AngryOrchard
889
922
2279
4289
4466
5247
5811
6836
7372
8328
8888
8948
9666
10233
10739
11471
11480
12186
13065
14142
19377
19519
19798
20231
20600
20781
21728
23034
24770
25310
25343
25627
25932
26342
26452
27622
28413
30192
31289
31326
33236
35280
35821
35833
36047
36870
37001
38241
38327
38949
39980
40112
41330
42104
42132
43418
43881
45337
45540
Number of cuts: 59

AppleCloud
689
722
2043
2193
4230
4813
5011
5575
5701
6600
7022
7136
8092
8506
8688
9412
9501
10473
11214
12409
13111
14739
17606
18922
19423
19844
20646
20827
23271
24780
25637
25942
28503
30124
31221
31258
33171
34084
35486
35498
35712
36666
37906
39640
40993
41768
41796
42568
43090
43504
43556
44972
45313
45430
Number of cuts: 54

Belenaria
181
228
894
2334
4344
4521
5104
5110
6906
7442
8841
9035
9753
10601
10820
11552
11561
12087
12267
13685
13913
17888
19411
19458
19879
20681
21008
21611
23103
24839
25379
25696
26001
26412
26522
27692
28483
30260
31357
31394
32398
33307
35634
35646
35860
36814
38054
39788
41141
41916
41944
42716
43238
43652
43704
45120
45461
45578
Number of cuts: 58

BobbyDazzler
181
228
894
2405
4415
4592
5373
5937
6063
6962
7498
8454
8880
9074
9792
10359
10865
11606
12312
13191
13540
13958
19002
19464
19503
19924
20726
20907
22842
23149
24884
25424
25741
26046
26457
26567
27737
28528
30373
31470
31507
32511
33420
35738
35750
35964
36787
38158
38244
38866
39895
41246
42022
42050
42822
43344
43810
45226
45567
45684
Number of cuts: 60

Bonanza
181
228
894
2334
4344
4521
5302
5866
6891
7427
8383
8809
9003
9721
10288
10794
11535
12241
13120
13469
13887
18931
19432
19853
20246
20655
20836
22770
23077
24812
25352
25669
25974
26385
26495
27665
28456
30301
31398
31435
32439
33348
35663
35675
35889
36589
37092
37223
38463
38549
39171
40200
41551
42326
42354
43126
43648
44062
44114
45530
45871
Number of cuts: 61

Bradshaw
181
228
894
2334
2772
4344
4521
5104
5110
6906
7442
8841
9035
9753
10601
10820
11552
11561
12267
13913
17888
19411
19458
19879
20681
21008
21611
23103
24838
25378
25695
26000
26411
26521
27691
28482
30327
31424
31461
32465
33374
35692
35704
35918
36154
36881
38121
38207
39858
41209
41984
42012
42784
43306
43720
43772
45188
45529
45646
Number of cuts: 59

Bryce
181
228
894
2334
4344
4521
5302
5866
5992
6891
7427
8383
8809
9003
9721
10288
10794
11535
12241
13120
13469
13887
18931
19393
19432
19853
20655
20836
22771
23078
24813
25353
25670
25975
26386
26496
27666
28457
30081
31178
31215
32219
33128
35446
35458
35672
36495
37866
37952
38574
39603
40954
41730
41758
42530
43052
43518
44934
45275
45392
Number of cuts: 60

ChewyVIII
373
575
620
1003
1545
1802
2543
3017
3809
4506
4547
4706
4846
4988
7062
7086
7392
9693
9817
10576
10580
10936
11821
12255
12481
12491
13781
13891
15304
15394
15558
17967
18255
18281
18296
19318
20104
20195
20276
20365
21014
21041
21185
21525
22677
22727
23099
23205
23354
23385
23585
24429
24626
25001
25284
25397
25426
25728
25811
25841
25894
26236
26447
27377
27774
28073
28653
28703
28957
29372
30596
31663
33069
33226
33835
33978
34529
35147
35908
36438
37093
38160
38486
39279
39728
40508
40875
42118
42145
42498
42701
44088
44116
44188
45004
45196
46085
47110
47485
48116
49056
49093
49184
49463
50342
51098
51199
51442
51455
51611
52454
52578
53777
54027
54089
54179
54389
54834
55436
55757
58324
58379
58869
59374
61740
61961
61970
62273
62320
65261
66516
Number of cuts: 131

CosmicSans
181
228
894
2334
2772
4344
4521
5104
5110
6906
7442
8841
9035
9753
10601
10820
11552
11561
12267
13913
17888
19411
19879
20681
21008
21611
23103
24838
25378
25411
25695
26000
26411
26521
27691
28482
30327
31424
31461
32465
33374
35692
35704
35918
36872
38112
38198
39849
41200
41975
42003
42775
43297
43711
43763
45179
45520
45637
Number of cuts: 58

Dinger
228
891
924
2330
4340
4517
5298
5862
6887
8379
8805
8999
9717
10284
10790
11522
11531
12237
13116
13465
14193
14711
17611
19389
19428
19849
20651
20832
22658
22940
24822
25679
25984
28545
30196
31293
31330
33243
35293
35834
35846
36060
37014
38254
38340
38962
39993
40125
41344
42122
42150
43436
43899
45354
45557
Number of cuts: 55

DocB7
591
664
1215
2729
3645
4968
5589
6066
6432
7409
7507
8301
8392
9604
10229
10545
11045
11345
11509
11693
11700
12562
12748
13290
13893
14199
14385
14507
15642
16040
16496
19273
20028
20456
20753
21472
21505
23012
23283
23687
24028
24664
25399
27761
30878
31180
32771
33793
33970
34145
35296
37517
38970
39692
40094
41658
41948
43568
44344
44682
44987
46011
48651
49044
49955
50297
50770
51346
51727
52077
52239
52743
53519
53678
54360
54716
54747
55673
55942
56267
56433
56610
57093
57182
59166
59299
59963
61255
61946
61958
62540
62810
64139
64326
71926
72000
72961
73823
74397
74415
Number of cuts: 100

E3
448
658
991
1333
1689
1761
2393
2671
2686
2727
3309
3328
3516
3691
4836
4849
4893
5174
5361
5810
6559
6707
6764
6881
7146
7635
7641
7671
7872
7877
8225
8822
9073
9357
9695
9728
10400
10604
10642
10830
11314
12177
12416
12462
12689
12953
14688
14828
15318
15393
15962
16668
17415
17893
18023
18044
18141
18438
18854
18911
19122
19330
19866
19971
20287
20371
20448
20786
20974
21164
21658
21923
21959
23120
23246
25311
26248
26893
26935
26968
27547
27557
28678
28966
29397
29614
29683
31054
31389
31886
32576
33306
33507
33919
34044
34470
35114
35332
35795
35852
35908
36468
36533
36769
37078
37147
37208
37638
37837
38216
38344
38578
38863
39405
40503
41665
41879
42253
42560
43232
44146
44205
44226
45076
45474
45488
46241
46575
47157
48285
48354
48664
48831
49607
49902
50395
50618
51517
52332
52883
53244
53524
54070
54139
54486
55259
55271
55340
55600
56660
56766
56807
56828
57766
58191
58769
58920
59121
59432
59511
59523
59532
59758
59808
59955
60393
60493
60877
60961
61022
61023
61471
61492
61534
61540
61558
61573
61591
61597
61636
61675
61729
62137
62542
62628
62889
63442
63670
64368
64437
64786
64854
65387
65776
66428
66541
67760
67814
68031
68659
68963
69516
69711
70209
70597
70698
70755
70926
71036
71144
71585
71754
71843
73297
73504
73977
74887
75470
76062
77419
77706
78086
78212
78667
79225
79333
79674
80247
80694
80939
80989
81668
81913
81958
82205
82444
82581
82768
82901
84269
84571
84723
85165
85818
85833
86070
86082
86214
86775
86949
87030
87051
87319
87523
88299
88760
89004
89194
89440
89891
90307
90357
90788
90794
90948
91969
92074
92204
92308
92516
93632
94262
94446
94876
95012
95174
95990
96021
96144
96447
96924
97415
97576
97728
97928
98135
98212
98361
98378
98783
99050
99119
99140
99496
99811
99917
100054
100233
100746
101029
101088
101163
101361
101374
101424
101949
102148
102297
103265
103847
104786
104882
105310
105670
106295
106412
106519
106819
107306
107571
107682
107994
108165
108324
109501
109918
110097
111594
112071
112458
112553
112658
112891
113065
113131
113188
113194
113296
113512
113548
113782
114223
114532
114750
115081
115235
115334
115339
115933
115998
116076
116154
116264
116461
116728
116740
116791
116842
116894
118258
118816
118921
119129
119198
119383
119818
120199
120463
121581
121716
121776
121812
122088
122267
122375
122647
122854
123269
123931
124063
124120
125195
125606
126460
126828
127236
127276
127720
127731
127741
127831
128405
128929
129107
129635
129647
129665
129703
130337
130636
131034
131367
131660
131939
132222
132479
133201
133297
133591
133630
134526
134597
134998
135051
135184
135580
135600
136428
136988
138320
138579
138893
139151
139179
139460
140017
141153
141562
141629
142109
142114
Number of cuts: 431

Erik
181
228
894
2334
4344
4521
5104
5110
6906
7442
8840
9034
9752
10600
10819
11551
11560
12266
13684
13912
17887
19410
19457
19878
20680
21007
21610
23102
24836
25376
25693
25998
26409
26519
27689
28480
30259
31356
31393
32397
33306
35624
35636
35850
36804
38044
38130
39781
41031
41806
41834
42606
43128
43542
43594
45010
45351
45468
Number of cuts: 58

Espica
181
228
894
2334
4344
4521
5104
5110
6906
7442
8841
9035
9753
10601
10820
11552
11561
12087
12267
13685
13913
17888
19411
19458
19879
20681
21008
21611
23103
24839
25379
25696
26001
26412
26522
27692
28483
30260
31357
31394
32398
33307
35634
35646
35860
36814
38054
39788
41141
41916
41944
42716
43238
43652
43704
45120
45461
45578
Number of cuts: 58

Finch
682
1006
1676
1883
2286
2295
2670
3234
3672
4186
4847
5090
5735
5917
5930
6180
6191
6374
7064
7265
8298
9036
9154
9205
9647
9741
9916
10024
10589
10922
11043
11420
11671
11808
12114
12157
13304
13809
14075
14166
14401
14861
15022
15395
15646
15840
15910
16526
16845
17409
17665
17856
17962
19166
20095
20302
20519
20660
22616
22727
22750
22960
23062
23290
23386
23536
23698
24013
25644
25810
25898
26095
26350
26363
27193
27766
28159
28559
28714
29124
29558
29630
29654
29801
29980
30132
30526
30682
30796
30888
31643
32209
32621
32717
32771
34989
35549
35614
35844
36213
38150
38811
39441
39806
40258
41388
41903
42334
42597
43091
43642
43765
45058
45288
46827
46908
48552
50422
50546
50863
51170
51399
52265
52509
53644
55102
55349
55634
55682
55958
56616
56892
57545
58217
60727
61146
61186
61439
61530
61933
62545
62591
62712
62794
63561
63611
64044
64176
65567
65863
65935
66103
66555
67125
67417
67621
67700
67870
68760
69175
69225
69887
70039
70167
70477
70895
71537
72001
72016
72061
72986
73295
73323
73706
74321
74664
74794
75811
76059
77612
78969
79094
79144
79380
80831
81476
82096
82189
82351
82504
82562
82596
82621
82679
82993
83304
83528
83731
83986
84092
84177
84216
84269
84329
85043
85610
85996
86157
86966
87559
87706
87899
88017
88519
89027
89039
89159
89306
89356
90516
90657
90880
91275
91758
92279
92312
93057
93150
93213
93259
93462
93492
93561
93745
93998
94077
94314
94669
95924
96110
96250
96394
96485
97767
97911
97928
98071
98073
98402
98762
98948
99057
99323
99967
100397
100439
100713
100919
101093
101124
101174
101715
101787
101961
101995
102383
102661
103215
104386
104452
104802
104878
105376
105688
106012
106282
106295
106312
106332
107836
107852
108055
108552
109244
109317
109541
109762
109906
109987
110471
110607
110856
111222
112071
112186
112187
113015
113299
113349
113412
114680
115641
115707
116907
117075
117147
117661
118391
118772
118853
119569
120718
121029
121199
121395
122065
122306
122510
122660
123058
123210
124061
124185
124520
125830
125854
126008
126610
126642
126714
127454
128317
128456
128720
129320
130170
130471
130886
131533
131611
131849
133202
134270
134676
135437
135804
136878
137480
137701
137785
138394
Number of cuts: 351

Gollum
181
228
894
2334
4344
4521
5104
5110
6906
7442
8841
9035
9753
10601
10820
11561
12087
12267
13685
13913
17888
19411
19458
19879
20681
21008
21611
23103
24838
25378
25695
26000
26411
26521
27691
28482
30325
31422
31459
32463
33372
35690
35702
35916
36870
38110
39791
41142
41917
41945
42717
43239
43653
43705
45121
45462
45579
Number of cuts: 57

Grayson
5170
15100
22168
24173
38022
39877
45538
53263
66553
71566
72382
79323
92498
96194
100833
106772
109242
112828
Number of cuts: 18

Harlequin
181
228
894
2334
4521
5104
5302
5866
5992
6891
7427
8383
8979
9697
10264
10770
11511
12217
13096
13445
13863
18907
19369
19408
19829
20631
20812
22801
23108
24843
25383
25700
26005
26416
26526
27696
28487
30111
31208
31245
32249
33158
35476
35488
35702
36525
37982
38604
39635
39767
40989
41765
41793
42565
43087
43553
44969
45310
45427
Number of cuts: 59

Hiro
181
228
894
2334
4344
4521
5302
5866
5992
6891
7313
7427
8383
8797
8979
9703
9792
10764
11505
12700
13402
15030
17897
19675
19714
20135
20937
21118
23562
25098
25638
25955
26260
26671
26781
27951
28742
30587
31684
31721
32725
33634
35952
35964
36178
37001
38372
38458
39080
40109
41460
42236
42264
43036
43558
44024
45440
45781
45898
Number of cuts: 59

Jace
491
741
1132
1372
1436
1522
2413
2806
3500
3506
3521
3802
4444
4961
5146
5258
5466
5596
6028
6216
6642
8508
9096
9168
9213
9258
9694
10034
10151
10220
10688
12145
12452
12533
12939
13413
13742
14180
14794
15193
15829
16847
17014
17164
17212
17585
17820
18318
19002
19276
19446
19601
20019
20348
20506
20705
20807
21513
21594
21915
22734
23130
23426
23495
23834
24296
25268
25569
26076
26578
26626
27319
27537
28452
28571
28613
29131
29258
29348
30512
30666
31224
31617
32492
32603
32699
32803
32966
33287
34956
35065
35649
35870
35883
36301
36992
36998
37168
37582
38796
38856
39828
40422
40906
40941
41851
41907
42004
42873
44516
45270
46125
46229
47144
47221
47886
49388
49592
49862
49892
50748
50851
51279
51734
52487
52686
52853
Number of cuts: 127

Jester
181
228
894
2334
4521
5104
5302
5866
5992
6891
7427
8383
8979
9697
10764
11505
13090
13439
13857
14718
18901
19363
19402
19823
20625
20806
22732
23039
24774
25314
25631
25936
26347
26457
27627
28418
30042
31139
31176
32180
33089
35407
35419
35633
36456
37913
38535
39566
39698
40920
41696
41724
42496
43018
43484
44900
45241
45358
Number of cuts: 58

Krishelle
181
228
894
2334
4344
4521
5104
5110
6906
7442
8398
8812
8994
9718
9807
10779
11520
12715
13417
15045
17912
19228
19729
20150
20952
21133
23613
25122
25979
26284
28845
30687
31784
31821
32825
33734
36052
36064
36278
36514
37241
38481
38567
40218
41569
42344
42372
43144
43666
44080
44132
45548
45675
Number of cuts: 53

Lillie
181
228
894
2334
2772
4344
4521
5104
5110
6906
7442
8841
9035
9753
10601
10820
11552
11561
12267
13913
17888
19411
19879
20681
21008
21611
23103
24838
25378
25411
25695
26000
26411
26521
27691
28482
30327
31424
31461
32465
33374
35692
35704
35918
36872
38112
38198
39849
41200
41975
42003
42775
43297
43711
43763
45179
45520
45637
Number of cuts: 58

Mahdia
124
333
535
538
848
1075
1759
1872
2020
2745
2836
3074
3267
3812
4091
4119
4265
4444
4620
4715
4734
5112
5582
6100
6260
6440
6936
6986
7324
7494
8295
8345
8556
8575
8663
8883
8952
8973
9042
9677
9722
9972
10068
10084
10134
10152
10167
10197
10229
10244
10270
10575
10899
10995
11219
11252
11387
11570
11908
12271
12497
12811
12998
13281
13328
13540
13897
13932
13947
14235
14244
14425
14729
14904
15314
15708
15717
15923
16200
16371
16502
16511
17042
17063
17081
17102
17517
17732
17884
18269
18317
18422
18590
18751
18764
18855
19855
19876
20919
21690
21785
21809
22880
23140
23200
23242
23438
23471
23584
23603
23672
23687
24108
24570
24589
25134
25251
25492
25585
25705
25710
25965
26006
26352
26406
27444
27734
28045
28175
28298
28369
28600
28922
29066
29394
29452
29485
29508
29518
30079
30088
30112
30200
30427
30457
30614
30631
30676
31015
31317
31433
31531
31546
31850
31887
32068
32315
32365
32399
32577
32809
32821
32976
33132
33409
33468
33691
33883
34003
34292
34415
34509
34582
34627
34696
34737
34970
35010
35228
35582
35712
35771
35837
36113
36211
36422
36650
36689
36710
36765
36809
36818
37101
37294
37470
37477
37562
37677
37995
38009
38154
38348
38393
38405
38797
38809
39313
39338
39632
39731
40396
40413
40432
40504
40773
40788
40962
41175
41279
41444
41846
42058
42067
42360
Number of cuts: 224

Naiad
181
228
894
2334
4344
4521
5104
5110
6906
7442
8841
9035
9753
10601
10820
11552
11561
12087
12267
13685
13913
17888
19411
19879
20681
21008
21611
23116
24851
25391
25708
26013
26424
26534
26627
27704
28495
30340
31437
31474
32478
33387
35705
35717
35931
36167
36894
38134
38220
39871
41222
41997
42025
42797
43319
43733
43785
45201
45542
45659
Number of cuts: 60

Nancinator
181
228
894
2334
4344
4521
5104
5110
6906
7442
8841
9035
9753
10601
10820
11552
11561
12087
12267
13685
13913
17888
19411
19458
19879
20681
21008
21611
23103
24839
25379
25696
26001
26412
26522
27692
28483
30260
31357
31394
32398
33307
35634
35646
35860
36814
38054
40539
41314
41342
42114
42636
43050
43102
44518
44859
44976
Number of cuts: 57

Natosaleda
181
228
894
2334
4344
4521
5104
5110
6906
7442
8841
9035
9753
10601
10820
11552
11561
12087
12267
13685
13913
17888
19411
19458
19879
20681
21008
21611
23103
24838
25378
25695
26000
26411
26521
27691
28482
30259
31356
31393
32397
33306
35633
35645
35859
36813
38053
39787
41140
41915
41943
42715
43237
43651
43703
45119
45463
Number of cuts: 57

Partridge
228
889
922
2393
4403
4580
5361
5925
6950
8442
8868
9062
9780
10347
10853
11585
11594
12300
13179
13528
14256
17674
19452
19491
19912
20714
20895
22509
22721
23003
24885
25778
26083
28644
30487
31584
31621
33531
34015
35449
35990
36002
36216
37039
37170
38411
38497
39119
40150
40282
41501
42276
42304
43782
44245
45699
45902
Number of cuts: 57

Pepy6
1066
2024
2734
3138
4774
5294
5947
6284
7383
8335
8799
9370
9918
11370
12234
13434
16441
20129
21555
21753
23048
23495
23545
24240
25099
25103
25594
25768
26351
27413
27425
29453
31623
31820
32503
32990
33087
34700
35265
40650
41295
43752
46457
47327
47669
47675
49586
49782
50357
51751
52021
52042
52119
56613
57253
57901
58317
58353
58816
59873
60688
61921
65512
66775
70033
70523
71345
71516
76554
Number of cuts: 69

Peregrin
7098
21334
23339
30893
35615
38658
45556
52046
64978
69976
70792
88673
95227
101226
107048
109001
115705
Number of cuts: 17

Phrankenstein
181
228
894
2334
4344
4521
5104
5110
6906
7442
8841
9035
9753
10601
10820
11552
11561
12087
12267
13913
17888
19411
19458
19879
20681
21008
21557
23049
24784
25324
25357
25641
25946
26357
26467
27637
28428
30273
31370
31407
32411
33320
35638
35650
35864
36818
38058
38144
39795
41146
41921
41949
42721
43243
43657
43709
45125
45466
45583
Number of cuts: 59

Pine5
123
464
707
1466
3568
3686
7071
7407
7702
7776
8047
8223
8278
8488
8515
8827
8869
9103
9490
9579
10345
10765
10789
11367
11544
11550
11633
11816
11840
12372
12410
12485
12750
12919
13128
13793
14341
14398
15178
15328
15497
15655
15761
15785
16001
16057
16812
17113
18251
18318
18648
18778
18938
20014
20157
20288
20534
20919
20987
21059
21215
22046
22940
23018
23075
23481
23984
24002
24089
24350
24367
24407
24790
25028
25768
26190
26411
27235
27384
27541
28123
28754
28878
29659
30463
30597
31232
31477
31511
31583
32927
33485
33717
33767
34903
35107
35265
35295
35664
35738
35819
36300
36384
36500
37418
37648
37683
38777
39131
40044
40164
40289
40314
41258
41268
41564
42214
42575
42667
42914
42915
42922
43149
43881
44069
45601
46539
47326
47351
47467
47502
47664
47739
47826
47980
48544
48703
48742
48874
48984
49143
50103
50598
53736
54373
54881
55025
55818
55880
56039
56102
56108
56153
56210
57030
57886
57943
58255
58984
Number of cuts: 159

Poco6
977
1066
1350
1569
2612
4477
5069
5385
7133
9533
9747
10563
11562
13349
13844
15353
18556
18779
19298
19764
21180
23484
25061
25508
26253
27781
31472
33845
34260
34528
35385
36722
36738
39274
39950
42476
42790
45578
46308
49019
49606
50757
51095
51139
51718
52044
52196
53551
53628
55570
56418
56961
57679
58751
61045
64389
65326
66512
68028
68772
69161
69732
70295
72608
72779
77820
Number of cuts: 66

Rasputin
181
228
894
2334
4344
4521
5302
5866
5992
6891
7427
8384
8810
9004
9722
10789
11530
12236
13115
13464
13882
18926
19388
19427
19848
20241
20650
20831
22927
24809
25666
25971
26382
26492
27662
28453
30298
31395
31432
32436
33345
35663
35675
35889
36843
38083
38169
39820
41171
41946
41974
42746
43268
43682
43734
45150
45491
45608
Number of cuts: 58

RER2
181
228
894
2334
2772
4344
4521
5104
5110
6906
7442
8841
9035
9753
10601
10820
11552
11561
12267
13685
13913
17888
19411
19458
19879
20681
20862
21611
22796
23103
24838
25378
25695
26000
26411
26521
27691
28482
30327
31424
31461
32465
33374
35692
35704
35918
36872
38112
38198
39849
41200
41975
42003
42775
43297
43711
43763
45179
45520
45637
Number of cuts: 60

RexFury
181
228
925
2365
4375
4552
5135
5141
6937
7473
8872
9066
9784
10632
10851
11583
11592
12118
12298
13177
13716
13944
17919
19442
19489
19910
20712
21039
21642
23134
24869
25726
26031
26442
26552
27722
28513
30358
31455
31492
32496
33405
35723
35735
35949
36903
38143
39877
41230
42005
42033
42805
43327
43741
43793
45209
45550
45667
Number of cuts: 58

RGL3
178
880
1145
1384
2018
2486
3570
4240
5304
5868
5994
6149
7319
7526
9785
9959
10795
11580
12242
13620
14175
14466
14932
16018
16622
16743
19107
19569
19747
20708
21220
21425
21941
22267
22318
23003
23048
23162
23690
25560
25881
26304
26390
26510
26854
26977
27401
27496
27716
28169
28446
28800
29156
29622
30997
34020
35104
35133
35671
36909
37867
37903
38851
39397
39945
40655
41612
42028
43010
44193
45286
45363
46390
46507
46519
Number of cuts: 75

Rhodalysa
181
228
894
2334
2772
4344
4521
5104
5110
6906
7442
8841
9035
9753
10601
10820
11552
11561
12267
13913
17888
19411
19879
20681
21008
21611
23103
24838
25378
25411
25695
26000
26411
26521
27691
28482
30327
31424
31461
32465
33374
35692
35704
35918
36872
38112
38198
39849
41200
41975
42003
42775
43297
43711
43763
45179
45520
45637
Number of cuts: 58

StCroix
181
228
894
2334
4344
4521
5104
5110
6906
7442
8841
9035
9753
10601
10820
11552
11561
12087
12267
13685
13913
17888
19411
19879
20681
21008
21611
23116
24851
25391
25708
26013
26424
26534
26627
27704
28495
30340
31437
31474
32478
33387
35705
35717
35931
36167
36894
38134
38220
39871
41222
41997
42025
42797
43319
43733
43785
45201
45542
45659
Number of cuts: 60

Swann
181
228
894
2334
4344
4521
5104
5110
6906
7442
8841
9035
9753
10601
10820
11552
11561
12267
13685
13913
17888
19411
19879
20681
21008
21611
23103
24838
25695
26000
26411
26521
27691
28482
30325
31422
31459
32463
33372
35690
35702
35916
36870
38110
38196
39847
41198
41973
42001
42773
43295
43709
43761
45177
45518
45635
Number of cuts: 56

Takoda
889
922
2326
4336
4513
5294
5858
6883
7419
8375
8935
8995
9713
10280
10780
11512
11521
12227
13106
14183
19379
19418
19560
19839
20272
20641
20822
21769
23075
24811
25351
25384
25668
25973
26384
26494
27664
28455
30234
31331
31368
33278
35875
35887
36101
36924
37055
38295
38381
39003
40034
40166
41384
42158
42186
43267
43626
44089
45545
45748
Number of cuts: 60

Trina
3294
3299
3417
6548
7176
7546
15559
22057
32815
40494
44134
48840
48912
51259
56281
76922
83385
85334
86544
90460
92450
93374
93766
95137
97475
98296
100688
105832
110734
113223
114690
116095
120178
124014
124101
124585
125848
130558
Number of cuts: 38

TWAMP
181
228
894
2334
2772
4344
4521
5104
5110
6906
7442
8841
9035
9753
10601
10820
11552
11561
12267
13913
17888
19411
19879
20681
21008
21611
23103
24838
25378
25411
25695
26000
26411
26521
27691
28482
30327
31424
31461
32465
33374
35692
35704
35918
36872
38112
38198
39849
41200
41975
42003
42775
43297
43711
43763
45179
45520
45637
Number of cuts: 58

UhSalsa
181
228
894
2334
4344
4521
5104
5110
6906
7442
8841
9035
9753
10601
10820
11552
11561
12087
12267
13685
13913
17888
19411
19458
19879
20681
21008
21611
23103
24839
25379
25696
26001
26412
26522
27692
28483
30260
31357
31394
32398
33307
35634
35646
35860
36814
38054
39788
41141
41916
41944
42716
43238
43652
43704
45120
45461
45578
Number of cuts: 58

Weasels2
6350
8708
23074
35205
38866
70987
74574
77186
87922
97866
104432
116602
Number of cuts: 12

Yogi
181
228
894
2334
4344
4521
5302
5866
6891
7427
8383
8809
9003
9721
10288
10794
11535
12241
13120
13469
13887
18931
19432
19853
20246
20655
20836
22770
23077
24812
25352
25669
25974
26385
26495
27665
28456
30301
31398
31435
32439
33348
35663
35675
35889
36589
37092
37223
38463
38549
39171
40200
41551
42326
42354
43126
43648
44062
44114
45530
45871
Number of cuts: 61

Yoncess
181
228
894
2334
4344
4521
5302
5866
5992
6891
7427
8383
8809
9003
9721
10288
10794
11535
12241
13120
13469
13887
18931
19393
19432
19853
20655
20836
22771
23078
24813
25353
25670
25975
26386
26496
28457
30081
31178
31215
32219
33128
35446
35458
35672
36495
37866
37952
38574
39603
40954
41733
41761
42533
43056
43522
44938
45279
45396
Number of cuts: 59

