Alatin
975
1409
2028
6175
7949
8709
9173
13263
13272
13594
13692
15755
18017
19011
22950
26616
27113
28246
28626
28976
29440
32259
35162
37836
42993
Number of cuts: 25

Alpacados
975
1409
1981
6137
7896
8639
9103
13199
13208
13628
15691
17953
18947
22484
22819
26521
27018
28151
28301
28531
28881
29345
32164
35064
37729
42816
Number of cuts: 26

AngryOrchard
458
970
1402
1973
6120
7879
8622
9086
13182
13191
13611
15674
16831
17936
18930
22814
28110
28260
28490
28840
29304
32057
32766
33614
33710
35224
37889
43038
Number of cuts: 28

AppleCloud
770
1202
1737
5884
6527
7643
8826
9023
12928
13228
13237
13498
13657
15720
16877
17982
18976
20930
22658
23922
26988
28121
28580
28930
29391
31989
34889
37554
42710
Number of cuts: 29

Belenaria
975
1409
2028
6175
7949
8709
9173
13263
13272
13594
13692
15755
18017
19011
22548
22883
26550
27047
28180
28330
28560
28910
29372
32125
35037
37702
42858
Number of cuts: 27

BobbyDazzler
975
1409
2093
6246
8005
8748
9212
13308
13317
13578
13737
15800
18062
19056
22594
22929
26595
28225
28375
28605
28955
29419
32238
35141
37806
42964
Number of cuts: 26

Bonanza
975
1409
2028
6175
7934
8677
9141
13237
13246
13666
15729
17991
18985
22522
22857
26523
27020
28153
28303
28533
28883
29347
32166
35066
38111
43268
Number of cuts: 26

Bradshaw
975
1409
2028
6175
7949
8709
9173
13263
13272
13594
13692
15755
18017
19011
22548
22883
26549
27046
28179
28559
28909
29373
32192
35095
37769
42926
Number of cuts: 26

Bryce
975
1409
2028
6175
7934
8677
9141
13237
13246
13507
13666
15729
17991
18985
22523
22858
26524
28154
28304
28534
28884
29348
31946
34849
37514
42672
Number of cuts: 26

ChewyVIII
2689
2740
3014
3649
5765
6511
8462
10742
18186
21525
21932
22415
22925
23319
24437
29696
30086
31766
32734
34717
34948
35740
35837
38575
39923
43456
47037
50409
55501
55858
57734
58825
59609
67036
67135
67450
68210
69075
Number of cuts: 38

CosmicSans
975
1409
2028
6175
7949
8709
9173
13263
13272
13594
13692
15755
18017
19011
22548
22883
26549
28179
28329
28559
28909
29373
32192
35095
37760
42917
Number of cuts: 26

Dinger
972
1404
2024
6171
7930
8673
9137
13233
13242
13503
13662
15725
16882
17987
18981
22866
27030
28163
28622
28972
29434
32061
33621
33717
35237
37902
40355
40779
43056
Number of cuts: 29

DocB7
292
574
793
871
1095
1176
1371
2350
2395
2759
2816
3892
7589
8137
8239
8604
8701
10377
10724
11649
16269
17697
18473
18521
18950
19631
20697
21932
21989
22307
23468
25766
30333
33806
34122
34351
34573
34651
35577
36333
36749
37185
37250
37946
41708
42216
43956
43983
45914
46157
46392
46563
47821
48323
50040
50359
51843
52391
53004
54028
54037
54266
56101
56575
57059
57274
57425
58691
59360
59473
59973
62438
63129
64074
64605
65060
65988
66120
68632
71476
72092
72338
72356
72470
72542
72955
73595
73854
74079
74308
74658
Number of cuts: 91

E3
288
587
2068
2395
3169
4420
4854
10323
13019
16797
18520
18935
19180
20098
21533
25091
25318
25379
27172
28944
30653
30758
31986
32910
33327
33750
35216
35936
36396
37486
38922
39516
39651
42189
47443
48085
49097
52958
53032
63245
63476
63725
63764
63794
64964
66347
69352
69499
69811
69994
73183
74137
74147
74743
74776
74920
78602
78710
79571
79946
80386
80398
84803
84925
88050
91299
92321
94769
95563
95779
96240
97574
98196
99602
103395
105092
105674
107565
113132
115256
115693
118601
119883
120430
121324
121929
122584
122635
124069
125129
125143
127448
127907
128061
128944
129341
130513
131052
133626
135344
135854
136605
137433
138132
138510
140066
140205
141547
142083
Number of cuts: 109

Erik
975
1409
2028
6175
7949
8708
9172
13262
13271
13593
13691
15754
18016
19010
22547
22882
26547
27044
28177
28327
28557
28907
29371
32124
35027
37692
42748
Number of cuts: 27

Espica
975
1409
2028
6175
7949
8709
9173
13263
13272
13594
13692
15755
18017
19011
22548
22883
26550
27047
28180
28330
28560
28910
29372
32125
35037
37702
42858
Number of cuts: 27

Finch
414
1435
1587
2073
2286
2553
3834
4707
4889
6024
8471
9085
13154
14289
15981
15990
19490
25121
25560
27176
31784
32147
32300
32525
32569
35037
36014
36184
36378
36906
37764
40252
40846
41965
42715
43201
43528
43786
47495
48376
52946
56460
56760
57201
58256
60805
64780
65860
66571
67894
69102
69345
70836
71034
71755
75076
75826
82613
86952
88071
92814
96844
97839
98178
100291
100313
101841
103405
104937
110499
110979
111491
115624
116037
119854
121468
123130
123694
128018
128111
135452
136566
138001
Number of cuts: 83

Gollum
975
1409
2028
6175
7949
8709
9173
13263
13272
13594
13692
15755
18017
19011
22548
22883
26549
28179
28329
28559
28909
29371
32190
35093
37758
42859
Number of cuts: 26

Grayson
4754
11139
11766
12988
14170
14228
14312
16684
17120
20694
22716
24630
24912
26137
27505
30108
33917
34076
35862
40441
42467
42988
44780
45968
55701
57061
59995
62095
62867
63247
64797
66929
68006
68315
68861
70549
72929
73175
79531
79902
88677
93952
99307
99425
100787
100912
102153
103437
104015
104248
107014
108121
108440
108534
110217
110499
113605
114690
116462
117152
119354
120057
120186
121419
122702
122853
126010
126236
Number of cuts: 68

Harlequin
975
1409
2028
6175
7934
8677
9117
9314
13213
13222
13483
13642
15705
17967
18961
22553
22888
26554
28184
28334
28564
28914
29378
31976
34879
37544
42707
Number of cuts: 27

Hiro
975
1409
2028
6175
7934
9117
9314
13219
13519
13528
13789
13948
16011
17168
18273
19267
21221
22949
26809
28439
28589
28819
29169
29633
32452
35355
38020
43178
Number of cuts: 28

Jace
1163
1472
2114
3856
11556
11970
14828
19660
19981
23788
24144
25196
25795
26134
27065
27731
30178
30816
33861
37303
37459
40414
41046
41502
43966
46425
47659
50193
50567
Number of cuts: 29

Jester
975
1409
2028
6175
7934
8677
9117
9314
13207
13216
13477
13636
15699
16856
17378
17961
18955
22484
22819
26485
28115
28265
28495
28845
29309
31907
34810
37475
42638
Number of cuts: 29

Krishelle
975
1409
2028
6175
7949
9132
9329
13234
13534
13543
13804
13963
16026
17183
18288
19282
21236
23000
24264
27330
28463
28922
29272
29733
32552
35455
38129
43286
Number of cuts: 28

Lillie
975
1409
2028
6175
7949
8709
9173
13263
13272
13594
13692
15755
18017
19011
22548
22883
26549
28179
28329
28559
28909
29373
32192
35095
37760
42917
Number of cuts: 26

Mahdia
4451
10830
12651
13422
14799
20102
26124
32532
35929
39170
39810
40158
Number of cuts: 12

Naiad
975
1409
2028
6175
7949
8709
9173
13263
13272
13594
13692
15755
18017
19011
22896
26562
27059
28192
28572
28922
29386
32205
35108
37782
42939
Number of cuts: 25

Nancinator
975
1409
2028
6175
7949
8709
9173
13263
13272
13594
13692
15755
18017
19011
22548
22883
26550
27047
28180
28330
28560
28910
29372
32125
35037
37702
42256
Number of cuts: 27

Natosaleda
975
1409
2028
6175
7949
8709
9173
13263
13272
13594
13692
15755
18017
19011
22548
22883
26549
27046
28179
28329
28559
28909
29371
32124
35036
37701
42857
Number of cuts: 27

Partridge
970
1402
2087
6234
7993
8736
9200
13296
13305
13566
13725
15788
16945
18050
19044
22929
27129
28262
28721
29071
29533
32352
33909
34005
35393
38059
40512
40936
42714
43402
Number of cuts: 30

Pepy6
117
3934
4451
9243
9647
10018
10339
10840
11247
14906
15120
16925
20502
21158
22074
22312
22355
22622
24259
27564
28470
28487
28829
30703
32014
32608
32833
32914
33436
34900
35629
37686
37893
38147
39402
40347
41557
42124
45185
46384
47627
49760
50004
50700
54404
55580
56496
57503
58972
59912
61098
64212
64611
65609
66854
67389
71339
71474
72093
72525
72779
72911
73815
76281
76528
Number of cuts: 65

Peregrin
4582
7524
8057
10453
11080
12302
13644
14772
16162
16283
21882
24486
25714
26652
27019
33653
34644
39221
41247
41768
43560
44748
55428
58362
60462
60866
61234
61614
61796
63215
65354
66431
67286
68129
68959
71339
71585
73330
81026
85453
97753
97871
99576
101180
101305
101856
103839
104417
104653
107289
109878
110160
113601
114694
116472
117270
120617
121487
121619
123259
123360
124274
126517
Number of cuts: 63

Phrankenstein
975
1409
2028
6175
7949
8709
9173
13263
13272
13594
13692
15755
18017
19011
22494
22829
26495
26992
28125
28275
28505
28855
29319
32138
35041
37706
42863
Number of cuts: 27

Pine5
1972
2753
9790
15562
23511
26635
28906
30900
34664
35000
36174
38893
38962
39769
40795
42560
43217
55830
58081
Number of cuts: 19

Poco6
117
819
1773
2788
4037
4623
6698
7223
7592
8576
12674
13078
13082
13099
13769
14270
17865
22029
22212
23180
24096
24154
24250
24337
24647
25873
26272
26523
30506
30848
32737
33988
34675
34687
34858
36139
36922
38475
39670
39708
39867
39915
42221
42642
43581
45083
46640
47416
49867
49975
50071
50236
51247
51516
52170
53000
55912
59054
59099
59264
59914
60148
61083
62299
66129
67142
67153
67764
70475
73355
73787
74041
74173
74624
75077
75260
75827
76115
77549
Number of cuts: 79

Rasputin
975
1409
2028
6175
7934
8678
9142
13232
13241
13502
13661
15724
17986
18980
22518
22853
26520
28150
28300
28530
28880
29344
30911
32163
35066
37731
42888
Number of cuts: 27

RER2
975
1409
2028
6175
7949
8709
9173
13263
13272
13594
13692
15755
16912
18017
19011
22548
22883
26549
28179
28329
28559
28909
29373
32192
35095
37760
42917
Number of cuts: 27

RexFury
1006
1440
2059
6206
7980
8740
9204
13294
13303
13625
13723
15786
18048
19042
22579
22914
26580
27077
28210
28360
28590
28940
29404
30971
32223
35126
37791
42947
Number of cuts: 28

RGL3
1390
2027
4561
6177
7939
9139
9740
12572
13397
13658
13817
17637
19161
20824
23170
24467
26003
28021
28759
29167
29519
30280
32586
33893
34404
36051
36746
38025
41400
44381
44730
44940
46668
Number of cuts: 33

Rhodalysa
975
1409
2028
6175
7949
8709
9173
13263
13272
13594
13692
15755
18017
19011
22548
22883
26549
28179
28329
28559
28909
29373
32192
35095
37760
42917
Number of cuts: 26

StCroix
975
1409
2028
6175
7949
8709
9173
13263
13272
13594
13692
15755
18017
19011
22896
26562
27059
28192
28572
28922
29386
32205
35108
37782
42939
Number of cuts: 25

Swann
975
1409
2028
6175
7949
8709
9173
13263
13272
13594
13692
15755
18017
19011
22548
22883
26549
27046
28179
28329
28559
28909
29371
32190
35093
37758
42915
Number of cuts: 27

Takoda
458
970
1402
2020
6167
7926
8669
9133
13223
13232
13652
15715
16872
17977
18971
22855
26522
27019
28152
28302
28532
28882
29346
32099
33656
33752
35278
37943
43092
Number of cuts: 29

Trina
4167
5787
5833
10607
11824
14777
15172
16743
20022
24714
25745
31219
31776
33066
33884
33910
44616
46692
49113
57528
58629
62331
63595
63829
66143
71107
73597
75617
81343
82823
83416
83705
83846
83933
84185
84329
84538
86489
87704
89889
90993
93667
96059
96303
96715
97434
99511
99613
100895
104335
104677
104953
106050
107660
108720
113448
114349
118815
120425
124406
126153
130607
130637
133407
134412
134692
134843
135876
Number of cuts: 68

TWAMP
975
1409
2028
6175
7949
8709
9173
13263
13272
13594
13692
15755
18017
19011
22548
22883
26549
28179
28329
28559
28909
29373
32192
35095
37760
42917
Number of cuts: 26

UhSalsa
975
1409
2028
6175
7949
8709
9173
13263
13272
13594
13692
15755
18017
19011
22548
22883
26550
27047
28180
28330
28560
28910
29372
32125
35037
37702
42858
Number of cuts: 27

Weasels2
1831
2345
2643
2761
2767
2989
3081
3207
3341
4647
4678
4745
4953
10040
11444
11650
13314
14504
16975
17536
23672
24210
24492
25717
26611
26862
32048
34480
37250
40065
41799
45409
55032
55721
56253
56583
60040
60747
61608
62012
66368
67425
69730
72104
72509
72687
73910
74386
74788
77833
77952
81961
86558
98112
98218
98540
100056
102418
104520
104645
105666
107503
107686
108282
108288
109044
109445
110726
112878
119443
121024
123268
126299
128421
128835
129110
130537
131120
131271
133536
134050
134348
134466
134472
134694
134786
134912
Number of cuts: 87

Yogi
975
1409
2028
6175
7934
8677
9141
13237
13246
13666
15729
17991
18985
22522
22857
26523
27020
28153
28303
28533
28883
29347
32166
35066
38111
43268
Number of cuts: 26

Yoncess
975
1409
2028
6175
7934
8677
9141
13237
13246
13507
13666
15729
17991
18985
22523
22858
26524
28154
28304
28534
28884
29348
31946
34849
37514
42675
Number of cuts: 26

