Alatin
8196
22243
39545
41210
Number of cuts:  4

Alpacados
21059
Number of cuts:  1

AngryOrchard
Number of cuts:  0

AppleCloud
5868
18067
21088
27216
32158
40927
Number of cuts:  6

Belenaria
8196
41075
Number of cuts:  2

BobbyDazzler
43670
Number of cuts:  1

Bonanza
21097
Number of cuts:  1

Bradshaw
8196
39478
41143
Number of cuts:  3

Bryce
21097
27249
Number of cuts:  2

ChewyVIII
2590
4066
7455
8756
8820
9742
10695
10878
12634
13048
13290
15662
17983
20839
23494
27474
29133
32054
34232
38288
38513
38858
40623
41479
42239
47136
52584
52818
57185
57581
58915
60181
60352
62540
63810
64107
64134
64167
64302
64496
64679
64830
65094
65555
65818
66436
67654
67726
68186
Number of cuts: 49

CosmicSans
8196
39469
Number of cuts:  2

Dinger
5656
6155
18072
21093
22159
27258
34397
39611
41278
42530
Number of cuts: 10

DocB7
1492
5770
7393
10526
11346
11380
12653
17261
17420
17723
18674
19305
19692
20233
20688
20820
20952
21084
22146
22218
23037
23703
25095
27896
28374
31338
31378
31797
33999
34777
36003
36066
36184
37638
38421
40667
40992
41846
41885
43647
44349
45135
45378
46777
47170
47575
48749
51173
51804
51846
52064
52487
52842
53452
54604
55095
57554
59147
59976
61318
61699
62777
64645
65271
66256
66346
66439
67303
67733
68064
68154
68384
68940
68973
69000
75511
Number of cuts: 76

E3
70
1838
2440
3023
3383
5676
5745
6663
6813
7570
7711
7780
8085
9723
11135
13293
13587
14518
15259
15349
17892
18623
19367
19423
20814
21641
24843
25273
26639
26684
29144
29309
30227
32971
33727
33799
34744
35433
35451
35623
37511
37739
38003
38384
39355
39415
40039
40429
40984
41968
42238
43709
44655
45477
45603
46579
47080
47239
47516
48714
48927
48948
49502
51201
52712
52751
54310
54550
54675
55741
57942
58656
59062
60386
60837
61403
62762
62997
63234
63516
63774
64633
64777
65073
65103
65996
66693
67337
67454
68619
68879
72200
72239
73969
74537
75429
76343
76657
76663
79781
80482
80795
81338
81674
81758
82289
82649
83991
84953
86467
87270
87432
88828
89103
89339
89513
89834
90179
91121
91310
92412
92668
93822
94414
95394
95780
95851
96442
96538
97302
97807
98418
98521
99974
100658
100895
104925
105873
106755
108253
108727
109066
109147
110096
110138
110210
110690
111847
111922
112141
112572
113811
114939
115271
116152
116397
116603
117204
117326
117345
118823
119110
119363
120149
121678
121735
123351
124263
125436
126635
126975
127721
127957
129342
129861
131614
132508
133116
133335
133931
134628
135791
139116
139290
140121
141088
141490
142063
Number of cuts: 188

Erik
8196
39401
Number of cuts:  2

Espica
8196
41075
Number of cuts:  2

Finch
Number of cuts:  0

Gollum
8196
Number of cuts:  1

Grayson
1361
1520
1997
2729
4514
11175
21107
88903
99465
100572
104351
125726
130262
130421
130898
131630
Number of cuts: 16

Harlequin
5660
21073
27279
38800
Number of cuts:  4

Hiro
12158
21379
Number of cuts:  2

Jace
11383
18887
47427
Number of cuts:  3

Jester
5660
21067
27210
38731
Number of cuts:  4

Krishelle
18373
21394
27558
39838
41503
Number of cuts:  5

Lillie
8196
39469
Number of cuts:  2

Mahdia
Number of cuts:  0

Naiad
8196
22189
39491
41156
Number of cuts:  4

Nancinator
8196
Number of cuts:  1

Natosaleda
8196
41074
Number of cuts:  2

Partridge
5719
6218
18135
21156
22222
27357
34553
36508
39768
41409
41435
Number of cuts: 11

Pepy6
2112
8713
14123
16515
18114
21422
42943
45620
47367
47409
48325
50188
57459
57672
58364
64589
66897
67121
73784
75160
Number of cuts: 20

Peregrin
1384
1543
1759
2012
2749
10489
60026
75251
98291
104595
104755
131453
131612
131828
132081
132818
Number of cuts: 16

Phrankenstein
8196
39415
Number of cuts:  2

Pine5
Number of cuts:  0

Poco6
4173
5610
8833
12144
15458
15645
17903
22303
23444
24602
27527
30964
32810
33164
35895
41008
44295
49649
51108
54923
59951
60995
64694
65438
66386
68242
68317
73758
74244
74986
76428
Number of cuts: 31

Rasputin
20949
39440
Number of cuts:  2

RER2
8196
39469
Number of cuts:  2

RexFury
8227
41164
Number of cuts:  2

RGL3
Number of cuts:  0

Rhodalysa
8196
39469
Number of cuts:  2

StCroix
8196
22189
39491
41156
Number of cuts:  4

Swann
8196
39467
Number of cuts:  2

Takoda
Number of cuts:  0

Trina
1740
1980
2427
28167
47581
54011
57970
105687
113287
115667
133815
138142
138382
138829
Number of cuts: 14

TWAMP
8196
39469
Number of cuts:  2

UhSalsa
8196
41075
Number of cuts:  2

Weasels2
421
651
1656
1729
1857
3170
48250
85313
100380
110913
115908
123920
126562
127642
130892
131379
132126
132356
133361
133434
133562
134875
Number of cuts: 22

Yogi
21097
Number of cuts:  1

Yoncess
21097
32008
Number of cuts:  2

