Alatin
2024
7945
13268
18013
28242
29436
32255
35158
Number of cuts:  8

Alpacados
1977
7892
13204
17949
22480
28147
29341
32160
35060
Number of cuts:  9

AngryOrchard
1969
7875
13187
16827
17932
28106
29300
32053
35220
Number of cuts:  9

AppleCloud
1733
7639
13233
16873
17978
20926
22654
28117
29387
31985
34885
Number of cuts: 11

Belenaria
2024
7945
13268
18013
22544
28176
29368
32121
35033
Number of cuts:  9

BobbyDazzler
2089
8001
13313
18058
22590
28221
29415
32234
35137
Number of cuts:  9

Bonanza
2024
7930
13242
13662
17987
22518
28149
29343
32162
35062
Number of cuts: 10

Bradshaw
2024
7945
13268
18013
22544
28175
29369
32188
35091
Number of cuts:  9

Bryce
2024
7930
13242
17987
22519
28150
29344
31942
34845
Number of cuts:  9

ChewyVIII
2685
3010
5761
10738
21928
23315
29692
39919
57730
67446
Number of cuts: 10

CosmicSans
2024
7945
13268
18013
22544
28175
29369
32188
35091
Number of cuts:  9

Dinger
2020
7926
13238
16878
17983
28159
29430
32057
35233
Number of cuts:  9

DocB7
288
1091
7585
8235
10373
17693
30329
34347
34569
37942
43979
45910
46153
71472
72352
72538
73591
Number of cuts: 17

E3
583
2064
2391
10319
16793
30649
36392
38918
42185
49093
69807
69990
74133
74739
95559
105670
107561
115252
115689
118597
121925
130509
131048
Number of cuts: 23

Erik
2024
7945
13267
18012
22543
28173
29367
32120
35023
Number of cuts:  9

Espica
2024
7945
13268
18013
22544
28176
29368
32121
35033
Number of cuts:  9

Finch
410
2069
6020
8467
13150
15986
19486
36180
36902
40842
43197
43524
43782
60801
64776
65856
69098
70832
75072
101837
Number of cuts: 20

Gollum
2024
7945
13268
18013
22544
28175
29367
32186
35089
Number of cuts:  9

Grayson
26133
30104
34072
35858
40437
42463
45964
55697
57057
68002
99421
100783
108436
119350
122849
126006
126232
Number of cuts: 17

Harlequin
2024
7930
13218
17963
22549
28180
29374
31972
34875
Number of cuts:  9

Hiro
2024
7930
13524
17164
18269
21217
22945
28435
29629
32448
35351
Number of cuts: 11

Jace
11552
19656
30812
33857
40410
41498
46421
Number of cuts:  7

Jester
2024
7930
13212
16852
17957
22480
28111
29305
31903
34806
Number of cuts: 10

Krishelle
2024
7945
13539
17179
18284
21232
22996
28459
29729
32548
35451
Number of cuts: 11

Lillie
2024
7945
13268
18013
22544
28175
29369
32188
35091
Number of cuts:  9

Mahdia
4447
10826
26120
35925
39806
Number of cuts:  5

Naiad
2024
7945
13268
18013
28188
29382
32201
35104
Number of cuts:  8

Nancinator
2024
7945
13268
18013
22544
28176
29368
32121
35033
Number of cuts:  9

Natosaleda
2024
7945
13268
18013
22544
28175
29367
32120
35032
Number of cuts:  9

Partridge
2083
7989
13301
16941
18046
28258
29529
32348
35389
Number of cuts:  9

Pepy6
3930
10335
14902
22070
28483
32910
37682
37889
46380
49756
50000
59908
65605
72907
Number of cuts: 14

Peregrin
7520
25710
34640
39217
41243
55424
66427
97867
99572
116468
120613
Number of cuts: 11

Phrankenstein
2024
7945
13268
18013
22490
28121
29315
32134
35037
Number of cuts:  9

Pine5
1968
15558
30896
34660
Number of cuts:  4

Poco6
13765
22208
24092
30502
42217
45079
46636
51512
60144
67760
73351
74169
75823
Number of cuts: 13

Rasputin
2024
7930
13237
17982
22514
28146
29340
32159
35062
Number of cuts:  9

RER2
2024
7945
13268
16908
18013
22544
28175
29369
32188
35091
Number of cuts: 10

RexFury
2055
7976
13299
18044
22575
28206
29400
32219
35122
Number of cuts:  9

RGL3
2023
7935
12568
13393
23166
24463
29163
30276
34400
36047
44726
46664
Number of cuts: 12

Rhodalysa
2024
7945
13268
18013
22544
28175
29369
32188
35091
Number of cuts:  9

StCroix
2024
7945
13268
18013
28188
29382
32201
35104
Number of cuts:  8

Swann
2024
7945
13268
18013
22544
28175
29367
32186
35089
Number of cuts:  9

Takoda
2016
7922
13228
16868
17973
28148
29342
32095
35274
Number of cuts:  9

Trina
10603
11820
24710
25741
31772
44612
49109
63825
71103
81339
83412
83701
84325
93663
99609
124402
Number of cuts: 16

TWAMP
2024
7945
13268
18013
22544
28175
29369
32188
35091
Number of cuts:  9

UhSalsa
2024
7945
13268
18013
22544
28176
29368
32121
35033
Number of cuts:  9

Weasels2
11646
25713
26858
40061
55717
56579
67421
72505
72683
74784
81957
98108
100052
104516
105662
107682
121020
128417
129106
130533
131116
Number of cuts: 21

Yogi
2024
7930
13242
13662
17987
22518
28149
29343
32162
35062
Number of cuts: 10

Yoncess
2024
7930
13242
17987
22519
28150
29344
31942
34845
Number of cuts:  9

