Alatin
2065
2482
4440
4608
6035
7560
9407
11005
11648
12253
12619
12712
15007
15172
17510
17774
17906
18304
18704
18849
19027
19473
20132
21167
22063
24657
25120
27653
27935
29626
30138
30483
30857
32612
33894
34506
35667
37064
37348
37654
37711
37789
38939
38954
40878
42185
42765
44064
44774
45523
Number of cuts: 50

Alpacados
2018
2444
4402
4570
5997
7507
8730
8981
11584
12189
12555
12648
14943
15108
17710
17842
18240
18640
18785
18963
20068
24526
24989
27558
27840
29531
30043
30762
31549
32517
33799
34312
34408
36957
37241
37547
37604
37682
41285
42008
42588
43887
45346
45492
Number of cuts: 44

AngryOrchard
413
2010
2427
4385
4553
5980
8713
8964
11567
12172
12538
12631
14926
15091
17429
17693
17825
18223
18768
18946
20051
20105
21086
21928
24985
26827
27517
27799
29490
29936
30281
31442
32203
32410
33959
35729
36955
37117
37127
37401
37707
37764
37842
39913
40932
41516
42738
43047
44106
44816
45478
Number of cuts: 51

AppleCloud
1774
2191
4149
4317
5744
7254
8704
11301
14972
15137
17475
17739
17871
18269
18814
18992
20097
20151
21132
21974
22943
23366
23410
24995
27528
27810
27859
28549
29577
29868
32342
33618
34016
34227
35394
36782
37066
37372
37429
37507
38657
38672
40595
41179
41902
42482
43781
44491
45240
Number of cuts: 49

Belenaria
2065
2482
4440
4608
6035
7560
9407
11005
11648
12253
12619
12712
15007
15172
17510
17774
17906
18304
18704
18849
19027
19473
20132
21167
24591
25054
25246
25635
27587
27869
29558
30004
30349
30723
31510
32478
33760
34381
35542
36930
37214
37520
37577
37655
38805
38820
40743
41327
42050
42630
43929
44639
45388
Number of cuts: 53

BobbyDazzler
2130
2553
4511
4679
6106
7616
8839
9090
11693
12298
12664
12757
15052
15217
17819
17951
18349
18749
18894
19072
20177
24636
25099
27632
27914
29605
30117
30462
30836
31623
32591
33873
34485
37034
37318
37624
37681
37759
41432
42156
42736
44035
44745
45494
45640
Number of cuts: 45

Bonanza
2065
2482
4440
4608
6035
7545
8768
9019
11622
12227
12593
14981
15146
17748
17880
18278
18678
18823
19001
20106
24564
25027
27560
27842
29533
30045
30764
31551
32519
33801
34314
34410
37339
37623
37929
37986
38064
39214
39229
40133
41737
42460
43040
44339
45798
Number of cuts: 45

Bradshaw
2065
2482
4608
6035
7560
9407
11005
11648
12253
12619
12712
15007
15172
17510
17774
17906
18304
18704
18849
19027
19473
21167
24590
25053
27586
27868
29559
30071
30416
30790
32545
33827
34439
35600
36997
37281
37587
37644
37722
38872
38887
40811
42118
42698
43997
44707
45456
Number of cuts: 47

Bryce
2065
2482
4440
4608
6035
7545
8768
9019
11622
12227
12593
12686
14981
15146
17748
17880
18278
18678
18823
19001
20106
24565
25028
27561
27843
29534
29825
30544
31331
32299
33581
34193
36742
37026
37332
37389
37467
39536
41140
41864
42444
43743
44453
45202
45348
Number of cuts: 45

ChewyVIII
1276
2485
2599
2947
4505
7122
7332
10539
11894
12592
12666
13896
14184
19160
20284
22362
22617
23047
25421
25624
27336
27854
28189
29076
30333
30362
30582
31449
33587
33596
33794
34151
35105
35903
36062
37435
38471
38531
39020
39332
39443
40269
41605
42197
42374
42407
42629
43547
44379
44412
46107
46194
46818
48241
48657
50994
51678
53544
54742
58432
58555
59756
60643
62762
66340
Number of cuts: 65

CosmicSans
2065
2482
4440
4608
6035
7560
9407
11005
11648
12253
12619
12712
15007
15172
17510
17774
17906
18304
18704
18849
19027
19473
20132
21167
24590
25053
25634
27586
27868
29559
30071
30416
30790
32545
33827
34439
35600
36988
37272
37578
37635
37713
38863
38878
41386
42109
42689
43988
44698
45447
Number of cuts: 50

Dinger
413
2061
2478
4436
4604
6031
7541
8764
9015
11618
12223
12589
12682
14977
15142
17189
17744
17876
18274
18674
18819
18997
19553
20102
20156
21137
25037
27570
27852
27901
28591
29620
29940
30285
34581
36968
37130
37414
37720
37777
37855
39926
40946
41530
43065
44124
45495
Number of cuts: 47

DocB7
Number of cuts:  0

E3
298
2300
3473
3605
4610
4860
4912
9169
9498
13461
13605
15627
16190
16381
17147
17492
20150
20784
21103
23088
24337
24376
24762
25958
26999
27023
27364
27529
28139
29363
30702
31503
31544
32438
33631
33859
34966
38180
38845
40285
40378
41633
42475
43299
43514
44354
44444
48061
48396
48627
48683
49121
49413
49527
50231
53362
53757
53775
53940
54032
56272
57058
59296
62133
62516
62541
63657
64265
64322
65249
66701
67005
68127
68813
68936
69956
71243
71712
72730
73343
75514
76382
76576
77491
79227
79433
82243
82433
82936
83946
88473
88501
90041
93223
94911
95729
95869
96028
98449
99087
99171
100217
101023
102275
102838
103243
105300
105540
106617
107518
108408
108603
109623
109854
109947
110522
110863
111592
111754
111880
112674
114467
114517
114909
115197
116383
117801
118266
118488
118877
119134
120496
120514
124118
125878
128478
129259
130766
131314
131428
131583
132160
132633
133566
134718
135222
135983
136774
137512
137728
138424
Number of cuts: 151

Erik
2065
2482
4440
4608
6035
7560
9406
11004
11647
12252
12618
12711
15006
15171
17509
17773
17905
18303
18703
18848
19026
19472
20131
21166
24588
25051
25243
25632
27584
27866
29557
30003
30348
30722
32477
33759
34371
35532
36920
37204
37510
37567
37645
38795
38810
41217
41940
42520
43819
44529
45278
Number of cuts: 51

Espica
2065
2482
4440
4608
6035
7560
9407
11005
11648
12253
12619
12712
15007
15172
17510
17774
17906
18304
18704
18849
19027
19473
20132
21167
24591
25054
25246
25635
27587
27869
29558
30004
30349
30723
31510
32478
33760
34381
35542
36930
37214
37520
37577
37655
38805
38820
40743
41327
42050
42630
43929
44639
45388
Number of cuts: 53

Finch
27992
37669
111666
Number of cuts:  3

Gollum
2065
2482
4440
4608
6035
7560
9407
11005
11648
12253
12619
12712
15007
15172
17510
17774
17906
18304
18704
18849
19027
21167
24590
25245
27586
27868
29557
30069
30414
30788
31575
32543
33825
34437
35598
36986
37270
37576
37633
37711
38861
38876
41328
42051
42631
43930
45389
Number of cuts: 47

Grayson
Number of cuts:  0

Harlequin
2065
2482
4440
4608
6035
7545
8995
11598
12203
12569
12662
14957
15122
17724
17856
18254
18654
18799
18977
20082
24595
25058
27591
27873
29564
29855
30574
31361
32329
33611
34223
36772
37056
37362
37419
37497
38662
39568
41175
41899
42479
43778
44488
45237
45383
Number of cuts: 45

Hiro
2065
2482
4440
4608
6035
7545
8995
11592
15263
15428
17766
18030
18162
18560
19105
19283
20388
20442
21423
22265
23234
23657
23701
24850
25313
27846
28128
29819
30331
30676
31050
31837
32805
34087
34699
37248
37532
37838
37895
37973
39123
39138
40042
41646
42370
42950
44249
44959
45708
45854
Number of cuts: 50

Jace
2046
2496
4259
5304
5925
5991
6866
7206
9136
9313
10009
10314
10455
11818
12259
12538
12772
13339
14092
14215
14931
15608
15957
16092
16167
16241
18515
18734
19853
21625
23184
26171
26688
31529
33399
34156
34993
35247
37517
39086
39250
40653
41278
42104
43431
43434
46270
47253
48005
48329
48832
49353
51681
53508
Number of cuts: 54

Jester
2065
2482
4440
4608
6035
7545
8995
11592
12197
12563
12656
14951
15116
17454
17718
17850
18248
18648
18793
18971
20076
24526
24989
27522
27804
29495
29786
30505
31292
32260
33542
34154
36703
36987
37293
37350
37428
38593
39499
41106
41830
42410
43709
44419
45168
45314
Number of cuts: 46

Krishelle
2065
2482
4440
4608
6035
7560
9010
11607
15278
15443
17781
18045
18177
18575
19120
19298
20403
20457
21438
22316
23285
23708
23752
25337
27870
28152
28201
28891
29919
30431
30776
31150
32905
34187
34799
35960
37357
37641
37947
38004
38082
39232
39247
41171
42478
43058
44357
45067
45816
Number of cuts: 49

Lillie
2065
2482
4440
4608
6035
7560
9407
11005
11648
12253
12619
12712
15007
15172
17510
17774
17906
18304
18704
18849
19027
19473
20132
21167
24590
25053
25634
27586
27868
29559
30071
30416
30790
32545
33827
34439
35600
36988
37272
37578
37635
37713
38863
38878
41386
42109
42689
43988
44698
45447
Number of cuts: 50

Mahdia
260
1601
2509
3906
4091
4663
8204
8589
11866
12628
12811
13063
13882
14848
16317
18129
18902
18962
19474
19485
21026
21902
22724
23149
24852
26004
26016
26224
26247
26661
26817
27260
27720
28077
28563
29757
30298
30995
31397
31444
33495
33963
35129
35353
38045
38084
38383
39287
39580
39625
40116
40755
41068
41333
41607
42197
42251
Number of cuts: 57

Naiad
2065
2482
4440
4608
6035
7560
9407
11005
11648
12253
12619
12712
15007
15172
17510
17774
17906
18304
18704
18849
19027
19473
20132
21167
22009
24603
25066
27599
27881
29572
30084
30429
30803
32558
33840
34452
35613
37010
37294
37600
37657
37735
38885
38900
40824
42131
42711
44010
44720
45469
Number of cuts: 50

Nancinator
2065
2482
4440
4608
6035
7560
9407
11005
11648
12253
12619
12712
15007
15172
17510
17774
17906
18304
18704
18849
19027
19473
20132
21167
24591
25054
25246
25635
27587
27869
29558
30004
30349
30723
31510
32478
33760
34381
35542
36930
37214
37520
37577
37655
38805
38820
40725
41448
42028
43327
44037
44786
Number of cuts: 52

Natosaleda
2065
2482
4440
4608
6035
7560
9407
11005
11648
12253
12619
12712
15007
15172
17510
17774
17906
18304
18704
18849
19027
19473
20132
21167
24590
25053
25245
25634
27586
27868
29557
30003
30348
30722
31509
32477
33759
34380
35541
36929
37213
37519
37576
37654
38804
38819
40742
41326
42049
42629
43928
44638
45387
Number of cuts: 53

Partridge
413
2124
2541
4499
4667
6094
7604
8827
9078
11681
12286
12652
12745
15040
15205
17252
17807
17939
18337
18737
18882
19060
19616
20165
20219
21200
25100
27669
27951
28000
28690
29719
30231
30576
31653
34737
37124
37286
37571
37877
37934
38012
40083
41103
41687
43411
45840
Number of cuts: 47

Pepy6
319
8517
15171
17620
21898
22020
23408
23435
24394
24821
25277
25857
27857
31175
34406
34784
34826
34907
35453
36035
36804
36985
37750
37957
42444
45353
51384
52634
53490
54996
55065
58414
62124
66200
67519
68856
Number of cuts: 36

Peregrin
Number of cuts:  0

Phrankenstein
2065
2482
4440
4608
6035
7560
9407
11005
11648
12253
12619
12712
15007
15172
17510
17774
17906
18304
18704
18849
19027
19473
20132
21167
24536
24999
25580
27532
27814
29505
30017
30362
30736
31523
32491
33773
34385
35546
36934
37218
37524
37581
37659
38809
38824
41332
42055
42635
43934
44644
45393
Number of cuts: 51

Pine5
501
761
894
1031
2272
3477
3711
4034
4139
5039
5069
7892
8309
8345
9041
9554
10688
11189
12388
12414
12709
13172
13438
13904
14559
16020
16353
16691
16880
19101
19690
20575
21841
25234
25365
26165
26553
26576
27557
27590
28288
28486
28561
29008
29320
29615
31619
31877
32715
33205
35090
35988
36135
36803
36905
36994
37480
37495
37693
37810
39724
39845
41701
42138
42953
43103
43184
43403
43667
44365
45789
46168
46822
47904
48103
48452
49704
49719
49784
50115
50173
51516
52136
52675
53033
53207
53609
53851
54849
55262
55620
55915
57287
57639
58297
Number of cuts: 95

Poco6
316
319
3836
4227
6146
6725
11948
15440
23231
23413
23920
24527
25421
26407
26834
27290
27743
28608
33839
35468
36806
36848
38826
39007
39979
41508
46307
48151
49441
50885
52009
54142
54998
56573
58304
63044
67020
69937
70986
75402
Number of cuts: 40

Rasputin
2065
2482
4440
4608
6035
8769
9020
11617
12222
12588
12681
14976
15141
17743
17875
18273
18673
18818
18996
20101
25024
27557
27839
29530
30042
30387
30761
32516
33798
34410
35571
36959
37243
37549
37606
37684
38834
38849
41357
42080
42660
43959
44669
45418
Number of cuts: 44

RER2
2065
2482
4440
4608
6035
7560
9407
11005
11648
12253
12619
12712
15007
15172
17510
17774
17906
18304
18704
18849
19027
19473
20132
21167
24590
25053
27586
27868
29559
30071
30790
32545
33827
34439
35600
36988
37272
37578
37635
37713
38863
38878
41386
42109
42689
43988
44698
45447
Number of cuts: 48

RexFury
2096
2513
4471
4639
6066
7591
9438
11036
11679
12284
12650
12743
13322
15038
15203
17541
17805
17937
18335
18735
18880
19058
21198
24621
25084
27617
27899
29590
30102
30447
30821
31608
32576
33858
34470
35631
37019
37303
37609
37666
37744
38894
38909
40832
41416
42139
42719
44018
44728
45477
Number of cuts: 50

RGL3
2484
4153
4442
4610
6037
7551
7760
8372
9071
11623
11755
12228
12729
15258
15330
16120
17935
18067
19177
19730
19991
20945
20957
23329
23530
23878
25117
25301
26749
27454
27871
28573
28627
28855
29011
29660
30457
30741
30882
32352
32562
33074
33191
34139
34770
35376
36713
36875
36983
38284
38587
38925
39696
40847
42428
44504
44901
Number of cuts: 57

Rhodalysa
2065
2482
4440
4608
6035
7560
9407
11005
11648
12253
12619
12712
15007
15172
17510
17774
17906
18304
18704
18849
19027
19473
20132
21167
24590
25053
25634
27586
27868
29559
30071
30416
30790
32545
33827
34439
35600
36988
37272
37578
37635
37713
38863
38878
41386
42109
42689
43988
44698
45447
Number of cuts: 50

StCroix
2065
2482
4440
4608
6035
7560
9407
11005
11648
12253
12619
12712
15007
15172
17510
17774
17906
18304
18704
18849
19027
19473
20132
21167
22009
24603
25066
27599
27881
29572
30084
30429
30803
32558
33840
34452
35613
37010
37294
37600
37657
37735
38885
38900
40824
42131
42711
44010
44720
45469
Number of cuts: 50

Swann
2065
2482
4440
4608
6035
7560
9407
11005
11648
12253
12619
12712
15007
15172
17510
17774
17906
18304
18704
18849
19027
19473
20132
21167
24590
25053
25245
27586
27868
29557
30069
30414
30788
32543
33825
34437
35598
36986
37270
37576
37633
37711
38861
38876
41384
42107
42687
43986
44696
45445
Number of cuts: 50

Takoda
413
2057
2474
4432
4600
6027
8760
9011
11608
12213
12579
12672
14967
15132
17470
17734
17866
18264
18809
18987
20092
20146
21969
25026
25933
26869
29532
29978
30323
31484
32245
32452
34001
34622
35783
37009
37171
37181
37455
37761
37818
37896
39967
41570
43101
44314
45024
45686
Number of cuts: 48

Trina
Number of cuts:  0

TWAMP
2065
2482
4440
4608
6035
7560
9407
11005
11648
12253
12619
12712
15007
15172
17510
17774
17906
18304
18704
18849
19027
19473
20132
21167
24590
25053
25634
27586
27868
29559
30071
30416
30790
32545
33827
34439
35600
36988
37272
37578
37635
37713
38863
38878
41386
42109
42689
43988
44698
45447
Number of cuts: 50

UhSalsa
2065
2482
4440
4608
6035
7560
9407
11005
11648
12253
12619
12712
15007
15172
17510
17774
17906
18304
18704
18849
19027
19473
20132
21167
24591
25054
25246
25635
27587
27869
29558
30004
30349
30723
31510
32478
33760
34381
35542
36930
37214
37520
37577
37655
38805
38820
40743
41327
42050
42630
43929
44639
45388
Number of cuts: 53

Weasels2
Number of cuts:  0

Yogi
2065
2482
4440
4608
6035
7545
8768
9019
11622
12227
12593
14981
15146
17748
17880
18278
18678
18823
19001
20106
24564
25027
27560
27842
29533
30045
30764
31551
32519
33801
34314
34410
37339
37623
37929
37986
38064
39214
39229
40133
41737
42460
43040
44339
45798
Number of cuts: 45

Yoncess
2065
2482
4440
4608
6035
8768
9019
11622
12227
12593
12686
14981
15146
17748
17880
18278
18678
18823
19001
20106
24565
25028
27561
27843
29534
29825
30544
31331
32299
33581
34193
36742
37026
37332
37389
37467
41140
41867
42447
43747
44457
45206
45352
Number of cuts: 43

