Alatin
404
1971
2391
4216
4235
8591
10796
12123
15721
16192
20838
40420
41071
41374
Number of cuts: 14

Alpacados
404
1924
2353
4178
5399
8986
10065
10732
12059
13553
15657
16128
20774
25832
26107
26347
27338
37118
40243
40894
41197
Number of cuts: 21

AngryOrchard
1916
2336
4161
5382
8969
9457
10048
10715
12042
13536
15640
16111
26306
37278
40475
41428
42428
Number of cuts: 17

AppleCloud
1680
2100
2462
3925
5146
8709
9197
9788
10449
11265
11776
15686
16157
20803
26077
27308
36943
40788
41091
Number of cuts: 19

Belenaria
404
1971
2391
4216
4235
8591
10796
12123
15721
16192
20838
26136
37091
40936
41239
Number of cuts: 15

BobbyDazzler
2036
2462
4287
5508
9095
10174
10841
12168
13662
15766
16237
20883
26181
26421
27412
37195
40390
41041
41344
44817
Number of cuts: 20

Bonanza
404
1971
2391
5437
9024
10103
10770
12097
13591
15695
16166
20812
25834
26109
26349
27340
33040
37500
40695
41346
41649
Number of cuts: 21

Bradshaw
404
1971
2391
4216
8591
10796
12123
15721
16192
20838
40353
41004
41307
Number of cuts: 13

Bryce
404
1971
2391
4216
9024
10103
10770
12097
13591
15695
16166
20812
26350
36903
40098
40749
41052
Number of cuts: 17

ChewyVIII
1621
4593
4648
8740
10085
11215
20861
22576
22787
26480
30005
30400
43916
46146
46550
49636
49753
53776
58824
59989
60423
Number of cuts: 21

CosmicSans
404
1971
2391
4216
8591
10796
12123
15721
16192
20838
40344
40995
41298
Number of cuts: 13

Dinger
1967
2387
4212
5433
9020
10099
10766
12093
15691
16162
21929
26119
27350
37291
40987
41442
42446
Number of cuts: 17

DocB7
10736
12079
17047
20054
28821
28941
29699
33230
38780
39880
40125
41079
45220
49603
49847
50909
54225
58074
67147
68810
70600
71597
71643
Number of cuts: 23

E3
32
3604
5947
6676
8073
9359
14571
15013
15043
15309
15464
19299
20245
20477
23281
28398
32775
37117
37861
41256
47428
51720
53470
53686
53725
54628
56675
58836
63949
66575
68403
70135
70543
70594
70920
83097
83520
90239
90517
91752
92546
98097
100201
104669
108714
109667
112969
113330
116635
118519
118860
119687
122752
123082
124160
139438
139598
140658
140787
140790
Number of cuts: 60

Erik
404
1971
2391
4216
8591
10795
12122
15720
16191
20837
26133
40826
41129
Number of cuts: 13

Espica
404
1971
2391
4216
4235
8591
10796
12123
15721
16192
20838
26136
37091
40936
41239
Number of cuts: 15

Finch
1779
2736
4189
4413
8767
12102
13634
15855
16524
21151
24061
29264
31090
31934
31951
37943
38583
39084
42526
43894
44117
47694
48667
49944
50963
51138
53859
57935
58641
61921
62042
62989
66154
66310
68481
71504
74135
75328
82253
87090
88007
89221
97065
99868
101357
102140
103287
103596
104871
104892
105097
106557
108651
108880
110978
112144
116408
117158
117865
118389
118564
118576
119440
122017
123214
123959
124019
124552
125813
126084
126325
129225
136050
Number of cuts: 73

Gollum
404
1971
2391
4216
8591
10796
12123
15721
16192
20838
37147
40286
40937
41240
Number of cuts: 14

Grayson
1775
2229
17340
23905
31598
43817
69089
90028
109386
111925
119973
121633
125430
127133
130676
131130
Number of cuts: 16

Harlequin
404
1971
2391
4216
5437
9000
9488
10079
10746
12073
13567
15671
16142
20788
26380
36933
41087
Number of cuts: 17

Hiro
1971
2391
4216
5437
9000
9488
10079
10740
11556
12067
15977
16448
21094
26395
26635
27626
37409
40604
41255
41558
Number of cuts: 20

Jace
Number of cuts:  0

Jester
404
1971
2391
4216
5437
9000
9488
10079
10740
11556
12067
13561
15665
16136
20782
26311
36864
41018
Number of cuts: 18

Krishelle
404
1971
2391
4216
4235
9015
9503
10094
10755
11571
12082
15992
16463
21109
26419
27650
40713
41364
41667
Number of cuts: 19

Lillie
404
1971
2391
4216
8591
10796
12123
15721
16192
20838
40344
40995
41298
Number of cuts: 13

Mahdia
732
2553
3614
3746
4472
4922
5439
5549
5565
5817
6378
6678
8178
9368
9551
9584
11357
12075
12411
14044
14673
15269
15381
16880
16907
18223
19201
20066
20659
20842
23938
24968
27623
28133
28154
28838
29093
29627
30036
31020
31226
32993
33500
33569
33924
34839
36616
36663
36696
38403
38467
38603
39450
40068
40274
40497
41677
41987
Number of cuts: 58

Naiad
404
1971
2391
4216
4235
8591
10796
12123
15721
16192
20838
40366
41017
41320
Number of cuts: 14

Nancinator
404
1971
2391
4216
4235
8591
10796
12123
15721
16192
20838
26136
37091
39683
40334
40637
Number of cuts: 16

Natosaleda
404
1971
2391
4216
4235
8591
10796
12123
15721
16192
20838
26135
37090
40935
41238
Number of cuts: 15

Partridge
404
2030
2450
4275
5496
9083
10162
10829
12156
15754
16225
21992
26218
27449
37448
40645
41144
41599
42600
Number of cuts: 19

Pepy6
2687
5284
8683
19653
28182
29803
33533
34380
38883
45559
49948
53363
54449
54950
54989
55473
57994
60325
60693
61777
69677
Number of cuts: 21

Peregrin
2258
10100
16939
23071
31503
42597
77523
78773
80900
116460
119206
121923
127990
128170
132327
Number of cuts: 15

Phrankenstein
404
1971
2391
4216
8591
10796
12123
15721
16192
20838
40290
40941
41244
Number of cuts: 13

Pine5
36
2157
3285
4344
8509
12660
15359
23297
27862
32420
43123
44277
44917
46924
47161
Number of cuts: 15

Poco6
7531
10759
12114
21675
31612
31822
49151
54871
55957
56458
59593
61526
61894
72446
Number of cuts: 14

Rasputin
404
1971
2391
4216
5437
9025
10104
10765
11581
12092
13586
15690
16161
20807
26106
40315
40966
41269
Number of cuts: 18

RER2
404
1971
2391
4216
8591
10796
12123
15721
16192
20838
25860
26135
26375
27366
40344
40995
41298
Number of cuts: 17

RexFury
404
2002
2422
4247
8622
10827
12154
15752
16223
20869
26166
37180
41025
41328
Number of cuts: 14

RGL3
814
1970
5439
10104
10771
13721
13742
13871
16356
17169
17745
19627
26048
27120
27870
28486
28677
31898
34293
36064
38161
39443
41363
42577
45440
Number of cuts: 25

Rhodalysa
404
1971
2391
4216
8591
10796
12123
15721
16192
20838
40344
40995
41298
Number of cuts: 13

StCroix
404
1971
2391
4216
4235
8591
10796
12123
15721
16192
20838
40366
41017
41320
Number of cuts: 14

Swann
404
1971
2391
4216
8591
10796
12123
15721
16192
20838
26135
40342
40993
41296
Number of cuts: 14

Takoda
1963
4208
5429
9016
10095
10756
12083
13577
15681
16152
23418
26108
37332
40529
41482
42482
Number of cuts: 16

Trina
1921
14856
15741
67142
133261
138323
Number of cuts:  6

TWAMP
404
1971
2391
4216
8591
10796
12123
15721
16192
20838
40344
40995
41298
Number of cuts: 13

UhSalsa
404
1971
2391
4216
4235
8591
10796
12123
15721
16192
20838
26136
37091
40936
41239
Number of cuts: 15

Weasels2
5860
11750
12074
17875
18789
29189
30070
43456
65359
68517
101832
Number of cuts: 11

Yogi
404
1971
2391
5437
9024
10103
10770
12097
13591
15695
16166
20812
25834
26109
26349
27340
33040
37500
40695
41346
41649
Number of cuts: 21

Yoncess
404
1971
2391
4216
5437
9024
10103
10770
12097
13591
15695
16166
20812
26110
26350
27320
27341
36903
40098
40749
41052
Number of cuts: 21

