Alatin
458
935
1126
1567
1654
1767
1975
3169
3785
3960
4160
4329
4719
5263
5404
5869
6694
6817
7057
7665
8603
8984
9487
9498
9944
10234
10746
10794
11133
12175
12467
12610
12750
12901
13164
13507
13737
15315
15811
16243
16777
16855
17335
17783
19529
19730
20504
20693
21020
21829
22114
22222
23120
23276
23387
23630
23768
23894
24323
25261
26079
27173
27834
27975
28031
28308
28411
30129
30468
30627
32410
32439
32782
33885
34426
34529
35203
35222
36301
37008
37101
37258
37550
37817
37894
38912
39235
39332
39867
40422
41006
41149
41703
43358
43772
43824
43990
44578
45530
45582
45651
45777
46010
Number of cuts: 103

Alpacados
458
935
1126
1567
1719
1928
3131
3680
3747
3844
3922
4122
4291
4681
5225
5289
5831
6132
6641
6764
7004
8914
10164
10253
11069
12111
12366
12403
12546
12686
12783
12837
13067
13100
13443
13536
13673
15251
15747
17271
17719
18091
19465
19666
20440
20629
20956
21070
21711
21996
22155
22611
22989
23145
23256
23499
23637
23763
24192
25130
25984
27078
27238
27739
27880
27936
28213
28316
30034
30373
30532
31690
32315
32344
32687
33790
34431
35105
35124
36230
36901
36994
37151
37443
37710
37787
38805
39760
40245
40972
41526
42616
43181
43595
43647
44401
45353
45405
45483
45600
45833
Number of cuts: 101

AngryOrchard
930
1119
1560
1712
1920
3114
3905
4105
4274
4664
5208
5272
5814
6447
6624
6747
6987
8751
8897
9400
9411
10147
10236
11052
12094
12349
12386
12529
12669
12766
12820
13050
13083
13426
13656
15234
15730
15860
16162
17206
17702
18074
19207
19448
19578
19649
20612
22984
23140
23251
23494
23759
23926
24188
25126
27037
27197
27698
27839
27895
28172
28275
29822
29893
29927
30266
30425
31583
31807
32348
32387
32588
33458
33950
34591
35284
36221
36390
37061
37303
37311
37603
37870
37947
38965
39288
39922
41203
41669
41756
43403
43814
43866
44620
45082
45523
45595
45712
45938
Number of cuts: 99

AppleCloud
730
919
1361
1474
1684
2284
2878
3669
3869
4428
4755
4972
5036
5578
5879
6414
6511
8637
9140
9151
9470
9887
10390
10786
11828
12214
12866
13096
13129
13472
13702
14679
15039
15280
16208
16742
17252
17300
17748
18120
19253
19435
19494
19695
20234
20658
21099
21740
22025
22320
22523
23797
25136
25954
27048
27208
27850
27906
28183
28286
29859
30198
30357
30882
31243
31739
32169
32866
33125
33483
33496
33609
34930
34949
36055
36726
36819
36976
37268
37535
37612
38630
38953
39582
39683
40134
40723
40866
41420
43075
43489
43541
43707
44295
45247
45299
45368
45494
45727
Number of cuts: 99

Belenaria
458
935
1126
1567
1654
1767
1975
3169
3785
3960
4160
4329
4719
5263
5404
5869
6694
6817
7057
7665
8603
8984
9487
9498
9944
10234
10746
10794
11133
12175
12467
12610
12750
12901
13164
13507
13737
15315
15811
16243
16777
16855
17335
17783
19529
19730
20504
20693
21020
21731
21775
22060
22219
22675
23053
23209
23320
23563
23701
23827
24257
25195
26013
27107
27768
27909
27965
28242
28345
29890
29961
29995
30334
31875
32276
32305
32648
33751
34404
35078
35097
36203
36874
36967
37124
37416
37683
37760
38778
39101
39730
39831
40282
40871
41014
41568
43223
43637
43689
43855
44443
45395
45447
45516
45642
45875
Number of cuts: 106

BobbyDazzler
458
935
1126
1567
1718
1831
2040
3240
3789
3856
3953
4031
4231
4400
4790
5334
5398
5940
6241
6750
6873
7113
9023
10273
10362
11178
12220
12475
12512
12655
12795
12892
12946
13176
13209
13552
13645
13782
15360
15856
17380
17828
18200
19574
19775
20530
20738
21065
21820
22105
22265
22721
23099
23366
23609
23747
23873
24302
25240
26058
27152
27312
27813
27954
28010
28287
28390
30108
30447
30606
31764
32389
32418
32761
33864
34405
34508
35182
35201
36307
36978
37071
37228
37520
37787
37864
38882
39205
40392
41119
41674
42764
43329
43743
43795
44549
45501
45553
45631
45636
45748
45981
Number of cuts: 102

Bonanza
458
935
1126
1567
1654
1767
1975
3169
3718
3785
3882
3960
4160
4329
4719
5263
5327
5869
6170
6679
6802
7042
8952
10202
10291
11107
12149
12404
12441
12584
12724
12821
12875
13105
13138
13481
13574
13711
15289
15785
17309
17757
18129
19503
19704
20478
20667
20994
21108
21749
22034
22193
22649
23027
23294
23537
23675
23801
23968
24230
24369
25168
25986
27080
27240
27741
27882
27938
28215
28318
30036
30375
30534
31692
32317
32346
32689
33792
34433
35107
35126
36232
37283
37376
37533
37825
38092
38169
39187
40142
40697
41424
41978
43068
43633
44047
44099
44853
45857
45926
46043
46270
Number of cuts: 102

Bradshaw
458
935
1126
1567
1654
1767
1975
2575
3169
3785
3960
4160
4329
4719
5263
5404
5427
5869
6694
6817
7057
7665
8603
8984
9487
9498
9944
10234
10746
10794
11133
12175
12467
12610
12750
12901
13164
13507
13737
15315
15811
16243
16777
16855
17335
17783
19529
19730
20504
20693
21020
21775
22060
22219
22675
23053
23209
23320
23563
23701
23827
24256
25194
26012
27106
27767
27908
27964
28241
28344
30062
30401
30560
32343
32372
32715
33818
34359
34462
35136
35155
36234
36941
37034
37191
37483
37750
37827
38845
39168
39265
39800
40355
40939
41082
41636
43291
43705
43757
43923
44511
44627
45463
45515
45584
45710
45943
Number of cuts: 107

Bryce
458
935
1126
1567
1654
1767
1975
3169
3718
3785
3882
3960
4160
4329
4719
5263
5327
5869
6170
6679
6802
7042
8952
10202
10291
11107
12149
12404
12441
12584
12724
12821
12875
13105
13138
13481
13574
13711
15289
15785
17309
17757
18129
19503
19704
20459
20667
20994
21108
21749
22034
22194
22650
23028
23295
23538
23676
23802
24231
24442
25169
25987
27081
27241
27742
27883
27939
28216
28319
29816
30155
30314
31472
32097
32126
32469
33572
34113
34216
34890
34909
36015
36686
36779
36936
37228
37495
37572
38590
38913
39545
40100
40827
41382
42472
43037
43451
43503
44257
45209
45261
45339
45344
45456
45689
Number of cuts: 105

ChewyVIII
28
176
936
988
1620
2372
2423
2703
2926
3026
3091
3314
3657
3818
3887
4058
4496
5149
6620
6933
7141
8105
8959
9031
9343
10416
10481
10706
11771
11903
12410
12466
12612
12675
12764
12853
13160
13943
14037
14158
14241
14269
14297
14308
14515
15348
15541
16455
16896
17162
17225
18052
18240
18399
18515
18621
19017
19046
19071
19254
19458
20332
20472
20596
20770
20977
21600
21744
22589
22677
22880
23048
23266
24255
25036
25231
25687
25906
26404
27668
28161
28665
29048
29057
29516
29563
29787
30165
30765
31436
31673
32169
32828
32847
33279
33454
34138
34142
34188
34231
34872
34959
36053
36268
37099
37488
37612
38177
38231
38471
39166
39595
39713
39754
39853
41400
41552
42132
43001
43048
43394
43908
45174
45179
45420
45702
46049
46144
46369
46618
46888
47487
47497
47617
47868
47906
47964
48021
48666
49291
49424
49918
50078
50086
50327
50332
50538
51340
52563
52986
53099
53950
54930
55284
55604
56410
56601
56716
56750
57370
57640
57715
57819
59553
59920
60171
60265
60344
60753
60800
60874
61578
61982
62574
62709
63116
63652
63706
64047
64118
64483
64754
64908
65539
66748
66837
66949
66956
Number of cuts: 188

CosmicSans
458
935
1126
1567
1654
1767
1975
2575
3169
3785
3960
4160
4329
4719
5263
5404
5427
5869
6694
6817
7057
7665
8603
8984
9487
9498
9944
10234
10746
10794
11133
12175
12467
12610
12750
12901
13164
13507
13737
15315
15811
16243
16777
16855
17335
17783
19529
19730
20504
20693
21020
21775
22060
22219
22675
23053
23320
23563
23701
23827
24256
25194
26012
27106
27767
27908
27964
28241
28344
30062
30401
30560
31942
32343
32372
32715
33818
34359
34462
35136
35155
36261
36932
37025
37182
37474
37741
37818
38836
39159
39256
39791
40346
41073
41627
43282
43696
43748
43914
44502
45454
45506
45575
45701
45934
Number of cuts: 105

Dinger
932
1121
1562
1650
1763
1971
2571
3165
3956
4156
4325
4715
5259
5323
5865
6166
6675
6798
7038
8948
9451
9462
9908
10198
10287
11103
12145
12400
12437
12580
12720
12817
12871
13101
13134
13477
13707
15285
15781
15911
16213
17257
17305
17753
18125
19440
19499
19700
20663
21104
21745
21933
22030
22649
22658
23036
23303
23546
23811
23978
24240
25178
25996
27090
27250
27892
27948
28225
28328
29931
30270
30429
31587
31811
32212
32352
33465
33825
33838
33951
34506
34604
35297
36403
37074
37167
37316
37324
37616
37883
37960
38978
39301
39935
41217
41289
43421
43484
43832
43884
44638
45540
45626
45730
45901
45957
Number of cuts: 106

DocB7
134
964
1310
1484
1929
2180
2263
2741
3016
3032
4015
4630
5746
8240
8546
9319
9508
9700
9757
11336
11435
11458
11702
11873
12547
12907
13189
13279
13887
14139
14182
14599
14714
15148
15780
15834
16052
17878
18613
18630
18962
19577
20244
20358
20364
20402
20765
21029
21050
22157
22264
23530
24254
24660
24753
24897
25442
26027
26396
26949
27370
27500
27888
27895
28385
28425
28925
28939
29200
29222
29338
29413
29905
30355
31099
31144
31728
31787
32756
33728
34842
34845
34964
35413
35616
35758
36593
37813
39469
39594
40401
40678
40949
41340
42298
43311
44312
45421
45767
45958
46817
47067
47459
47957
48776
49081
49252
49265
49649
50293
50902
52044
52686
52705
53049
54249
54361
54389
54870
55286
55795
55951
56765
57163
59810
59975
60989
61065
61123
61310
61484
62788
63920
64177
64272
64460
64692
64949
65596
65899
66325
66765
67327
68276
68574
68781
69932
71924
71951
71987
72105
72824
73057
73088
74135
74388
74595
74621
74816
75030
75688
Number of cuts: 161

E3
30
165
540
992
1098
1582
1644
1810
2002
2203
2489
4039
4252
4878
5854
6178
7483
8905
9058
9176
9357
11269
12347
13104
14825
15815
16767
17009
18725
21908
21947
22053
22072
23395
23414
23497
24451
25218
25353
26129
26539
26563
26696
27985
28295
28648
29558
29568
30528
30693
32998
33018
33165
33267
33417
33615
33927
34455
35068
35540
35634
35694
36676
36872
37219
38060
38527
38831
38836
39184
39277
39948
40281
40494
41869
42265
42466
42955
43384
43676
43865
44839
44883
44954
45722
45831
45923
46339
46771
47267
47581
48816
48950
49405
50802
50877
51150
52010
52211
52695
53095
53804
54070
55555
56116
56844
57446
58405
58467
59760
60712
61088
61172
61432
61621
61965
62484
62525
62825
63229
63315
63904
64449
65510
65819
65831
66548
66813
67088
67101
67198
68173
68770
68890
69072
70069
70080
70660
71070
71098
72211
72334
72455
72533
72992
73489
73877
76193
76243
76395
76432
76465
76649
76930
77238
77565
78294
78462
78483
78578
79008
79218
79346
79386
79641
80924
80930
81073
81224
81253
84002
84943
85638
86310
86347
86722
87424
87476
87660
87930
89331
89531
89936
89940
90369
91481
92555
92719
92918
93193
93214
95791
96354
96480
98906
99268
100267
100318
100570
100711
101442
101484
101675
102001
103831
104443
105884
106889
107042
107051
107092
107148
107605
108154
108241
108426
108768
108775
109097
109572
109964
110149
111244
111933
112980
113345
113551
113803
114238
114735
115467
115607
115703
115878
115916
116098
116473
117215
118026
118399
118981
119175
119541
119550
119909
120537
120689
121125
121138
121195
122551
122839
123454
123659
124233
125103
125504
127653
128726
128965
129067
130285
130853
131028
131302
131544
131808
132304
132519
133108
133240
137275
138870
140188
140329
140764
140820
141154
141442
141514
141766
142404
Number of cuts: 282

Erik
458
935
1126
1567
1654
1767
1975
3169
3785
3960
4160
4329
4719
5263
5404
5869
6694
6817
7057
7665
8603
8983
9486
9497
9943
10233
10745
10793
11132
12174
12466
12609
12749
12900
13163
13506
13736
15314
15810
16242
16776
16854
17334
17782
19528
19729
20503
20692
21019
21730
21774
22059
22218
22674
23052
23319
23561
23699
23825
24254
25192
26010
27104
27765
27906
27962
28239
28342
29889
29960
29994
30333
32275
32304
32647
33750
34291
34394
35068
35087
36193
36864
36957
37114
37406
37673
37750
38768
39091
39188
39723
40904
41458
43113
43527
43579
43745
44333
45285
45337
45406
45532
45765
Number of cuts: 103

Espica
458
935
1126
1567
1654
1767
1975
3169
3785
3960
4160
4329
4719
5263
5404
5869
6694
6817
7057
7665
8603
8984
9487
9498
9944
10234
10746
10794
11133
12175
12467
12610
12750
12901
13164
13507
13737
15315
15811
16243
16777
16855
17335
17783
19529
19730
20504
20693
21020
21731
21775
22060
22219
22675
23053
23209
23320
23563
23701
23827
24257
25195
26013
27107
27768
27909
27965
28242
28345
29890
29961
29995
30334
31875
32276
32305
32648
33751
34404
35078
35097
36203
36874
36967
37124
37416
37683
37760
38778
39101
39730
39831
40282
40871
41014
41568
43223
43637
43689
43855
44443
45395
45447
45516
45642
45875
Number of cuts: 106

Finch
91
250
835
1798
3475
3880
4103
4371
4394
5942
6627
7182
7828
8067
8237
8626
8734
8964
9557
10902
11004
11032
11367
12537
12647
13394
13437
14493
15134
15600
15648
15904
16313
16323
16564
17820
18179
18206
18234
18454
19519
19764
20504
20866
21603
22784
24462
25207
25494
26512
26804
26955
28144
29082
29107
29173
29543
29975
30380
30459
30491
30538
31620
31854
32937
33144
33614
33897
34326
34908
35261
35599
36105
37418
37660
39942
41161
41399
42319
48136
48164
48209
48352
48965
49135
49331
49942
50434
50679
50875
51096
51687
51979
52965
53010
53644
54550
54830
55087
55094
55871
57353
58550
59020
59311
59786
60138
60348
60724
61132
63106
64388
64918
65515
65754
67381
69142
69644
69767
70495
70594
70739
71058
71528
72379
72971
77047
77434
78191
79181
79500
79731
80084
80272
80281
80913
81143
81461
81824
82789
84035
84095
84368
86519
86537
86978
86999
89075
89191
90098
90704
90892
91029
91229
91893
92115
92745
93636
96088
96096
96148
96335
98211
99691
99952
100245
101071
101460
103613
104172
104366
105765
106057
106093
107387
107476
108226
108231
109333
109526
109702
110162
110665
110997
111327
111675
111892
112861
113987
114196
114969
116662
117064
117631
117778
117869
118280
118736
120199
120985
121060
121180
121223
122969
124524
125746
126034
126708
126975
126983
127074
127089
127557
128036
128199
128688
129602
129761
130235
130322
130456
130466
131162
131656
131767
132777
133256
133365
134158
135000
135101
136036
136518
136863
137047
138335
Number of cuts: 236

Gollum
458
935
1126
1567
1654
1767
1975
3169
3785
3960
4160
4329
4719
5263
5404
5869
6694
6817
7057
7665
8603
8984
9487
9498
9944
10234
10746
10794
11133
12175
12467
12610
12750
12901
13164
13507
13737
15315
15811
16243
16777
16855
17287
17335
17783
19529
19730
20504
20693
21020
21731
21775
22060
22219
22675
23053
23320
23563
23701
23827
24256
25194
26012
27106
27767
27908
27964
28241
28344
30060
30399
30558
31940
32341
32370
33816
34357
34460
35134
35153
36259
36930
37023
37180
37472
37739
37816
38834
39157
40288
41015
41569
43224
43638
43690
43856
44444
44560
45396
45526
45531
45643
45876
Number of cuts: 103

Grayson
602
1382
2475
2733
2740
4727
5469
5968
6109
6178
7229
7488
7517
7945
11951
13079
13318
13922
15272
17559
17791
17944
18781
19740
19894
20588
21451
22243
22273
23384
23956
24859
26036
27803
28165
28323
28609
29247
31022
32477
32591
33559
34469
34584
34747
35683
36214
36360
37426
37616
37715
38467
38874
39083
39221
39331
40100
42391
43094
43513
43748
44355
44581
45628
46054
46172
48466
48608
49249
50326
53406
54885
55256
55385
56673
56834
57221
58177
58528
58716
60723
60749
60822
63085
63521
64110
64482
65958
66668
67077
67877
68051
69248
69411
70565
71200
71975
72637
73122
73834
74071
74096
74158
75150
75832
76206
76314
77073
77289
77585
77719
77917
78640
79141
79561
80344
80875
81884
82665
83131
83951
84050
85977
87172
87530
88862
89964
90399
91541
91977
92212
93844
93903
94097
94354
95372
97287
97853
98656
98967
100064
101220
102473
103079
103418
106457
106465
106820
107223
107392
109182
109986
111476
111867
112037
112413
113197
113693
114633
117232
119426
119737
120343
121333
121760
122793
122935
123161
123834
124373
124490
124576
124722
125105
125443
125649
125669
125750
125834
125994
126053
127519
127858
129503
130283
131376
131634
131641
Number of cuts: 188

Harlequin
458
935
1126
1567
1654
1767
1975
3169
3960
4160
4719
5046
5263
5327
5869
6679
6802
7042
8928
9431
9442
10178
10267
11083
12125
12380
12417
12560
12700
12797
12851
13081
13114
13457
13550
13687
15265
15761
17285
17733
18105
19479
19680
20435
20643
20970
21084
21779
22064
22224
22680
23058
23325
23568
23706
23832
24261
24472
25199
26017
27111
27271
27772
27913
27969
28246
28349
29846
30185
30344
31502
32127
32156
32499
33602
34143
34246
34920
34939
36045
36716
36809
36966
37258
37525
37602
37850
38620
38943
39031
40129
40548
40790
40862
41417
42507
43072
43486
43538
44292
45244
45296
45374
45379
45491
45724
Number of cuts: 106

Hiro
458
935
1126
1567
1654
1767
1975
3169
3718
3785
3882
3960
4160
4329
4719
5263
5327
5869
6170
6679
6802
7042
8928
9431
9442
9761
10178
10681
11077
12119
12150
12505
13157
13387
13420
13433
13763
13993
14970
15330
15571
16067
17033
17543
17591
18411
19726
19785
19986
20525
20949
21390
22031
22316
22611
22814
24087
24516
25454
26272
27366
27526
28027
28168
28224
28501
28604
30322
30661
30820
31978
32603
32632
32975
34078
34619
34722
35396
35415
36521
37192
37285
37442
37734
38001
38078
39096
40051
40606
41333
41888
42978
43543
43957
44009
44763
45715
45767
45845
45850
45962
46195
Number of cuts: 102

Jace
386
402
488
2356
2426
2732
3153
4520
5018
5349
5957
6158
7014
7715
7734
8109
8410
9162
9593
9776
9841
10287
10486
11370
11496
11802
11839
12157
12321
12615
12949
13398
13746
13933
13969
14437
14541
15558
17541
18165
19232
19480
21593
21847
23925
24289
24627
24951
25824
26371
26887
27235
27340
27356
27703
27851
28226
29272
30447
30988
32440
33873
34438
35490
35698
35878
35953
37639
39365
39458
39742
40874
41721
41989
42303
42496
42720
42858
42991
43276
43398
44326
44364
44838
45048
45627
45852
45931
45970
47129
47438
48062
48213
48241
49324
49392
50174
50787
51056
51117
51351
52216
53452
53565
53606
53884
Number of cuts: 106

Jester
458
935
1126
1567
1654
1767
1975
3169
3960
4160
4719
5046
5263
5327
5869
6679
6802
7042
8928
9431
9442
9761
10178
10267
10681
11077
12119
12374
12554
12694
12791
12845
13075
13108
13451
13544
13681
14658
15018
15259
15755
16187
16721
17231
17279
18099
19473
19674
20429
20637
20964
21078
21719
21995
22155
22611
22989
23256
23499
23637
23763
24192
24403
25130
25948
27042
27202
27703
27844
27900
28177
28280
29777
30116
30275
31433
32058
32087
32430
33533
34074
34177
34851
34870
35976
36647
36740
36897
37189
37456
37533
37781
38551
38874
38962
40060
40479
40721
40793
41348
42438
43003
43417
43469
44223
45175
45227
45305
45310
45422
45655
Number of cuts: 111

Krishelle
458
935
1126
1567
1654
1767
1975
3169
3785
3960
4160
4329
4719
5263
5404
5869
6694
6817
7057
8943
9446
9457
9776
10193
10696
11092
12134
12520
13172
13402
13435
13778
14008
14985
15345
15586
16514
17048
17558
17606
18054
18426
19559
19741
19800
20001
20540
20964
21405
22082
22367
22662
22865
24139
25478
26296
27390
27550
28192
28248
28525
28628
30422
30761
30920
32703
32732
33075
34178
34719
34822
35496
35515
36594
37301
37394
37551
37843
38110
38187
39205
39528
39625
40160
40715
41299
41442
41996
43651
44065
44117
44283
44871
45823
45875
Number of cuts: 95

Lillie
458
935
1126
1567
1654
1767
1975
2575
3169
3785
3960
4160
4329
4719
5263
5404
5427
5869
6694
6817
7057
7665
8603
8984
9487
9498
9944
10234
10746
10794
11133
12175
12467
12610
12750
12901
13164
13507
13737
15315
15811
16243
16777
16855
17335
17783
19529
19730
20504
20693
21020
21775
22060
22219
22675
23053
23320
23563
23701
23827
24256
25194
26012
27106
27767
27908
27964
28241
28344
30062
30401
30560
31942
32343
32372
32715
33818
34359
34462
35136
35155
36261
36932
37025
37182
37474
37741
37818
38836
39159
39256
39791
40346
41073
41627
43282
43696
43748
43914
44502
45454
45506
45575
45701
45934
Number of cuts: 105

Mahdia
1144
1449
1579
2344
2442
2866
3261
3423
3571
3639
4115
4809
7082
7321
7336
7399
7836
8100
8330
8714
8730
9497
9892
10021
10419
10440
10560
12238
12682
13255
13407
13452
13757
13813
14247
14301
15508
17279
20039
20430
20436
21237
22865
22865
23237
24133
26502
28283
28893
29194
29289
29734
29886
30007
30857
31151
32253
32268
33614
33624
33879
34083
34102
34208
34389
35643
36135
36785
37025
37113
38296
39715
40651
41192
41205
42043
Number of cuts: 76

Naiad
458
935
1126
1567
1654
1767
1975
3169
3785
3960
4160
4329
4719
5263
5404
5869
6694
6817
7057
7665
8603
8984
9487
9498
9944
10234
10746
10794
11133
12175
12467
12610
12750
12901
13164
13507
13737
15315
15811
16243
16777
16855
17335
17783
19529
19730
20504
20693
21020
21775
22060
22168
23066
23222
23333
23576
23714
23840
24269
25207
26025
27119
27780
27921
27977
28254
28357
30075
30414
30573
32356
32385
32728
33831
34372
34475
35149
35168
36247
36954
37047
37204
37496
37763
37840
38858
39181
39278
39813
40368
40952
41095
41649
43304
43718
43770
43936
44524
45476
45528
45597
45723
45956
Number of cuts: 103

Nancinator
458
935
1126
1567
1654
1767
1975
3169
3785
3960
4160
4329
4719
5263
5404
5869
6694
6817
7057
7665
8603
8984
9487
9498
9944
10234
10746
10794
11133
12175
12467
12610
12750
12901
13164
13507
13737
15315
15811
16243
16777
16855
17335
17783
19529
19730
20504
20693
21020
21731
21775
22060
22219
22675
23053
23209
23320
23563
23701
23827
24257
25195
26013
27107
27768
27909
27965
28242
28345
29890
29961
29995
30334
31875
32276
32305
32648
33751
34404
35078
35097
36203
36874
36967
37124
37416
37683
37760
38778
39101
39685
40412
40966
42621
43035
43087
43253
43841
44793
44845
44914
45040
45273
Number of cuts: 103

Natosaleda
458
935
1126
1567
1654
1767
1975
2575
3169
3785
3960
4160
4329
4719
5263
5404
5869
6694
6817
7057
7665
8603
8984
9487
9498
9944
10234
10746
10794
11133
12175
12467
12610
12750
12901
13164
13507
13737
15315
15811
16243
16777
16855
17335
17783
19529
19730
20504
20693
21020
21731
21775
22060
22219
22675
23053
23209
23320
23563
23701
23827
24256
25194
26012
27106
27767
27908
27964
28241
28344
29889
29960
29994
30333
31874
32275
32304
32647
33750
34403
35077
35096
36202
36873
36966
37123
37415
37682
37759
38777
39100
39729
39830
40281
40870
41013
41567
43222
43636
43688
43854
44442
45394
45446
45461
45866
Number of cuts: 106

Partridge
930
1119
1560
1713
1826
2034
2634
3228
4019
4219
4388
4778
5322
5386
5928
6229
6738
6861
7101
9011
9514
9525
9971
10261
10350
11166
12208
12463
12500
12643
12783
12880
12934
13164
13197
13540
13770
15348
15844
15974
16276
17320
17368
17816
18188
19503
19562
19763
20521
20726
21167
21808
21996
22093
22712
22721
23099
23366
23609
23874
24041
24303
25241
26095
27189
27349
27991
28047
28324
28427
30222
30561
30720
31837
31878
32102
32503
32635
32643
32682
32883
33753
34107
34662
34760
35453
36509
37230
37323
37473
37481
37773
38040
38117
39135
39458
40092
41374
41446
43767
43830
44178
44230
44984
45885
45971
46075
46302
Number of cuts: 108

Pepy6
598
625
857
927
960
1191
1380
1510
1627
1785
2151
2201
2438
2542
2891
3044
4039
4146
4306
4575
4832
4841
5114
5202
6036
6098
6116
6537
6702
6769
7850
8526
9039
9868
9970
10438
10644
11194
11580
11601
12225
12478
12703
13531
15411
16526
17376
17611
17856
18160
18891
19483
19853
20546
21474
21581
21701
21727
21736
21745
21754
22915
23366
23959
24289
25084
25358
25472
25964
26006
26306
27646
28572
28794
31541
31709
31832
31997
33776
33893
34556
34712
34775
34921
35326
36522
36927
36996
39492
40787
40989
41026
41201
41270
42359
42935
44931
45128
45484
45631
45717
45830
46161
46536
46766
46868
47069
47162
47378
47702
48146
48176
48417
49286
49420
50352
50437
51105
51158
51261
52669
53481
54180
54542
54564
55112
55677
57372
57438
57470
57579
57919
58327
58356
58405
59170
59465
59653
59746
60112
60943
61131
61906
62158
62194
62808
63103
63175
63894
64462
65706
65761
66037
67113
67149
67741
68664
68962
69460
69509
69580
69652
69683
69858
70051
70863
71777
72706
72759
73149
73191
73716
73863
74088
74156
74221
74245
75496
75778
76111
Number of cuts: 180

Peregrin
1084
2004
2086
2741
3709
4630
6801
6830
12393
12632
12782
13022
13172
13236
13512
15066
17158
17390
19446
19903
20483
20619
21409
21439
22550
23122
23560
23767
24433
26977
27679
27837
29058
29856
31373
32341
33366
33529
34465
35072
35206
35322
35704
36398
37249
37310
37698
37864
38002
38112
38881
41171
41874
42293
42528
43361
44952
46178
47246
47388
48029
48273
49109
49211
51277
51386
51929
52189
52715
52883
53668
54168
56544
56895
57083
58027
59116
59189
61452
61888
62477
62854
63599
64376
65203
66302
66476
67249
67673
67836
68768
69204
69610
71047
71532
72576
73134
73449
73613
73811
74135
74674
75833
76952
77403
77795
78848
78888
79531
80875
81269
81406
82381
82556
83838
84396
85037
85104
86205
86220
86320
86845
87014
87091
87660
88162
89398
89830
90972
91408
92091
96317
99285
99821
99827
99881
101669
102875
103481
103820
105287
105590
105712
106733
106741
107096
107498
107665
109562
109595
109836
110022
110930
111262
111433
111985
112129
112393
112691
113214
113689
114973
117742
118040
119843
121776
122710
124365
124828
125384
125531
126221
126338
126424
126455
126570
126850
126895
126957
128458
128556
129077
131153
132073
132155
132810
Number of cuts: 186

Phrankenstein
458
935
1126
1567
1654
1767
1975
3169
3785
3960
4160
4329
4719
5263
5404
5427
5869
6694
6817
7057
7665
8603
8984
9487
9498
9944
10234
10746
10794
11133
12175
12467
12610
12750
12901
13164
13507
13737
15315
15811
16243
16777
16855
17335
17783
19529
19730
20504
20693
21020
21677
21721
22006
22165
22621
22999
23266
23509
23647
23773
24202
25140
25958
27052
27713
27854
27910
28187
28290
30008
30347
31888
32289
32318
32661
33764
34305
34408
35082
35101
36207
36878
36971
37128
37420
37687
37764
38782
39105
39202
39737
40292
41019
41573
43228
43642
43694
44448
45400
45452
45521
45647
45880
Number of cuts: 103

Pine5
189
684
1119
1128
1778
2086
2114
2322
2440
3842
4135
4202
4965
5945
6223
6904
7129
7784
8302
8647
8779
8865
9206
9404
9512
9751
11487
11645
11770
12988
13163
13453
13971
14391
17293
17837
18702
19005
19273
19401
19444
19498
20788
20881
21076
21319
21922
21925
21970
22489
23788
24057
24442
24780
25040
25197
25998
26616
26945
27955
29174
29515
30301
30939
31196
31544
31578
31840
35676
35707
35792
36210
37183
37430
38045
38386
38536
39240
39793
39836
40069
40739
41411
41836
41879
42209
44178
44547
45320
45550
46508
46867
46908
47311
47940
48225
48294
49012
49200
49335
49818
50371
51469
51787
51792
52204
52814
53285
53471
54239
55272
55876
56037
56093
56725
57676
59141
Number of cuts: 117

Poco6
279
842
927
946
1377
1507
1768
1939
1979
2427
2521
2979
3093
3418
3421
3992
4371
4607
4676
4709
4880
6286
6393
6907
7361
7455
7743
8301
8711
8768
9868
10114
11157
11508
11957
12470
13026
13105
13257
13299
14051
15016
15269
16154
16982
16989
17694
18025
18171
19024
19259
19586
19808
20631
20757
20840
21120
22168
22568
23222
23496
23603
23723
23749
23767
23776
25379
25972
26302
27097
27977
29634
30195
30790
30968
30975
31219
31794
33292
33552
33734
33857
33876
34623
34785
35179
35569
35687
36317
36578
36734
36797
38625
38854
38973
39018
39375
39625
40244
40805
40987
41000
41577
42696
42765
43875
44795
45457
45845
45862
45871
46804
46889
47902
48102
48363
48373
48737
49070
49432
49540
49890
50795
51145
52676
52680
52770
53510
54177
54989
55243
55688
55997
56050
57185
57593
57932
58122
58743
59034
59401
60578
61334
62569
62860
62959
63078
64274
64705
64743
65019
65182
65311
65478
66524
66659
66866
67000
67039
67523
68447
69120
69745
69763
69922
70011
70358
70470
70482
70510
70617
70890
70920
71179
72126
72215
73040
73476
75125
75350
75507
75573
75976
77046
77379
Number of cuts: 185

Rasputin
458
935
1126
1567
1654
1767
1975
3169
3785
3960
4160
4329
4719
5263
5327
5869
6170
6679
6802
7042
8953
10203
10353
10715
10983
11102
12144
12399
12436
12579
12719
12816
12870
13100
13133
13476
13569
13706
15284
15780
17304
17752
18124
19498
19699
20454
20662
20989
21744
22029
22189
22645
23023
23290
23533
23798
23965
24227
25165
25983
27077
27738
27879
27935
28212
28315
30033
30372
30531
31913
32314
32343
32686
33789
34330
34433
35107
35126
36232
36903
36996
37153
37445
37712
37789
38807
39130
39227
39762
40317
41044
41598
43253
43667
43719
43885
44473
45425
45477
45546
45672
45905
Number of cuts: 102

RER2
458
935
1126
1567
1654
1767
1975
2575
3169
3785
3960
4160
4329
4719
5263
5404
5427
5869
6694
6817
7057
7665
8603
8984
9487
9498
9944
10234
10746
10794
11133
12175
12467
12610
12750
12901
13164
13507
13737
15315
15811
16243
16777
16855
17335
17783
19529
19730
20504
20693
21020
21731
21775
22060
22219
22675
23053
23209
23320
23563
23701
23827
24256
25194
26012
27106
27266
27767
27908
27964
28241
28344
30062
30401
30560
32343
32372
32715
33818
34359
34462
35136
35155
36261
36932
37025
37182
37474
37741
37818
38836
39159
39256
40346
41073
41627
43282
43696
43748
43914
44502
45454
45506
45575
45701
45934
Number of cuts: 106

RexFury
458
966
1157
1598
1685
1798
2006
3200
3816
3991
4191
4360
4750
5294
5435
5900
6725
6848
7088
7696
8634
9015
9518
9529
9975
10265
10777
10825
11164
12206
12498
12641
12781
12932
13162
13195
13538
13768
15346
15842
16274
16808
16886
17318
17366
17814
19560
19761
20535
20724
21051
21762
21806
22091
22250
22706
23084
23240
23351
23594
23732
23858
24287
25225
26043
27137
27798
27939
27995
28272
28375
30093
30432
30591
32374
32403
32746
33849
34390
34493
35167
35186
36292
36963
37056
37213
37505
37772
37849
38867
39190
39819
39920
40371
40960
41103
41657
43312
43726
43778
43944
44532
45484
45536
45605
45731
45964
Number of cuts: 107

RGL3
1107
1157
1159
1549
1765
1974
2946
3171
3720
3962
4162
4721
5151
5703
5994
6687
8488
8950
9453
9464
10292
10881
10989
11815
12150
12528
12720
12846
12879
12972
13026
13289
13632
15230
15522
15741
15746
15893
16407
17019
17496
19114
19955
20000
21130
22435
22506
22832
23555
24044
24070
24310
25126
25435
25685
26745
26830
26950
28081
28895
29678
30299
30732
30797
31071
31425
31562
32111
32282
33168
33974
34761
35229
35313
36193
36338
36663
36821
36971
37097
37927
37948
38827
38839
39339
39964
40124
40278
42250
42711
43022
43094
43506
43531
43880
44177
44256
44268
44883
45472
45520
45796
46079
46854
47086
Number of cuts: 105

Rhodalysa
458
935
1126
1567
1654
1767
1975
2575
3169
3785
3960
4160
4329
4719
5263
5404
5427
5869
6694
6817
7057
7665
8603
8984
9487
9498
9944
10234
10746
10794
11133
12175
12467
12610
12750
12901
13164
13507
13737
15315
15811
16243
16777
16855
17335
17783
19529
19730
20504
20693
21020
21775
22060
22219
22675
23053
23320
23563
23701
23827
24256
25194
26012
27106
27767
27908
27964
28241
28344
30062
30401
30560
31942
32343
32372
32715
33818
34359
34462
35136
35155
36261
36932
37025
37182
37474
37741
37818
38836
39159
39256
39791
40346
41073
41627
43282
43696
43748
43914
44502
45454
45506
45575
45701
45934
Number of cuts: 105

StCroix
458
935
1126
1567
1654
1767
1975
3169
3785
3960
4160
4329
4719
5263
5404
5869
6694
6817
7057
7665
8603
8984
9487
9498
9944
10234
10746
10794
11133
12175
12467
12610
12750
12901
13164
13507
13737
15315
15811
16243
16777
16855
17335
17783
19529
19730
20504
20693
21020
21775
22060
22168
23066
23222
23333
23576
23714
23840
24269
25207
26025
27119
27780
27921
27977
28254
28357
30075
30414
30573
32356
32385
32728
33831
34372
34475
35149
35168
36247
36954
37047
37204
37496
37763
37840
38858
39181
39278
39813
40368
40952
41095
41649
43304
43718
43770
43936
44524
45476
45528
45597
45723
45956
Number of cuts: 103

Swann
458
935
1126
1567
1654
1767
1975
3169
3785
3960
4160
4329
4719
5263
5404
5427
5869
6694
6817
7057
7665
8603
8984
9487
9498
9944
10234
10746
10794
11133
12175
12467
12610
12750
12901
13164
13507
13737
15315
15811
16243
16777
16855
17335
17783
19529
19730
20504
20693
21020
21731
21775
22060
22219
22675
23053
23320
23563
23701
23827
24256
25194
26012
27106
27767
27908
27964
28241
28344
30060
30399
30558
32341
32370
32713
33816
34357
34460
35134
35153
36259
36930
37023
37180
37472
37739
37816
38834
39157
39254
39789
40344
41071
41625
43280
43694
43746
43912
44500
45452
45504
45573
45699
45932
Number of cuts: 104

Takoda
930
1119
1560
1647
1759
1967
3161
3952
4152
4321
4711
5255
5319
5861
6494
6671
6794
7034
8944
9447
9458
10194
10283
11093
12135
12390
12427
12570
12710
12807
12861
13091
13124
13467
13697
15275
15901
16203
17247
17743
18115
19248
19489
19690
20653
21735
23025
23292
23535
23800
23967
24229
25167
27079
27239
27489
27881
27937
28214
28317
29864
29935
29969
30308
30467
31625
31849
32390
32429
32630
33500
33992
34645
35319
35338
36275
36444
37115
37357
37365
37657
37924
38001
39019
39342
39976
40792
41257
41723
41810
43239
43611
44022
44074
44828
45290
45731
45803
45920
Number of cuts: 99

Trina
2129
2134
3490
4040
4655
4820
5121
5256
5289
6326
6560
6736
8784
9112
9140
9274
11892
13110
13754
14020
14894
15017
16034
16242
16879
17278
18093
18334
18768
18955
19186
20035
20664
20760
23313
23411
23564
23806
24654
25335
25382
26594
27509
27844
27989
28916
29552
30832
31043
31072
31174
32280
32663
33230
33440
35338
35925
37571
38025
39020
39577
40664
41422
44250
46281
47438
49687
49844
50561
51367
52293
53296
54010
54657
55856
55904
57171
58147
59060
59526
60305
60538
60637
61747
62200
62523
63919
64458
66035
66657
67693
69568
69600
70282
70518
70555
71477
71678
72812
73462
74272
75460
76177
76687
79266
79446
79788
80558
80596
81388
81573
81864
82049
82174
82451
82550
83311
84255
85078
85132
86654
87137
87859
90025
91568
92027
93056
93622
94847
95058
95174
96167
96917
97084
97493
97834
98703
99071
100191
101341
101697
102163
102487
102548
102927
102955
103195
103300
104241
104442
105048
106260
107490
107500
109471
110079
110383
110507
111056
111569
112806
112941
114330
115371
116130
116578
118062
118238
118345
118498
120932
121102
121425
122197
122525
122546
123050
123392
123893
125205
125401
125694
127113
127424
128076
129027
129450
130021
130629
132049
132283
132313
134565
135673
138531
138536
Number of cuts: 196

TWAMP
458
935
1126
1567
1654
1767
1975
2575
3169
3785
3960
4160
4329
4719
5263
5404
5427
5869
6694
6817
7057
7665
8603
8984
9487
9498
9944
10234
10746
10794
11133
12175
12467
12610
12750
12901
13164
13507
13737
15315
15811
16243
16777
16855
17335
17783
19529
19730
20504
20693
21020
21775
22060
22219
22675
23053
23320
23563
23701
23827
24256
25194
26012
27106
27767
27908
27964
28241
28344
30062
30401
30560
31942
32343
32372
32715
33818
34359
34462
35136
35155
36261
36932
37025
37182
37474
37741
37818
38836
39159
39256
39791
40346
41073
41627
43282
43696
43748
43914
44502
45454
45506
45575
45701
45934
Number of cuts: 105

UhSalsa
458
935
1126
1567
1654
1767
1975
3169
3785
3960
4160
4329
4719
5263
5404
5869
6694
6817
7057
7665
8603
8984
9487
9498
9944
10234
10746
10794
11133
12175
12467
12610
12750
12901
13164
13507
13737
15315
15811
16243
16777
16855
17335
17783
19529
19730
20504
20693
21020
21731
21775
22060
22219
22675
23053
23209
23320
23563
23701
23827
24257
25195
26013
27107
27768
27909
27965
28242
28345
29890
29961
29995
30334
31875
32276
32305
32648
33751
34404
35078
35097
36203
36874
36967
37124
37416
37683
37760
38778
39101
39730
39831
40282
40871
41014
41568
43223
43637
43689
43855
44443
45395
45447
45516
45642
45875
Number of cuts: 106

Weasels2
664
1667
2215
3151
4154
5817
6097
6297
6652
6889
7223
7229
7527
7532
10397
10503
11428
11485
11610
11986
12710
13436
13574
13656
14242
14440
15382
15456
15635
16776
17283
19035
19439
19857
21685
21834
22021
23118
24127
24554
25524
25616
26825
26840
27281
27316
27678
28122
29548
30291
30776
32079
32208
32927
33277
33427
33695
33794
35969
37391
37782
38095
38156
38961
39659
39837
40275
40879
41798
41861
42944
43982
44839
44998
45322
46596
47219
47994
48032
48801
49875
51545
52973
53450
53499
54093
54138
54251
54391
54426
54926
55409
55484
56171
56376
56832
57921
57944
58887
59603
62075
63037
63640
63946
64828
65053
65948
66064
66275
66444
66827
66865
67230
67772
68459
68693
69472
72336
72817
74100
74594
75461
76896
77019
77357
77763
78757
80381
81844
81916
81969
81994
83065
83117
83590
84331
84367
85305
86444
86947
87808
88229
90354
90722
91521
95009
95207
95417
96335
97390
97526
97790
98158
99837
101295
101526
101601
103555
103638
104277
104314
105754
105770
106177
107309
107652
109100
109469
110924
112128
112323
112767
113019
113602
113987
115079
115238
115326
115786
118073
118703
119546
121401
122447
122796
122841
122892
123029
123041
123597
123912
123929
124452
124756
125134
125936
126134
126393
126971
126981
127162
127858
127885
128037
128183
128212
128392
128600
128758
128858
129914
129950
130053
130092
130777
131371
132369
133372
133920
134856
Number of cuts: 220

Yogi
458
935
1126
1567
1654
1767
1975
3169
3718
3785
3882
3960
4160
4329
4719
5263
5327
5869
6170
6679
6802
7042
8952
10202
10291
11107
12149
12404
12441
12584
12724
12821
12875
13105
13138
13481
13574
13711
15289
15785
17309
17757
18129
19503
19704
20478
20667
20994
21108
21749
22034
22193
22649
23027
23294
23537
23675
23801
23968
24230
24369
25168
25986
27080
27240
27741
27882
27938
28215
28318
30036
30375
30534
31692
32317
32346
32689
33792
34433
35107
35126
36232
37283
37376
37533
37825
38092
38169
39187
40142
40697
41424
41978
43068
43633
44047
44099
44853
45857
45926
46043
46270
Number of cuts: 102

Yoncess
458
935
1126
1567
1654
1767
1975
3169
3718
3785
3882
3960
4160
4329
4719
5263
5327
5869
6170
6679
6802
7042
8952
10202
10291
11107
12149
12404
12441
12584
12724
12821
12875
13105
13138
13481
13574
13711
15289
15785
17309
17757
18129
19503
19704
20459
20667
20994
21108
21749
22034
22194
22650
23028
23295
23538
23676
23802
24231
25169
25987
27081
27241
27742
27883
27939
28216
28319
28346
29816
30155
30314
31472
32097
32126
32469
33572
34113
34216
34890
34909
36015
36686
36779
36936
37228
37495
37572
38590
38913
39545
40100
40827
41382
42475
43041
43455
43507
44261
45213
45265
45343
45348
45460
45693
Number of cuts: 105

