Alatin
Number of cuts:  0

Alpacados
Number of cuts:  0

AngryOrchard
Number of cuts:  0

AppleCloud
Number of cuts:  0

Belenaria
Number of cuts:  0

BobbyDazzler
Number of cuts:  0

Bonanza
Number of cuts:  0

Bradshaw
Number of cuts:  0

Bryce
Number of cuts:  0

ChewyVIII
1564
2595
10286
11454
13229
14801
15607
18018
19072
26937
29486
33742
34183
37837
38001
40317
42199
43543
43848
43862
45419
47984
49881
50708
54117
54318
54630
64684
66889
Number of cuts: 29

CosmicSans
Number of cuts:  0

Dinger
Number of cuts:  0

DocB7
1915
4132
5287
12905
16536
17676
19031
23090
26012
28336
31673
32771
33275
40166
42203
52539
52950
55290
55533
60027
61583
73955
75111
Number of cuts: 23

E3
2629
3460
5957
13397
18035
18074
30401
32717
34974
35447
37993
38170
39294
40392
43491
44293
44322
48719
51341
52528
58558
59466
61055
62951
65750
67513
68760
71538
72811
73389
73744
74752
76348
76980
84706
86256
86271
86742
87056
87665
88743
90334
90475
91225
91870
92029
93926
94374
97860
98253
98879
98921
100750
100840
102313
102340
103203
106865
109586
112173
113069
114809
117164
118645
119197
122972
123946
124003
125312
125441
126310
126469
126839
126857
131676
137004
Number of cuts: 76

Erik
Number of cuts:  0

Espica
Number of cuts:  0

Finch
915
2874
3134
3844
6704
10869
11304
13469
13553
14915
14993
15771
16660
22271
28438
31265
31595
32060
36030
39192
39644
41476
41656
41998
42510
42703
44028
45520
52194
53492
55622
55700
56115
56196
56595
57254
58571
60490
64642
67273
77236
81906
82085
83685
84552
86167
87610
89131
89427
89900
93900
99007
100352
102003
102319
102510
102518
104518
105002
107016
108603
112599
121021
122477
124523
125844
127742
128096
132226
133554
137619
Number of cuts: 71

Gollum
Number of cuts:  0

Grayson
117579
Number of cuts:  1

Harlequin
Number of cuts:  0

Hiro
Number of cuts:  0

Jace
14289
16175
Number of cuts:  2

Jester
Number of cuts:  0

Krishelle
Number of cuts:  0

Lillie
Number of cuts:  0

Mahdia
1890
2780
3570
3812
3929
4022
4166
4259
4482
5193
6864
8390
8710
9210
9425
9637
10025
10218
10962
11586
13083
13284
13344
13437
13529
13593
14112
14279
14565
14727
15278
16090
16733
16769
16833
17264
17817
18659
19248
19871
20042
20131
20342
20755
21328
21706
22110
23536
23776
23856
24183
25671
25847
26000
26012
26282
26765
27805
28007
28449
28697
28760
29171
29615
30201
30383
30704
31999
32074
32777
33020
33263
33707
34254
34436
34829
35566
35598
36240
36526
37014
37366
37625
38481
38660
38864
38969
39265
39329
39627
41362
41951
42014
42193
42303
Number of cuts: 95

Naiad
Number of cuts:  0

Nancinator
Number of cuts:  0

Natosaleda
Number of cuts:  0

Partridge
23220
Number of cuts:  1

Pepy6
4945
10466
18558
19605
22633
30031
33091
35971
38070
41942
44228
44585
47925
55079
66232
Number of cuts: 15

Peregrin
23829
39884
80662
82888
Number of cuts:  4

Phrankenstein
Number of cuts:  0

Pine5
713
1746
2274
2818
3879
4177
4287
4485
5029
5464
5565
6643
7216
7573
7774
9166
9270
9305
9769
10690
10970
13465
13506
13943
14080
15669
15878
17947
18115
18232
19774
20294
20604
21489
21752
22104
23550
23899
24510
24858
25680
25784
26528
26992
27690
28875
29662
31214
31505
31938
32592
33015
33597
35092
35572
35990
36963
37326
37414
38898
39276
39624
43735
43981
44578
44626
45645
46176
46824
46945
47080
48083
48475
48721
49736
50657
52222
52627
53239
53611
53946
53964
54571
54710
55481
57245
57289
57502
58997
Number of cuts: 89

Poco6
11004
15436
32050
35116
35443
46421
48654
50156
50311
50631
56896
60849
67016
73491
Number of cuts: 14

Rasputin
Number of cuts:  0

RER2
Number of cuts:  0

RexFury
Number of cuts:  0

RGL3
4360
Number of cuts:  1

Rhodalysa
Number of cuts:  0

StCroix
Number of cuts:  0

Swann
Number of cuts:  0

Takoda
Number of cuts:  0

Trina
6445
8402
126438
Number of cuts:  3

TWAMP
Number of cuts:  0

UhSalsa
Number of cuts:  0

Weasels2
48522
125651
Number of cuts:  2

Yogi
Number of cuts:  0

Yoncess
Number of cuts:  0

