Alatin
3744
3952
4135
6740
7846
10164
10783
11249
12967
13765
14368
14539
15368
16846
16959
18548
18913
20801
21270
23378
27155
28330
28755
29455
30975
33651
35999
37291
40746
43710
44679
45123
45628
46117
Number of cuts: 34

Alpacados
4097
6687
7793
10094
11185
12903
13701
14304
14475
16895
18849
22581
23247
28235
29360
33556
35901
36129
37184
40569
43533
44502
44946
45451
45940
Number of cuts: 25

AngryOrchard
455
3897
4080
7776
11168
13684
14287
15287
16878
18467
18832
19517
20720
21189
22009
23242
28194
28619
30773
36061
44721
45572
46045
Number of cuts: 23

AppleCloud
3844
6434
7540
10902
12200
13730
14333
15333
16924
18513
18878
20766
21235
28205
28709
30705
32814
35726
35954
37009
43427
44396
44840
45345
45834
Number of cuts: 25

Belenaria
3744
3952
4135
6740
7846
10164
10783
11249
12967
13765
14368
14539
15368
16846
16959
18548
18913
20801
21270
21741
22645
23311
28264
33517
33980
35874
36102
37157
43575
44544
44988
45493
45982
Number of cuts: 33

BobbyDazzler
4023
4206
6796
7902
10203
11294
13012
13810
14413
14584
17004
18958
22691
23357
28309
29434
33630
35978
36206
37261
40716
43681
44650
45094
45599
46088
Number of cuts: 26

Bonanza
4135
6725
7831
10132
11223
12941
13739
14342
14513
16933
18887
21244
22619
23285
28237
29362
33558
35903
36131
37566
41021
43985
44954
45398
45903
46377
Number of cuts: 26

Bradshaw
3744
3952
4135
6740
7846
10164
10783
11249
12967
13765
14368
14539
15368
16846
16959
18548
18913
20801
21270
22645
23311
27088
28263
28688
29388
30908
33584
35932
37224
40679
43643
44612
45056
45561
46050
Number of cuts: 35

Bryce
4135
6725
7831
10132
11223
12941
13739
14342
14513
16933
18887
21244
22620
23286
28238
29363
33338
35686
35914
36969
40424
43389
44358
44802
45307
45796
Number of cuts: 26

ChewyVIII
618
2713
7419
9839
10472
11210
12104
18016
20655
21019
21610
25754
30624
31155
31869
34863
35492
35610
37921
37990
38630
40457
40719
42167
42944
46297
46683
48840
49301
54372
55294
58486
60005
62676
66553
66828
68084
68391
Number of cuts: 38

CosmicSans
3744
3952
4135
6740
7846
10164
10783
11249
12967
13765
14368
14539
15368
16846
16959
18548
18913
20801
21270
22645
23311
27088
28263
28688
29388
30908
33584
35932
36160
37215
40670
43634
44603
45047
45552
46041
Number of cuts: 36

Dinger
3948
4131
6721
7827
10128
11219
12937
13735
14338
15338
16929
18518
18883
20771
21240
23294
28247
28751
30777
36074
43773
44739
45589
45892
46064
Number of cuts: 25

DocB7
942
3026
3858
3882
5865
10822
13531
15790
15978
16511
17256
18623
22030
27236
32267
33348
37212
39459
41630
42540
46301
46709
51281
53884
58227
58278
61056
67566
69478
71961
73781
74165
74720
Number of cuts: 33

E3
250
609
2982
12945
13780
16968
17118
18130
22600
23381
25589
26333
31233
34753
34792
35370
39064
42221
43170
46080
47831
52034
53112
53823
56107
57936
65778
66894
67027
67245
68212
69188
72746
74624
75712
75763
82940
82970
83264
83432
85903
86321
87950
90348
91230
92841
93702
98746
100919
102149
106794
108061
117399
119001
123168
124001
129438
131086
131632
133662
135510
135753
140830
142303
142414
Number of cuts: 65

Erik
3744
3952
4135
6740
7846
10163
10782
11248
12966
13764
14367
14538
15367
16845
16958
18547
18912
20800
21269
21740
22644
23310
28261
33516
35864
36092
37147
40501
43465
44434
44878
45383
45872
Number of cuts: 33

Espica
3744
3952
4135
6740
7846
10164
10783
11249
12967
13765
14368
14539
15368
16846
16959
18548
18913
20801
21270
21741
22645
23311
28264
33517
33980
35874
36102
37157
43575
44544
44988
45493
45982
Number of cuts: 33

Finch
360
2070
7555
13797
14434
19324
27932
28025
28723
30676
32085
34588
34899
34932
35457
35926
41089
41949
46220
47722
48031
49214
50821
52854
55552
57283
62815
66441
69031
69727
74143
76171
77912
78211
78364
85275
85549
86866
88787
89136
90072
90695
90992
96360
96586
97838
100209
102013
102549
105157
107119
110293
111024
112322
114114
114549
116356
119087
120372
120611
124003
124294
126934
131399
134934
137033
Number of cuts: 66

Gollum
3744
3952
4135
6740
7846
10164
10783
11249
12967
13765
14368
14539
15368
16846
16959
18548
18913
20801
21270
21741
22645
23311
28263
30906
33582
34045
35930
36158
37213
40612
43576
44545
44989
45494
45983
Number of cuts: 35

Grayson
612
5420
12817
13498
25696
33323
35451
44745
45579
46193
48618
52049
56299
66558
76089
85160
92988
96014
112288
116295
117577
117701
120603
121785
129513
Number of cuts: 25

Harlequin
4135
4729
6725
7831
10108
11199
12917
13715
14318
14489
16909
18863
21220
22650
23316
28268
29393
33368
35716
35944
36999
43424
44393
44837
45342
45831
Number of cuts: 26

Hiro
3952
4135
6725
7831
11193
12491
14021
14624
15624
17215
18804
19169
19854
21057
21526
28523
29648
33844
36192
36420
37475
40930
43895
44864
45308
45813
46302
Number of cuts: 27

Jace
3429
3513
5058
5154
6256
9663
11311
14554
14928
16062
16663
18776
20713
21373
21455
22507
24457
25820
31470
31700
33860
38524
39321
42565
45016
46303
47897
49737
52092
53187
Number of cuts: 30

Jester
4135
4729
6725
7831
10108
11193
12911
13709
14312
15312
16903
18857
21214
22581
23247
28199
29324
33299
35647
35875
36930
43355
44324
44768
45273
45762
Number of cuts: 26

Krishelle
3744
3952
4135
6740
7846
11208
12506
14036
14639
15639
17230
18819
19184
21072
21541
28547
29051
31268
33944
36292
37584
41039
44003
44972
45416
45924
46400
Number of cuts: 27

Lillie
3744
3952
4135
6740
7846
10164
10783
11249
12967
13765
14368
14539
15368
16846
16959
18548
18913
20801
21270
22645
23311
27088
28263
28688
29388
30908
33584
35932
36160
37215
40670
43634
44603
45047
45552
46041
Number of cuts: 36

Mahdia
158
527
580
752
808
913
3022
3878
4020
4966
5225
5389
5566
9005
10309
14767
21704
24116
25480
26593
28122
28916
28963
31688
32682
34252
37419
38515
39019
39327
41017
Number of cuts: 31

Naiad
3744
3952
4135
6740
7846
10164
10783
11249
12967
13765
14368
14539
15368
16846
16959
18548
18913
20801
21270
23324
27101
28276
28701
29401
30921
33597
35945
37237
40692
43656
44625
45069
45574
46063
Number of cuts: 34

Nancinator
3744
3952
4135
6740
7846
10164
10783
11249
12967
13765
14368
14539
15368
16846
16959
18548
18913
20801
21270
21741
22645
23311
28264
33517
33980
35874
36102
37157
40009
42973
43942
44386
44891
45380
Number of cuts: 34

Natosaleda
3744
3952
4135
6740
7846
10164
10783
11249
12967
13765
14368
14539
15368
16846
16959
18548
18913
20801
21270
21741
22645
23311
28263
33516
33979
35873
36101
37156
43574
44543
44987
45495
45973
Number of cuts: 33

Partridge
4011
4194
6784
7890
10191
11282
13000
13798
14401
14572
15401
16992
18581
18946
20834
21303
23357
28346
28850
31068
36230
44119
45085
45934
46409
Number of cuts: 25

Pepy6
918
2844
3358
4397
6892
10533
10556
11636
14998
20290
24026
24747
24971
25049
28988
29716
30677
39897
41248
43203
43672
45498
45648
46171
47541
50521
50539
50777
51674
52699
53436
54403
58674
60103
61189
65566
66293
68357
69171
75577
Number of cuts: 40

Peregrin
3993
12131
20474
25273
28645
32105
33749
34233
47398
50832
51920
53039
63522
64983
76018
95053
116495
117103
118509
129569
Number of cuts: 20

Phrankenstein
3744
3952
4135
6740
7846
10164
10783
11249
12967
13765
14368
14539
15368
16846
16959
18548
18913
20801
21270
21687
22591
23257
28209
33530
35878
36106
37161
40616
43580
44549
44993
45498
45987
Number of cuts: 33

Pine5
1727
3263
3987
4750
5175
7172
8144
8975
10001
10791
11935
12910
13361
13511
13691
14696
16254
16715
17042
18419
19427
22207
25504
26751
27500
27680
28276
29840
30170
30394
31967
32554
32614
32632
32782
33922
33937
34477
35304
35493
36251
36818
39670
40184
40394
41636
42127
42350
45245
45290
45535
45598
45987
50437
52643
53692
56406
56641
57006
57788
Number of cuts: 60

Poco6
1392
5605
6357
6644
7014
11208
13963
13986
15051
21607
22312
26760
26984
27275
32711
35294
38189
38644
38983
42743
43707
45498
48373
49355
49781
49900
52036
52054
53183
54207
54944
58665
59220
61817
63549
64154
76845
Number of cuts: 37

Rasputin
3744
3952
4135
6725
7831
10133
11218
12936
13734
14337
14508
16928
18882
22615
23281
28234
29359
33555
35903
36131
37186
40641
43605
44574
45018
45523
46012
Number of cuts: 27

RER2
3744
3952
4135
6740
7846
10164
10783
11249
12967
13765
14368
14539
15368
16846
16959
18548
18913
21270
21741
22645
23311
28263
29388
30908
33584
35932
37215
40670
43634
44603
45047
45552
46041
Number of cuts: 33

RexFury
3775
3983
4166
6771
7877
10195
10814
11280
12998
13796
14399
14570
15399
16877
16990
18579
18944
20832
21301
21772
22676
23342
27119
28294
29419
33615
35963
36191
37246
43664
44633
45077
45582
46071
Number of cuts: 34

RGL3
3954
4137
4731
5985
6601
7836
12381
13317
17123
18710
19745
20328
20813
28103
28826
29684
31291
31672
32273
34230
35554
37115
41336
43157
45787
46196
Number of cuts: 26

Rhodalysa
3744
3952
4135
6740
7846
10164
10783
11249
12967
13765
14368
14539
15368
16846
16959
18548
18913
20801
21270
22645
23311
27088
28263
28688
29388
30908
33584
35932
36160
37215
40670
43634
44603
45047
45552
46041
Number of cuts: 36

StCroix
3744
3952
4135
6740
7846
10164
10783
11249
12967
13765
14368
14539
15368
16846
16959
18548
18913
20801
21270
23324
27101
28276
28701
29401
30921
33597
35945
37237
40692
43656
44625
45069
45574
46063
Number of cuts: 34

Swann
3744
3952
4135
6740
7846
10164
10783
11249
12967
13765
14368
14539
15368
16846
16959
18548
18913
20801
21270
21741
22645
23311
27088
28263
30906
33582
35930
37213
40668
43632
44601
45045
45550
46039
Number of cuts: 34

Takoda
455
3944
4127
7823
11209
13725
14328
14499
15328
16919
18508
18873
19558
20761
21230
22050
23283
28236
28661
30815
36115
44929
45780
46254
Number of cuts: 24

Trina
2841
10946
15286
18301
18840
25519
29502
32207
34875
38708
44072
51546
59366
65883
67803
74435
74956
82904
84842
86559
90908
94833
98099
100399
106777
112722
117183
118129
127695
135222
139243
Number of cuts: 31

TWAMP
3744
3952
4135
6740
7846
10164
10783
11249
12967
13765
14368
14539
15368
16846
16959
18548
18913
20801
21270
22645
23311
27088
28263
28688
29388
30908
33584
35932
36160
37215
40670
43634
44603
45047
45552
46041
Number of cuts: 36

UhSalsa
3744
3952
4135
6740
7846
10164
10783
11249
12967
13765
14368
14539
15368
16846
16959
18548
18913
20801
21270
21741
22645
23311
28264
33517
33980
35874
36102
37157
43575
44544
44988
45493
45982
Number of cuts: 33

Weasels2
12949
44888
51616
55494
57968
59107
97007
101536
114507
119334
120278
Number of cuts: 11

Yogi
4135
6725
7831
10132
11223
12941
13739
14342
14513
16933
18887
21244
22619
23285
28237
29362
33558
35903
36131
37566
41021
43985
44954
45398
45903
46377
Number of cuts: 26

Yoncess
4135
6725
7831
10132
11223
12941
13739
14342
14513
16933
18887
22620
23286
28238
29363
33338
35686
35914
36969
40424
43393
44362
44806
45311
45800
Number of cuts: 25

