Alatin
8
49
397
651
831
934
963
982
1003
1384
1919
2205
2276
2384
2406
2579
3302
3549
3574
3878
3910
4306
4564
4612
5436
5460
5562
5616
5628
5638
6018
6060
6565
6695
6929
6938
7181
7200
8302
8401
9070
9088
9178
9278
10015
10034
10463
10475
10709
10876
11190
11257
11294
11365
11910
12042
12422
12703
12768
13331
13631
13665
13829
13859
14036
14090
14456
14635
14744
14756
15146
15206
15632
15720
16040
16068
16320
16332
16707
17022
17112
17413
17451
17898
18331
18564
18588
18911
18965
18977
19102
19710
19739
20031
20183
20244
20736
20754
20837
20937
21267
21393
21442
21460
21496
21514
21550
21854
21907
21974
22073
22136
22616
22847
23105
23340
23454
23480
23499
23512
23713
24011
24243
24395
24490
24515
24749
24792
24900
24977
25234
25295
25591
25657
25693
25765
25789
25795
26422
27177
27193
27273
27317
27426
27675
27750
27795
27804
27873
27976
28307
28436
28613
29113
29136
29498
29594
29606
29630
29654
29908
30002
30046
30202
30259
30304
30346
30358
30544
30636
30736
30814
30994
31009
31106
31113
31153
31459
31523
32042
32265
32275
32499
32747
32757
32784
32908
33438
33445
33468
33728
33994
34550
34651
34731
34901
35055
35142
35168
35307
35697
35859
36676
36694
36801
36841
36888
37146
37276
37298
37646
37844
38137
38427
38531
38706
38850
39352
39819
39828
40004
40067
40736
40906
40918
41232
41280
41324
41603
41618
41712
41811
42202
42284
42544
43036
43153
43497
43670
43688
44023
44062
44089
44120
44284
44792
44839
45010
45132
45284
45334
46203
46310
46339
46479
46497
46613
46628
Number of cuts: 258

Alpacados
8
49
397
651
831
934
963
982
1003
1384
1872
2158
2238
2346
2368
2541
3172
3264
3320
3536
3575
3683
3840
3845
3872
4268
4526
4574
5398
5422
5524
5578
5590
5980
6512
6642
6704
6876
6885
7128
7147
8165
8264
8342
8450
8913
8979
9000
9018
9108
9159
9208
9544
9945
10393
10405
10597
10639
10675
10812
11193
11230
11301
11559
11846
11978
12358
12639
12704
12889
13267
13567
13601
13765
13972
14095
14392
14461
14571
14680
14692
15082
15142
15568
15656
15976
16004
16256
16643
16700
16714
16838
16958
17048
17349
17387
17894
18267
18500
18524
18847
18901
18913
19038
19111
19232
19406
19646
19967
20108
20690
20773
20873
21158
21177
21203
21293
21329
21378
21396
21432
21482
21663
21736
21775
21789
21856
21907
21955
22024
22103
22155
22485
22974
23209
23262
23323
23349
23368
23381
23582
23880
24112
24264
24359
24384
24416
24661
24769
24846
25103
25164
25471
25562
25598
25670
26327
27082
27098
27331
27580
27655
27700
27778
27881
28212
28341
28518
28613
28622
28664
28919
29018
29499
29511
29535
29559
29813
29907
29951
30107
30164
30251
30263
30449
30541
30641
30719
30899
30914
31011
31018
31058
31298
31364
31428
31947
32170
32180
32404
32652
32662
32689
32813
33343
33350
33373
33633
33899
34452
34553
34633
34803
34957
35044
35070
35209
35599
35761
36569
36587
36694
36734
36781
36832
36865
37039
37169
37191
37539
37737
38030
38320
38330
38599
38781
38953
39200
39218
39245
39712
39721
39897
39960
40559
40715
41055
41103
41147
41426
41441
41535
41634
42367
42859
42976
43320
43493
43511
43885
43912
44008
44107
44615
44662
44833
44955
45107
45157
46026
46048
46133
46162
46300
46317
46433
46448
Number of cuts: 277

AngryOrchard
8
49
100
178
397
445
646
826
929
958
997
1377
1864
2221
2329
2351
2524
3155
3247
3494
3519
3823
3855
4119
4251
4509
4557
5075
5381
5507
5561
5573
5840
5963
6495
6625
6859
6868
6950
7111
7130
8148
8247
8325
8433
8983
9001
9091
9142
9191
9928
9947
10376
10388
10622
10658
10795
11176
11213
11284
11542
11829
11961
12341
12622
12687
12872
13250
13550
13584
13748
13955
14105
14342
14444
14554
14600
14663
14675
15065
15125
15551
15639
15959
15987
16239
16626
16683
16821
16941
17031
17332
17370
17817
18250
18483
18507
18567
18830
18884
18896
19021
19389
19629
19950
20080
20091
20146
20196
20259
20523
20673
20756
20941
21186
21276
21379
21397
21646
21719
21772
21839
21890
22007
22480
22711
22969
23204
23257
23318
23363
23376
23577
23876
24108
24260
24340
24380
24614
24657
24765
24842
25099
25160
25456
25522
25558
25630
25660
25851
26825
27041
27057
27137
27181
27290
27449
27539
27659
27668
27737
27840
28171
28300
28477
28581
28623
28878
28977
29362
29458
29470
29494
29518
30057
30075
30102
30144
30156
30434
30534
30807
30904
30911
30951
31257
31321
31840
32073
32146
32201
32371
32582
32703
33233
33263
33486
33687
33793
34059
34612
34713
34963
35204
35230
35369
35759
35921
36070
36229
36747
36854
36941
37025
37142
37199
37329
37351
37699
37897
38190
38480
38759
39113
39125
39360
39378
39405
39552
39837
39874
39883
39905
40059
40960
40972
41286
41334
41378
41656
41671
41765
41864
42462
42862
43198
43542
43715
43733
43795
44065
44104
44131
44227
44326
44834
44881
45060
45289
46131
46238
46267
46422
46537
46552
Number of cuts: 265

AppleCloud
49
179
446
626
729
758
777
797
1177
1238
1280
1628
1891
1985
2093
2288
2919
3011
3022
3258
3283
3322
3883
4273
4321
4839
5145
5169
5271
5325
5347
5367
5727
6259
6389
6875
6894
7912
8011
8089
8197
8693
8702
8723
8741
8831
8882
8931
9668
9687
10116
10128
10362
10529
10910
10947
11018
11138
11276
11563
11695
12246
12891
13050
13296
13596
13630
14001
14172
14460
14600
14646
14680
14700
15111
15171
15597
15685
16005
16033
16285
16729
16867
16987
17378
17863
18296
18529
18553
18876
18930
18942
19067
19140
19435
19675
20126
20137
20305
20719
20802
21358
21407
21425
21461
21645
21692
21765
21804
21818
21885
21936
21984
22498
22743
23239
23615
24118
24270
24350
24390
24624
24667
24852
25109
25170
25466
25532
25568
25640
25670
27052
27068
27148
27192
27301
27460
27748
27851
28182
28311
28567
28671
28968
29067
29449
29545
29557
29581
29605
29932
29989
30076
30088
30274
30366
30466
30544
30724
30836
30843
30883
31123
31253
31492
31772
32005
32078
32151
32229
32466
32514
32638
33168
33175
33198
33458
33718
34446
34458
34628
34782
34869
34895
35034
35424
35586
36394
36412
36519
36559
36606
36657
36690
36864
36994
37016
37364
37562
37855
38145
38424
38568
38606
38790
39070
39534
39543
39719
40623
40635
40949
40997
41041
41320
41335
41429
41528
41919
42001
42261
42753
42870
43214
43387
43405
43740
43779
43806
43837
44001
44509
44556
44727
44849
45001
45051
45920
46027
46056
46195
46213
46329
46344
Number of cuts: 244

Belenaria
8
49
397
651
831
934
963
982
1003
1384
1919
2205
2276
2384
2406
2579
3302
3549
3574
3878
3910
4306
4564
4612
5436
5460
5562
5616
5628
5638
6018
6060
6565
6695
6929
6938
7181
7200
8302
8401
9070
9088
9178
9278
10015
10034
10463
10475
10709
10876
11190
11257
11294
11365
11623
11910
12042
12422
12703
12768
13331
13631
13665
13829
13859
14036
14090
14456
14635
14744
14756
15146
15206
15632
15720
16040
16068
16320
16332
16707
17022
17112
17413
17451
17898
18260
18331
18564
18588
18911
18965
18977
19102
19710
19739
20031
20183
20244
20754
20837
20937
21267
21393
21442
21460
21496
21727
21800
21853
21920
22019
22088
22167
22219
22549
22780
23038
23273
23387
23413
23432
23445
23646
23944
24177
24329
24424
24449
24683
24726
24834
24911
25168
25229
25525
25591
25627
25699
25729
27111
27127
27207
27251
27360
27609
27684
27729
27738
27807
27910
28241
28370
28547
28651
28693
28948
29047
29430
29526
29538
29562
29586
30125
30143
30170
30212
30224
30410
30502
30602
30680
30860
30875
30972
30979
31019
31259
31325
31389
31908
32131
32141
32365
32613
32623
32650
32774
33304
33311
33334
33594
33860
34425
34526
34606
34776
34930
35017
35043
35182
35572
35734
35883
36542
36560
36667
36707
36754
36805
36838
37012
37142
37164
37512
37710
38003
38293
38572
38716
38754
38938
39218
39682
39691
39867
40771
40783
41097
41145
41189
41468
41483
41577
41676
42067
42149
42409
42901
43018
43362
43535
43553
43888
43927
43954
43985
44149
44657
44704
44875
44997
45149
45199
46068
46175
46204
46344
46362
46478
46493
Number of cuts: 260

BobbyDazzler
8
49
397
651
831
934
963
982
1003
1384
1445
1984
2247
2270
2347
2455
2477
2650
3281
3373
3429
3645
3684
3792
3949
3954
3981
4173
4377
4635
4683
5507
5531
5633
5687
6089
6621
6751
6813
6985
6994
7237
7256
8274
8373
8451
8559
9022
9109
9127
9217
9268
9317
9653
10054
10502
10514
10706
10748
10784
10921
11302
11339
11410
11668
11955
12087
12467
12748
12813
12998
13376
13676
13710
13874
14081
14204
14501
14570
14680
14789
14801
15191
15251
15677
15765
16085
16113
16365
16752
16809
16823
16947
17067
17157
17458
17496
18003
18376
18609
18633
18956
19010
19022
19147
19220
19341
19515
19755
20217
20799
20882
20982
21267
21286
21312
21402
21487
21505
21541
21845
21884
21898
21965
22016
22064
22133
22213
22265
22595
23084
23243
23319
23372
23433
23459
23478
23491
23692
23990
24222
24374
24469
24494
24728
24771
24879
24956
25213
25274
25570
25636
25672
25744
25768
26401
27172
27405
27654
27729
27774
27783
27852
27955
28286
28415
28592
28687
28696
28738
28993
29092
29477
29573
29585
29609
29633
29887
29981
30025
30181
30238
30283
30325
30337
30523
30615
30715
30793
30973
30988
31085
31092
31132
31372
31438
31502
32021
32244
32254
32478
32726
32736
32763
32887
33417
33424
33447
33707
33973
34529
34630
34710
34880
35034
35121
35147
35286
35676
35838
36646
36664
36771
36811
36858
36909
36942
37116
37246
37268
37616
37814
38107
38397
38407
38676
39030
39277
39295
39322
39789
39798
39974
40037
40706
40862
41202
41250
41294
41574
41589
41683
41782
42173
42255
42515
43007
43124
43468
43641
43659
43994
44033
44060
44091
44255
44763
44810
44981
45103
45255
45305
45608
46174
46196
46281
46309
46448
46465
46581
46596
Number of cuts: 281

Bonanza
8
49
397
651
831
934
963
982
1003
1384
1919
2205
2276
2384
2406
2579
3210
3302
3358
3574
3613
3721
3878
3883
3910
4102
4306
4564
4612
5436
5460
5562
5616
5628
6018
6550
6680
6742
6914
6923
7166
7185
8203
8302
8380
8488
8951
9017
9038
9056
9146
9197
9246
9582
9983
10431
10443
10635
10677
10713
10850
11231
11268
11339
11597
11884
12016
12396
12677
12742
12927
13305
13605
13639
13803
14010
14133
14430
14499
14609
14718
14730
15120
15180
15606
15694
16014
16042
16294
16681
16738
16752
16876
16996
17086
17387
17425
17932
18305
18538
18562
18885
18939
18951
19076
19149
19270
19444
19684
20146
20728
20811
20911
21196
21331
21434
21452
21470
21520
21701
21774
21813
21827
21894
21945
21993
22062
22141
22193
22523
22895
23012
23171
23247
23361
23387
23406
23419
23620
23918
24150
24302
24382
24397
24422
24699
24807
24884
25141
25202
25498
25564
25600
25672
25696
26329
27084
27100
27333
27582
27657
27702
27711
27780
27883
28214
28343
28520
28615
28624
28666
28921
29020
29501
29513
29537
29561
29815
29909
29953
30109
30166
30253
30265
30451
30543
30643
30721
30901
30916
31013
31020
31060
31300
31366
31430
31949
32172
32182
32406
32654
32664
32691
32815
33345
33352
33375
33635
33901
34454
34555
34635
34805
34959
35046
35072
35211
35601
35763
36404
36462
36969
37076
37116
37163
37214
37247
37421
37551
37573
37921
38119
38412
38702
38712
38981
39163
39335
39582
39600
39627
40094
40103
40125
40279
41011
41167
41507
41555
41599
41878
41893
41987
42086
42819
43311
43428
43772
43945
43963
44337
44364
44460
44559
45067
45114
45285
45407
45559
45609
46463
46485
46510
46570
46598
46739
46756
46872
46887
Number of cuts: 279

Bradshaw
8
49
397
651
831
934
963
982
1003
1384
1919
2205
2276
2384
2406
2579
3302
3549
3574
3878
3910
4564
4612
5436
5460
5562
5616
5628
5638
6018
6060
6565
6695
6929
6938
7181
7200
8302
8401
9070
9088
9178
9278
10015
10034
10463
10475
10709
10876
11190
11257
11294
11365
11910
12422
12703
12768
13331
13631
13665
13829
13859
14036
14090
14456
14635
14744
14756
15146
15206
15632
15720
16040
16068
16320
16332
16707
17022
17112
17413
17451
17898
18260
18331
18564
18588
18911
18965
18977
19102
19710
19739
20031
20183
20244
20754
20837
20937
21267
21393
21442
21460
21496
21800
21853
21920
22019
22088
22167
22219
22549
22780
23038
23273
23387
23413
23432
23445
23646
23944
24176
24328
24423
24448
24682
24725
24833
24910
25167
25228
25524
25590
25626
25698
25722
25728
26355
27110
27126
27206
27250
27359
27608
27683
27728
27737
27806
27909
28240
28369
28546
29046
29069
29431
29527
29539
29563
29587
29841
29935
29979
30135
30192
30237
30279
30291
30477
30569
30669
30747
30927
30942
31039
31046
31086
31392
31456
31975
32198
32208
32432
32680
32690
32717
32841
33371
33378
33401
33661
33927
34483
34584
34664
34834
34988
35075
35101
35240
35630
35792
36609
36627
36734
36774
36821
37079
37209
37231
37579
37777
38070
38360
38464
38639
38783
39240
39285
39752
39761
39937
40000
40669
40839
40851
41165
41213
41257
41536
41551
41645
41744
42135
42217
42477
42969
43086
43430
43603
43621
43956
43995
44022
44053
44217
44725
44772
44943
45065
45217
45267
46136
46243
46272
46411
46430
46546
46561
Number of cuts: 257

Bryce
8
49
397
651
831
934
963
982
1003
1384
1919
2205
2276
2384
2406
2579
3210
3302
3358
3574
3613
3721
3878
3883
3910
4102
4306
4564
4612
5460
5562
5616
5628
6018
6550
6680
6742
6914
6923
7166
7185
8203
8302
8380
8488
8951
9038
9056
9146
9197
9246
9582
9983
10431
10443
10677
10713
10850
11231
11268
11339
11597
11884
12016
12396
12677
12742
12927
13305
13605
13639
13803
14010
14430
14499
14609
14718
14730
15120
15180
15606
16014
16042
16294
16681
16738
16752
16876
16996
17086
17387
17425
17932
18305
18538
18562
18885
18939
18951
19076
19149
19270
19444
19684
20146
20728
20811
20911
21196
21331
21416
21434
21470
21774
21813
21827
21894
21945
21993
22062
22142
22194
22524
23013
23172
23248
23301
23362
23388
23407
23420
23621
23919
24151
24303
24398
24423
24455
24657
24700
24808
24885
25142
25203
25499
25565
25601
25673
25697
26330
27101
27181
27334
27583
27703
27712
27781
27884
28215
28344
28521
28616
28625
28667
28922
29021
29406
29502
29514
29538
29562
29889
29946
30033
30045
30231
30323
30423
30501
30681
30696
30793
30800
30840
31080
31146
31210
31729
31952
31962
32186
32434
32444
32471
32595
33125
33132
33155
33415
33681
34237
34338
34588
34742
34829
34855
34994
35384
35546
36354
36372
36479
36519
36566
36617
36650
36824
36954
36976
37324
37522
37815
38105
38115
38384
38566
38738
38750
38985
39003
39030
39497
39506
39528
39682
40414
40570
40910
40958
41002
41282
41297
41391
41490
41881
41963
42223
42715
42832
43176
43349
43367
43702
43720
43741
43768
43799
43963
44471
44518
44689
44811
44963
45013
45882
45904
45989
46016
46154
46171
46287
46302
Number of cuts: 272

ChewyVIII
562
848
1162
1391
1476
1620
1790
1972
2809
2945
3845
3984
4288
4619
5078
5317
5713
5818
5890
5896
5902
5968
6025
6081
6447
6465
6687
7786
7907
8012
9261
9273
9400
9526
9614
9918
9945
10058
10237
10291
10311
10332
10870
10884
10960
11208
11406
12048
12335
12395
12758
12833
12848
13231
13512
13867
13966
13988
14070
14116
14250
14430
14692
14767
14797
15123
15159
16139
16737
17002
17025
17051
17216
17226
17333
17351
17369
17378
17423
17462
17524
17564
17600
17609
17627
17636
17744
17753
17780
17789
17807
17816
17851
18014
18164
18248
18349
18409
18637
18913
19066
19141
20282
20321
20417
20560
21463
21835
21853
21874
22468
22639
23401
23757
23998
24495
24622
24631
24696
24988
25187
25515
25673
25805
25880
25979
26000
26201
26433
26735
27205
27691
27941
27949
28212
28235
28340
28459
28636
28855
29203
29467
30157
30298
30307
30481
30673
30688
30778
30978
31756
31805
31919
31944
31980
32022
32457
32537
32856
32877
33195
33363
33435
33696
33734
33759
33792
33948
34033
34188
34307
34446
34690
34786
34832
35092
35231
35362
35887
36090
36336
36474
36492
36600
36729
36738
37005
37017
37251
37406
37484
37684
37846
38057
38147
38597
38817
38876
38910
39116
39988
40116
40455
40693
40748
40798
40889
41040
41139
41204
41654
41844
41970
42214
42267
42836
42918
43313
43391
43489
43503
43574
43633
43858
44043
44140
44247
44578
44683
44761
44956
45007
45169
45311
45368
45485
45506
45532
45550
45889
46036
46139
46328
46516
46816
46999
47231
47306
47930
48293
48945
49017
49645
49852
49888
49910
50251
50302
50547
50621
51043
51304
51424
51454
52102
52216
52467
52646
52824
52973
53515
53711
53802
53945
54320
54835
55647
56190
56343
56706
57310
57456
57560
57566
57838
58117
58721
58932
59003
59165
59813
59982
60338
61138
61214
61434
61634
61761
61786
61946
61994
62157
62184
62337
62370
62586
62751
63144
63559
64067
64113
65171
65726
66132
67423
68382
68868
69041
Number of cuts: 318

CosmicSans
8
49
397
651
831
934
963
982
1003
1384
1919
2205
2276
2384
2406
2579
3302
3549
3574
3878
3910
4564
4612
5436
5460
5562
5616
5628
5638
6018
6060
6565
6695
6929
6938
7181
7200
8302
8401
9070
9088
9178
9278
10015
10034
10463
10475
10709
10876
11190
11257
11294
11365
11910
12422
12703
12768
13331
13631
13665
13829
13859
14036
14090
14456
14635
14744
14756
15146
15206
15632
15720
16040
16068
16320
16332
16707
17022
17112
17413
17451
17898
18331
18564
18588
18911
18965
18977
19102
19710
19739
20031
20183
20244
20754
20837
20937
21267
21393
21442
21460
21496
21800
21853
22019
22088
22167
22219
22549
22780
23038
23273
23326
23387
23413
23432
23445
23646
23944
24176
24328
24423
24448
24682
24725
24833
24910
25167
25228
25524
25590
25626
25698
25728
27110
27126
27206
27250
27359
27608
27683
27728
27737
27806
27909
28240
28369
28546
28650
28692
29046
29069
29431
29527
29539
29563
29587
29841
29935
29979
30135
30192
30237
30279
30291
30477
30569
30669
30747
30927
30942
31039
31046
31086
31392
31456
31975
32198
32208
32432
32680
32690
32717
32841
33371
33378
33401
33661
33927
34483
34584
34664
34834
34988
35075
35101
35240
35630
35792
36600
36618
36725
36765
36812
37070
37200
37222
37570
37768
38061
38351
38455
38630
38774
39231
39276
39743
39752
39928
39991
40660
40816
41156
41204
41248
41527
41542
41636
41735
42126
42208
42468
42960
43077
43421
43594
43612
43947
43986
44013
44044
44208
44716
44763
44934
45056
45208
45258
46127
46234
46263
46403
46420
46536
46551
Number of cuts: 255

Dinger
8
49
100
178
397
648
828
931
960
999
1379
1915
2201
2380
2402
2575
2986
3206
3298
3545
3570
3609
3874
4302
4560
4608
5432
5558
5624
6014
6546
6676
6910
6919
7162
7181
8199
8298
8376
8484
9034
9052
9142
9242
9979
9998
10427
10439
10673
10846
11227
11264
11335
11593
12012
12392
12673
12738
12923
13301
13601
13635
14006
14129
14393
14495
14605
14651
14705
15116
15176
15602
15690
15781
15955
16010
16038
16290
16677
16734
16872
16992
17082
17383
17868
18301
18534
18558
18881
18935
18947
19072
19440
19536
19680
20131
20142
20310
20724
20807
20992
21149
21192
21237
21430
21448
21809
21823
21890
21958
21989
22532
22763
23021
23256
23309
23415
23428
23629
23928
24160
24312
24392
24432
24666
24709
24894
25151
25212
25508
25574
25610
25682
25712
27094
27110
27190
27234
27343
27502
27712
27790
27893
28224
28353
28609
28713
29010
29109
29492
29588
29600
29624
29648
30061
30106
30160
30346
30438
30538
30616
30796
30811
30908
30915
30955
31261
31325
31844
32077
32150
32223
32375
32397
32586
32710
33240
33247
33270
33493
33664
33800
34060
34625
34726
34806
34976
35217
35243
35382
35772
35934
36083
36742
36760
36867
36954
37005
37038
37212
37342
37364
37712
37910
38203
38493
38772
39126
39373
39391
39418
39896
39918
40072
40556
40906
40974
40986
41300
41348
41671
41686
41879
42480
42880
43216
43560
43733
43751
43813
44083
44122
44149
44245
44344
44852
44899
45306
46150
46257
46286
46412
46557
46572
Number of cuts: 244

DocB7
385
467
1104
2039
2119
3093
3794
3829
4569
4578
4785
5939
6401
6725
6865
6960
7545
8052
8931
8965
9041
9249
9343
9451
9517
9722
10411
10491
10912
11224
11311
11401
11767
11943
12501
12702
12888
13391
13704
14527
14744
14855
15287
15357
15803
16607
17187
17650
17672
18478
18495
18535
18643
18679
18718
18798
18844
18871
19072
19117
19228
20053
20311
20326
20415
21184
21367
22759
22807
22885
23063
23237
23747
23869
24001
24014
24306
24520
24816
24994
25142
27062
27831
27934
28303
28539
28940
29692
29951
30374
30507
31365
31399
31407
32063
32708
32723
32735
33107
33280
33627
33744
34685
35177
35372
35551
35885
36073
36292
36952
37062
37649
37710
37770
38090
38114
38244
38275
38659
38842
38853
38901
39457
39648
39709
40374
40847
40855
42093
42168
42299
42322
42437
42472
42721
42871
43561
43938
44431
44887
45067
45307
45424
45443
45543
45928
46688
47725
47778
48067
48155
48222
48445
48536
48743
49149
49233
49281
49522
49846
49992
50247
50738
50756
51434
51609
51874
51942
52140
52146
52410
52795
53576
53942
54113
54938
55218
55286
55535
57006
57594
57673
57769
58108
59094
59624
59768
60092
60530
60590
60912
61370
61502
61577
61592
61616
61643
61725
61736
61952
62187
62263
62356
62500
62864
63869
64306
64855
64872
65284
65533
65725
66201
66362
66622
66749
66797
67037
67140
67469
67887
68003
68315
68347
68760
68803
69178
69219
69758
70081
71452
71743
71755
71892
72225
73375
73403
73684
73946
74259
74349
74528
74610
74898
75212
75361
Number of cuts: 246

E3
110
448
460
738
987
1180
1378
2694
2772
2912
3405
3549
3597
3804
4010
4404
4727
4744
4762
4957
5309
5412
6049
6249
6410
6448
6491
6733
7084
7191
7239
7362
7386
7745
8137
8231
8423
8468
8603
8681
8753
9221
9269
9622
9763
10137
10572
10590
10615
10930
10984
11109
11452
11650
11810
11981
12051
12086
12140
12338
12446
13336
14758
14830
15302
15463
17277
17394
17812
17834
18037
18046
18474
18798
19027
19546
19809
19830
20133
20244
20292
20773
20830
21015
21310
21804
22180
22382
22469
22505
23065
23125
23280
23909
23991
24072
24714
24760
24914
25061
25307
25486
25656
25740
25938
26040
26493
26534
26577
26586
26613
26874
27291
27336
27468
27591
27729
27967
28233
28284
29970
30163
30244
30319
30339
30538
31033
31847
32105
32658
32768
33143
33473
33515
33547
33662
33703
34037
34199
34304
34337
34373
34439
34481
34547
35111
36359
36585
37110
37242
37344
37689
37716
38459
38780
38990
39152
39506
39521
39674
39968
40559
40613
40645
41244
41388
41525
41750
41942
42845
43318
43484
43626
43716
43883
44094
44316
44453
44638
44662
44881
44938
45262
45412
45526
45628
45979
46562
47030
47463
47760
48026
48059
48114
48474
49147
49186
50325
50383
50491
50740
50897
50932
51127
51237
51372
51451
51610
52097
52161
52197
52208
52644
52728
53142
53161
53377
53821
53842
53854
53911
54099
54446
54847
54991
55093
55198
55207
55880
56074
56168
56178
56410
56423
56579
56600
56894
57238
57832
58432
59408
59468
59771
60263
60495
60522
60622
60925
61075
61150
61320
61452
61904
62173
62308
62881
63016
63120
63297
64047
64407
64416
64609
65299
65439
65601
65714
65758
65800
66595
67269
67353
67431
67470
67650
68437
68782
68907
69121
69476
69519
69774
69816
69900
70104
70152
70302
70353
70971
71109
71235
71641
72267
72285
72423
72744
72759
72813
72975
73170
73194
73401
73587
73701
73740
74034
74091
74193
74520
74911
74946
75054
75377
75545
75617
75710
75839
75860
76000
76278
76350
76709
76754
76976
77221
77407
78047
78098
78190
78520
78811
79027
79171
79192
79665
79672
79702
79992
80078
80229
80439
80645
81009
81036
81168
81204
81254
81402
81849
82461
82497
83112
83271
83361
83481
83787
83851
84007
84172
84180
84316
84350
84386
84617
84648
84897
84996
85235
85502
86738
86831
87035
87052
87304
87366
87516
87586
87595
87667
87783
87863
88034
88246
88322
88881
89373
89682
89788
89817
90144
90417
90441
90510
90642
91221
91740
91977
92025
92103
92401
92419
92449
92545
93299
93398
93679
93721
94280
94457
94469
94532
94675
94783
95080
95194
95263
95422
95867
96101
96188
96503
96854
97183
97229
97460
98582
98875
99373
99421
99870
100842
101144
101453
101510
102297
102370
102587
102689
103040
103046
103289
104101
104289
104505
104572
104587
104731
105465
105507
105712
105781
106066
106075
106084
106096
106108
106462
106510
106818
107867
108260
108343
109184
109229
109262
109373
109653
109663
109912
110011
110037
110412
110705
110861
111310
111581
111947
111971
112076
112085
112205
112253
112405
112414
112537
112549
112672
112951
113155
113263
113730
113997
114135
114192
114237
114330
114480
114967
115027
115177
115498
115521
115860
116060
116141
116237
116342
116357
116387
116562
116628
116634
116826
116835
116974
118186
118303
118638
118973
119190
119529
119955
120024
120260
120282
120662
120834
121226
121391
121658
122011
122138
122156
122432
122615
122988
123009
123081
124032
124159
124374
124401
124883
124892
125087
125249
125391
125804
126135
126312
126374
126835
126853
126892
127551
127844
128143
128222
128416
128623
128870
129227
129549
129706
129721
129766
130176
130278
130764
130937
130946
131207
131831
131972
132068
132158
132209
132290
132379
132445
132662
132834
133255
133504
133615
133636
134014
134161
134260
134392
134701
134740
135205
135298
135361
135751
136520
136637
136709
137909
138068
138386
138602
139336
139437
139447
139486
139498
139533
139591
139651
139759
139960
140074
140651
140783
141074
141719
142232
142439
Number of cuts: 620

Erik
8
49
397
651
831
934
963
982
1003
1384
1919
2205
2276
2384
2406
2579
3302
3549
3574
3878
3910
4306
4564
4612
5436
5460
5562
5616
5628
5638
6018
6060
6565
6695
6929
6938
7181
7200
8302
8401
9069
9087
9177
9277
10014
10033
10462
10474
10708
10875
11189
11256
11293
11364
11909
12421
12702
12767
13330
13630
13664
13828
13858
14035
14089
14455
14634
14743
14755
15145
15205
15631
15719
16039
16067
16319
16331
16706
17021
17111
17412
17450
17897
18259
18330
18563
18587
18910
18964
18976
19101
19709
19738
20030
20182
20243
20753
20836
20936
21266
21392
21441
21459
21495
21726
21799
21852
21919
22018
22087
22166
22218
22548
22779
23037
23272
23325
23386
23412
23431
23444
23644
23942
24174
24326
24421
24446
24680
24723
24831
24908
25165
25226
25522
25588
25624
25696
25726
27108
27124
27204
27248
27357
27606
27681
27726
27735
27804
27907
28238
28367
28544
28648
28690
29044
29067
29429
29525
29537
29561
29585
30124
30142
30169
30211
30223
30409
30501
30601
30859
30874
30971
30978
31018
31324
31388
31907
32130
32140
32364
32612
32622
32649
32773
33303
33310
33333
33593
33859
34415
34516
34596
34766
34920
35007
35033
35172
35562
35724
36532
36550
36657
36697
36744
37002
37132
37154
37502
37700
37993
38283
38387
38562
38706
39163
39208
39675
39684
39860
39923
40491
40647
40987
41035
41079
41358
41373
41467
41566
41957
42039
42299
42791
42908
43252
43425
43443
43778
43817
43844
43875
44039
44547
44594
44765
44887
45039
45089
45958
46065
46094
46235
46253
46369
46384
Number of cuts: 255

Espica
8
49
397
651
831
934
963
982
1003
1384
1919
2205
2276
2384
2406
2579
3302
3549
3574
3878
3910
4306
4564
4612
5436
5460
5562
5616
5628
5638
6018
6060
6565
6695
6929
6938
7181
7200
8302
8401
9070
9088
9178
9278
10015
10034
10463
10475
10709
10876
11190
11257
11294
11365
11623
11910
12042
12422
12703
12768
13331
13631
13665
13829
13859
14036
14090
14456
14635
14744
14756
15146
15206
15632
15720
16040
16068
16320
16332
16707
17022
17112
17413
17451
17898
18260
18331
18564
18588
18911
18965
18977
19102
19710
19739
20031
20183
20244
20754
20837
20937
21267
21393
21442
21460
21496
21727
21800
21853
21920
22019
22088
22167
22219
22549
22780
23038
23273
23387
23413
23432
23445
23646
23944
24177
24329
24424
24449
24683
24726
24834
24911
25168
25229
25525
25591
25627
25699
25729
27111
27127
27207
27251
27360
27609
27684
27729
27738
27807
27910
28241
28370
28547
28651
28693
28948
29047
29430
29526
29538
29562
29586
30125
30143
30170
30212
30224
30410
30502
30602
30680
30860
30875
30972
30979
31019
31259
31325
31389
31908
32131
32141
32365
32613
32623
32650
32774
33304
33311
33334
33594
33860
34425
34526
34606
34776
34930
35017
35043
35182
35572
35734
36542
36560
36667
36707
36754
36805
36838
37012
37142
37164
37512
37710
38003
38293
38572
38716
38754
38938
39218
39682
39691
39867
40771
40783
41097
41145
41189
41468
41483
41577
41676
42067
42149
42409
42901
43018
43362
43535
43553
43888
43927
43954
43985
44149
44657
44704
44875
44997
45149
45199
46068
46174
46203
46343
46361
46477
46492
Number of cuts: 259

Finch
182
386
497
1130
1229
1388
1499
1658
1877
2669
2699
2900
3016
3070
3217
3577
3608
3840
4143
4152
4508
5140
5577
5919
6160
6232
6400
6643
6933
7012
7618
7639
7906
8404
8613
8760
8817
8943
9101
9162
9378
9444
9533
10234
10363
10748
10913
11066
11201
11249
11375
11414
11455
11951
12095
12306
12336
12366
12378
12560
13465
13474
13609
13942
14103
14411
14848
15169
15479
15734
16517
16586
16917
17031
17315
17339
17435
17675
18570
19243
19510
20286
20352
20397
20475
20890
21307
21316
21385
21701
22117
22192
22615
23091
23301
23313
23454
23558
23679
23742
23766
23868
23963
24033
24223
24253
24759
25081
25364
25409
25586
25870
26006
26189
26267
26567
26813
27286
27514
27640
27670
27769
27876
27896
28170
28595
28653
28907
29225
30028
30178
30443
30718
31089
31267
31652
31705
31882
32053
32245
32424
32542
32632
32964
33030
33128
33312
33908
34240
34247
34516
34600
34714
34846
35248
35404
35485
35497
35512
35580
35792
35870
35914
36243
36311
36395
36594
37058
37070
37220
37405
37477
37555
37922
37949
37985
38663
38738
38837
39176
39236
39329
39367
39497
39526
39767
39788
39999
40329
40682
41349
41565
41571
42039
42048
42093
42738
42818
42954
43347
43704
43887
44005
44116
44123
44144
44314
44779
45261
45606
45781
45858
45954
46104
46230
46407
46449
47157
47163
47193
47211
47292
47624
48294
48324
48416
48495
48717
48807
48918
49058
49074
49224
49233
49316
49355
49943
50087
50102
50222
50237
50801
50852
50876
50962
51158
51368
51594
51749
52044
52070
52181
52247
52445
52731
52852
52924
52993
53299
53548
53716
53881
53998
54067
54115
54535
54559
54661
54927
55053
55065
55303
55414
55486
55735
55900
56117
56327
56630
56639
56903
57101
57182
57580
57715
57766
58967
59217
59298
59496
60092
60164
60402
60855
60879
61026
61146
61179
61407
61539
61577
62041
62123
62152
62267
62625
62823
62904
63141
63429
63604
63637
64120
64249
64644
64860
64877
64917
65091
65532
65595
65658
65777
65990
66057
66099
66125
66153
66215
66285
66303
66396
66450
66492
66914
67167
67194
67269
67414
67539
67863
67926
68082
68105
68262
68397
68640
68954
68987
69029
69305
69725
70191
70437
70544
70784
71062
71120
71537
72015
72183
72648
72725
72839
72940
73041
73240
73402
73579
73630
73889
74078
74195
74618
75108
75198
75258
75702
75804
76071
76143
76159
76319
76371
76598
76657
76816
76852
76882
77034
77442
77530
77542
78105
78114
78249
78563
78575
78663
78882
79175
79449
79498
79726
80023
80085
80154
80208
80218
80525
80538
80703
80751
81289
82040
82089
82246
82531
82775
82943
83042
83055
83371
83407
83452
83526
83904
84118
84435
84785
84946
85028
85099
85547
85586
85662
85740
85986
86520
86685
86864
86876
87083
87322
87781
87885
87977
87982
88180
88260
88400
88656
88808
88993
89214
89429
90206
90321
90573
90599
90904
90948
91176
91437
91530
91949
91984
91993
92116
92161
92182
92218
92451
92508
92531
92750
92791
92885
93209
93287
93359
93506
93629
94107
94152
94381
94510
94580
94676
95061
95266
95616
95832
95974
96330
96481
96529
96670
96718
97145
97190
97440
97643
97730
98033
98081
98138
98404
98440
98458
98704
99378
99385
99489
99559
99623
99711
99851
99947
100206
100303
100318
100330
100738
100807
100825
100870
101302
101350
102010
102202
102217
102286
102385
102800
102824
102902
103115
103169
103203
103280
103317
103520
103534
103872
103909
103918
104225
104613
104713
104908
105004
105043
105138
105202
105288
105495
105563
105727
105950
106036
106429
106550
106851
107009
107018
107233
108024
108060
108102
108398
108410
108665
108844
109038
109364
109590
109656
109978
110017
110350
110413
110525
110552
110566
110929
111031
111112
111180
111423
111446
111516
112120
112192
112264
112300
112699
112853
113096
113156
113177
113258
113436
113908
114598
114664
114751
114781
115164
115292
115367
115502
115653
115764
116566
116591
116603
116628
116852
117116
117128
117146
117355
117420
117700
117777
118005
118222
118344
119628
119712
120439
120472
120609
120926
121016
121023
121331
121481
121616
121664
121670
121795
121819
121996
122003
122113
122149
122629
122680
122779
122907
123060
123207
123609
123696
123867
123952
124431
124767
124785
124818
124926
124938
125024
125116
125177
125237
125300
125428
125600
126053
126206
126343
126437
126540
126943
127098
127189
127636
127735
127795
127831
128037
128071
128451
128606
128660
128822
129224
129321
129531
129942
130005
130024
130029
130134
130143
130299
130335
130554
130686
130727
130737
130766
130911
131268
131358
131405
131550
131694
131853
131988
132009
132072
132174
132222
132276
132501
132549
132717
132816
133047
133113
133379
133480
133796
134198
134219
134373
134525
134776
135343
135436
135536
136023
136289
136328
136411
136483
136858
137333
137492
137551
138331
138439
Number of cuts: 746

Gollum
8
49
397
651
831
934
963
982
1003
1384
1919
2205
2276
2384
2406
2579
3302
3549
3574
3878
3910
4306
4564
4612
5436
5460
5562
5616
5628
5638
6018
6060
6565
6695
6929
6938
7181
7200
8302
8401
9070
9088
9178
9278
10015
10034
10463
10475
10709
10876
11190
11257
11294
11365
11910
12042
12422
12703
12768
13331
13631
13665
13829
13859
14036
14090
14456
14635
14744
14756
15146
15206
15632
15720
15985
16040
16068
16320
16707
17022
17112
17413
17451
17898
18260
18331
18564
18588
18911
18965
18977
19102
19470
19710
19739
20031
20183
20244
20754
20837
20937
21267
21393
21442
21460
21496
21727
21800
21853
21920
22019
22088
22167
22219
22549
22780
23038
23273
23326
23387
23413
23432
23445
23646
23944
24176
24328
24423
24448
24682
24725
24833
24910
25125
25167
25228
25524
25590
25626
25728
27110
27126
27206
27250
27359
27608
27683
27728
27737
27806
27909
28240
28369
28546
28650
28692
28947
29046
29429
29525
29537
29561
29585
29839
29933
29977
30133
30190
30235
30277
30289
30475
30567
30667
30745
30925
30940
31037
31044
31084
31324
31390
31454
31973
32196
32206
32430
32678
32688
32715
32839
33369
33376
33399
33659
33925
34481
34582
34662
34832
34986
35073
35099
35238
35628
35790
36598
36616
36723
36763
36810
36861
36894
37068
37198
37220
37568
37766
38059
38349
38628
38772
38810
38994
39274
39738
39747
39870
39933
40602
40758
41098
41146
41190
41469
41484
41578
41677
42068
42150
42410
42902
43019
43363
43536
43554
43889
43928
43955
43986
44150
44658
44705
44876
44998
45150
45200
45302
45503
46069
46176
46204
46342
46359
46475
46490
Number of cuts: 266

Grayson
683
1295
1541
1774
1787
1984
2577
2601
4470
4875
5627
8927
10368
10715
10858
13801
14319
15310
15863
16558
17024
17360
18420
18762
19059
19882
20418
23984
24007
25228
26258
27464
27806
28350
28730
28745
28757
29129
30487
30715
31000
31147
31330
34579
34690
35565
37936
40387
41229
43065
44196
46864
46954
49368
49591
50082
50350
51154
52031
52164
52382
52467
53154
53322
53331
54131
54317
54546
54752
55849
56099
59162
59219
60166
61471
62175
62632
63946
64140
64159
65374
67370
69082
71350
71797
72813
73865
74927
75270
75827
76106
76269
77998
78725
78924
79863
81076
81612
82402
83464
84215
84844
85063
86355
86547
86863
89048
89676
89945
89979
93590
94195
95385
96235
97678
97975
98387
98983
99007
101912
102062
102250
102904
105219
106876
107707
107921
108013
111753
111825
112117
113063
115803
115899
118634
119069
120554
121072
121358
123117
124802
124940
125857
126599
127132
128105
129584
130196
130442
130675
130688
130885
131478
131502
Number of cuts: 154

Harlequin
8
49
397
651
831
934
963
982
1003
1384
1919
2205
2276
2384
2406
2579
3210
3302
3358
3549
3574
3613
4174
4306
4564
4612
5130
5436
5460
5562
5616
5628
6018
6550
6680
6914
6923
7005
7166
7185
8203
8302
8380
8488
8984
8993
9014
9032
9122
9173
9222
9558
9959
10407
10419
10653
10689
10826
11207
11244
11315
11573
11860
11992
12372
12653
12718
12903
13281
13581
13615
13779
13986
14406
14475
14585
14694
14706
15096
15156
15582
15990
16018
16270
16657
16714
16728
16852
16972
17062
17363
17401
17908
18281
18514
18538
18861
18915
18927
19052
19125
19246
19420
19660
20122
20704
20787
20887
21172
21307
21392
21410
21446
21464
21500
21804
21843
21857
21924
21975
22023
22092
22172
22224
22554
23043
23202
23278
23331
23392
23418
23437
23450
23651
23949
24181
24333
24428
24453
24485
24687
24730
24838
24915
25172
25233
25529
25595
25631
25703
25727
26360
27131
27211
27364
27613
27733
27742
27811
27914
28245
28374
28551
28646
28655
28697
28952
29051
29436
29532
29544
29568
29592
29919
29976
30063
30075
30261
30353
30453
30531
30711
30726
30823
30830
30870
31110
31176
31240
31759
31982
31992
32216
32464
32474
32501
32625
33155
33162
33185
33445
33711
34267
34368
34618
34772
34859
34885
35024
35414
35576
36384
36402
36509
36549
36596
36647
36680
36854
36984
37006
37354
37552
37845
38135
38414
38558
38596
38768
39015
39060
39529
39538
39560
39714
40945
40993
41037
41317
41332
41426
41525
41916
41998
42258
42750
42867
43211
43384
43402
43737
43755
43776
43803
43834
43998
44506
44553
44724
44846
44998
45048
45917
45939
46024
46052
46190
46207
46323
46338
Number of cuts: 270

Hiro
8
49
397
651
831
934
963
982
1003
1384
1919
2205
2276
2384
2406
2579
3210
3302
3358
3574
3613
3721
3878
3883
3910
4102
4306
4564
4612
5436
5460
5562
5616
6018
6550
6680
6742
6914
6923
7166
7185
8203
8302
8380
8488
8984
8993
9014
9032
9122
9173
9222
9959
9978
10407
10419
10653
10820
11201
11238
11309
11429
11567
11854
11986
12537
13182
13341
13587
13887
13921
14292
14463
14751
14891
14937
14971
14991
15402
15462
15888
15976
16296
16324
16576
17020
17158
17278
17669
18154
18587
18820
18844
19167
19221
19233
19358
19726
19966
20287
20417
20428
20596
21010
21093
21649
21698
21716
21752
21936
21983
22056
22095
22109
22176
22227
22275
22789
23530
23906
24204
24436
24588
24683
24708
24942
24985
25093
25170
25427
25488
25784
25850
25886
25958
25982
26615
27386
27619
27868
27943
27988
27997
28066
28169
28500
28629
28806
28901
28910
28952
29207
29306
29787
29799
29823
29847
30101
30195
30239
30395
30452
30497
30539
30551
30737
30829
30929
31187
31202
31299
31306
31346
31586
31652
31716
32235
32458
32468
32692
32940
32950
32977
33101
33631
33638
33661
33921
34187
34743
34844
34924
35094
35248
35335
35361
35500
35890
36052
36860
36878
36985
37025
37072
37123
37156
37330
37460
37482
37830
38028
38321
38611
38621
38890
39072
39244
39491
39509
39536
40003
40012
40034
40188
40920
41076
41416
41464
41508
41788
41803
41897
41996
42387
42729
43221
43338
43682
43855
43873
44208
44226
44247
44274
44305
44469
44977
45024
45195
45317
45469
45519
45822
46388
46410
46495
46523
46662
46678
46794
46809
Number of cuts: 261

Jace
255
840
1324
1546
2076
2647
3797
3828
4080
4257
4521
4704
4837
4864
5509
5884
5929
6271
6355
7454
7478
8340
8675
9134
9622
9751
9792
9902
10409
10727
11258
11531
12299
12305
13358
14154
14324
14800
15661
17092
17325
17687
17816
19916
20031
20060
20639
22249
22388
23167
23977
24101
24726
25145
25201
26319
26719
27972
28050
28134
28463
29368
29876
30105
30135
30331
30379
30385
30748
31099
31541
31955
32197
33541
33941
34057
34408
34450
34851
35362
35451
35951
36134
36398
36636
36747
36776
37470
37694
38111
38225
38309
39090
39385
39713
39751
39971
41420
41656
41781
41937
42021
42333
43651
43827
44263
44723
45234
45414
45541
45722
45771
46229
46565
46682
47347
47383
47693
48042
48429
48962
49422
49485
49603
50088
50407
50952
51348
51415
51593
51868
53666
53678
Number of cuts: 133

Jester
8
49
397
651
831
934
963
982
1003
1384
1919
2205
2276
2384
2406
2579
3210
3302
3358
3549
3574
3613
4174
4306
4564
4612
5130
5436
5460
5562
5616
5628
6018
6550
6680
6914
6923
7005
7166
7185
8203
8302
8380
8488
8984
8993
9014
9032
9122
9173
9222
9959
9978
10407
10419
10653
10820
11201
11238
11309
11429
11567
11854
11986
12366
12647
12897
13275
13575
13609
13980
14151
14400
14439
14469
14579
14670
14688
15090
15150
15576
15664
15984
16012
16264
16708
16846
16966
17357
17842
18275
18508
18532
18855
18909
18921
19046
19119
19240
19414
19654
20116
20698
20781
20881
21166
21301
21386
21404
21440
21744
21783
21797
21864
21915
21963
22023
22103
22155
22485
22974
23133
23209
23262
23323
23349
23368
23381
23582
23880
24112
24264
24359
24384
24416
24618
24661
24769
24846
25103
25164
25460
25526
25562
25634
25658
26291
27062
27142
27295
27544
27664
27673
27742
27845
28176
28305
28482
28577
28586
28628
28883
28982
29367
29463
29475
29499
29523
29850
29907
29994
30006
30192
30284
30384
30462
30642
30657
30754
30761
30801
31041
31107
31171
31690
31913
31923
32147
32395
32405
32432
32556
33086
33093
33116
33376
33642
34198
34299
34549
34703
34790
34816
34955
35345
35507
36315
36333
36440
36480
36527
36578
36611
36785
36915
36937
37285
37483
37776
38066
38345
38489
38527
38699
38946
38991
39460
39469
39491
39645
40876
40924
40968
41248
41263
41357
41456
41847
41929
42189
42681
42798
43142
43315
43333
43668
43686
43707
43734
43765
43929
44437
44484
44655
44777
44929
44979
45848
45870
45955
45983
46121
46138
46254
46269
Number of cuts: 265

Krishelle
8
49
397
651
831
934
963
982
1003
1384
1919
2205
2276
2384
2406
2579
3302
3549
3574
3878
3910
4306
4564
4612
5436
5460
5562
5616
5628
5638
6018
6060
6565
6695
6929
6938
7181
7200
8218
8317
8395
8503
8999
9008
9029
9047
9137
9188
9237
9974
9993
10422
10434
10668
10835
11216
11253
11324
11444
11582
11869
12001
12552
13197
13356
13602
13902
13936
14307
14478
14766
14906
14952
14986
15006
15417
15477
15903
15991
16311
16339
16591
17035
17173
17293
17684
18169
18602
18835
18859
19182
19236
19248
19373
19446
19741
19981
20432
20443
20611
21025
21108
21664
21713
21731
21749
21767
21803
21987
22034
22107
22146
22160
22227
22278
22326
22840
23085
23581
23957
24460
24612
24692
24732
24966
25009
25194
25451
25512
25808
25874
25910
25982
26012
27394
27410
27490
27534
27643
27802
28090
28193
28524
28653
28909
29013
29310
29409
29791
29887
29899
29923
29947
30201
30295
30339
30495
30552
30597
30639
30651
30837
30929
31029
31107
31287
31302
31399
31406
31446
31752
31816
32335
32558
32568
32792
33040
33050
33077
33201
33731
33738
33761
34021
34287
34843
34944
35024
35194
35348
35435
35461
35600
35990
36152
36969
36987
37094
37134
37181
37439
37569
37591
37939
38137
38430
38720
38824
38999
39143
39645
40112
40121
40297
40360
41029
41199
41211
41525
41573
41617
41896
41911
42005
42104
42495
42577
42837
43329
43446
43790
43963
43981
44316
44355
44382
44413
44577
45085
45132
45303
45425
45627
46468
46486
46516
46615
46642
46925
46940
Number of cuts: 250

Lillie
8
49
397
651
831
934
963
982
1003
1384
1919
2205
2276
2384
2406
2579
3302
3549
3574
3878
3910
4564
4612
5436
5460
5562
5616
5628
5638
6018
6060
6565
6695
6929
6938
7181
7200
8302
8401
9070
9088
9178
9278
10015
10034
10463
10475
10709
10876
11190
11257
11294
11365
11910
12422
12703
12768
13331
13631
13665
13829
13859
14036
14090
14456
14635
14744
14756
15146
15206
15632
15720
16040
16068
16320
16332
16707
17022
17112
17413
17451
17898
18331
18564
18588
18911
18965
18977
19102
19710
19739
20031
20183
20244
20754
20837
20937
21267
21393
21442
21460
21496
21800
21853
22019
22088
22167
22219
22549
22780
23038
23273
23326
23387
23413
23432
23445
23646
23944
24176
24328
24423
24448
24682
24725
24833
24910
25167
25228
25524
25590
25626
25698
25728
27110
27126
27206
27250
27359
27608
27683
27728
27737
27806
27909
28240
28369
28546
28650
28692
29046
29069
29431
29527
29539
29563
29587
29841
29935
29979
30135
30192
30237
30279
30291
30477
30569
30669
30747
30927
30942
31039
31046
31086
31392
31456
31975
32198
32208
32432
32680
32690
32717
32841
33371
33378
33401
33661
33927
34483
34584
34664
34834
34988
35075
35101
35240
35630
35792
36600
36618
36725
36765
36812
37070
37200
37222
37570
37768
38061
38351
38455
38630
38774
39231
39276
39743
39752
39928
39991
40660
40816
41156
41204
41248
41527
41542
41636
41735
42126
42208
42468
42960
43077
43421
43594
43612
43947
43986
44013
44044
44208
44716
44763
44934
45056
45208
45258
46127
46234
46263
46403
46420
46536
46551
Number of cuts: 255

Mahdia
25
162
195
228
240
276
408
504
566
647
703
904
929
1019
1076
1301
1340
1355
1370
1537
1570
1661
1757
1985
2339
2429
2438
2546
2714
2860
2903
2987
3104
3230
3449
3485
3506
3688
3778
3814
3961
4024
4057
4565
4586
4646
4661
4754
4811
4921
4970
5297
5303
5324
5330
5375
5519
5585
5765
5816
6010
6081
6377
6435
6542
6567
6671
6684
6770
6821
6857
6904
7020
7107
7152
7505
7513
7577
7637
7790
7802
8220
8233
8556
8587
8634
8658
8781
8805
8870
8996
9131
9212
9367
9528
9550
9767
9953
9992
10220
10355
10493
10607
10703
10742
10865
10907
10916
11177
11429
11492
11500
11668
11771
11813
11957
12086
12404
12552
12560
12671
12693
12698
12761
12795
12803
12878
13193
13280
13532
13631
13892
14282
14487
14567
14611
14666
14681
14729
15043
15050
15506
15530
15559
15674
15932
15963
15968
15992
16010
16085
16121
16220
16247
16291
16315
16512
16632
16816
16843
17071
17083
17197
17361
17479
17488
17504
17713
17767
17820
17971
18469
18478
18628
18649
18810
18907
18981
19020
19158
19200
19338
19406
19450
19505
19735
19795
19840
19942
19960
20047
20133
20242
20275
20548
20680
20692
20813
20896
21007
21271
21301
21453
21471
21534
21642
21663
21743
21983
21999
22086
22572
22584
22677
22683
22737
22788
22893
22929
22950
22968
23001
23423
23744
23783
23837
23852
23987
24020
24102
24179
24227
24302
24691
24721
24903
24948
24961
25116
25128
25296
25308
25422
25449
25582
25660
25789
25834
25945
25972
26008
26032
26113
26146
26284
26302
26338
26641
26734
26761
26809
26974
27113
27222
27347
27568
27616
27922
28009
28044
28051
28103
28140
28214
28277
28411
28486
28612
28675
28837
28873
29035
29056
29092
29185
29204
29323
29446
29590
29635
29665
29833
30016
30040
30154
30251
30316
30385
30424
30452
30679
30724
30814
30904
30987
31219
31251
31308
31314
31433
31547
31574
31739
31781
31856
31874
32030
32069
32197
32210
32215
32326
32407
32428
32690
32706
32881
32935
32956
33121
33181
33199
33286
33301
33416
33463
33499
33670
33703
33790
33928
33940
34111
34126
34189
34249
34285
34349
34438
34504
34591
34838
35240
35291
35432
35474
35642
35723
35798
36058
36223
36330
36497
36530
36563
36774
36800
36854
37129
37153
37287
37348
37362
37473
37566
37632
37653
37701
37867
37962
37974
37998
38255
38267
38402
38451
38477
38530
38596
38636
38654
38710
38866
38929
38965
38974
39023
39306
39395
39617
39668
40006
40036
40249
40620
40660
40694
40700
40769
40826
40898
40915
41045
41096
41132
41214
41226
41238
41304
41548
41574
41593
41605
41626
41721
41746
41844
42183
42188
42299
42362
42416
Number of cuts: 432

Naiad
8
49
397
651
831
934
963
982
1003
1384
1919
2205
2276
2384
2406
2579
3302
3549
3574
3878
3910
4306
4564
4612
5436
5460
5562
5616
5628
5638
6018
6060
6565
6695
6929
6938
7181
7200
8302
8401
9070
9088
9178
9278
10015
10034
10463
10475
10709
10876
11190
11257
11294
11365
11910
12042
12422
12703
12768
13331
13631
13665
13829
13859
14036
14090
14456
14635
14744
14756
15146
15206
15632
15720
16040
16068
16320
16332
16707
17022
17112
17413
17451
17898
18331
18564
18588
18911
18965
18977
19102
19710
19739
20031
20183
20244
20736
20754
20837
20937
21267
21393
21442
21460
21496
21800
21853
21920
22019
22082
22562
22793
23051
23286
23400
23426
23445
23458
23659
23957
24189
24341
24436
24461
24695
24738
24846
24923
25180
25241
25537
25603
25639
25711
25735
25741
26368
27123
27139
27219
27263
27372
27621
27696
27741
27750
27819
27922
28253
28382
28559
29059
29082
29444
29540
29552
29576
29600
29854
29948
29992
30148
30205
30250
30292
30304
30490
30582
30682
30760
30940
30955
31052
31059
31099
31405
31469
31988
32211
32221
32445
32693
32703
32730
32854
33384
33391
33414
33674
33940
34496
34597
34677
34847
35001
35088
35114
35253
35643
35805
36622
36640
36747
36787
36834
37092
37222
37244
37592
37790
38083
38373
38477
38652
38796
39298
39765
39774
39950
40013
40682
40852
40864
41178
41226
41270
41549
41564
41658
41757
42148
42230
42490
42982
43099
43443
43616
43634
43969
44008
44035
44066
44230
44738
44785
44956
45078
45230
45280
46149
46256
46285
46425
46443
46559
46574
Number of cuts: 256

Nancinator
8
49
397
651
831
934
963
982
1003
1384
1919
2205
2276
2384
2406
2579
3302
3549
3574
3878
3910
4306
4564
4612
5436
5460
5562
5616
5628
5638
6018
6060
6565
6695
6929
6938
7181
7200
8302
8401
9070
9088
9178
9278
10015
10034
10463
10475
10709
10876
11190
11257
11294
11365
11623
11910
12042
12422
12703
12768
13331
13631
13665
13829
13859
14036
14090
14456
14635
14744
14756
15146
15206
15632
15720
16040
16068
16320
16332
16707
17022
17112
17413
17451
17898
18260
18331
18564
18588
18911
18965
18977
19102
19710
19739
20031
20183
20244
20754
20837
20937
21267
21393
21442
21460
21496
21727
21800
21853
21920
22019
22088
22167
22219
22549
22780
23038
23273
23387
23413
23432
23445
23646
23944
24177
24329
24424
24449
24683
24726
24834
24911
25168
25229
25525
25591
25627
25699
25729
27111
27127
27207
27251
27360
27609
27684
27729
27738
27807
27910
28241
28370
28547
28651
28693
28948
29047
29430
29526
29538
29562
29586
30125
30143
30170
30212
30224
30410
30502
30602
30680
30860
30875
30972
30979
31019
31259
31325
31389
31908
32131
32141
32365
32613
32623
32650
32774
33304
33311
33334
33594
33860
34425
34526
34606
34776
34930
35017
35043
35182
35572
35734
36542
36560
36667
36707
36754
36805
36838
37012
37142
37164
37512
37710
38003
38293
38572
38716
38754
38938
39218
39999
40155
40495
40543
40587
40866
40881
40975
41074
41465
41547
41807
42299
42416
42760
42933
42951
43286
43325
43352
43383
43547
44055
44102
44273
44395
44547
44597
45466
45573
45602
45742
45760
45876
45891
Number of cuts: 256

Natosaleda
8
49
397
651
831
934
963
982
1003
1384
1919
2205
2276
2384
2406
2579
3302
3549
3574
3878
3910
4306
4564
4612
5436
5460
5562
5616
5628
5638
6018
6060
6565
6695
6929
6938
7181
7200
8302
8401
8983
9070
9088
9178
9278
10015
10034
10463
10475
10709
10876
11190
11257
11294
11365
11623
11910
12042
12422
12703
12768
13331
13631
13665
13829
13859
14036
14090
14456
14635
14744
14756
15146
15206
15632
15720
16040
16068
16320
16332
16707
17022
17112
17413
17451
17898
18260
18331
18564
18588
18911
18965
18977
19102
19710
19739
20031
20183
20244
20754
20837
20937
21267
21393
21442
21460
21496
21727
21800
21853
21920
22019
22088
22167
22219
22549
22780
23038
23273
23387
23413
23432
23445
23646
23944
24176
24328
24423
24448
24682
24725
24833
24910
25167
25228
25524
25590
25626
25698
25728
27110
27126
27206
27250
27359
27608
27683
27728
27737
27806
27909
28240
28369
28546
28650
28692
28947
29046
29429
29525
29537
29561
29585
30124
30142
30169
30211
30223
30409
30501
30601
30679
30859
30874
30971
30978
31018
31258
31324
31388
31907
32130
32140
32364
32612
32622
32649
32773
33303
33310
33333
33593
33859
34424
34525
34605
34775
34929
35016
35042
35181
35571
35733
36541
36559
36666
36706
36753
36804
36837
37011
37141
37163
37511
37709
38002
38292
38571
38715
38753
38937
39217
39681
39690
39866
40770
40782
41096
41144
41188
41467
41482
41576
41675
42066
42148
42408
42900
43017
43361
43534
43552
43887
43926
43953
43984
44148
44656
44703
44874
44996
45148
45198
46059
46106
46166
46195
46334
46467
46482
Number of cuts: 260

Partridge
8
49
100
178
397
646
826
929
958
997
1377
1978
2264
2335
2443
2465
2638
3049
3269
3361
3608
3633
3672
3937
4365
4623
4671
5495
5621
5675
5687
6077
6609
6739
6973
6982
7225
7244
8262
8361
8439
8547
9010
9097
9115
9205
9256
9305
10042
10061
10490
10502
10736
10772
10909
11290
11327
11398
11656
12075
12455
12736
12801
12986
13364
13664
13698
14069
14192
14456
14558
14668
14714
14768
15179
15239
15665
15753
15844
16018
16073
16101
16353
16740
16797
16935
17055
17145
17446
17931
18364
18597
18621
18944
18998
19010
19135
19503
19599
19743
20194
20205
20373
20637
20787
20870
21055
21212
21255
21300
21493
21511
21872
21886
21953
22021
22052
22231
22595
22826
22967
23084
23319
23372
23478
23491
23692
23991
24223
24375
24495
24729
24772
24957
25214
25275
25673
25709
25781
25811
27193
27209
27289
27333
27442
27601
27811
27889
27992
28323
28452
28708
28812
29109
29208
29591
29687
29699
29723
29747
30001
30095
30139
30352
30397
30451
30637
30729
30829
30907
31087
31102
31199
31206
31246
31552
31616
32135
32368
32441
32514
32666
32688
32829
32877
32998
33528
33535
33558
33781
33952
34216
34781
34882
34962
35132
35373
35399
35538
35928
35963
36090
36557
36898
36916
37023
37110
37194
37368
37499
37521
37869
38067
38360
38650
38929
39283
39530
39548
39575
40053
40075
40229
40713
41063
41131
41143
41457
41505
41828
41843
42036
42634
43226
43562
43906
44079
44097
44159
44429
44468
44495
44591
44690
45198
45245
45651
46495
46602
46631
46757
46787
46902
46917
Number of cuts: 254

Pepy6
1614
2175
2334
3020
3054
3828
4232
4290
4684
5801
6480
6646
7107
8343
8526
8602
9070
9260
10155
11220
11842
12008
12032
12209
12441
13576
15875
16049
16394
16631
17418
17637
17781
19470
19646
20427
21301
21449
21575
21696
22644
22695
22854
23412
23441
24047
24207
24627
25031
25110
25308
25323
25666
26681
27093
27705
27947
29285
29357
30080
30846
30945
30971
31016
31391
31897
32208
32754
33858
34116
34250
34614
34638
34788
35004
35721
36580
36649
37093
39527
39549
40283
40361
41384
41497
42637
43836
43926
46245
47815
48139
48263
48310
49308
49383
49746
49894
49907
50129
50624
51781
51865
52068
52656
52912
53362
54001
54442
54631
54943
54985
55081
55222
55792
55939
57823
58279
59118
59286
60686
61714
62755
63144
65078
65113
65305
66204
67263
67376
67517
67616
68150
69885
70246
71474
71921
72703
72877
73349
73881
73910
74298
74409
74592
75419
75441
76040
76079
76373
Number of cuts: 149

Peregrin
708
1318
1427
1564
1797
2593
3826
4328
5256
5459
6938
8241
9238
9682
10172
11163
13115
13418
13651
14668
14719
15221
16738
16959
17972
18314
18611
19434
23150
23173
24802
25957
27320
27864
28244
28259
28271
28643
29476
29803
30687
30880
31105
31789
32496
33361
33472
37693
39167
40009
41845
42976
45644
45734
48148
48371
48865
49133
49549
49690
49937
50814
50947
51250
51855
51937
52105
52351
52697
53329
53535
54632
54877
54882
57529
57586
58533
59281
60999
61875
62313
62507
62526
63792
64107
64141
67639
68308
68328
69760
70207
71223
73730
73842
74904
75828
76035
77835
78208
78933
81607
82428
82440
84102
84731
84950
85398
86274
86466
89110
89413
92588
93021
95268
95557
96078
96833
97429
97453
99335
100532
102464
102652
103306
104566
105853
107152
108194
111154
111220
111344
111520
112282
112908
113684
115028
116001
116370
119470
119589
119897
120332
120975
121987
122808
123287
126275
128169
129323
130777
131387
131496
131633
131866
132662
Number of cuts: 155

Phrankenstein
8
49
397
651
831
934
963
982
1003
1384
1919
2205
2276
2384
2406
2579
3302
3549
3574
3878
3910
4564
4612
5436
5460
5562
5616
5628
5638
6018
6060
6565
6695
6929
6938
7181
7200
8302
8401
9070
9088
9178
9278
10015
10034
10463
10475
10709
10876
11190
11257
11294
11365
11910
12042
12422
12703
12768
13331
13631
13665
13829
13859
14036
14090
14456
14635
14744
14756
15146
15206
15632
15720
16040
16068
16320
16332
16707
17022
17112
17413
17451
17898
18260
18331
18564
18588
18911
18965
18977
19102
19710
19739
20031
20183
20244
20754
20837
20937
21267
21393
21442
21673
21746
21799
21866
21965
22034
22113
22165
22495
22726
22984
23219
23272
23333
23359
23378
23391
23592
23890
24122
24274
24369
24394
24628
24671
24779
24856
25113
25174
25470
25536
25572
25644
25674
27056
27072
27152
27196
27305
27554
27629
27674
27683
27752
27855
28186
28315
28492
28596
28638
28893
28992
29377
29473
29485
29509
29533
29787
29881
29925
30081
30138
30183
30225
30237
30423
30515
30615
30693
30873
30888
30985
30992
31032
31272
31338
31402
31921
32144
32154
32378
32626
32636
32663
32787
33317
33324
33347
33607
33873
34429
34530
34610
34780
34934
35021
35047
35186
35576
35738
36546
36564
36671
36711
36758
36809
36842
37016
37146
37168
37516
37714
38007
38297
38401
38576
38720
39177
39222
39689
39698
39874
39937
40606
40762
41102
41150
41194
41473
41488
41582
41681
42072
42154
42414
42906
43023
43367
43540
43558
43893
43932
43959
43990
44154
44662
44709
44880
45002
45154
45204
46073
46180
46209
46348
46365
46480
46495
Number of cuts: 260

Pine5
151
316
334
433
772
817
1059
1503
1564
1748
1856
1988
2141
2270
2303
2810
2924
3023
3152
3254
3278
3463
3575
3703
3791
3902
4011
4026
4062
4248
4337
4397
4654
4681
4936
5049
5101
5725
5833
5850
5875
6006
6144
6152
6345
6442
6500
6750
6771
7035
7212
7263
7401
7431
7506
7722
7748
7857
8046
8331
8355
8508
8676
8759
9059
9159
9348
9636
9705
9852
10011
10311
10572
10945
10972
10993
11041
11225
11360
11393
11453
11900
11978
12293
12299
12596
12757
13029
13074
13365
13695
13740
13776
14131
14406
14434
14491
14503
14715
14805
14856
14892
15005
15120
15262
15531
16372
16444
17235
17343
17775
17991
18234
18348
18504
18775
18780
19356
19371
19440
19502
19515
19716
19752
19767
20464
20491
20530
20702
21110
21158
21401
21491
21497
21644
21731
21794
21863
22154
22417
22486
22567
22573
22622
22796
22817
22975
23027
23053
23110
23327
23612
23630
23704
23912
24293
24314
24566
24680
24860
25034
25192
25207
25805
25954
25967
26131
26176
26239
26524
27079
27332
27549
27609
27651
27693
27807
28113
28507
29061
29345
29670
30314
30521
30901
30947
31183
31279
31321
31501
31522
31593
32124
32426
32438
33463
33479
33611
33638
33749
34030
34255
34366
34402
34435
34468
34510
34522
34774
34932
35088
35409
35986
36016
36142
36524
36620
36986
37091
37295
37304
37452
37700
37960
39029
39260
39477
39626
39830
39908
40283
40517
40658
40748
40835
41017
41103
41300
41327
41342
41382
41670
41699
41813
41890
42016
42023
42136
42399
42522
42729
42804
42819
43221
43296
43692
43758
43795
44129
44556
44789
44898
45332
45838
45845
45905
45931
46078
46172
46581
46809
46947
46982
47011
47044
47154
47241
47286
47355
47623
47823
48057
48319
48465
48723
48843
49139
49264
49273
49288
49312
49385
49541
49565
49897
50138
50453
50647
50665
50722
50877
50999
51020
51589
51652
51772
51907
51922
52143
52276
52401
52557
52595
52771
53286
53351
53421
53448
53484
53538
53559
53607
53885
54061
54361
54382
54676
54757
55188
55575
55633
55667
55742
56063
56102
56141
56312
56380
56482
56509
56530
56698
56851
57081
57241
57285
57402
57507
57601
57694
57758
57776
57794
57859
57934
58378
58636
58875
59049
Number of cuts: 359

Poco6
54
72
1284
1980
2484
3979
4422
4581
6075
6479
6537
6890
7182
7469
7760
8405
11159
12033
12501
12691
13384
13685
15072
15892
17027
17251
18437
18635
19066
20044
21668
23323
23471
23977
24720
25425
26220
26640
27044
27123
27336
27480
28140
28694
29106
29724
30118
30276
30368
30531
30630
30884
31501
31528
32658
32996
33041
34779
36081
36303
36636
36660
36810
37026
37152
37279
38602
40178
41605
41765
43186
44431
44970
45166
45635
45660
46137
46791
47089
47219
48082
48447
50046
50313
51138
51406
51419
51698
51824
52322
53374
53577
54164
54420
54870
55950
56139
56451
56628
57447
59602
60267
60294
60465
61164
61349
62499
63333
64542
65849
65860
67330
67554
68018
69230
69374
71206
71366
71512
72216
73183
73621
73965
75671
75854
76687
76709
77189
77641
Number of cuts: 129

Rasputin
8
49
397
651
831
934
963
982
1003
1384
1919
2205
2276
2384
2406
2579
3302
3549
3574
3878
3910
4306
4564
4612
5436
5460
5562
5616
6018
6550
6680
6742
6914
6923
7166
7185
8204
8303
8381
8489
8952
9039
9057
9147
9198
9247
9984
10003
10432
10444
10678
10845
11159
11226
11263
11334
11454
11592
11879
12011
12391
12672
12737
12922
13300
13600
13634
13798
14005
14128
14425
14494
14604
14713
14725
15115
15175
15601
16009
16037
16289
16676
16733
16747
16871
16991
17081
17382
17420
17927
18300
18533
18557
18880
18934
18946
19071
19144
19439
19679
20130
20141
20723
20806
20906
21191
21210
21236
21411
21429
21696
21769
21808
21822
21889
21940
21988
22137
22189
22519
22891
23008
23243
23296
23402
23415
23616
23915
24147
24299
24379
24419
24653
24696
24881
25138
25199
25495
25561
25597
25699
27081
27097
27177
27221
27330
27654
27699
27708
27777
27880
28211
28340
28517
28621
28663
28918
29402
29498
29510
29534
29558
29812
29906
29950
30106
30163
30208
30250
30262
30448
30540
30640
30718
30913
31010
31017
31057
31427
31946
32169
32179
32403
32651
32661
32688
32812
33342
33349
33372
33632
33898
34454
34555
34635
34805
34959
35046
35072
35211
35601
35763
36571
36589
36696
36736
36783
37041
37171
37193
37541
37739
38032
38322
38426
38601
38745
39202
39247
39714
39723
39962
40631
40787
41127
41175
41219
41498
41513
41607
41706
42097
42179
42439
42931
43048
43392
43565
43583
43918
43957
43984
44015
44179
44687
44734
44905
45027
45179
45229
46098
46205
46234
46375
46393
46509
46524
Number of cuts: 257

RER2
8
49
397
651
831
934
963
982
1003
1384
1919
2205
2276
2384
2406
2579
3302
3549
3574
3878
3910
4564
4612
5436
5460
5562
5616
5628
5638
6018
6060
6565
6695
6929
6938
7181
7200
8302
8401
9070
9088
9278
10015
10034
10463
10475
10709
10876
11190
11257
11294
11365
11910
12422
12703
12768
13331
13631
13665
13829
13859
14036
14090
14456
14635
14744
14756
15146
15206
15632
15720
16040
16068
16320
16707
17022
17112
17413
17451
17898
18260
18331
18564
18588
18911
18965
18977
19102
19710
19739
20031
20183
20244
20754
20837
20937
21267
21393
21442
21460
21496
21727
21800
21853
21920
22019
22088
22147
22167
22219
22549
23038
23273
23326
23387
23413
23432
23445
23646
23944
24176
24328
24423
24448
24480
24725
24833
24910
25167
25228
25524
25590
25626
25698
25722
26355
27110
27126
27359
27608
27683
27728
27737
27806
27909
28240
28369
28546
28641
28650
28692
28947
29046
29527
29539
29563
29587
29841
29935
29979
30135
30192
30279
30291
30477
30569
30669
30747
30927
30942
31039
31046
31086
31392
31456
31975
32198
32208
32432
32680
32690
32717
32841
33202
33371
33378
33401
33661
33927
34483
34584
34664
34834
34988
35075
35101
35240
35630
35792
35941
36600
36618
36725
36765
36812
37070
37200
37222
37570
37768
38061
38351
38455
38630
38774
39231
39276
39743
39752
39928
39991
40660
40816
41156
41204
41248
41527
41542
41636
41735
42126
42208
42468
42960
43077
43421
43594
43612
43947
43986
44013
44044
44208
44716
44763
44934
45056
45208
45258
46127
46234
46263
46402
46420
46536
46551
Number of cuts: 256

RexFury
8
49
397
682
862
965
994
1013
1034
1415
1950
2236
2307
2415
2437
2610
3333
3580
3605
3909
3941
4337
4595
4643
5467
5491
5593
5647
5659
5669
6049
6091
6596
6726
6960
6969
7212
7231
8333
8432
9101
9119
9209
9309
10046
10065
10494
10506
10740
10907
11221
11288
11325
11396
11941
12073
12453
12734
12799
13362
13662
13696
13860
13890
14067
14121
14487
14666
14775
14787
15177
15237
15663
15751
16071
16099
16351
16738
17053
17143
17444
17482
17929
18291
18362
18595
18619
18942
18996
19008
19133
19501
19741
19770
20062
20214
20275
20785
20868
20968
21298
21424
21473
21491
21527
21758
21831
21884
21951
22050
22119
22198
22250
22580
22811
23069
23304
23418
23444
23463
23476
23677
23975
24207
24359
24454
24479
24713
24756
24864
24941
25198
25259
25555
25621
25657
25759
27141
27157
27237
27281
27390
27639
27714
27759
27768
27837
27940
28271
28400
28577
28681
28723
28978
29462
29558
29570
29594
29618
29872
29966
30010
30166
30223
30268
30310
30322
30508
30600
30700
30778
30973
31070
31077
31117
31487
32006
32229
32239
32463
32711
32721
32748
32872
33402
33409
33432
33692
33958
34514
34615
34695
34865
35019
35106
35132
35271
35661
35823
36631
36649
36756
36796
36843
36894
36927
37101
37231
37253
37601
37799
38092
38382
38661
38805
38843
39027
39307
39771
39780
39956
40860
40872
41186
41234
41278
41557
41572
41666
41765
42156
42238
42498
42990
43107
43451
43624
43642
43977
44016
44043
44074
44238
44746
44793
44964
45086
45238
46157
46264
46293
46433
46451
46567
46582
Number of cuts: 255

RGL3
8
175
232
551
588
638
920
949
985
1050
1208
1335
1918
2233
2278
2581
2754
2908
2992
3212
3304
3315
3342
3551
3576
3615
3648
3912
4230
4566
4614
4910
5003
5132
5146
5438
5462
5489
5564
5582
5618
5630
5897
6020
6558
6688
6919
6928
7172
7191
8193
8292
8391
8673
8949
9036
9054
9144
9345
9637
9688
9802
9937
10612
10678
10851
11228
11265
11337
11550
11888
12460
12477
13144
13156
13456
13522
13714
13756
13903
13981
14047
14053
14323
14368
14428
14632
14764
14815
14893
14902
15283
15304
15364
15678
15690
15726
15796
15884
15942
16149
16204
16232
16299
16928
17080
17114
17186
17462
17470
17574
17727
17738
17801
18492
18726
18920
19061
19115
19127
19252
19325
19416
19605
19620
19626
19871
20001
20226
20256
20391
20781
20955
21025
21105
21207
21360
21378
22175
22432
22536
22700
22730
22952
23010
23042
23255
23342
23675
23865
24127
24447
24455
24717
24911
24968
25210
25351
25658
25710
26180
26445
26537
26558
26666
26696
26720
26762
26854
26861
26902
26915
27076
27330
27573
27635
27680
27869
27905
28085
28101
28193
28262
28277
28346
28505
28704
28715
28793
28823
28896
29228
29279
29300
29506
29601
29610
29682
29886
30048
30112
30437
30461
30485
30862
30880
30907
30949
30961
31057
31147
31239
31417
31435
31519
31534
31709
31771
31801
31891
32126
32335
32365
32560
32608
32645
32865
32875
32930
33010
33072
33078
33111
33152
33336
33363
33531
33882
34286
34342
34561
34696
34849
34870
35157
35245
35608
35749
35903
35916
36057
36552
36648
36885
36891
36933
36981
37047
37077
37101
37720
37858
37891
38053
38101
38234
38579
38738
38777
39070
39145
39565
39634
39688
39700
39808
40257
40339
40558
40586
40598
40734
41038
41216
41759
41774
41786
41881
41908
41953
42136
42471
42606
42630
43009
43050
43154
43706
43808
44049
44253
44268
44496
44538
45022
45094
45197
45215
45385
45439
45629
45793
45973
46303
46350
46394
46564
46700
46753
46999
47033
47108
47255
47445
47521
47541
47721
47782
47813
47866
47956
48027
Number of cuts: 332

Rhodalysa
8
49
397
651
831
934
963
982
1003
1384
1919
2205
2276
2384
2406
2579
3302
3549
3574
3878
3910
4564
4612
5436
5460
5562
5616
5628
5638
6018
6060
6565
6695
6929
6938
7181
7200
8302
8401
9070
9088
9178
9278
10015
10034
10463
10475
10709
10876
11190
11257
11294
11365
11910
12422
12703
12768
13331
13631
13665
13829
13859
14036
14090
14456
14635
14744
14756
15146
15206
15632
15720
16040
16068
16320
16332
16707
17022
17112
17413
17451
17898
18331
18564
18588
18911
18965
18977
19102
19710
19739
20031
20183
20244
20754
20837
20937
21267
21393
21442
21460
21496
21800
21853
22019
22088
22167
22219
22549
22780
23038
23273
23326
23387
23413
23432
23445
23646
23944
24176
24328
24423
24448
24682
24725
24833
24910
25167
25228
25524
25590
25626
25698
25728
27110
27126
27206
27250
27359
27608
27683
27728
27737
27806
27909
28240
28369
28546
28650
28692
29046
29069
29431
29527
29539
29563
29587
29841
29935
29979
30135
30192
30237
30279
30291
30477
30569
30669
30747
30927
30942
31039
31046
31086
31392
31456
31975
32198
32208
32432
32680
32690
32717
32841
33371
33378
33401
33661
33927
34483
34584
34664
34834
34988
35075
35101
35240
35630
35792
36600
36618
36725
36765
36812
37070
37200
37222
37570
37768
38061
38351
38455
38630
38774
39231
39276
39743
39752
39928
39991
40660
40816
41156
41204
41248
41527
41542
41636
41735
42126
42208
42468
42960
43077
43421
43594
43612
43947
43986
44013
44044
44208
44716
44763
44934
45056
45208
45258
46127
46234
46263
46403
46420
46536
46551
Number of cuts: 255

StCroix
8
49
397
651
831
934
963
982
1003
1384
1919
2205
2276
2384
2406
2579
3302
3549
3574
3878
3910
4306
4564
4612
5436
5460
5562
5616
5628
5638
6018
6060
6565
6695
6929
6938
7181
7200
8302
8401
9070
9088
9178
9278
10015
10034
10463
10475
10709
10876
11190
11257
11294
11365
11910
12042
12422
12703
12768
13331
13631
13665
13829
13859
14036
14090
14456
14635
14744
14756
15146
15206
15632
15720
16040
16068
16320
16332
16707
17022
17112
17413
17451
17898
18331
18564
18588
18911
18965
18977
19102
19710
19739
20031
20183
20244
20736
20754
20837
20937
21267
21393
21442
21460
21496
21800
21853
21920
22019
22082
22562
22793
23051
23286
23400
23426
23445
23458
23659
23957
24189
24341
24436
24461
24695
24738
24846
24923
25180
25241
25537
25603
25639
25711
25735
25741
26368
27123
27139
27219
27263
27372
27621
27696
27741
27750
27819
27922
28253
28382
28559
29059
29082
29444
29540
29552
29576
29600
29854
29948
29992
30148
30205
30250
30292
30304
30490
30582
30682
30760
30940
30955
31052
31059
31099
31405
31469
31988
32211
32221
32445
32693
32703
32730
32854
33384
33391
33414
33674
33940
34496
34597
34677
34847
35001
35088
35114
35253
35643
35805
36622
36640
36747
36787
36834
37092
37222
37244
37592
37790
38083
38373
38477
38652
38796
39298
39765
39774
39950
40013
40682
40852
40864
41178
41226
41270
41549
41564
41658
41757
42148
42230
42490
42982
43099
43443
43616
43634
43969
44008
44035
44066
44230
44738
44785
44956
45078
45230
45280
46149
46256
46285
46425
46443
46559
46574
Number of cuts: 256

Swann
8
49
397
651
831
934
963
982
1003
1384
1919
2205
2276
2384
2406
2579
3302
3549
3574
3878
3910
4564
4612
5436
5460
5562
5616
5628
5638
6018
6060
6565
6695
6929
6938
7181
7200
8302
8401
9070
9088
9178
9278
10015
10034
10463
10475
10709
10876
11190
11257
11294
11365
11910
12422
12703
12768
13331
13631
13665
13829
13859
14036
14090
14456
14635
14744
14756
15146
15206
15632
15720
16040
16068
16320
16332
16707
17022
17112
17413
17451
17898
18260
18331
18564
18588
18911
18965
18977
19102
19710
19739
20031
20183
20244
20736
20754
20837
20937
21267
21393
21442
21460
21496
21727
21800
21853
21920
22019
22088
22167
22219
22549
22780
23038
23273
23326
23387
23413
23432
23445
23646
23944
24176
24328
24423
24448
24682
24725
24833
24910
25167
25228
25524
25590
25626
25728
27110
27126
27206
27250
27359
27608
27683
27728
27737
27806
27909
28240
28369
28546
28650
28692
28947
29046
29429
29525
29537
29561
29585
29839
29933
29977
30133
30190
30235
30277
30289
30475
30567
30667
30745
30925
30940
31037
31044
31084
31390
31454
31973
32196
32206
32430
32678
32688
32715
32839
33369
33376
33399
33659
33925
34481
34582
34662
34832
34986
35073
35099
35238
35628
35790
35939
36598
36616
36723
36763
36810
37068
37198
37220
37568
37766
38059
38349
38453
38628
38772
39229
39274
39741
39750
39926
39989
40658
40814
41154
41202
41246
41525
41540
41634
41733
42124
42206
42466
42958
43075
43419
43592
43610
43945
43984
44011
44042
44206
44714
44761
44932
45054
45206
45256
46126
46233
46262
46402
46420
46536
46551
Number of cuts: 259

Takoda
8
49
100
178
397
646
826
929
958
997
1377
1911
2268
2398
2571
3202
3294
3541
3566
3605
3870
3902
4166
4298
4556
4604
5122
5428
5554
5608
5620
5887
6010
6542
6672
6906
6915
6997
7158
7177
8195
8294
8372
8480
9030
9048
9138
9189
9238
9975
9994
10423
10435
10669
10836
11217
11254
11325
11583
11870
12002
12382
12663
12728
12913
13291
13591
13625
13789
13996
14146
14383
14485
14595
14641
14704
14716
15106
15166
15592
15680
16000
16028
16280
16667
16724
16862
16982
17038
17072
17373
17411
17858
18291
18524
18548
18608
18871
18925
18937
19062
19430
19670
20121
20132
20187
20237
20300
20564
20714
20797
20982
21227
21420
21438
21687
21760
21813
21931
21979
22048
22521
22752
23010
23169
23245
23298
23359
23404
23417
23618
23917
24149
24301
24381
24421
24655
24698
24806
24883
25140
25201
25497
25563
25599
25671
25695
25701
25892
26328
26867
27083
27099
27179
27197
27223
27332
27491
27581
27701
27710
27882
28213
28342
28519
28623
28665
28920
29019
29404
29500
29512
29536
29560
30042
30099
30117
30144
30186
30198
30476
30576
30849
30946
30953
30993
31299
31363
31882
32115
32188
32243
32413
32624
32745
33275
33305
33528
33729
33835
34101
34666
34767
35017
35171
35258
35284
35423
35813
35975
36124
36801
36908
36995
37079
37196
37383
37405
37753
37951
38244
38534
38813
39167
39179
39414
39432
39459
39606
39891
39928
39937
39959
40113
41014
41026
41340
41388
41432
41710
41725
41819
41918
42516
42916
43406
43750
43923
43941
44003
44273
44339
44435
44534
45042
45089
45268
45497
46340
46447
46476
46632
46747
46762
Number of cuts: 264

Trina
1393
3020
3123
4216
5008
8864
9013
9801
10477
14395
14697
15766
15888
16094
17105
17213
19549
19770
21157
22334
23424
23871
24767
25136
26548
27077
27748
28305
28421
28609
29041
29245
30150
31068
31345
32005
33150
33541
33761
36011
36045
38483
38582
38858
39131
40955
41655
43236
44171
44708
46523
46596
47395
49323
49643
49878
50067
50091
50460
51002
51101
51454
51518
52003
53710
54778
55663
55674
56370
57105
57552
57720
58319
58587
59601
60533
61314
62532
62709
63695
63735
64905
64962
65633
65654
66432
66792
67239
67246
68229
68955
69738
69801
69864
70014
70344
70428
70542
73076
73172
75779
76395
78956
79099
80727
81418
81429
83550
84350
85104
86025
86133
86676
87654
87985
87998
88249
88648
89841
90012
90752
90855
91127
91444
91704
92469
93091
95872
96912
97752
98386
98828
99240
99732
100143
100584
102924
103046
104385
104499
105825
106007
106471
106616
107159
107618
109003
109390
109838
110857
111076
111216
111235
111617
111843
112054
112413
113129
113597
113639
113792
113855
113904
114694
115304
115672
116294
116386
116697
120453
121151
123777
125666
127311
127514
128566
128717
128991
130474
133796
134134
134193
137795
Number of cuts: 183

TWAMP
8
49
397
651
831
934
963
982
1003
1384
1919
2205
2276
2384
2406
2579
3302
3549
3574
3878
3910
4564
4612
5436
5460
5562
5616
5628
5638
6018
6060
6565
6695
6929
6938
7181
7200
8302
8401
9070
9088
9178
9278
10015
10034
10463
10475
10709
10876
11190
11257
11294
11365
11910
12422
12703
12768
13331
13631
13665
13829
13859
14036
14090
14456
14635
14744
14756
15146
15206
15632
15720
16040
16068
16320
16332
16707
17022
17112
17413
17451
17898
18331
18564
18588
18911
18965
18977
19102
19710
19739
20031
20183
20244
20754
20837
20937
21267
21393
21442
21460
21496
21800
21853
22019
22088
22167
22219
22549
22780
23038
23273
23326
23387
23413
23432
23445
23646
23944
24176
24328
24423
24448
24682
24725
24833
24910
25167
25228
25524
25590
25626
25698
25728
27110
27126
27206
27250
27359
27608
27683
27728
27737
27806
27909
28240
28369
28546
28650
28692
29046
29069
29431
29527
29539
29563
29587
29841
29935
29979
30135
30192
30237
30279
30291
30477
30569
30669
30747
30927
30942
31039
31046
31086
31392
31456
31975
32198
32208
32432
32680
32690
32717
32841
33371
33378
33401
33661
33927
34483
34584
34664
34834
34988
35075
35101
35240
35630
35792
36600
36618
36725
36765
36812
37070
37200
37222
37570
37768
38061
38351
38455
38630
38774
39231
39276
39743
39752
39928
39991
40660
40816
41156
41204
41248
41527
41542
41636
41735
42126
42208
42468
42960
43077
43421
43594
43612
43947
43986
44013
44044
44208
44716
44763
44934
45056
45208
45258
46127
46234
46263
46403
46420
46536
46551
Number of cuts: 255

UhSalsa
8
49
397
651
831
934
963
982
1003
1384
1919
2205
2276
2384
2406
2579
3302
3549
3574
3878
3910
4306
4564
4612
5436
5460
5562
5616
5628
5638
6018
6060
6565
6695
6929
6938
7181
7200
8302
8401
9070
9088
9178
9278
10015
10034
10463
10475
10709
10876
11190
11257
11294
11365
11623
11910
12042
12422
12703
12768
13331
13631
13665
13829
13859
14036
14090
14456
14635
14744
14756
15146
15206
15632
15720
16040
16068
16320
16332
16707
17022
17112
17413
17451
17898
18260
18331
18564
18588
18911
18965
18977
19102
19710
19739
20031
20183
20244
20754
20837
20937
21267
21393
21442
21460
21496
21727
21800
21853
21920
22019
22088
22167
22219
22549
22780
23038
23273
23387
23413
23432
23445
23646
23944
24177
24329
24424
24449
24683
24726
24834
24911
25168
25229
25525
25591
25627
25699
25729
27111
27127
27207
27251
27360
27609
27684
27729
27738
27807
27910
28241
28370
28547
28651
28693
28948
29047
29430
29526
29538
29562
29586
30125
30143
30170
30212
30224
30410
30502
30602
30680
30860
30875
30972
30979
31019
31259
31325
31389
31908
32131
32141
32365
32613
32623
32650
32774
33304
33311
33334
33594
33860
34425
34526
34606
34776
34930
35017
35043
35182
35572
35734
36542
36560
36667
36707
36754
36805
36838
37012
37142
37164
37512
37710
38003
38293
38572
38716
38754
38938
39218
39682
39691
39867
40771
40783
41097
41145
41189
41468
41483
41577
41676
42067
42149
42409
42901
43018
43362
43535
43553
43888
43927
43954
43985
44149
44657
44704
44875
44997
45149
45199
46068
46175
46204
46344
46363
46479
46494
Number of cuts: 259

Weasels2
870
1037
1361
2454
4538
5128
5462
5737
6656
7582
8155
8283
9137
9242
11154
12190
14121
14766
15611
16164
16849
18536
18878
19462
20511
23499
23557
23631
23904
24808
25838
25935
26432
26445
28131
28243
28258
28270
28642
29478
30003
30294
30921
31810
31897
34188
34299
36784
37455
38897
40011
40502
41314
42702
43823
44102
46365
46455
47985
48039
48153
48192
49143
49899
50315
51598
51625
51731
52034
52426
52721
52814
54113
54721
55390
55773
55779
55816
60228
60552
63462
64844
65108
66890
69191
70875
71218
71831
72072
72246
76258
76609
80282
81737
83233
83622
84232
84379
85195
85278
85759
88645
89521
89713
92530
92833
97709
97859
99042
100484
101189
101213
101670
102349
102729
105371
108924
109382
110237
110801
111030
111149
111359
112022
113959
114336
115469
115562
116055
116097
117378
118106
118788
118884
120260
121571
121690
122704
123496
123722
129299
129856
130065
131329
131457
132575
132742
133066
134159
Number of cuts: 149

Yogi
8
49
397
651
831
934
963
982
1003
1384
1919
2205
2276
2384
2406
2579
3210
3302
3358
3574
3613
3721
3878
3883
3910
4102
4306
4564
4612
5436
5460
5562
5616
5628
6018
6550
6680
6742
6914
6923
7166
7185
8203
8302
8380
8488
8951
9017
9038
9056
9146
9197
9246
9582
9983
10431
10443
10635
10677
10713
10850
11231
11268
11339
11597
11884
12016
12396
12677
12742
12927
13305
13605
13639
13803
14010
14133
14430
14499
14609
14718
14730
15120
15180
15606
15694
16014
16042
16294
16681
16738
16752
16876
16996
17086
17387
17425
17932
18305
18538
18562
18885
18939
18951
19076
19149
19270
19444
19684
20146
20728
20811
20911
21196
21331
21434
21452
21470
21520
21701
21774
21813
21827
21894
21945
21993
22062
22141
22193
22523
22895
23012
23171
23247
23361
23387
23406
23419
23620
23918
24150
24302
24382
24397
24422
24699
24807
24884
25141
25202
25498
25564
25600
25672
25696
26329
27084
27100
27333
27582
27657
27702
27711
27780
27883
28214
28343
28520
28615
28624
28666
28921
29020
29501
29513
29537
29561
29815
29909
29953
30109
30166
30253
30265
30451
30543
30643
30721
30901
30916
31013
31020
31060
31300
31366
31430
31949
32172
32182
32406
32654
32664
32691
32815
33345
33352
33375
33635
33901
34454
34555
34635
34805
34959
35046
35072
35211
35601
35763
36404
36969
37076
37116
37163
37214
37247
37421
37551
37573
37921
38119
38412
38702
38712
38981
39163
39335
39582
39600
39627
40094
40103
40125
40279
41011
41167
41507
41555
41599
41878
41893
41987
42086
42819
43311
43428
43772
43945
43963
44337
44364
44460
44559
45067
45114
45285
45407
45559
45609
46463
46485
46510
46570
46598
46737
46754
46870
46885
Number of cuts: 278

Yoncess
8
49
397
651
831
934
963
982
1003
1384
1919
2205
2276
2384
2406
2579
3210
3302
3358
3574
3613
3721
3878
3883
3910
4102
4174
4306
4564
4612
5436
5460
5562
5616
6018
6550
6680
6742
6914
6923
7166
7185
8203
8302
8380
8488
8951
9038
9056
9146
9197
9246
9582
9983
10431
10443
10635
10677
10713
10850
11231
11268
11339
11597
11884
12016
12396
12677
12742
12927
13305
13605
13639
13803
14010
14430
14499
14609
14718
14730
15120
15180
15606
16014
16042
16294
16681
16738
16752
16876
16996
17086
17387
17425
17932
18305
18538
18562
18885
18939
18951
19076
19149
19270
19444
19684
20146
20314
20728
20811
20911
21196
21215
21241
21331
21416
21434
21470
21774
21813
21827
21894
21945
21993
22062
22142
22194
22524
23013
23172
23248
23301
23362
23388
23407
23420
23621
23919
24151
24303
24398
24423
24657
24700
24808
24885
25142
25203
25499
25565
25601
25673
25697
26330
27101
27181
27334
27658
27703
27712
27781
27884
28215
28344
28521
28616
28625
28667
28922
29021
29406
29502
29514
29538
29562
29889
29946
30033
30045
30231
30323
30423
30501
30681
30696
30793
30800
30840
31080
31146
31210
31729
31952
31962
32186
32434
32444
32471
32595
33125
33132
33155
33415
33681
34237
34338
34418
34588
34742
34829
34855
34994
35384
35546
36354
36372
36479
36519
36566
36617
36650
36824
36954
36976
37324
37522
37815
38105
38115
38384
38738
38985
39003
39030
39497
39506
39682
39745
40414
40570
40910
40958
41002
41282
41297
41391
41490
41884
41966
42226
42718
42836
43180
43353
43371
43706
43724
43745
43772
43803
43967
44475
44522
44693
44815
44967
45017
45886
45908
45993
46022
46160
46177
46293
46308
Number of cuts: 275

