Alatin
705
1087
1105
2951
3946
4259
9863
10808
14087
14300
14474
15865
17043
20995
23088
24575
24587
25133
26026
30653
33875
34484
38484
41724
42065
43748
44279
44465
46111
46134
Number of cuts: 30

Alpacados
705
1087
1105
2913
4221
4930
10744
14236
14410
15801
16979
17402
20931
21685
22957
24444
24456
25002
25931
28743
29283
33780
34386
36108
41888
43571
44102
44288
45006
45934
45957
Number of cuts: 31

AngryOrchard
700
1080
1098
2896
4204
9776
10727
14219
14393
15784
16962
19188
19545
22952
23492
24440
24452
24998
25891
27420
29242
30451
32510
33940
34546
42499
43495
44321
44507
46039
46062
Number of cuts: 31

AppleCloud
500
880
898
3968
10461
12042
12693
14153
14265
14439
15830
17008
20960
21714
22485
22990
24450
24462
25008
25901
27431
30383
33599
34132
35933
40115
41782
43465
43996
44182
45828
45851
Number of cuts: 32

Belenaria
705
1087
1105
2951
3946
4259
9863
10808
14087
14300
14474
15865
17043
20995
23021
24509
24521
25067
25960
28772
33741
34359
36081
40263
41930
43613
44144
44330
45976
45999
Number of cuts: 30

BobbyDazzler
705
1087
1105
3022
4330
5039
10853
14345
14519
15910
17088
17511
21040
21794
23067
24554
24566
25112
26005
28817
29357
33854
34463
36185
40288
41695
42036
43719
44250
44436
46082
46105
Number of cuts: 32

Bonanza
705
1087
1105
2951
4259
4968
10782
14274
14448
15839
17017
17440
20969
21723
22995
24482
24494
25040
25933
28745
29285
33782
34388
36110
40593
41999
42340
44023
44554
44740
45458
46371
46394
Number of cuts: 33

Bradshaw
705
1087
1105
2951
3946
4259
9863
10808
14087
14300
14474
15865
17043
20995
23021
24508
24520
25066
25959
30586
33808
34417
38417
41657
41998
43681
44212
44398
46067
Number of cuts: 29

Bryce
705
1087
1105
2951
4259
4968
10782
14274
14448
15839
17017
17440
20969
21723
22996
24483
24495
25041
25934
27464
28746
29286
33562
34171
35893
39794
39996
41403
41744
43427
43958
44144
45790
45813
Number of cuts: 34

ChewyVIII
966
3439
3891
3969
5108
5444
5567
5881
7279
7692
7807
9196
9488
11727
12140
12479
13253
14334
14813
16663
17190
17924
18207
18556
18577
18990
20516
20996
22196
23035
23167
23336
24668
24719
24845
25061
26129
26696
26828
28349
28751
29444
29815
29845
30262
30492
30950
31603
31634
33570
33805
33892
34710
35919
36589
36873
37563
38262
39285
39657
39869
40171
40411
41268
42570
42594
42615
42660
43061
43111
44182
45650
48114
48446
49417
50761
51239
51548
52049
52663
53722
54434
54703
56116
56455
56605
57052
57391
58944
60984
61014
62713
63370
63461
66209
Number of cuts: 95

CosmicSans
705
1087
1105
2951
3946
4259
9863
10808
14087
14300
14474
15865
17043
20995
23021
24508
24520
25066
25959
30586
33808
34417
36139
38408
41989
43672
44203
44389
46035
46058
Number of cuts: 30

Dinger
702
1082
1100
4255
9827
10778
14270
15835
17013
20965
21719
23004
23544
24492
24504
25050
25943
27473
30455
32514
33941
34559
42517
43513
43940
44339
44525
46081
Number of cuts: 28

DocB7
1875
2794
3244
5031
6238
9000
9371
12186
12364
12757
14345
15561
15689
21883
22561
22798
23197
23334
24562
26985
27076
29686
32397
34861
34977
36887
39499
43108
43728
45220
46207
46868
47004
48014
52338
57801
58288
58522
58631
60936
61452
61628
62209
63009
66825
67255
67315
67696
69718
70545
71551
72118
Number of cuts: 52

E3
95
376
712
834
1813
2193
3222
3517
3663
3924
5289
5435
6766
8639
8702
9085
9403
10087
10397
10979
11343
12168
12763
14077
16904
17421
17805
17935
18394
18603
19554
19881
20074
20603
20965
21601
21848
23401
24055
24353
24776
24814
25411
25776
25870
25908
25933
26743
27306
27828
28059
28784
28833
29413
30715
31469
31871
32485
33351
33402
33447
34434
35305
35545
36985
37828
38428
39350
39411
39461
39540
39554
39746
39951
42234
42884
43749
43764
44217
44490
44780
45202
45295
45742
46632
47847
47997
48208
49747
50339
50465
51169
53393
54078
54275
54667
55367
55411
55480
55492
56294
56642
57320
57329
58426
58510
58928
59118
59246
59858
60029
60752
62020
62581
62897
63392
65150
65275
65633
66016
66325
68576
69662
69711
70059
70078
70135
70797
72190
72250
72454
72777
73419
73533
73959
74587
74640
74842
74887
76533
76934
77022
77474
78027
79096
79222
80020
80184
80319
81787
81925
82135
82489
82893
83397
83754
83965
84097
84119
84224
84238
84612
85041
85292
86279
89114
89878
89911
89980
90958
91635
92112
93147
93580
93733
93781
93964
94723
95057
95293
95635
95644
95712
96368
96744
97214
97926
98043
98049
99410
100068
100995
101176
101408
101819
102663
104978
105313
105612
106291
106993
107105
107321
107618
107709
107763
108014
108373
110086
111737
111812
112486
112523
113666
116668
116722
118022
118177
118450
118465
120136
120578
121332
121499
121545
121964
122219
122866
123934
125069
125332
125857
126027
126182
126487
127148
127327
128955
129161
129317
130362
131415
131423
131469
131552
132107
132911
132958
133166
134413
136097
136436
136482
137684
138896
139559
140170
141227
141663
141803
Number of cuts: 260

Erik
705
1087
1105
2951
3946
4259
9862
10807
14086
14299
14473
15864
17042
20994
23020
24506
24518
25064
25957
28769
33740
34349
36071
38340
41820
43503
44034
44220
45866
45889
Number of cuts: 30

Espica
705
1087
1105
2951
3946
4259
9863
10808
14087
14300
14474
15865
17043
20995
23021
24509
24521
25067
25960
28772
33741
34359
36081
40263
41930
43613
44144
44330
45976
45999
Number of cuts: 30

Finch
104
1056
6098
6457
10460
10504
11088
11172
16626
17705
18288
19235
21357
21852
24925
26597
28155
28198
30760
31447
31931
32936
34283
39354
40153
40947
41590
44530
45085
45688
49728
49811
52464
56766
56853
57012
61270
62646
64738
67327
68236
69017
69192
70530
71854
72028
74274
80338
81589
84685
84900
88019
90813
92545
93543
96608
98211
100235
101645
102140
102449
103674
104834
105164
109156
109451
112235
113292
114330
115215
115434
116408
117903
120167
123586
130759
131104
133824
134397
135959
Number of cuts: 80

Gollum
705
1087
1105
2951
3946
4259
9863
10808
14087
14300
14474
15865
17043
20995
23021
24508
24520
25066
25959
28771
30584
33806
34415
36137
41931
43614
44145
44331
45977
46000
Number of cuts: 30

Grayson
2515
4586
18080
19893
34115
44125
48158
48660
74983
79786
82096
83815
88886
92575
101702
104651
116424
131416
Number of cuts: 18

Harlequin
705
1087
1105
2951
4259
10758
14250
14424
15815
16993
17416
20945
21753
23026
24513
24525
25071
25964
27494
28776
29316
33592
34201
35923
37833
41438
41779
43462
43993
44179
45825
45848
Number of cuts: 32

Hiro
705
1087
1105
2951
4259
4968
10752
12333
14444
14556
14730
16121
17299
21251
22005
22776
23281
24768
24780
25326
26219
29031
29571
34068
34677
36399
41909
42250
43933
44464
44650
46296
46319
Number of cuts: 33

Jace
671
1097
1148
1181
1277
1309
1796
2239
2473
3532
3654
3699
4234
4247
4635
5225
5552
6218
6757
6915
7171
8427
8589
8603
9035
10665
10991
11588
13149
13425
13657
13751
13901
14390
14718
14776
14866
16798
16975
18048
18675
18777
20256
21975
22175
22210
22345
23001
23303
23795
24754
24983
25606
26495
26528
26705
27050
27379
27567
27809
28164
28391
29532
29737
30043
30257
31157
31515
32339
32549
32719
33800
36217
36878
38871
39774
40425
41085
41372
42216
42319
42495
42578
42653
42783
42837
43123
43498
44060
44096
44168
44219
44848
44986
45096
45185
45763
45797
46353
46679
46727
49029
49116
49738
49953
50246
51013
51409
51770
52953
52998
53479
Number of cuts: 112

Jester
705
1087
1105
2951
4259
10752
14244
14418
15809
16987
20939
21693
22957
24444
24456
25002
25895
27425
28707
29247
33523
34132
35854
37764
41369
41710
43393
43924
44110
45756
45779
Number of cuts: 31

Krishelle
705
1087
1105
2951
3946
4259
10767
12348
12999
14459
14571
14745
16136
17314
21266
22056
22827
23332
24792
24804
25350
26243
27773
30946
34168
34777
38777
42017
42358
44041
44572
44758
46417
Number of cuts: 33

Lillie
705
1087
1105
2951
3946
4259
9863
10808
14087
14300
14474
15865
17043
20995
23021
24508
24520
25066
25959
30586
33808
34417
36139
38408
41989
43672
44203
44389
46035
46058
Number of cuts: 30

Mahdia
Number of cuts:  0

Naiad
705
1087
1105
2951
3946
4259
9863
10808
14087
14300
14474
15865
17043
20995
23034
24521
24533
25079
25972
30599
33821
34430
38430
41670
42011
43694
44225
44411
46057
46080
Number of cuts: 30

Nancinator
705
1087
1105
2951
3946
4259
9863
10808
14087
14300
14474
15865
17043
20995
23021
24509
24521
25067
25960
28772
33741
34359
36081
41328
43011
43542
43728
45374
45397
Number of cuts: 29

Natosaleda
705
1087
1105
2951
3946
4259
9863
10808
14087
14300
14474
15865
17043
20995
23021
24508
24520
25066
25959
28771
33740
34358
36080
40262
41929
43612
44143
44329
45967
45990
Number of cuts: 30

Partridge
700
1080
1098
4318
9890
10841
14333
15898
17076
21028
21782
23067
23607
24555
24567
25113
26042
27572
30746
32402
34097
34715
42671
43859
44685
44871
46403
46426
Number of cuts: 28

Pepy6
673
969
2513
2774
3278
4119
6017
6040
9298
11115
11360
11463
11929
16325
17085
17986
19071
19746
20338
22578
23562
25389
26875
27611
28231
28571
28664
33508
34188
34317
34990
36157
42916
43509
44455
45707
46493
46770
48846
49436
50330
54337
54707
55157
56445
57230
57581
57622
58926
59229
59805
60708
62479
64160
65271
65901
66030
66378
67243
67527
68564
69028
69548
71461
73184
74845
75319
Number of cuts: 67

Peregrin
5575
18141
29948
42905
46938
58055
62723
64396
71763
83413
88018
93546
107967
112747
117232
127722
Number of cuts: 16

Phrankenstein
705
1087
1105
2951
3946
4259
9863
10808
14087
14300
14474
15865
17043
17438
20995
22967
24454
24466
25012
25905
28717
30532
33754
34363
36085
38354
41935
43618
44149
44335
45981
46004
Number of cuts: 32

Pine5
262
1728
1875
2589
3374
3500
3626
4550
5026
5764
6576
7248
8133
8301
8472
8601
10077
10857
11921
12050
12822
12860
13452
13674
14515
15323
15664
15952
17631
18249
21131
21338
22088
22478
24065
24131
24248
24260
24362
25001
25520
25544
25568
25734
26548
26803
29295
29709
29739
31364
34235
35121
36319
36762
37173
37314
37563
38460
39042
39360
39671
40602
41975
42370
42778
45007
45590
46618
47389
47560
49336
50354
51212
52619
52715
53819
55291
55971
56226
56279
56744
Number of cuts: 81

Poco6
599
673
969
1476
2129
3518
3810
4574
4690
4760
5525
6366
7802
7839
7875
10065
10744
13634
14545
20725
20812
21768
22149
22360
23515
25575
27402
33873
34695
35533
35677
36213
36339
37012
37054
38179
39365
40747
40751
41091
43035
43098
44186
45185
45272
45335
47469
47707
48770
48972
50361
50945
51842
54858
55845
56215
56665
58526
59177
59323
59776
60102
60336
60977
62428
62592
64461
64932
66018
68450
68685
69239
69413
69800
71486
72724
73673
74446
75013
75974
Number of cuts: 80

Rasputin
705
1087
1105
2951
3946
4259
4968
10579
10777
14269
14443
15834
17012
17435
20964
21718
22991
23531
24479
24491
25037
25930
28742
29282
33779
34388
36110
38379
41960
43643
44174
44360
46006
46029
Number of cuts: 34

RER2
705
1087
1105
2951
3946
4259
9863
10808
14087
14300
14474
15865
17043
20995
23021
24508
24520
25066
25959
28771
29311
30586
33808
34417
38408
41989
43672
44203
44389
46035
46058
Number of cuts: 31

RexFury
736
1118
1136
2982
3977
4290
9894
10839
14118
14331
14505
15896
17074
21026
23052
24539
24551
25097
25990
28802
29342
33839
34448
36170
40352
42019
43702
44233
44419
46065
46088
Number of cuts: 31

RGL3
691
2953
3531
3948
4970
5649
6307
7492
10003
10579
10783
13040
13267
14080
14146
14656
15124
17627
19449
21279
23652
23953
24870
24996
29813
31256
32165
34751
35333
35510
38503
39058
40881
43563
44977
45923
46649
47379
Number of cuts: 38

Rhodalysa
705
1087
1105
2951
3946
4259
9863
10808
14087
14300
14474
15865
17043
20995
23021
24508
24520
25066
25959
30586
33808
34417
36139
38408
41989
43672
44203
44389
46035
46058
Number of cuts: 30

StCroix
705
1087
1105
2951
3946
4259
9863
10808
14087
14300
14474
15865
17043
20995
23034
24521
24533
25079
25972
30599
33821
34430
38430
41670
42011
43694
44225
44411
46057
46080
Number of cuts: 30

Swann
705
1087
1105
2951
3946
4259
9863
10808
14087
14300
14474
15865
17043
20995
23021
24508
24520
25066
25959
28771
30584
33806
34415
38406
41987
43670
44201
44387
46033
46056
Number of cuts: 30

Takoda
700
1080
1098
2943
4251
9823
10768
14260
14434
15825
17003
19229
19586
22993
23533
24481
24493
25039
27462
29284
30493
32552
33982
34600
42553
43703
44529
44715
46248
46271
Number of cuts: 30

Trina
20991
21764
36920
64601
72937
73768
98119
113252
117044
Number of cuts:  9

TWAMP
705
1087
1105
2951
3946
4259
9863
10808
14087
14300
14474
15865
17043
20995
23021
24508
24520
25066
25959
30586
33808
34417
36139
38408
41989
43672
44203
44389
46035
46058
Number of cuts: 30

UhSalsa
705
1087
1105
2951
3946
4259
9863
10808
14087
14300
14474
15865
17043
20995
23021
24509
24521
25067
25960
28772
33741
34359
36081
40263
41930
43613
44144
44330
45976
45999
Number of cuts: 30

Weasels2
2864
42196
45934
48989
66665
81658
87988
103548
108612
120696
134569
Number of cuts: 11

Yogi
705
1087
1105
2951
4259
4968
10782
14274
14448
15839
17017
17440
20969
21723
22995
24482
24494
25040
25933
28745
29285
33782
34388
36110
40593
41999
42340
44023
44554
44740
45458
46371
46394
Number of cuts: 33

Yoncess
705
1087
1105
2951
4259
4968
10782
14274
14448
15839
17017
20969
21723
22996
24483
24495
25041
25934
28746
29286
33562
34171
35893
39996
41403
41747
43431
43962
44148
45794
45817
Number of cuts: 31

