Alatin
19
184
1109
1167
1370
1465
1902
1929
2017
2368
2470
2578
3016
3128
3222
3372
3837
3918
4371
4434
4479
4830
4919
5497
5807
6176
6292
6491
6507
6955
6995
7872
8096
8118
8390
8922
9168
9439
9596
9892
10060
10096
10443
10507
11361
11855
11885
11909
12173
12430
12480
13341
13719
14112
14735
15021
15166
15855
15921
15939
16239
16457
16496
16500
16596
16675
16682
17385
17636
17692
17816
18153
18222
18474
18518
19906
20160
20297
20381
20423
20648
20672
20826
20856
20921
21038
21085
21139
21583
21598
21723
21734
21759
21915
21996
22042
22081
22101
22373
22488
23042
23187
23693
23964
24107
24144
24374
24863
25262
25367
25463
25624
26246
26379
26412
26452
26712
26806
26828
27187
27191
27618
27732
28164
28470
28741
29405
29441
29567
29700
29971
30001
30038
30059
30172
30196
30292
30502
30601
31112
31657
32057
32080
32084
32170
32254
32341
33019
33621
33727
33761
33922
34000
34216
34569
35043
35133
35157
35256
35292
35431
35530
36468
36721
36791
36860
36954
37322
37462
37700
37765
37901
38116
38588
38841
39066
39078
39108
39138
39351
39360
39454
39648
39742
39943
40054
40078
40096
40229
40372
41365
41820
42055
42124
42213
42222
42318
42471
42699
42742
42820
43395
43587
44317
44345
45024
45333
45760
45874
46287
46300
46464
46478
46600
46652
Number of cuts: 215

Alpacados
19
184
1109
1167
1370
1465
1970
2116
2330
2432
2540
3184
3334
3799
3880
4333
4396
4792
4881
5410
5459
5769
6138
6345
6454
6476
6902
6942
8043
8065
8137
8358
8740
8852
9072
9098
9254
9369
9990
10026
10120
10253
10437
10457
10472
11297
11791
11821
11845
12109
12366
13655
13954
15102
15791
15857
15875
15908
16175
16393
16432
16532
16713
17302
17321
17572
17628
18089
18158
18454
19301
19842
20096
20317
20359
20363
20584
20608
20857
21021
21465
21480
21520
21758
21924
21963
21983
22242
22357
22774
22911
23073
23562
23833
23976
24013
24243
25069
25131
25236
25332
26284
26317
26617
27092
27096
27252
27523
27637
28262
28375
28646
29310
29346
29472
29876
29906
29943
29964
30077
30101
30197
30407
30506
31017
31661
31962
31985
31989
32075
32159
32246
32924
33526
33604
33632
33666
33676
33827
33905
34121
34471
34945
35035
35059
35158
35194
35333
35432
36184
36361
36614
36684
36753
36847
37215
37413
37593
37658
37794
38009
38481
38734
38959
38971
39001
39031
39244
39347
39541
39635
39748
39836
39947
39971
39989
40052
40186
40195
41643
41878
41947
42036
42045
42141
42294
42522
42565
42643
43218
43410
43654
44140
44168
44847
45156
45583
45697
46110
46123
46285
46299
46420
46472
Number of cuts: 204

AngryOrchard
19
324
1160
1363
1458
1773
1847
1962
2294
2313
2415
3073
3167
3317
4316
4379
4424
4775
4864
5393
5442
5752
6121
6437
6885
6925
8048
8120
8341
8835
9055
9081
9237
9352
9509
9977
10009
10103
10236
10420
10440
10455
11280
11774
11804
11828
12092
12349
13638
13937
14078
15031
15085
15774
15840
15858
15891
16158
16376
16415
16419
17304
17555
17659
17735
18072
18141
18393
18437
19284
19825
20079
20300
20346
20567
20840
21004
21058
21405
21448
21463
21503
21741
21818
21907
21957
22237
22906
23051
23557
23955
23972
24239
24728
25065
25127
25232
25328
25370
26203
26276
26316
26692
27051
27055
27482
27596
28028
28221
28334
28605
29269
29305
29431
29564
29970
30090
30399
30910
31554
31855
31878
31882
31968
32052
32279
32504
32676
32814
33485
33516
33531
33672
33792
33826
33836
33987
34065
34281
35105
35195
35219
35318
35354
35493
35592
36344
36521
36753
36774
36844
36913
37007
37375
37573
37753
37818
37926
37954
38169
38538
38641
38894
39119
39131
39161
39191
39404
39507
39701
39797
39882
39998
40101
40109
40133
40151
40284
40418
40427
40867
40914
41419
41873
42108
42177
42233
42751
42868
42951
43075
43293
43440
43479
43632
43812
44359
44387
45087
45288
46215
46228
46293
46391
46404
46524
46576
Number of cuts: 207

AppleCloud
19
960
1163
1258
1537
1726
2058
2179
2837
2931
3081
3546
3627
4143
4188
4539
4628
5157
5206
5516
5885
6092
6203
6223
6649
6689
6766
7884
8105
8575
8795
8821
8977
9249
9317
9713
9717
9749
10160
10195
11014
11508
11538
11562
11826
12225
12410
13306
13684
13983
15077
15131
15820
15886
15904
15937
16204
16422
16461
16465
17350
17601
17705
17781
18118
18187
18439
18483
19330
19531
19871
20125
20219
20388
20613
20637
20886
20940
21104
21494
21549
21687
21787
21826
21896
21953
21992
22012
22451
22608
22653
23005
23109
23595
23867
23984
24249
24372
25075
25137
25242
25314
25338
26156
26287
26587
27062
27066
27222
27493
27554
27607
27823
27869
28039
28212
28232
28424
28695
29356
29392
29518
29902
29926
30022
30232
30331
30842
31486
31787
31810
31900
31984
32071
32436
32749
33457
33646
33724
33940
34273
34770
34860
34884
34983
35019
35158
35257
36009
36186
36439
36509
36578
36672
37040
37180
37238
37418
37483
37619
37834
38559
38784
38796
38826
38856
39069
39078
39169
39363
39457
39658
39769
39793
39811
39944
40078
41537
41772
41841
41930
41939
42035
42188
42416
42459
42537
43112
43304
44034
44062
44741
45050
45477
45591
46004
46017
46180
46194
46316
46368
Number of cuts: 201

Belenaria
19
184
1109
1167
1370
1465
1902
1929
2017
2368
2470
2578
3016
3128
3222
3372
3837
3918
4371
4434
4479
4830
4919
5497
5807
6176
6292
6491
6507
6955
6995
7872
8096
8118
8390
8922
9168
9439
9596
9892
10060
10096
10443
10507
11361
11855
11885
12173
12430
12480
13341
13719
14112
14735
15021
15166
15855
15921
15939
16239
16457
16496
16500
16596
16675
16682
17385
17636
17692
17816
18153
18222
18474
18518
18639
19906
20160
20297
20381
20423
20648
20672
20826
20856
20921
21038
21085
21139
21529
21544
21680
21861
21988
22047
22306
22421
22975
23137
23626
23897
24040
24077
24308
24797
25134
25196
25301
25397
26180
26313
26346
26386
26646
27121
27125
27552
27666
28098
28404
28675
29337
29373
29499
29579
29632
30038
30158
30368
30467
30978
31923
31946
31950
32036
32120
32207
32885
33487
33593
33627
33788
33866
34082
34444
34918
35008
35032
35131
35167
35306
35405
36157
36334
36587
36657
36726
36820
37188
37328
37386
37566
37631
37767
37982
38707
38932
38944
38974
39004
39217
39226
39317
39511
39605
39806
39917
39941
39959
40092
40226
41685
41920
41989
42078
42087
42183
42336
42564
42607
42685
43260
43452
44182
44210
44889
45198
45625
45739
46152
46165
46329
46343
46465
46517
Number of cuts: 204

BobbyDazzler
19
184
1109
1167
1370
1465
2082
2228
2439
2541
2649
3293
3443
3908
3989
4442
4505
4901
4990
5519
5568
5878
6247
6454
6563
6585
7011
7051
8152
8174
8246
8467
8849
8961
9181
9207
9363
9478
9635
10099
10135
10229
10362
10546
10566
10581
11406
11900
11930
11954
12218
12475
13764
14063
15211
15900
15966
15984
16017
16284
16502
16541
16641
16822
17411
17430
17681
17737
17785
18198
18267
18563
19410
19951
20342
20426
20468
20472
20612
20693
20966
21130
21184
21574
21589
21629
21867
22033
22092
22352
22467
22884
23021
23183
23672
23943
24086
24353
25179
25241
25346
25442
26358
26391
26691
27166
27170
27326
27597
27711
28336
28449
28720
29384
29420
29546
29679
29950
29980
30017
30038
30151
30175
30271
30481
30580
31091
31735
32036
32059
32063
32149
32233
32320
32998
33600
33678
33706
33740
33750
33901
33979
34195
34548
35022
35112
35136
35235
35271
35410
35509
36261
36438
36691
36761
36830
36924
37292
37432
37490
37670
37735
37871
38086
38558
38811
39036
39048
39078
39108
39321
39424
39618
39712
39797
39825
39913
40024
40048
40066
40199
40333
40342
41791
42026
42095
42184
42193
42289
42442
42670
42713
42791
43366
43558
43802
44288
44316
44995
45059
45304
45731
45845
46258
46271
46433
46447
46568
46620
Number of cuts: 209

Bonanza
19
184
1109
1167
1370
1465
1902
1929
2017
2368
2470
2578
3128
3222
3372
3837
3918
4371
4434
4830
4919
5448
5497
5807
6176
6383
6492
6514
6940
6980
8081
8103
8175
8396
8778
8890
9110
9136
9292
9407
9564
10028
10064
10158
10291
10475
10495
10510
11335
11829
11859
11883
12147
12404
13693
13992
15140
15829
15895
15913
15946
16213
16431
16470
16570
16751
17340
17359
17610
17666
18127
18196
18492
19339
19880
20134
20355
20397
20401
20622
20646
20895
21059
21113
21503
21518
21558
21796
21962
22001
22021
22280
22395
22949
23094
23600
23997
24014
24281
24489
25107
25169
25274
25370
26286
26319
26619
27094
27098
27254
27525
27639
28264
28377
28648
29312
29348
29474
29878
29908
29945
29966
30079
30103
30199
30409
30508
31019
31663
31789
31964
31987
31991
32077
32161
32248
32926
33528
33606
33634
33668
33678
33829
33907
34123
34473
34947
35037
35061
35160
35196
35335
35434
36186
36361
36403
36434
36703
36780
36996
37066
37135
37229
37597
37795
37975
38040
38176
38391
38863
39116
39341
39353
39383
39413
39494
39626
39729
39923
40017
40218
40329
40353
40371
40504
40638
40647
42095
42330
42399
42488
42497
42593
42746
42974
43017
43095
43519
43670
43862
44106
44592
44620
45299
45608
46134
46560
46724
46738
46911
Number of cuts: 210

Bradshaw
19
184
1109
1167
1370
1465
1902
1929
2017
2368
2470
2578
2626
3016
3128
3222
3372
3837
3918
4371
4434
4479
4830
4919
5497
5807
6176
6292
6398
6491
6507
6955
6995
7872
8096
8118
8390
8922
9168
9439
9596
9892
10060
10096
10443
10507
11361
11855
11885
11909
12173
12430
12480
13341
13719
14112
14735
15021
15166
15855
15921
15939
16239
16457
16496
16500
16596
16675
16682
17385
17636
17692
17816
18153
18222
18474
18518
18639
19906
20160
20179
20297
20381
20423
20648
20672
20826
20856
20921
21038
21085
21139
21529
21544
21669
21680
21705
21861
21942
21988
22047
22306
22421
22975
23120
23626
23897
24040
24077
24307
24796
25195
25300
25396
25557
26179
26312
26345
26385
26645
27120
27124
27551
27665
28097
28403
28674
29338
29374
29500
29633
29904
29934
29971
29992
30105
30129
30225
30435
30534
31045
31590
31990
32013
32017
32103
32187
32274
32952
33554
33660
33694
33855
33933
34149
34502
34976
35066
35090
35189
35225
35364
35463
36401
36654
36724
36793
36887
37255
37395
37633
37698
37834
38049
38521
38774
38999
39011
39041
39071
39284
39293
39387
39581
39675
39876
39987
40011
40029
40162
40305
41298
41753
41988
42057
42146
42155
42251
42404
42632
42675
42753
43328
43520
44250
44278
44933
44957
45266
45693
45807
46208
46220
46299
46396
46410
46533
46585
Number of cuts: 218

Bryce
19
184
1109
1167
1370
1465
1902
1929
2017
2368
2470
2578
3222
3372
3837
3918
4371
4434
4830
4919
5448
5497
5807
6176
6383
6492
6514
6940
6980
8081
8103
8175
8396
8778
8890
9136
9292
9407
9564
10028
10064
10158
10291
10475
10495
10510
11335
11829
11859
11883
12147
12404
13693
13992
14133
14709
15140
15829
15895
15913
15946
16213
16431
16470
16570
16751
17340
17359
17610
17666
17714
18127
18196
18492
19339
19880
20271
20355
20397
20401
20541
20622
20646
20895
21059
21503
21518
21558
21796
21962
22021
22281
22396
22813
22950
23112
23601
23872
24015
24282
25108
25170
25275
25371
26287
26620
27095
27099
27255
27526
27640
27856
28265
28378
28649
29313
29349
29475
29608
29859
29883
29979
30189
30288
30799
31433
31443
31744
31767
31771
31857
31941
32028
32706
33088
33308
33386
33414
33448
33458
33609
33687
33903
34256
34730
34820
34844
34943
34979
35118
35217
35969
36146
36399
36469
36538
36632
37000
37140
37198
37378
37443
37579
37794
38266
38519
38744
38756
38816
39029
39132
39326
39420
39621
39732
39756
39774
39907
40041
40050
41499
41734
41803
41892
41901
41997
42150
42378
42421
42499
43074
43266
43510
43996
44024
44703
45012
45439
45553
45966
45979
46139
46153
46274
46326
Number of cuts: 205

ChewyVIII
390
1237
1767
1838
1971
2408
2471
3025
3384
3701
3983
4025
4106
4712
5021
5180
5467
5515
6292
6321
6951
7056
7431
7467
7539
7698
7967
8065
8077
8158
8185
8361
8391
8457
8852
8898
9411
9896
9980
10045
10452
10494
10605
10617
10737
10992
11136
11327
11441
11591
11816
11907
11917
11921
11937
11957
12047
12226
12427
12529
12640
13108
13263
13583
13753
14000
14318
14746
15023
15032
15122
15428
15471
15748
15809
16453
16617
16885
16933
16948
17077
17422
17437
18070
18387
19140
19199
19205
19886
20026
20032
20062
20200
20254
20272
20414
20427
20454
20623
20836
21101
21166
21217
21265
22671
23320
23434
24014
24268
24277
24376
25077
25297
25349
25708
25741
25786
25795
26649
26818
27582
28210
28306
29069
29142
30279
30432
31006
31018
31260
31556
31563
31862
32398
32433
33036
35567
35699
35795
35842
36431
36446
36533
36773
37275
37330
37555
37567
37897
38297
39077
39368
39415
40536
40840
41021
41039
42273
42653
42687
43136
43238
43262
43346
43463
43597
44112
44202
44241
44451
44505
44613
44634
44744
45041
45139
45179
45235
45382
45388
45538
46072
46438
46657
47305
47314
47698
47749
47770
48065
48341
48394
48451
48490
48780
48885
48920
48981
49016
49265
49334
49340
49427
50227
50410
50455
50839
50935
51139
51289
51361
51450
51481
51616
51622
51757
52168
52325
52376
52541
52642
52864
53056
53077
53110
53419
53464
53473
53536
53560
53685
53808
54359
54452
54539
55095
55517
55718
55724
55916
56331
56445
56460
56571
56772
56790
56896
57028
57543
57663
57891
58004
58013
58460
58517
58592
58790
58811
58925
58976
59060
59066
59135
59254
60074
60122
60146
60266
60284
60310
60485
60539
60653
60662
60674
60872
61001
61040
61063
62006
62081
62409
62844
63322
63332
63341
63361
63376
63386
63396
63402
63411
63421
63432
63448
63464
63484
63529
63538
63547
63566
63625
63674
63682
64904
65397
65815
65882
65950
66063
66695
66869
67339
67643
67699
68032
68166
Number of cuts: 317

CosmicSans
19
184
1109
1167
1370
1465
1902
1929
2017
2368
2470
2578
2626
3016
3128
3222
3372
3837
3918
4371
4434
4479
4830
4919
5497
5807
6176
6292
6398
6491
6507
6955
6995
7872
8096
8118
8390
8922
9168
9439
9596
9892
10060
10096
10443
10507
11361
11855
11885
11909
12173
12430
12480
13341
13719
14112
14735
15021
15166
15855
15921
15939
16239
16457
16496
16500
16596
16675
16682
17385
17636
17692
17816
18153
18222
18474
18518
19906
20160
20297
20381
20423
20648
20672
20826
20856
20921
21038
21085
21139
21529
21544
21669
21680
21705
21861
21988
22047
22306
22421
22975
23137
23626
23897
24040
24077
24307
24796
25133
25195
25300
25396
25438
26179
26345
26385
26645
27120
27124
27551
27665
28097
28403
28674
29338
29374
29500
29633
29904
29934
29971
29992
30105
30129
30225
30435
30534
31045
31590
31990
32013
32017
32103
32187
32274
32952
33554
33660
33694
33855
33933
34149
34502
34976
35066
35090
35189
35225
35364
35463
36215
36392
36645
36715
36784
36878
37246
37386
37624
37689
37825
38040
38512
38765
38990
39002
39032
39062
39275
39284
39378
39572
39666
39867
39978
40002
40020
40153
40296
41744
41979
42048
42137
42146
42242
42395
42623
42666
42744
43319
43511
44241
44269
44933
44948
45257
45684
45798
46211
46224
46388
46402
46523
46575
Number of cuts: 214

Dinger
19
1162
1365
1460
1824
1898
1925
2013
2364
2466
3124
3218
3368
4367
4430
4475
4826
4915
5444
5493
5803
6172
6273
6936
6976
8171
8392
8886
9106
9132
9288
9403
9560
10028
10060
10154
10287
10471
10491
10506
10722
11331
11825
11855
11879
12143
12400
12450
12534
13689
13988
15082
15136
15825
15891
15909
15942
16209
16427
16466
16470
16566
17355
17606
17710
17786
18123
18192
18444
18488
19335
19876
20224
20351
20393
20397
20618
20642
20891
21055
21456
21499
21514
21554
21792
21831
21997
22017
22289
22404
22610
22958
23103
23609
24007
24024
24291
25117
25179
25284
25356
25380
26198
26329
26629
27104
27108
27264
27535
27596
27649
27865
28081
28254
28274
28466
28737
29399
29435
29561
29781
29974
30094
30403
30914
31459
31558
31859
31882
31886
31972
32056
32508
32821
33679
33799
33988
34066
34282
34621
34644
35118
35232
35331
35367
35506
35605
36534
36787
36857
36926
37020
37313
37388
37586
37766
37831
37939
37967
38182
38551
38654
38907
39132
39144
39174
39204
39417
39520
39714
39810
39895
40011
40114
40122
40146
40297
40431
40440
41888
42126
42195
42251
42769
42886
42969
43093
43311
43458
43497
43650
43830
44377
44405
44912
45105
45305
45821
46222
46234
46247
46312
46409
46422
46544
46596
Number of cuts: 206

DocB7
120
287
293
368
407
455
593
863
1458
1724
1878
1886
1975
2063
2351
2426
2953
3973
4295
4364
4588
4616
4667
4808
5406
6100
6289
6327
6452
6688
6718
6736
6834
6938
7077
7224
7233
7434
7590
7778
7886
8078
8630
8648
8828
8909
9281
10902
11222
11286
11429
11490
11845
11981
12071
12440
12824
12919
12968
13043
13289
13399
13411
13545
13747
13846
14079
14092
14293
14311
14446
14784
14828
14867
14886
15233
15915
16083
16164
16222
16270
16321
16332
16441
16449
16726
17144
17572
17922
18452
18882
18925
19154
19227
19389
19731
20204
20291
20423
20667
20799
20931
21063
21263
21804
21819
21942
22176
22881
22932
22962
24084
24375
24795
25052
25136
25158
25206
25253
25290
25512
25673
25689
25716
25734
25934
25983
26061
26499
26970
27317
27470
27544
27566
27717
27723
27977
28115
28313
28370
28427
28679
28930
29150
29221
29447
29494
29533
29560
29625
29836
29847
30016
30073
30163
30433
30715
31052
31243
31297
31680
31713
31836
31980
32213
32634
32741
32763
32943
33402
33427
33467
33787
34163
34534
34548
35038
35212
35434
35545
35566
35818
36061
36089
36139
36151
36788
36798
37082
37192
37758
37788
37866
38382
38560
39012
39125
39418
39604
39896
40037
40181
40605
40771
40927
41067
41613
41712
41769
41829
42026
42342
42552
42776
42880
42925
43078
43082
43178
43483
44038
44740
45028
45356
45423
45433
45442
45697
45711
46179
46349
46380
46429
47076
47207
47678
47914
47968
48023
48118
48133
48252
48372
48408
49097
49143
49616
49822
50135
50159
50375
50410
50432
50560
50737
50745
51584
51588
51715
51742
51948
52026
52224
52386
52416
52663
52820
52988
53069
53279
54131
54182
54434
55125
55337
55748
56149
56708
57054
57101
57456
57898
57909
58254
58365
58444
58528
58880
58988
59064
59270
59474
59630
59822
60038
60214
60356
60610
60705
61133
61265
61508
61844
62397
62723
62959
63415
63535
63769
63960
63965
64231
64275
64392
64422
64434
64472
64508
64724
64755
64883
64998
65212
65230
65269
65311
65575
65608
65866
65968
66059
66144
66839
67866
68170
68285
69118
69367
69415
69510
69606
70199
70599
71216
71542
71659
71705
72087
72255
72759
72876
72912
73197
73227
73302
73374
73862
74193
74242
74375
74435
74474
74534
74588
74950
75250
75309
75333
75350
75760
Number of cuts: 370

E3
145
951
1038
1215
1618
1862
1955
2063
2123
2507
2555
2609
2963
3347
3866
4469
5236
5242
5487
5625
6206
6227
6350
6502
6948
7056
7133
7259
7564
7861
7909
7981
8011
8539
8725
8734
9059
9819
9860
10318
10324
10405
10539
10596
10942
10968
10998
11177
11240
11437
11932
12322
12783
12861
12915
13131
13410
13698
13731
13851
14016
14314
15603
15738
15795
16020
16703
16836
17162
17342
17372
17471
17501
17866
17964
18099
18111
18497
19005
19017
19160
19202
19388
19477
19576
19618
19817
19850
19934
20114
20399
20440
20551
20978
21053
21498
21698
21779
22152
22262
22379
22436
22504
22561
22785
22806
22887
23366
23462
23486
23710
23889
24029
24328
24564
24627
25739
25862
25883
26263
26924
27890
28331
28544
28682
28755
29448
29535
29751
29946
29964
30207
30360
30444
30486
30546
30735
30852
30951
31140
31262
31357
31626
31752
31999
32086
32167
32406
32582
32640
32800
33217
33439
33457
33649
33931
34363
35104
35140
35382
35397
35427
35886
36199
36240
36382
36499
36782
36968
37007
37097
37199
37364
37499
37508
37589
37709
37988
38084
38415
38743
38767
38803
38938
39037
39439
40147
41234
41782
42004
42034
42175
42259
42421
42601
42814
43359
43943
44336
44417
44471
44596
44700
44772
44994
45153
45255
45306
45492
45810
46125
46493
46535
46879
47270
47624
48143
48499
48702
49143
49305
49428
49797
49890
49983
50106
50208
51054
51653
51704
51737
51827
52104
52250
53317
53324
53374
53832
53868
53999
54960
55798
55906
56095
56206
56236
56320
56386
56440
56662
56737
56746
57202
57447
57618
57849
57909
57954
57990
58843
59191
59374
59479
59803
61379
62235
62314
62385
62682
62802
63129
63252
63489
63546
63750
63795
63941
64301
64379
64585
64594
64893
64947
65109
65130
65349
65463
65928
66009
66069
66075
66090
66108
66573
67220
67544
67550
67637
67696
67789
68383
68517
68616
68945
69131
69500
69812
70082
70469
70910
71048
71395
71425
71509
71940
72360
72509
72617
72953
73022
73079
73106
73679
73691
74030
74207
74492
74699
74717
74795
74870
74954
75556
75993
76205
76292
76408
76421
76603
76615
76825
77107
77401
77455
77503
77566
77977
78187
78567
78576
78648
78669
79023
79179
79236
79287
79380
79473
79485
79503
79563
79605
79629
79757
79991
80084
80177
80288
80387
80438
80453
80477
80603
80741
80774
80837
81113
81368
81401
81698
81767
81989
82037
82112
82154
82376
82496
82928
83624
83654
84379
84421
84815
84986
85007
85028
85339
85473
85570
85591
85735
86104
86332
86362
86593
86920
86986
87687
88042
88315
88432
88480
88574
88868
89086
89499
89520
89598
89733
89985
90324
90567
90582
90837
90909
91026
91182
91329
91363
91865
92015
92063
92574
92634
92867
93006
93138
93217
93384
93543
93792
94318
94369
94492
94815
94947
95063
95127
95154
95271
95448
96088
96112
96202
96430
96589
96715
97404
97557
97900
97969
97999
98272
98811
99111
99282
99291
99876
99983
100151
100166
100343
100385
100391
100613
100907
101164
101371
101488
101548
101569
101695
102080
102128
102296
102478
102745
102934
103078
103129
103438
103495
103522
103540
103552
103657
103732
103986
104361
104376
104463
104601
104769
104988
105045
105138
105174
105813
106308
106338
106599
107254
107416
107566
107734
108004
108570
108676
108793
108913
109132
109596
109689
109806
109866
109875
110510
110612
110830
110980
111046
111082
111118
111462
111616
111772
112117
112326
113241
113478
114014
114290
114419
114598
114649
114780
114936
115080
115173
115230
115395
115455
115488
115694
116032
116068
117732
117744
117750
118026
118113
118609
119035
119330
119737
119918
120386
120613
120748
121001
121297
121930
122164
122200
122597
122606
122717
122917
123749
123806
124013
124043
124126
125053
125158
125424
125655
125864
126604
127098
127203
127541
127607
127873
128035
128254
128290
128317
128400
129546
129627
129636
129819
130170
131026
131095
131128
131347
131917
132334
132831
132972
133050
134151
134511
134607
135690
136014
136311
136477
136837
136894
136951
137140
137617
137737
137833
138223
138355
138583
138592
138742
138790
139041
139092
139365
139641
139767
139977
140019
140103
140218
140266
140518
140527
140563
140578
140857
140983
141247
141466
141607
142027
142108
142261
Number of cuts: 655

Erik
19
184
1109
1167
1370
1465
1902
1929
2017
2368
2470
2578
3016
3128
3222
3372
3837
3918
4371
4434
4479
4830
4919
5497
5807
6176
6292
6491
6507
6955
6995
7872
8096
8118
8390
8921
9167
9438
9595
9891
10059
10095
10442
10506
11360
11854
11884
11908
12172
12429
12479
13340
13718
14111
14734
15020
15165
15854
15920
15938
16238
16456
16495
16499
16595
16674
16681
17384
17635
17691
17815
18152
18221
18473
18517
18638
19905
20159
20296
20380
20422
20647
20671
20825
20855
20920
21037
21084
21138
21528
21543
21679
21860
21987
22046
22305
22420
22974
23136
23624
23895
24038
24075
24305
24794
25131
25193
25298
25394
26177
26310
26343
26383
26643
27118
27122
27549
27663
28095
28401
28672
29336
29372
29498
29631
30037
30157
30367
30466
30977
31522
31922
31945
31949
32035
32119
32206
32884
33486
33592
33626
33787
33865
34081
34434
34908
34998
35022
35121
35157
35296
35395
36147
36324
36577
36647
36716
36810
37178
37318
37556
37621
37757
37972
38444
38697
38922
38934
38964
38994
39207
39216
39310
39504
39598
39799
39910
39934
39952
40085
41575
41810
41879
41968
41977
42073
42226
42341
42454
42497
42575
43150
43342
44072
44100
44764
44779
45088
45515
45629
46042
46055
46220
46234
46356
46408
Number of cuts: 206

Espica
19
184
1109
1167
1370
1465
1902
1929
2017
2368
2470
2578
3016
3128
3222
3372
3837
3918
4371
4434
4479
4830
4919
5497
5807
6176
6292
6491
6507
6955
6995
7872
8096
8118
8390
8922
9168
9439
9596
9892
10060
10096
10443
10507
11361
11855
11885
12173
12430
12480
13341
13719
14112
14735
15021
15166
15855
15921
15939
16239
16457
16496
16500
16596
16675
16682
17385
17636
17692
17816
18153
18222
18474
18518
18639
19906
20160
20297
20381
20423
20648
20672
20826
20856
20921
21038
21085
21139
21529
21544
21680
21861
21988
22047
22306
22421
22975
23137
23626
23897
24040
24077
24308
24797
25134
25196
25301
25397
26180
26313
26346
26386
26646
27121
27125
27552
27666
28098
28404
28675
29337
29373
29499
29579
29632
30038
30158
30368
30467
30978
31923
31946
31950
32036
32120
32207
32885
33593
33627
33788
33866
34082
34444
34918
35008
35032
35131
35167
35306
35405
36157
36334
36587
36657
36726
36820
37188
37328
37386
37566
37631
37767
37982
38707
38932
38944
38974
39004
39217
39226
39317
39511
39605
39806
39917
39941
39959
40092
40226
41685
41920
41989
42078
42087
42183
42336
42564
42607
42685
43260
43452
44182
44210
44889
45198
45625
45739
46328
46342
46464
46516
Number of cuts: 201

Finch
415
553
603
802
853
901
1075
1138
1330
1396
2481
2492
2917
2977
3306
3414
3552
3650
3674
3961
4068
4743
4793
5047
5092
5368
5799
5990
6025
6175
6492
6528
6711
6837
7110
7230
7395
7413
7512
7755
7797
7881
8037
8109
8178
8436
8463
8472
8544
8636
8813
9347
9485
9506
9527
9587
9665
10401
10954
11881
12166
12222
12257
12781
13048
13227
13350
13497
13560
14204
14448
14571
14717
15344
15604
15835
15871
16066
17024
17054
17719
18420
18516
19086
19090
19305
19335
19449
19476
19560
19719
19847
19899
20292
20367
20436
20713
20800
20920
21215
21829
21868
22095
22284
22384
22740
23063
23249
23462
23757
23783
23941
23958
24005
24041
24553
24720
25147
25231
25333
25396
25447
25466
25693
25773
26082
26124
26401
26461
26581
26965
27480
27570
27947
28106
28568
28857
29363
29492
29900
30196
30216
30611
30813
31068
31161
31170
31305
31440
31662
31779
31972
32025
32048
32052
32142
32166
32301
32583
32601
32751
33001
33191
33200
33326
33509
33634
33671
33760
33931
34021
34152
34239
34291
34488
34563
34626
34695
35085
35130
35388
35403
35717
36046
36051
36148
37159
37204
37801
38020
38266
38373
38596
38994
39574
40149
40487
40543
40624
40771
41486
41594
41787
42610
42667
42688
42767
42895
43196
43253
43637
43664
43748
43795
44122
44212
44263
44556
44577
44652
44676
44981
45162
45219
45594
45632
45805
45869
45880
46079
46463
46631
46804
47054
47154
47171
47366
47623
47946
48188
48350
48422
48469
48542
48770
48926
48932
48983
49025
49052
49163
49175
49564
49690
49783
49789
49804
49876
49918
49987
50086
50228
50461
50479
51037
51283
51367
51442
51569
51718
52180
52498
52513
52537
52818
53215
53348
53374
53413
53461
53536
53628
53746
53812
54073
54257
54349
54369
54457
54549
54598
54738
54818
54878
54983
54995
55049
56333
56380
56428
56611
56884
56902
57065
57399
57687
57762
57844
58095
58597
58822
59065
59162
59255
59321
59393
59626
59695
59785
59848
59899
59968
60046
60067
60452
60512
60573
60662
60836
61298
61319
61400
61420
61502
61896
62385
62474
62502
62798
62882
63068
63107
63356
63538
64075
64126
64133
64145
64170
64556
64876
64925
65403
65489
65541
65657
65807
65846
65948
66086
66479
66547
66653
66752
67448
67601
67766
67796
67901
67997
68093
68201
68273
68312
68559
68773
68862
68873
68896
68965
69103
69280
69421
69848
70169
70176
70259
70476
70519
70543
70585
70612
70714
70735
70930
71035
71098
71219
71376
71601
71635
72032
72195
72545
72770
72806
72816
73002
73009
73296
73545
73783
73966
74278
74434
74509
74542
74546
74584
74595
74957
75114
75278
75692
76052
76180
76259
76665
76705
76764
76815
76953
77001
77009
77065
77081
77132
77219
77506
77771
77921
78328
78730
78753
79045
79139
79540
79888
80120
80361
80601
80616
80672
81147
81252
81309
81384
81549
81728
81854
82245
82635
82853
82992
83068
83101
83678
84261
84604
84919
85162
85171
85285
85306
85354
85411
85459
85513
85811
85862
85937
85944
86144
86186
86422
86519
86603
86712
86839
86884
86953
86981
87019
87040
87138
87407
87449
87476
87518
87527
87997
88738
89147
89453
89604
89698
89721
89922
90186
90225
90582
90892
90967
91230
91296
91768
91977
92309
92674
92905
92947
93022
93256
93619
93830
94261
94283
94315
94527
94625
94886
94996
95023
95051
95333
95399
95470
95667
95682
96024
96099
96207
96275
96405
96653
96669
96696
96717
96803
97139
97255
97330
97348
97729
97961
97972
98044
98116
98191
98523
98763
98811
98832
98907
98982
99225
99252
99286
99400
99528
99812
99873
99892
100043
100269
100592
100839
101171
101289
101719
101834
102105
102114
102120
102294
102363
102641
102770
102799
102895
102913
102961
103090
103418
103432
103519
103618
103678
103706
103999
104188
104278
104495
104552
104601
104824
105027
105168
105249
105452
105470
105946
106042
106144
106200
106380
106452
106778
107337
107724
107742
107858
107975
107993
108023
108553
108592
108622
108921
108945
109116
109643
109951
109987
110293
110461
110542
110596
110605
110668
110680
110710
110743
110791
110919
111297
111440
111530
111812
111892
111925
112042
112927
112963
113356
113420
113692
113787
114107
114273
114297
114460
114472
114747
114762
114795
114862
115604
115754
115868
115958
116396
117419
117442
117983
118001
118562
119201
119501
119831
119981
120220
120448
120932
121033
121384
121405
121501
121580
121873
122493
122918
122936
123156
123299
123488
124261
124284
124422
124428
125041
125113
125297
125347
125530
126059
126330
126966
127020
127149
127368
127395
127494
127707
127812
127956
128061
128161
128590
128605
128668
128701
128794
128821
128890
128968
129028
129176
129335
129362
130197
130264
130726
131486
131531
131709
131788
131840
131950
132111
132328
132332
132947
133145
133342
133417
133699
133765
133894
134149
134501
134934
135072
135297
135453
135730
135884
135892
135940
136258
136777
137696
138215
138378
138567
138614
138792
138881
Number of cuts: 768

Gollum
19
184
1167
1370
1465
1902
1929
2017
2368
2470
2578
3016
3128
3222
3372
3837
3918
4371
4434
4479
4830
4919
5497
5807
6176
6292
6491
6507
6955
6995
7872
8096
8118
8390
8922
9168
9439
9596
9892
10060
10096
10443
10507
11361
11855
11885
11909
12173
12430
12480
13341
13719
14112
14735
15021
15166
15855
15921
15939
16239
16457
16496
16500
16596
16675
16682
17385
17636
17692
17816
18153
18222
18474
18518
19906
20160
20179
20297
20381
20423
20648
20672
20826
20856
20921
21038
21085
21139
21529
21544
21680
21861
21988
22047
22306
22421
22975
23137
23626
23897
24040
24077
24307
24796
25195
25300
25396
26179
26345
26385
26645
27120
27124
27551
27665
28097
28403
28674
29336
29372
29498
29631
29902
29932
29969
29990
30103
30127
30223
30433
30532
31043
31988
32011
32015
32101
32185
32272
32950
33658
33692
33853
33931
34147
34500
34974
35064
35088
35187
35223
35362
35461
36213
36390
36643
36713
36782
36876
37244
37442
37622
37687
37823
38038
38763
38988
39000
39030
39060
39273
39282
39373
39567
39661
39809
39920
39944
39962
40095
40238
41686
41921
41990
42079
42088
42184
42337
42565
42608
42686
43261
43453
44183
44211
44890
45199
45626
45740
46153
46166
46327
46341
46462
46514
Number of cuts: 204

Grayson
1409
1645
1662
1666
1706
2051
2538
2568
4114
4500
4530
4774
5675
6888
6963
7025
7144
8699
9359
9386
9460
9481
9588
10227
10872
11515
11632
11691
12034
13604
14145
14526
15043
15925
17530
17674
17998
18083
18964
19579
19888
21288
21432
21815
21868
22310
23125
23302
23545
23728
23897
24232
24303
24733
25673
26540
26962
27374
27509
27515
28685
28804
29391
29443
29847
29996
30010
30566
31093
31255
31380
31912
32182
32296
33092
33252
33679
33898
34015
34183
34403
34477
34645
34845
35092
35317
35905
36694
36865
37190
37850
38900
38911
39235
39807
40536
40907
41146
41472
41697
42059
42780
43039
43204
43297
43306
43387
43448
44550
44659
45111
45880
46002
46051
46149
46209
46281
46390
46450
46479
46659
46972
47006
47556
48316
49185
50031
50173
50524
50536
50791
51492
51855
52280
52395
52824
52948
52987
52992
53259
53265
53328
53345
53737
55149
55318
55462
55772
55975
57570
58281
59131
59385
59906
60649
60725
61742
61940
62831
62874
63378
63419
63591
63792
64104
64184
64414
64570
64881
65813
66178
67023
67998
68007
69139
69333
71568
71632
71667
71717
72120
72130
72807
72822
73203
73244
73333
73497
73847
74345
74357
74372
75150
75510
75903
76186
76555
76565
77122
77388
77672
78319
78875
79974
80353
81618
81751
82120
82270
82854
83318
83337
83347
83504
83627
84479
84978
85197
85926
86495
86715
87358
88107
88511
89235
89496
89748
91640
91652
91876
92047
94369
94649
95950
96403
96761
97025
97486
98064
99485
100898
100964
101723
103387
103851
104735
104913
104961
105492
105912
105938
106725
107315
107332
107397
107799
110139
110601
111037
112200
112302
112308
112325
113051
113344
114151
114573
114585
114707
115541
115632
115642
115828
116463
116651
116875
117388
117444
117717
118101
119065
119278
120428
121285
122212
123100
123225
123741
123984
124392
124662
124782
124827
124885
125027
125214
125707
125961
126379
126559
126590
126639
130310
130546
130563
130567
130607
130952
131439
131469
Number of cuts: 310

Harlequin
19
184
1109
1167
1370
1465
1902
1929
2017
2368
2470
2578
3222
3372
3837
3918
4434
4479
4692
4830
5497
5807
6176
6277
6940
6980
8175
8396
8778
8866
9086
9112
9540
10004
10040
10134
10267
10451
10471
10486
11311
11805
11835
11859
12123
12380
13669
13968
14109
14685
15116
15805
15871
15889
15922
16189
16407
16446
16546
16727
17316
17335
17586
17642
17690
18103
18172
18468
19315
19856
20247
20331
20373
20377
20517
20598
20622
20871
21035
21533
21548
21588
21826
21992
22051
22311
22426
22843
22980
23142
23631
23902
24045
24312
25138
25200
25305
25401
26317
26650
27125
27129
27285
27556
27670
27886
28295
28408
28679
29343
29379
29505
29638
29889
29913
30009
30219
30318
30829
31463
31473
31774
31797
31801
31887
31971
32058
32736
33118
33338
33416
33444
33478
33488
33639
33717
33933
34286
34760
34850
34874
34973
35009
35148
35247
35999
36176
36429
36499
36568
36662
37030
37170
37228
37408
37473
37609
37824
38573
38774
38786
38846
38915
39059
39162
39356
39452
39653
39764
39788
39806
39939
40073
40082
40586
40604
41534
41769
41838
41927
41936
42032
42185
42413
42456
42534
43109
43301
43545
44031
44059
44738
45047
45474
45588
46001
46014
46175
46189
46310
46362
Number of cuts: 201

Hiro
19
184
1109
1167
1370
1465
1902
1929
2017
2368
2470
2578
3222
3372
3837
3918
4371
4434
4830
4919
5448
5497
5807
6176
6383
6492
6514
6940
6980
8175
8396
8866
9086
9112
9268
9540
9608
10004
10008
10040
10451
10486
11305
11799
11829
11853
12516
12701
13597
13975
14274
15368
15422
15963
16177
16195
16228
16495
16713
16752
16756
17641
17892
17996
18072
18409
18730
18774
19621
20162
20416
20510
20679
20904
20928
21177
21231
21395
21785
21840
21978
22078
22117
22187
22244
22283
22303
22742
22899
22944
23296
23400
23886
24157
24300
24567
25393
25455
25560
25656
26572
26605
26905
27380
27384
27540
27811
27925
28550
28663
28934
29598
29634
29893
30164
30194
30231
30252
30365
30389
30485
30695
30794
31305
31949
32250
32273
32277
32363
32447
32534
33212
33594
33814
33892
33920
33954
33964
34115
34193
34409
34762
35236
35326
35350
35449
35485
35624
35723
36475
36652
36905
36975
37044
37138
37506
37646
37704
37884
37949
38085
38300
38772
39025
39250
39262
39292
39322
39403
39535
39638
39832
39926
40127
40238
40262
40280
40413
40547
40556
42005
42240
42309
42398
42407
42503
42656
42884
42927
43005
43580
43772
44016
44502
44530
45209
45518
45945
46059
46472
46485
46647
46661
46781
46833
Number of cuts: 205

Jace
592
1233
1377
2115
2445
2532
2769
2886
3300
3525
3665
4175
4253
4473
4505
5689
5748
6225
6248
6684
7128
7296
7639
7782
7800
8745
9025
9196
9609
11095
11971
12076
12199
12220
12835
12940
13633
14518
14636
14823
15531
15630
15876
16452
16566
16647
17193
17217
17591
17666
18266
18278
18326
19175
19214
19637
20770
21817
22025
22037
22206
22272
22283
22381
22582
22627
23479
24133
24499
24810
24934
25625
25670
25706
25730
26662
26949
27060
27299
27918
28100
28252
28384
28485
28964
29519
29833
30201
30691
31177
32217
32436
32574
32972
33511
33601
34200
34709
34886
35489
35617
35665
37268
38176
38472
38487
39166
40325
40415
40451
40935
41350
41831
42167
42206
43024
43054
45107
45287
45559
46912
47145
47499
48161
48320
48656
48705
48817
48868
50042
50353
50580
50811
51003
51180
51853
52221
52305
52787
53040
53059
53094
53690
Number of cuts: 143

Jester
19
184
1109
1167
1370
1465
1902
1929
2017
2368
2470
2578
3222
3372
3837
3918
4434
4479
4692
4830
5497
5807
6176
6277
6940
6980
8175
8396
8778
8866
9086
9112
9540
10004
10040
10134
10267
10451
10471
10486
10865
11112
11305
11469
11799
11829
11853
12117
12374
12424
13663
13962
15056
15110
15799
15865
15883
15916
16183
16401
16440
16444
17329
17580
17684
17760
18097
18166
18418
18462
19309
19850
20241
20325
20367
20371
20511
20592
20616
20865
21029
21473
21488
21528
21766
21932
21982
22242
22357
22774
22911
23073
23562
23833
23976
24243
25069
25131
25236
25332
26248
26581
27056
27060
27216
27487
27601
27817
28226
28339
28610
29274
29310
29436
29569
29820
29844
29940
30150
30249
30760
31394
31404
31705
31728
31732
31818
31902
31989
32667
33049
33269
33347
33375
33409
33419
33570
33648
33864
34217
34691
34781
34805
34904
34940
35079
35178
35930
36107
36360
36430
36499
36593
36961
37101
37159
37339
37404
37540
37755
38504
38705
38717
38777
38846
38990
39093
39287
39383
39584
39695
39719
39737
39870
40004
40013
40517
40535
41465
41700
41769
41858
41867
41963
42116
42344
42387
42465
43040
43232
43476
43962
43990
44669
44978
45405
45519
45932
45945
46106
46120
46241
46293
Number of cuts: 203

Krishelle
19
184
1109
1167
1370
1465
1902
1929
2017
2368
2470
2578
3016
3128
3222
3372
3837
3918
4371
4434
4479
4830
4919
5497
5807
6176
6292
6491
6507
6955
6995
8190
8411
8881
9101
9127
9283
9555
9623
10019
10023
10055
10466
10501
11320
11814
11844
11868
12132
12531
12716
13612
13990
14289
15383
15437
16126
16192
16210
16243
16510
16728
16767
16771
17656
17907
18011
18087
18424
18493
18745
18789
19636
19837
20177
20431
20525
20694
20919
20943
21192
21246
21410
21836
21891
22029
22129
22168
22238
22295
22334
22354
22793
22950
22995
23347
23451
23937
24209
24326
24591
24714
25417
25479
25584
25656
25680
26498
26629
26929
27404
27408
27564
27835
27896
27949
28165
28211
28381
28554
28574
28766
29037
29698
29734
29860
29993
30264
30294
30331
30352
30465
30489
30585
30795
30894
31405
31950
32350
32373
32377
32463
32547
32634
33312
33914
34020
34054
34215
34293
34509
34862
35336
35426
35450
35549
35585
35724
35823
36761
37014
37084
37153
37247
37615
37755
37993
38058
38194
38409
38881
39134
39359
39371
39401
39431
39644
39653
39747
39941
40035
40236
40347
40371
40389
40522
40665
41658
42113
42348
42417
42506
42515
42611
42764
42992
43035
43113
43688
43880
44610
44638
45317
45626
46131
46157
46667
46806
46813
46825
46837
Number of cuts: 211

Lillie
19
184
1109
1167
1370
1465
1902
1929
2017
2368
2470
2578
2626
3016
3128
3222
3372
3837
3918
4371
4434
4479
4830
4919
5497
5807
6176
6292
6398
6491
6507
6955
6995
7872
8096
8118
8390
8922
9168
9439
9596
9892
10060
10096
10443
10507
11361
11855
11885
11909
12173
12430
12480
13341
13719
14112
14735
15021
15166
15855
15921
15939
16239
16457
16496
16500
16596
16675
16682
17385
17636
17692
17816
18153
18222
18474
18518
19906
20160
20297
20381
20423
20648
20672
20826
20856
20921
21038
21085
21139
21529
21544
21669
21680
21705
21861
21988
22047
22306
22421
22975
23137
23626
23897
24040
24077
24307
24796
25133
25195
25300
25396
25438
26179
26345
26385
26645
27120
27124
27551
27665
28097
28403
28674
29338
29374
29500
29633
29904
29934
29971
29992
30105
30129
30225
30435
30534
31045
31590
31990
32013
32017
32103
32187
32274
32952
33554
33660
33694
33855
33933
34149
34502
34976
35066
35090
35189
35225
35364
35463
36215
36392
36645
36715
36784
36878
37246
37386
37624
37689
37825
38040
38512
38765
38990
39002
39032
39062
39275
39284
39378
39572
39666
39867
39978
40002
40020
40153
40296
41744
41979
42048
42137
42146
42242
42395
42623
42666
42744
43319
43511
44241
44269
44933
44948
45257
45684
45798
46211
46224
46388
46402
46523
46575
Number of cuts: 214

Mahdia
212
297
655
763
1018
1407
1627
2332
2473
2526
2572
2587
2599
2832
3082
3174
3735
3994
5236
5500
5898
5904
6323
6841
7049
7249
7371
7438
7497
7556
8374
8854
9226
9564
10369
10646
10690
11004
12231
12237
12475
12550
12667
12957
13321
13485
13555
13936
14137
14344
14738
15288
15748
16134
16261
16378
16442
16490
16641
16674
16918
17250
17313
17400
17613
17994
18012
18315
18402
18859
19718
19755
20269
20310
20934
21093
21137
21352
21749
21766
21815
21893
22037
22246
22365
22548
22764
23465
23843
23969
24374
24664
24754
24894
24933
25005
25041
25092
25140
26135
26176
26347
26733
27126
27151
27531
27657
27789
27990
28122
28618
29407
29975
30571
30891
31206
31478
31619
32369
32947
33190
33517
33883
34334
34933
35058
35678
36452
37377
38070
38748
38788
38939
39042
39141
39458
39554
39819
40619
40673
40712
40726
40768
40866
41451
41778
41850
41899
Number of cuts: 148

Naiad
19
184
1109
1167
1370
1465
1902
1929
2017
2368
2470
2578
3016
3128
3222
3372
3837
3918
4371
4434
4479
4830
4919
5497
5807
6176
6292
6491
6507
6955
6995
7872
8096
8118
8390
8922
9168
9439
9596
9892
10060
10096
10443
10507
11361
11855
11885
11909
12173
12430
12480
13341
13719
14112
14735
15021
15166
15855
15921
15939
16239
16457
16496
16500
16596
16675
16682
17385
17636
17692
17816
18153
18222
18474
18518
19906
20160
20297
20381
20423
20648
20672
20826
20856
20921
21038
21085
21139
21529
21544
21669
21680
21705
21861
21942
21988
22027
22047
22319
22434
22988
23133
23639
23910
24053
24090
24320
24809
25208
25313
25409
25570
26192
26325
26358
26398
26658
26752
26774
27133
27137
27564
27678
28110
28416
28687
29351
29387
29513
29646
29917
29947
29984
30005
30118
30142
30238
30448
30547
31058
31603
32003
32026
32030
32116
32200
32287
32965
33567
33673
33707
33868
33946
34162
34515
34989
35079
35103
35202
35238
35377
35476
36414
36667
36737
36806
36900
37268
37408
37646
37711
37847
38062
38534
38787
39012
39024
39054
39084
39297
39306
39400
39594
39688
39889
40000
40024
40042
40175
40318
41311
41766
42001
42070
42159
42168
42264
42417
42645
42688
42766
43341
43533
44263
44291
44970
45279
45706
45820
46233
46246
46410
46424
46546
46598
Number of cuts: 215

Nancinator
19
184
1109
1167
1370
1465
1902
1929
2017
2368
2470
2578
3016
3128
3222
3372
3837
3918
4371
4434
4479
4830
4919
5497
5807
6176
6292
6491
6507
6955
6995
7872
8096
8118
8390
8922
9168
9439
9596
9892
10060
10096
10443
10507
11361
11855
11885
12173
12430
12480
13341
13719
14112
14735
15021
15166
15855
15921
15939
16239
16457
16496
16500
16596
16675
16682
17385
17636
17692
17816
18153
18222
18474
18518
18639
19906
20160
20297
20381
20423
20648
20672
20826
20856
20921
21038
21085
21139
21529
21544
21680
21861
21988
22047
22306
22421
22975
23137
23626
23897
24040
24077
24308
24797
25134
25196
25301
25397
26180
26313
26346
26386
26646
27121
27125
27552
27666
28098
28404
28675
29337
29373
29499
29579
29632
30038
30158
30368
30467
30978
31923
31946
31950
32036
32120
32207
32885
33593
33627
33788
33866
34082
34444
34918
35008
35032
35131
35167
35306
35405
36157
36334
36587
36657
36726
36820
37188
37328
37386
37566
37631
37767
37982
38707
38932
38944
38974
39004
39217
39226
39317
39492
39635
41083
41318
41387
41476
41485
41581
41734
41962
42005
42083
42658
42850
43580
43608
44287
44596
45023
45137
45550
45563
45727
45741
45863
45915
Number of cuts: 197

Natosaleda
19
184
1109
1167
1370
1465
1902
1929
2017
2368
2470
2578
2626
3016
3128
3222
3372
3837
3918
4371
4434
4479
4830
4919
5497
5807
6176
6292
6491
6507
6955
6995
7872
8096
8118
8390
8922
9168
9439
9596
9892
10060
10096
10443
10507
11361
11855
11885
12173
12430
12480
13341
13719
14112
14735
15021
15166
15855
15921
15939
16239
16457
16496
16500
16596
16675
16682
17385
17636
17692
17816
18153
18222
18474
18518
18639
19906
20160
20297
20381
20423
20648
20672
20826
20856
20921
21038
21085
21139
21529
21544
21680
21861
21988
22047
22306
22421
22975
23137
23626
23897
24040
24077
24307
24796
25133
25195
25300
25396
26179
26312
26345
26385
26645
27120
27124
27551
27665
28097
28403
28674
29336
29372
29498
29578
29631
30037
30157
30367
30466
30977
31922
31945
31949
32035
32119
32206
32884
33592
33626
33787
33865
34081
34443
34917
35007
35031
35130
35166
35305
35404
36156
36333
36586
36656
36725
36819
37187
37327
37385
37565
37630
37766
37981
38706
38931
38943
38973
39003
39216
39225
39316
39510
39604
39805
39916
39940
39958
40091
40225
41684
41919
41988
42077
42086
42182
42335
42563
42606
42684
43259
43451
44181
44209
44888
45197
46143
46156
46319
46333
46454
46506
Number of cuts: 202

Partridge
19
1160
1363
1458
1887
1961
1988
2076
2427
2529
3187
3281
3431
4430
4493
4538
4889
4978
5507
5556
5866
6235
6336
6999
7039
8234
8455
8949
9169
9195
9351
9466
9623
10091
10123
10217
10350
10534
10554
10569
10785
11394
11888
11918
11942
12206
12463
12513
12597
13752
14051
15145
15199
15888
15954
15972
16005
16272
16490
16529
16533
16629
17418
17669
17773
17849
18186
18255
18507
18551
19398
19939
20193
20287
20414
20456
20460
20681
20705
20954
21118
21519
21562
21577
21617
21855
21894
22060
22080
22352
22467
22673
23021
23166
23672
24070
24087
24354
25180
25242
25347
25443
26297
26428
26728
27203
27207
27363
27634
27695
27748
27964
28010
28180
28353
28373
28565
28836
29498
29534
29660
30064
30094
30152
30265
30385
30694
31205
31750
32150
32173
32177
32263
32347
32470
32799
32971
33109
33967
34144
34222
34438
34800
35274
35364
35388
35487
35523
35662
35761
36449
36690
36943
37013
37082
37176
37470
37545
37743
37923
37988
38096
38124
38339
38708
38811
39064
39289
39301
39331
39361
39574
39677
39871
39967
40168
40271
40279
40303
40454
40597
42045
42280
42349
42405
42616
43115
43232
43315
43439
43657
43804
43996
44176
44723
44751
45258
45450
45650
46166
46567
46579
46592
46657
46754
46767
46889
46941
Number of cuts: 208

Pepy6
85
870
1324
1338
2598
2679
2873
3257
4009
5083
5477
5591
5633
6048
6550
6675
6911
7145
7241
7890
8477
9498
9583
9919
11958
12079
12160
12557
12614
13175
13382
13598
13703
13733
15352
15478
15610
15847
16772
17041
17630
17972
18013
18543
19104
19584
20727
20750
20829
20867
20951
21385
21420
22272
22313
23114
23942
24382
24695
24899
24992
25016
25091
25109
25192
25285
25965
26384
26634
26802
26865
28610
28640
29202
29808
29901
29912
29918
30014
30452
30583
30991
31564
32053
32998
33484
34891
35087
35765
36211
36433
36570
36754
36957
37017
37102
37924
37930
38060
38547
38691
39651
39758
39830
40135
40197
40303
40317
40330
40464
40554
41767
41827
42651
43267
44201
44525
44827
44900
45154
45407
45587
45968
46013
46047
46198
46797
47274
47604
48859
49243
49478
49652
49819
49892
50419
50979
50994
51274
52038
52545
53163
53520
53568
54387
54765
54858
54976
55008
55182
55371
55536
55755
55779
55869
56043
56264
56335
57564
57685
57746
57856
57979
58226
58739
58886
59117
59679
60135
60314
60798
60802
61749
61862
62030
62532
62691
62724
62874
63321
64021
64134
64612
64647
65047
65635
65897
65939
66008
66173
66313
66322
67414
67477
68488
68886
68907
69566
70001
70049
70266
70374
70639
71199
71292
71556
71622
71628
72754
72952
73018
73111
73239
73357
73623
74004
74283
74290
74612
74831
75033
75196
75418
75438
75474
75624
75681
75802
76059
76357
Number of cuts: 230

Peregrin
917
1661
1668
1685
1781
1855
1994
2107
2628
2704
3126
4358
4452
4521
5049
5507
6457
6480
7375
8013
8555
8673
8774
8795
8813
8902
8936
9520
10829
10946
11005
11348
11361
12918
13858
14431
15283
15367
15650
15792
16637
17129
17267
17591
17676
17891
18516
19131
19440
19706
19854
20243
20454
20600
20758
20791
20982
21034
22171
22291
22328
22468
22711
22894
23063
23398
23877
24307
25250
26117
26539
26888
27029
27483
27833
28199
28318
28957
29507
29521
30400
30453
31062
32664
32680
32749
32797
32965
33259
33301
33355
33427
34099
35113
35500
35536
35765
35773
35972
36388
37682
38016
38588
39687
39926
40195
40453
40477
40839
41036
41064
41560
41984
42077
42086
42228
43330
43439
43891
44660
44831
44929
45061
45170
45230
45259
45439
45752
45786
45872
46336
47096
47965
48956
49307
49319
49574
50275
50638
51063
51178
51602
51638
52048
52128
52150
52583
52820
53932
54101
54758
55937
56809
57219
57498
57752
58273
58782
58989
59016
59092
60109
60307
61241
61781
61786
61958
62159
62471
62551
62789
63003
63177
63299
63485
64231
64775
64784
65437
65448
66203
66432
67564
67645
67758
68970
70042
70083
71217
71232
71613
71654
71907
72084
72725
73331
73824
74322
74334
74349
75530
75911
76587
77169
77534
77741
77882
78461
78527
80884
81613
81924
82656
82745
83100
83211
83230
83240
83520
83673
83684
84349
84534
85103
85677
85845
86088
86634
86801
87277
88000
88676
89182
89544
90335
91071
91083
91307
91478
91932
92135
93542
94626
94989
95436
95612
95794
96058
96516
96785
96849
97931
98060
98384
98393
99281
100949
101055
101291
101761
102436
102836
103031
103789
104253
105141
105367
105888
106333
106359
107001
107605
107670
109412
109800
111504
111539
111602
111772
111880
112896
113340
114065
114127
114577
114589
115247
115809
116218
116379
116660
116758
117271
117459
118196
118303
118525
118688
120618
121482
122477
122556
122612
123149
124620
124696
124767
124898
125297
125581
125709
126510
126742
126879
127224
127416
127596
128401
129511
129579
130986
131730
131737
131754
131850
131924
132063
132176
132697
132773
Number of cuts: 330

Phrankenstein
19
184
1109
1167
1370
1465
1902
1929
2017
2368
2470
2578
3016
3128
3222
3372
3837
3918
4371
4434
4479
4830
4919
5497
5807
6176
6292
6491
6507
6955
6995
7872
8096
8118
8390
8922
9168
9596
9892
10060
10096
10443
10507
11361
11855
11885
11909
12173
12430
12480
13341
13719
14112
14735
15021
15166
15855
15921
15939
16239
16457
16496
16500
16596
16675
16682
17385
17636
17692
17816
18153
18222
18474
18518
18639
19906
20160
20297
20381
20423
20648
20672
20826
20856
20921
21038
21085
21139
21475
21490
21626
21807
21934
21993
22252
22367
22921
23083
23572
23843
23986
24023
24253
24742
25079
25141
25246
25342
25384
26125
26291
26331
26591
27066
27070
27497
27611
28043
28349
28620
29284
29320
29446
29579
29850
29880
29917
29938
30051
30075
30171
30381
30480
30991
31936
31959
31963
32049
32133
32220
32898
33500
33606
33640
33801
33879
34095
34448
34922
35012
35036
35135
35171
35310
35409
36161
36338
36591
36661
36730
36824
37192
37332
37570
37635
37771
37986
38458
38711
38936
38948
38978
39008
39221
39230
39324
39518
39612
39813
39924
39948
39966
40099
40242
41690
41925
41994
42083
42092
42188
42341
42569
42612
42690
43265
43457
44187
44215
44894
45203
45630
45744
46157
46170
46333
46347
46467
46519
Number of cuts: 208

Pine5
423
1302
2225
2491
2654
2855
2861
2897
3361
4190
4267
4367
4801
4810
4829
4962
4983
5301
5916
6749
7586
7655
7694
8447
8525
8704
9287
9575
9606
9785
9929
10118
10172
10938
11040
11212
11338
11811
12444
12513
12547
12718
12745
12756
12802
12832
13058
13064
13268
13532
13544
13628
13646
13736
14094
14346
14622
15105
15150
15378
15477
15810
16041
16193
16338
16412
16432
16610
16703
16745
16922
17482
17810
18278
18945
19232
20039
20062
20412
21093
22231
23365
23587
23662
23866
23872
24118
25345
25778
26046
26154
26636
26759
27042
27338
27920
28865
28956
29027
29333
29479
29942
30044
30472
30541
30547
30946
31221
31387
31650
32770
33076
33250
33265
33571
33631
33910
34042
34168
34544
34659
34671
34887
34893
35046
35172
35217
35238
35445
35538
35580
35598
36126
36377
36467
36632
37832
38078
38085
38097
38212
38618
38744
38894
39047
39653
40280
40364
40628
40652
41285
41471
41619
41844
42073
42174
42390
42426
42588
42633
42870
42963
43072
43458
43914
44021
44228
44607
44667
45057
45493
45895
45937
46386
46533
46911
46935
46988
47179
47829
47937
48536
48794
48894
49081
49384
49761
49860
50093
50137
50248
50700
50736
51019
51175
51303
51606
52124
52321
52746
52986
53111
53348
53447
53528
53558
53659
54537
54746
54996
55023
55059
56042
56386
56437
56548
56563
57069
57153
57670
57751
57961
58073
58288
Number of cuts: 224

Poco6
85
417
541
775
1321
1714
2169
2206
4926
5144
6840
7066
7383
8895
9561
9635
10209
10889
11908
12929
13824
14450
14537
15068
15406
15470
15527
15608
15640
16008
16107
17049
17154
17184
17866
17979
18112
18223
18238
18370
18424
18762
19278
19620
19746
19999
20169
20182
20440
20782
21160
22749
22772
22851
22889
23442
24173
24338
25127
25955
26395
26708
26859
26912
27029
27104
27122
27205
27298
27547
27692
27978
28634
28815
28848
29105
29542
29771
30671
31554
31827
31920
31937
32369
33589
35509
36913
37787
38233
38308
38485
38592
38644
38776
38922
39039
39274
39493
39759
39946
39952
40000
40082
40223
40713
41515
41676
41857
41914
42222
43172
43501
43569
43629
44445
45418
45976
46037
46090
46604
46888
47095
47258
47390
47450
47556
47968
47993
48013
48400
48999
49394
49514
49553
49844
50374
51161
51166
51188
51404
51633
51736
51934
52521
52679
52764
52783
52897
53547
53599
53709
54053
54671
54718
55028
55076
55325
56273
56366
56516
56879
56978
57287
57377
57605
57843
58076
58533
59160
59240
59259
59684
59915
60062
60293
60841
61515
61817
62003
62088
62523
62687
62935
63411
63452
63590
63692
63923
64022
64870
65461
65496
65794
65825
66379
66837
66993
67157
67835
68030
68119
68521
69059
69358
69712
70386
70434
71404
71532
71640
71694
71750
71848
72341
72462
72555
72819
72891
73601
73770
73776
74000
74214
74351
74619
75393
75545
75552
75607
76093
76464
76686
76742
76779
76892
76949
77070
77625
Number of cuts: 238

Rasputin
19
184
1109
1167
1370
1465
1902
1929
2017
2368
2470
2578
3016
3128
3222
3372
3837
3918
4371
4434
4830
4919
5448
5497
5807
6176
6383
6492
6514
6940
6980
8082
8104
8176
8397
8779
8891
9137
9293
9408
9565
10033
10065
10159
10369
10476
11330
11824
11854
11878
12142
12399
13688
13987
15135
15824
15890
15908
15941
16208
16426
16465
16565
16746
17335
17354
17605
17661
17709
18122
18191
18487
19334
19875
20129
20350
20392
20396
20536
20617
20641
20890
21054
21108
21498
21513
21553
21830
21957
21996
22016
22276
22391
22945
23090
23596
23994
24011
24278
25104
25166
25271
25528
26150
26283
26316
26356
26616
27091
27095
27522
27636
28068
28374
28645
29309
29345
29471
29604
29875
29905
29942
29963
30076
30100
30196
30406
30505
31016
31561
31961
31984
31988
32074
32158
32245
32923
33525
33631
33665
33826
33904
34120
34473
34947
35037
35061
35160
35196
35335
35434
36186
36363
36616
36686
36755
36849
37217
37357
37595
37660
37796
38011
38483
38736
38961
38973
39003
39033
39246
39255
39349
39543
39637
39838
39949
39973
39991
40124
40267
41715
41950
42019
42108
42117
42213
42366
42594
42637
42715
43290
43482
44212
44240
44919
45228
45655
45769
46182
46195
46360
46374
46496
46548
Number of cuts: 204

RER2
19
184
1109
1167
1370
1465
1902
1929
2017
2368
2470
2578
2626
3016
3128
3222
3372
3837
3918
4371
4434
4479
4830
4919
5497
5807
6176
6292
6398
6491
6507
6955
6995
7872
8096
8118
8390
8922
9168
9439
9596
9892
10060
10096
10443
10507
11361
11855
11885
11909
12173
12430
12480
13341
13719
14112
14735
15021
15166
15855
15921
15939
16239
16457
16496
16500
16596
16675
16682
17385
17636
17692
17816
18153
18222
18474
18518
18639
19906
20160
20297
20381
20423
20648
20672
20921
21085
21139
21529
21544
21680
21861
21988
22047
22306
22421
22838
22975
23137
23626
23897
24040
24077
24307
24515
25195
25300
25396
26312
26345
26645
27120
27124
27280
27551
27665
28290
28403
28674
29338
29374
29500
29904
29934
29971
29992
30105
30129
30225
30435
30534
31045
31590
31990
32013
32017
32103
32187
32274
32952
33554
33660
33694
33855
33933
34149
34502
34976
35066
35090
35189
35225
35364
35463
36215
36392
36645
36715
36784
36878
37246
37386
37624
37689
37825
38040
38512
38765
38990
39002
39032
39062
39275
39284
39378
39572
39666
39867
39978
40002
40020
40153
40296
41744
41979
42048
42137
42146
42242
42395
42623
42666
42744
43319
43511
44241
44269
44948
45257
45684
45798
46211
46224
46387
46401
46523
46575
Number of cuts: 207

RexFury
19
184
1140
1198
1401
1496
1933
1960
2048
2399
2501
2609
3047
3159
3253
3403
3868
3949
4402
4465
4510
4861
4950
5528
5838
6207
6323
6522
6538
6986
7026
7903
8127
8149
8421
8953
9199
9627
9923
10091
10127
10474
10538
11392
11886
11916
11940
12204
12461
12511
12595
13372
13750
14143
14766
15052
15197
15886
15952
15970
16270
16488
16527
16531
16627
16706
16713
17416
17667
17723
17847
18184
18253
18505
18549
18670
19937
20191
20210
20328
20412
20454
20679
20703
20857
20887
20952
21069
21116
21170
21560
21575
21711
21892
22019
22078
22337
22452
23006
23168
23657
23928
24071
24108
24338
24827
25164
25226
25331
25588
26210
26343
26376
26416
26676
27151
27155
27582
27696
28128
28434
28705
29369
29405
29531
29664
29935
29965
30002
30023
30136
30160
30256
30466
30565
31076
32021
32044
32048
32134
32218
32305
32983
33585
33691
33725
33886
33964
34180
34533
35007
35097
35121
35220
35256
35395
35494
36246
36423
36676
36746
36815
36909
37277
37417
37475
37655
37720
37856
38071
38796
39021
39033
39063
39093
39306
39315
39406
39600
39694
39895
40006
40030
40048
40181
40315
41774
42009
42078
42167
42176
42272
42425
42653
42696
42774
43349
43541
44271
44299
44978
45287
45714
45828
46241
46254
46418
46432
46554
46606
Number of cuts: 210

RGL3
19
117
181
451
1148
1205
1371
1901
1938
2016
2370
2472
3018
3130
3224
3374
3644
3839
3965
4373
4436
4481
4661
4868
4939
5188
5809
6052
6178
6285
6391
6522
6594
6687
7116
8086
8108
8888
9134
9535
9630
9935
10033
10476
10896
11776
11809
11830
11860
12080
12148
12432
12469
12770
13910
14221
15270
15893
16019
16085
16103
16136
16403
16621
16846
17689
17901
17977
18004
18314
18383
18680
18890
18915
19298
20246
20501
20543
20618
20684
20758
20804
21035
21097
21149
21215
22111
22246
22408
22799
23126
23138
23165
23615
24107
24684
25338
25624
25686
25791
26068
26122
26176
26376
26911
26933
27320
27479
27569
27620
27677
28376
28553
28652
28805
28908
28914
29062
29117
29204
29751
30245
30281
30398
30775
30799
30895
31105
31141
31204
31399
31715
32260
32359
32371
32770
32854
33285
33447
33598
33612
33933
33945
34399
34798
35084
35097
35302
35746
35770
35932
36022
36046
36145
36181
36419
36999
37137
37424
37510
37619
37873
38074
38357
38456
38522
38633
38834
39580
39781
39793
39982
40090
40202
40472
40673
40700
40826
40956
41522
41552
41564
41887
42058
42786
43386
43508
43688
44082
44112
44208
44325
44394
44409
44547
44725
45154
45162
45361
45988
46316
46625
46657
47682
47863
47972
Number of cuts: 206

Rhodalysa
19
184
1109
1167
1370
1465
1902
1929
2017
2368
2470
2578
2626
3016
3128
3222
3372
3837
3918
4371
4434
4479
4830
4919
5497
5807
6176
6292
6398
6491
6507
6955
6995
7872
8096
8118
8390
8922
9168
9439
9596
9892
10060
10096
10443
10507
11361
11855
11885
11909
12173
12430
12480
13341
13719
14112
14735
15021
15166
15855
15921
15939
16239
16457
16496
16500
16596
16675
16682
17385
17636
17692
17816
18153
18222
18474
18518
19906
20160
20297
20381
20423
20648
20672
20826
20856
20921
21038
21085
21139
21529
21544
21669
21680
21705
21861
21988
22047
22306
22421
22975
23137
23626
23897
24040
24077
24307
24796
25133
25195
25300
25396
25438
26179
26345
26385
26645
27120
27124
27551
27665
28097
28403
28674
29338
29374
29500
29633
29904
29934
29971
29992
30105
30129
30225
30435
30534
31045
31590
31990
32013
32017
32103
32187
32274
32952
33554
33660
33694
33855
33933
34149
34502
34976
35066
35090
35189
35225
35364
35463
36215
36392
36645
36715
36784
36878
37246
37386
37624
37689
37825
38040
38512
38765
38990
39002
39032
39062
39275
39284
39378
39572
39666
39867
39978
40002
40020
40153
40296
41744
41979
42048
42137
42146
42242
42395
42623
42666
42744
43319
43511
44241
44269
44933
44948
45257
45684
45798
46211
46224
46388
46402
46523
46575
Number of cuts: 214

StCroix
19
184
1109
1167
1370
1465
1902
1929
2017
2368
2470
2578
3016
3128
3222
3372
3837
3918
4371
4434
4479
4830
4919
5497
5807
6176
6292
6491
6507
6955
6995
7872
8096
8118
8390
8922
9168
9439
9596
9892
10060
10096
10443
10507
11361
11855
11885
11909
12173
12430
12480
13341
13719
14112
14735
15021
15166
15855
15921
15939
16239
16457
16496
16500
16596
16675
16682
17385
17636
17692
17816
18153
18222
18474
18518
19906
20160
20297
20381
20423
20648
20672
20826
20856
20921
21038
21085
21139
21529
21544
21669
21680
21705
21861
21942
21988
22027
22047
22319
22434
22988
23133
23639
23910
24053
24090
24320
24809
25208
25313
25409
25570
26192
26325
26358
26398
26658
26752
26774
27133
27137
27564
27678
28110
28416
28687
29351
29387
29513
29646
29917
29947
29984
30005
30118
30142
30238
30448
30547
31058
31603
32003
32026
32030
32116
32200
32287
32965
33567
33673
33707
33868
33946
34162
34515
34989
35079
35103
35202
35238
35377
35476
36414
36667
36737
36806
36900
37268
37408
37646
37711
37847
38062
38534
38787
39012
39024
39054
39084
39297
39306
39400
39594
39688
39889
40000
40024
40042
40175
40318
41311
41766
42001
42070
42159
42168
42264
42417
42645
42688
42766
43108
43341
43533
44263
44291
44970
45279
45706
45820
46233
46246
46410
46424
46546
46598
Number of cuts: 216

Swann
19
184
1109
1167
1370
1465
1902
1929
2017
2368
2470
2578
3016
3128
3222
3372
3837
3918
4371
4434
4479
4830
4919
5497
5807
6176
6292
6398
6491
6507
6955
6995
7872
8096
8118
8390
8922
9168
9439
9596
9892
10060
10096
10443
10507
11361
11855
11885
11909
12173
12430
12480
13341
13719
14112
14735
15021
15166
15855
15921
15939
16239
16457
16496
16500
16596
16675
16682
17385
17636
17692
17816
18153
18222
18474
18518
18639
19906
20160
20297
20381
20423
20648
20672
20826
20856
20921
21038
21085
21139
21529
21544
21663
21680
21861
21988
22047
22306
22421
22975
23137
23626
23897
24040
24077
24307
24796
25133
25195
25300
25557
26179
26312
26345
26385
26645
27120
27124
27551
27665
28097
28403
28674
29336
29372
29498
29631
29902
29932
29969
29990
30103
30127
30223
30433
30532
31043
31588
31988
32011
32015
32101
32185
32272
32950
33552
33658
33692
33853
33931
34147
34500
34974
35064
35088
35187
35223
35362
35461
36213
36390
36643
36713
36782
36876
37244
37384
37622
37687
37823
38038
38510
38763
38988
39000
39030
39060
39273
39282
39376
39570
39664
39865
40000
40018
40151
40294
41742
41977
42046
42135
42144
42240
42393
42621
42664
42742
43317
43509
44239
44267
44946
45255
45682
45796
46210
46223
46387
46401
46523
46575
Number of cuts: 211

Takoda
19
1160
1363
1458
1820
1894
2009
2360
2462
3120
3214
3364
4363
4426
4471
4822
4911
5440
5489
5799
6168
6484
6932
6972
8095
8167
8388
8882
9102
9128
9284
9399
9556
10020
10024
10056
10150
10283
10467
10487
11321
11815
11845
11869
12133
12390
13679
13978
14119
15072
15126
15815
15881
15899
15932
16199
16417
16456
16460
17345
17596
17700
17776
18113
18182
18434
18478
19325
19392
19866
20120
20341
20387
20608
20881
21045
21099
21446
21489
21504
21544
21782
21859
21948
21998
22278
22393
22947
23092
23598
23996
24013
24280
24769
25106
25168
25273
25369
25411
26318
26358
26477
26618
27093
27097
27524
27638
27854
28070
28263
28376
28647
29311
29347
29473
29606
30012
30036
30132
30441
30952
31596
31897
31920
31924
32010
32094
32321
32546
32718
32856
33558
33573
33714
33834
33868
33878
34029
34107
34323
34685
35159
35249
35273
35372
35408
35547
35646
36398
36575
36807
36828
36898
36967
37061
37429
37627
37807
37872
37980
38008
38223
38592
38695
38948
39173
39185
39215
39245
39458
39561
39755
39851
39936
40052
40155
40163
40187
40205
40338
40472
40481
40921
41473
41927
42162
42231
42287
42805
42922
43005
43129
43501
43648
43687
43840
44020
44567
44595
45295
45496
46011
46424
46437
46502
46600
46613
46734
46786
Number of cuts: 209

Trina
531
674
1166
2043
2093
2347
2958
2999
3171
3283
3414
4416
4467
4556
4643
5065
5195
5423
5574
5631
5731
5811
6291
6395
6539
6547
6632
6692
6818
6995
7353
7683
8384
8485
8716
8902
9342
9372
9475
9596
9629
10211
10296
10417
10602
10711
10963
10969
11133
12101
12466
12906
13042
13428
14004
14214
14308
14392
14401
14786
15176
15589
15726
16439
16515
17316
17465
17765
18920
19136
19174
19803
19863
20262
20329
20357
20701
20717
20874
21004
21191
21897
21904
22116
22162
23021
23049
23614
23916
23925
24193
24499
24589
24911
25081
25092
25271
25279
25322
25480
25698
25873
26011
26515
26995
27417
27564
27861
27872
28879
28900
29203
29493
29673
29848
30211
30477
30998
31097
31466
31573
31735
31771
32011
32050
32088
33006
33129
33529
33911
33975
34031
34346
34446
34717
34773
34991
35256
35493
35779
35975
36028
36786
37036
37980
37991
38269
38459
38626
38635
39524
40087
40151
40227
40252
40335
40545
40591
40792
41320
42295
42310
42414
42565
42584
43653
43783
43833
44190
44250
44337
44346
44415
44505
44592
44678
45174
45243
45252
45639
46386
46557
47634
47694
48376
48862
49314
49541
49662
49938
50172
50199
50831
51217
51391
51404
51517
51582
52736
52898
53546
53747
54433
54446
54515
54542
55158
55331
55430
55814
55924
56270
56577
56703
56763
56958
57058
57489
57543
57658
58039
58072
58126
58161
58278
58788
58899
59160
59540
59598
59803
61181
61191
61391
61560
61920
62429
62437
62940
62987
63032
63425
63556
64033
64586
64815
65128
65682
65996
66212
66717
67216
67407
67469
68012
68542
68655
68750
69020
69295
70013
70039
70217
70733
70876
71108
71164
71203
71548
71574
71821
72134
72405
72510
72693
73039
73116
73785
73893
73999
74003
74081
74168
74304
74578
74682
74793
75124
75675
75768
75846
76079
76197
76339
76705
77666
77728
77733
77790
77814
77953
78105
78577
78661
78995
79098
79112
80344
80443
80507
80517
80539
81029
81865
82222
82308
82368
82380
83120
83203
84349
84499
84985
85073
85118
85532
85696
85918
86775
87103
87647
87776
87860
88090
88155
88654
88751
89001
89452
89801
89866
89878
90400
91700
91858
91906
92680
92759
93704
93897
93959
93991
94058
94161
94252
94516
94704
95044
95082
95969
95994
96194
96201
96308
96343
96382
96410
96625
97500
97857
97910
97939
98285
98392
98492
98827
98935
99009
99092
99402
99559
100135
100139
100195
100457
101446
101456
102077
102400
102439
102584
102969
103403
103408
104262
104353
104678
104929
105645
105651
105696
106276
106370
106432
106603
107108
107175
107200
107255
107958
108210
108244
108412
108442
108475
108506
108841
108881
109055
109171
109596
109750
109759
110029
110314
110425
110440
110670
110881
111212
111857
112371
112382
112389
112556
113125
113341
114235
114671
115010
115018
115146
115237
115243
115462
115474
115713
116108
116319
116521
117522
117543
117593
118673
119194
119413
119729
120647
120787
120973
121064
121230
121858
121913
122089
122958
123427
123596
123674
124250
124815
125892
126531
126602
126846
127264
127330
127665
127679
128004
128055
128185
128207
128254
128298
128810
129172
129208
129390
129823
130059
130410
130458
131657
131746
131753
131914
131945
132071
132137
132256
132543
132607
132648
132826
132999
133329
133459
133698
134926
134960
135233
135734
136290
136297
136392
136933
137076
137568
138445
138495
138749
Number of cuts: 522

TWAMP
19
184
1109
1167
1370
1465
1902
1929
2017
2368
2470
2578
2626
3016
3128
3222
3372
3837
3918
4371
4434
4479
4830
4919
5497
5807
6176
6292
6398
6491
6507
6955
6995
7872
8096
8118
8390
8922
9168
9439
9596
9892
10060
10096
10443
10507
11361
11855
11885
11909
12173
12430
12480
13341
13719
14112
14735
15021
15166
15855
15921
15939
16239
16457
16496
16500
16596
16675
16682
17385
17636
17692
17816
18153
18222
18474
18518
19906
20160
20297
20381
20423
20648
20672
20826
20856
20921
21038
21085
21139
21529
21544
21669
21680
21705
21861
21988
22047
22306
22421
22975
23137
23626
23897
24040
24077
24307
24796
25133
25195
25300
25396
25438
26179
26345
26385
26645
27120
27124
27551
27665
28097
28403
28674
29338
29374
29500
29633
29904
29934
29971
29992
30105
30129
30225
30435
30534
31045
31590
31990
32013
32017
32103
32187
32274
32952
33554
33660
33694
33855
33933
34149
34502
34976
35066
35090
35189
35225
35364
35463
36215
36392
36645
36715
36784
36878
37246
37386
37624
37689
37825
38040
38512
38765
38990
39002
39032
39062
39275
39284
39378
39572
39666
39867
39978
40002
40020
40153
40296
41744
41979
42048
42137
42146
42242
42395
42623
42666
42744
43319
43511
44241
44269
44933
44948
45257
45684
45798
46211
46224
46388
46402
46523
46575
Number of cuts: 214

UhSalsa
19
184
1109
1167
1370
1465
1902
1929
2017
2368
2470
2578
3016
3128
3222
3372
3837
3918
4371
4434
4479
4830
4919
5497
5807
6176
6292
6491
6507
6955
6995
7872
8096
8118
8390
8922
9168
9439
9596
9892
10060
10096
10443
10507
11361
11855
11885
12173
12430
12480
13341
13719
14112
14735
15021
15166
15855
15921
15939
16239
16457
16496
16500
16596
16675
16682
17385
17636
17692
17816
18153
18222
18474
18518
18639
19906
20160
20297
20381
20423
20648
20672
20826
20856
20921
21038
21085
21139
21529
21544
21680
21861
21988
22047
22306
22421
22975
23137
23626
23897
24040
24077
24308
24797
25134
25196
25301
25397
26180
26313
26346
26386
26646
27121
27125
27552
27666
28098
28404
28675
29337
29373
29499
29579
29632
30038
30158
30368
30467
30978
31923
31946
31950
32036
32120
32207
32885
33593
33627
33788
33866
34082
34444
34918
35008
35032
35131
35167
35306
35405
36157
36334
36587
36657
36726
36820
37188
37328
37386
37566
37631
37767
37982
38707
38932
38944
38974
39004
39217
39226
39317
39511
39605
39806
39917
39941
39959
40092
40226
41685
41920
41989
42078
42087
42183
42336
42564
42607
42685
43260
43452
44182
44210
44889
45198
45625
45739
46152
46165
46329
46343
46466
46518
Number of cuts: 203

Weasels2
299
351
1043
1916
2112
2123
2415
2471
2707
3024
3965
4025
4096
4354
4799
4891
5090
5205
5220
5264
5635
5661
5887
6134
6908
7047
7059
7817
8389
8947
8975
9014
9398
9531
9674
9758
11243
11474
11843
12375
12541
12746
12969
13395
13447
13807
14779
14860
15368
16226
16310
17460
18173
18200
18210
18283
18455
18491
19704
20061
21180
21214
21233
21490
21785
21966
22384
23274
23470
23615
23810
24313
25263
26120
26281
26863
26887
27832
28198
28317
28904
28956
29509
29523
30435
30991
31049
31200
31350
31649
32861
33507
33523
33552
34041
34071
34254
34454
35064
35505
36819
36951
39147
40531
40660
40897
41333
42284
42733
42760
42935
43158
43831
43905
44346
44479
44766
45016
45951
48377
49631
49722
50085
50340
51467
51962
52492
52515
52795
52844
53220
53604
53621
54263
54859
55003
55313
55538
55565
55625
55973
56051
56274
56636
57172
57191
58292
58452
58719
59058
59634
59714
59935
60625
61272
61363
61421
62077
62387
62930
62969
63308
63700
64403
64589
65161
65682
65790
66145
66309
66583
66613
67417
68202
68313
69230
69801
70989
71053
71138
71560
71715
72056
72240
72682
72718
72801
72953
73038
74082
74112
74859
75754
76339
76343
76481
76948
77000
77520
77743
77790
78273
78283
78454
78684
79085
79343
79539
79560
79638
80988
81039
81190
82313
82762
83119
83628
84056
84289
84299
84733
84818
85343
85681
86617
86628
86845
87415
87630
88342
88982
89092
89989
90080
91838
91899
92224
92441
92602
93136
93776
95108
95120
96254
96258
96660
96712
97550
97741
98171
98498
98588
98598
100290
100411
101373
101895
102445
102469
103194
103328
103504
104047
104631
104697
105892
106068
106462
107066
107465
107568
108022
108629
110561
110830
110991
111740
112007
112078
112287
112530
112592
112758
113017
114034
114183
114419
114527
114791
115385
115593
115603
115718
116045
116222
116713
118173
118782
118813
118863
119288
120090
120236
120590
120978
121095
121318
122517
122522
122529
122742
122958
124714
124875
125082
125236
125299
125882
126168
126578
126629
126871
127060
127325
127540
127603
128403
128457
128540
128926
129977
130821
131169
132004
132056
132748
133621
133817
133828
134120
134176
134412
134729
Number of cuts: 343

Yogi
19
184
1109
1167
1370
1465
1902
1929
2017
2368
2470
2578
3128
3222
3372
3837
3918
4371
4434
4830
4919
5448
5497
5807
6176
6383
6492
6514
6940
6980
8081
8103
8175
8396
8778
8890
9110
9136
9292
9407
9564
10028
10064
10158
10291
10475
10495
10510
11335
11829
11859
11883
12147
12404
13693
13992
15140
15829
15895
15913
15946
16213
16431
16470
16570
16751
17340
17359
17610
17666
18127
18196
18492
19339
19880
20134
20355
20397
20401
20622
20646
20895
21059
21113
21503
21518
21558
21796
21962
22001
22021
22280
22395
22949
23094
23600
23997
24014
24281
24489
25107
25169
25274
25370
26286
26319
26619
27094
27098
27254
27525
27639
28264
28377
28648
29312
29348
29474
29878
29908
29945
29966
30079
30103
30199
30409
30508
31019
31663
31789
31964
31987
31991
32077
32161
32248
32926
33528
33606
33634
33668
33678
33829
33907
34123
34473
34947
35037
35061
35160
35196
35335
35434
36186
36361
36403
36434
36703
36780
36996
37066
37135
37229
37597
37795
37975
38040
38176
38391
38863
39116
39341
39353
39383
39413
39494
39626
39729
39923
40017
40218
40329
40353
40371
40504
40638
40647
42095
42330
42399
42488
42497
42593
42746
42974
43017
43095
43519
43670
43862
44106
44592
44620
45299
45608
46134
46560
46722
46736
46909
Number of cuts: 210

Yoncess
19
184
1109
1167
1370
1465
1902
1929
2017
2368
2470
2578
3222
3372
3837
3918
4371
4434
4830
4919
5448
5497
5807
6176
6383
6492
6514
6940
6980
8081
8103
8175
8396
8778
8890
9110
9136
9292
9407
9564
10028
10064
10158
10291
10475
10495
10510
11335
11829
11859
12147
12404
13693
13992
14133
15140
15829
15895
15913
15946
16213
16431
16470
16570
16751
17340
17359
17610
17666
17714
18127
18196
18492
19339
19880
20271
20355
20397
20401
20541
20622
20646
20752
20895
21059
21113
21503
21518
21558
21796
21962
22021
22281
22396
22813
22950
23112
23601
23872
24015
24282
25108
25170
25275
25371
26287
26320
26620
27095
27099
27255
27526
27640
28265
28378
28649
29313
29349
29475
29608
29859
29883
29979
30189
30288
30799
31443
31744
31767
31771
31857
31941
32028
32706
33308
33386
33414
33448
33458
33609
33687
33903
34256
34730
34820
34844
34943
34979
35118
35217
35969
36146
36399
36469
36538
36632
37000
37140
37198
37378
37443
37579
37794
38266
38519
38744
38756
38786
38816
39029
39132
39326
39420
39533
39621
39732
39756
39774
39907
40041
40050
41499
41737
41806
41895
41904
42000
42153
42381
42424
42502
43078
43270
43514
44000
44028
44707
45016
45443
45557
45970
45983
46145
46159
46280
46332
Number of cuts: 206

