Alatin
5047
7321
8378
8945
11281
29450
31471
33691
44339
44712
Number of cuts: 10

Alpacados
5009
7268
7719
8875
11217
22595
29355
31376
33596
44162
44535
Number of cuts: 11

AngryOrchard
4992
6565
7251
7702
8858
11200
27343
31269
33525
44381
Number of cuts: 10

AppleCloud
4756
7015
7466
8598
9680
10934
12195
20404
21947
27354
31201
33421
44056
44429
Number of cuts: 14

Belenaria
5047
7321
8378
8945
11281
22659
31337
33557
44204
44577
Number of cuts: 10

BobbyDazzler
5118
7377
7828
8984
11326
22705
29429
31450
33670
44310
44683
Number of cuts: 11

Bonanza
5047
7306
7757
8913
11255
22633
29357
31378
33598
44614
44987
Number of cuts: 11

Bradshaw
5047
7321
8378
8945
11281
22659
29383
31404
33624
44272
44645
Number of cuts: 11

Bryce
5047
7306
7757
8913
11255
22634
27387
29358
31158
33378
44018
44391
Number of cuts: 12

ChewyVIII
656
3516
7297
9704
12626
16249
17731
19963
24730
29405
29424
32422
32746
35001
35981
36064
36983
38247
40443
40650
43955
45910
49227
49405
50599
52332
52368
54187
55114
55124
60237
63198
66418
67887
68196
Number of cuts: 35

CosmicSans
5047
7321
8378
8945
11281
22659
29383
31404
33624
44263
44636
Number of cuts: 11

Dinger
5043
7302
7753
8909
11251
20409
21398
27396
31273
33532
44399
Number of cuts: 11

DocB7
3518
4716
5578
10438
11963
14764
16066
41625
43866
44149
63220
69318
Number of cuts: 12

E3
4315
6303
7877
9911
11871
13782
23903
24103
24130
31459
32487
36406
40973
46843
56842
63961
68558
77131
79460
80346
82053
85777
85825
88374
90555
95743
97331
104866
106547
108557
111302
111479
114747
115983
116754
119925
121424
126930
128570
129414
130087
131910
135999
137239
140482
142432
Number of cuts: 46

Erik
5047
7321
8378
8944
11280
22658
31336
33556
44094
44467
Number of cuts: 10

Espica
5047
7321
8378
8945
11281
22659
31337
33557
44204
44577
Number of cuts: 10

Finch
2863
12385
12418
13714
15777
26466
28899
30988
33572
45421
55095
63650
65002
66373
68902
75925
84344
85726
89307
90060
92517
97426
110327
113845
117692
117792
124631
127763
132689
134304
136800
137170
Number of cuts: 32

Gollum
5047
7321
8378
8945
11281
22659
31402
33622
44205
44578
Number of cuts: 10

Grayson
43923
Number of cuts:  1

Harlequin
5047
7306
7757
8889
11231
22664
27417
29388
31188
33408
44053
44426
Number of cuts: 12

Hiro
5047
7306
7757
8889
9971
11225
12486
20695
22238
29643
31664
33884
44524
44897
Number of cuts: 14

Jace
1808
2990
7523
18991
19663
27110
27621
33401
35434
46107
46868
48989
52339
Number of cuts: 13

Jester
5047
7306
7757
8889
11225
22595
27348
29319
31119
33339
43984
44357
Number of cuts: 12

Krishelle
5047
7321
7772
8904
9986
11240
12501
20710
22289
27696
31764
33984
44632
45005
Number of cuts: 14

Lillie
5047
7321
8378
8945
11281
22659
29383
31404
33624
44263
44636
Number of cuts: 11

Mahdia
575
621
2081
2279
4120
5315
5954
6336
15060
15168
15600
18031
18964
22227
22692
22720
24741
24936
25691
26459
26906
29356
31239
32684
33551
33621
34585
34988
38836
39125
39858
Number of cuts: 31

Naiad
5047
7321
8378
8945
11281
29396
31417
33637
44285
44658
Number of cuts: 10

Nancinator
5047
7321
8378
8945
11281
22659
31337
33557
43602
43975
Number of cuts: 10

Natosaleda
5047
7321
8378
8945
11281
22659
31336
33556
44203
44576
Number of cuts: 10

Partridge
5106
7365
7816
8972
11314
20472
21461
27495
31564
33820
44745
Number of cuts: 11

Pepy6
3795
6057
7803
13775
16171
34163
41420
45148
45326
56229
58023
58306
61674
66445
Number of cuts: 14

Peregrin
Number of cuts:  0

Phrankenstein
5047
7321
8378
8945
11281
22605
31350
33570
44209
44582
Number of cuts: 10

Pine5
1417
1529
2738
3082
4662
7765
9093
10154
10684
11171
11185
11315
13138
13590
14324
16902
17442
17785
18985
19686
19793
24920
24970
25180
25355
26928
28264
29265
29604
30796
30887
31879
32784
34840
37060
41431
41909
43247
46188
47371
47399
47708
54561
54974
56110
56910
Number of cuts: 46

Poco6
5686
6359
8211
9129
9884
22714
43222
49600
57737
60963
61735
63551
Number of cuts: 12

Rasputin
5047
7306
7757
8914
11250
22629
29354
31375
33595
44234
44607
Number of cuts: 11

RER2
5047
7321
8378
8945
11281
22659
29383
31404
33624
44263
44636
Number of cuts: 11

RexFury
5078
7352
8409
8976
11312
22690
29414
31435
33655
44293
44666
Number of cuts: 11

RGL3
5049
6865
8911
9659
9996
11252
11286
11518
11757
12383
12628
14040
19069
20741
23221
27752
28399
31560
33023
34273
45851
47422
Number of cuts: 22

Rhodalysa
5047
7321
8378
8945
11281
22659
29383
31404
33624
44263
44636
Number of cuts: 11

StCroix
5047
7321
8378
8945
11281
29396
31417
33637
44285
44658
Number of cuts: 10

Swann
5047
7321
8378
8945
11281
22659
31402
33622
44261
44634
Number of cuts: 10

Takoda
5039
7298
7749
8905
11241
27385
31311
33567
44589
Number of cuts:  9

Trina
1378
108259
137780
Number of cuts:  3

TWAMP
5047
7321
8378
8945
11281
22659
29383
31404
33624
44263
44636
Number of cuts: 11

UhSalsa
5047
7321
8378
8945
11281
22659
31337
33557
44204
44577
Number of cuts: 10

Weasels2
18579
18663
118074
Number of cuts:  3

Yogi
5047
7306
7757
8913
11255
22633
29357
31378
33598
44614
44987
Number of cuts: 11

Yoncess
5047
7306
7757
8913
11255
22634
29358
31158
33378
44022
44395
Number of cuts: 11

