Alatin
462
3711
5314
6135
6366
7995
9229
10188
10841
12282
14681
16108
16467
16479
16719
18413
22856
23243
23612
25332
25738
25840
26609
27128
32409
36981
38184
39264
40960
41185
41241
41989
42806
43461
43915
44401
44648
Number of cuts: 37

Alpacados
462
5068
5276
6097
7942
8465
10777
12218
14617
15391
16044
16236
16403
16415
16655
17876
18349
23112
23481
25201
25643
25745
26169
26514
27033
32314
36874
38077
39082
41008
41064
41812
42629
43738
44224
44471
Number of cuts: 36

AngryOrchard
3656
5051
5294
6080
6296
7925
8448
9782
10604
10760
12201
14600
16027
16219
16386
16398
16638
18332
21342
22720
23107
23476
25197
25603
25705
26117
26150
26177
26473
33900
37034
38237
39242
41014
41239
41295
42042
42854
43365
43957
44443
44690
44913
Number of cuts: 43

AppleCloud
85
3420
5058
5844
6060
7689
8212
9522
9841
10494
12147
14646
16073
16265
16432
16444
16684
18378
21173
22245
25207
25559
25613
25715
32139
33559
36699
37902
40677
40902
40958
41706
42523
43178
43632
44118
44365
Number of cuts: 37

Belenaria
462
3711
5314
6135
6366
7995
9229
10188
10841
12282
14681
16108
16467
16479
16719
18413
22789
23176
23545
25266
25774
26543
27062
32275
36847
38050
40825
41050
41106
41854
42671
43326
43780
44266
44513
Number of cuts: 35

BobbyDazzler
462
5177
5385
6206
8051
8574
10886
12327
14726
15500
16153
16345
16512
16524
16764
17985
18458
20581
21253
23222
23591
25311
25717
25819
26243
26588
27107
32388
36951
38154
39159
41155
41211
41960
42777
43291
43432
43886
44372
44619
Number of cuts: 40

Bonanza
462
5106
5314
6135
7980
8503
10815
12256
14655
15429
16082
16274
16441
16453
16693
17914
18387
23150
23519
25239
25645
25747
26171
26516
27035
32316
37256
38459
39464
41460
41516
42264
43081
44190
44676
44923
Number of cuts: 36

Bradshaw
462
3711
5314
6135
6366
7995
9229
10188
10841
12282
14681
16108
16467
16479
16719
18413
22789
23176
23545
25265
25671
25773
26542
27061
32342
36914
38117
39197
40893
41118
41174
41922
42739
43394
43848
44334
44581
Number of cuts: 37

Bryce
462
5106
5314
6135
7980
8503
10815
12256
14655
15429
16082
16274
16441
16453
16693
17914
18387
20510
23151
23520
25240
25646
25748
26172
26517
27036
32096
36659
37862
38867
40863
40919
41668
42485
43140
43594
44080
44327
Number of cuts: 38

ChewyVIII
313
372
633
715
962
1326
1377
3317
3464
4770
5100
5278
5788
5801
6414
7303
7508
10771
10957
11068
11743
12744
13802
14360
14958
15615
15954
16176
17326
19369
20162
20297
21375
21871
22604
22984
23246
23375
23411
23750
24688
25934
26468
27515
28158
29353
30214
30830
31724
32788
33501
34735
36969
38406
40283
40667
41585
41776
42470
42714
42901
43032
43159
43222
43244
43992
45784
47418
47587
48383
48538
50066
50212
50684
51271
51631
53571
53577
54422
54552
54587
54627
58958
59023
59235
59275
60833
62705
65612
Number of cuts: 89

CosmicSans
462
3711
5314
6135
6366
7995
9229
10188
10841
12282
14681
16108
16467
16479
16719
18413
22789
23176
23545
25265
26542
27061
32342
36905
38108
39188
41109
41165
41913
42730
43385
43839
44325
44572
Number of cuts: 34

Dinger
2616
3707
5102
5345
5576
6347
6482
7976
8499
10655
10811
12252
14651
16078
16270
16437
16449
16689
18383
20563
21178
22772
23159
23528
25249
25601
25655
25757
26280
27592
32211
33901
37047
38250
41028
41253
41309
42060
42872
43383
43975
44461
44708
44931
Number of cuts: 44

DocB7
256
5253
71318
Number of cuts:  3

E3
2519
2667
2715
3218
5309
6823
7712
7898
9550
9724
11136
11295
11412
12008
13039
14681
15278
15356
16000
18160
19128
19424
20564
20767
21373
24359
24556
26517
31489
33728
35615
36220
37623
38019
39356
39704
41646
42908
43740
44502
45889
48645
51384
53335
53498
53791
54290
54467
54682
57724
59063
59069
59234
59504
61191
63004
65997
66003
66727
67398
68294
68554
68680
68958
70326
71735
72113
74826
74907
76664
78089
78886
79788
80802
84250
84744
85687
86004
93745
93853
95329
95401
97886
98039
99202
99433
99898
101087
101919
104071
104298
104452
105160
106582
106726
106756
109067
110118
110286
112142
112516
113041
113710
114300
116057
116135
117352
118902
119364
119580
121742
122441
122847
123190
123888
124101
124709
125437
127257
127722
127958
128536
129128
133318
134547
137894
142177
Number of cuts: 127

Erik
462
3711
5314
6135
6366
7995
9228
10187
10840
12281
14680
16107
16466
16478
16718
18412
22788
23175
23543
25263
25771
26540
27059
32274
36837
38040
39120
40940
40996
41744
42561
43216
43670
44156
44403
Number of cuts: 35

Espica
462
3711
5314
6135
6366
7995
9229
10188
10841
12282
14681
16108
16467
16479
16719
18413
22789
23176
23545
25266
25774
26543
27062
32275
36847
38050
40825
41050
41106
41854
42671
43326
43780
44266
44513
Number of cuts: 35

Finch
593
697
2594
3589
4182
6355
6601
6915
7627
10570
10708
10757
11519
11813
13942
14022
14257
15713
15893
16100
16493
16649
16745
17480
19966
20201
20899
20980
21376
24403
25130
25634
25763
29611
29798
31747
33075
33692
33799
33905
34476
34738
35010
35530
36199
36350
36485
36884
37603
37751
38965
41718
42578
42963
43809
45180
46776
47012
48430
48753
51244
51380
51608
53907
54220
55480
57092
58005
58165
58492
59767
60017
60107
60363
60392
60927
61167
62323
63571
64157
65085
67146
67509
69686
69821
70458
71084
71997
72042
72690
73276
74481
75303
76699
77649
78990
79634
79706
79763
82210
82354
82642
82872
82899
83443
83476
84007
84699
85845
86658
87540
89327
89551
90255
90878
91506
93194
93389
94019
94982
96823
97398
100222
100378
101976
102256
103529
104803
104843
105422
105561
107198
107480
107524
107943
110120
110738
111604
112101
114772
115970
116141
116888
117033
119198
119625
120630
120881
121424
121712
122201
122629
122641
125153
125504
126859
129168
129531
130293
130766
134092
135872
136663
136973
Number of cuts: 164

Gollum
462
3711
5314
6135
6366
7995
9229
10188
10841
12282
14681
16108
16300
16467
16479
16719
18413
22789
23176
23545
25265
25671
26542
27061
32340
36903
38106
41051
41107
41855
42672
43327
43781
44267
44514
Number of cuts: 35

Grayson
Number of cuts:  0

Harlequin
462
3711
5349
6351
7980
8503
10791
12232
14631
15405
16058
16250
16417
16429
16669
17890
18363
20486
23181
23550
25270
25676
25778
26202
26547
27066
32126
36689
37892
39981
40673
40898
40954
41703
42520
43175
43629
44115
44362
Number of cuts: 39

Hiro
462
5106
5314
6135
7980
8503
9813
10132
10785
12438
14937
16364
16556
16723
16735
16975
18669
21464
22536
25525
25931
26033
26457
26802
27321
32602
37165
38368
39373
41369
41425
42174
42991
43505
43646
44100
44586
44833
Number of cuts: 38

Jace
24331
36282
Number of cuts:  2

Jester
462
3711
5349
6351
7980
8503
9813
12226
14625
16052
16244
16411
16423
16663
17884
18357
20480
23112
23481
25201
25607
25709
26133
26478
26997
32057
36620
37823
39912
40604
40829
40885
41634
42451
43106
43560
44046
44293
Number of cuts: 38

Krishelle
462
3711
5314
6135
6366
7995
8518
9828
10147
10800
12453
14952
16379
16571
16738
16750
16990
18684
21479
22587
25549
25901
25955
26057
32702
37274
38477
39557
41253
41478
41534
42282
43099
43754
44208
44694
44941
Number of cuts: 37

Lillie
462
3711
5314
6135
6366
7995
9229
10188
10841
12282
14681
16108
16467
16479
16719
18413
22789
23176
23545
25265
26542
27061
32342
36905
38108
39188
41109
41165
41913
42730
43385
43839
44325
44572
Number of cuts: 34

Mahdia
632
740
914
955
1088
1512
1773
1829
1855
1901
2924
2999
3248
3961
3970
4042
4627
4715
4763
5132
5417
5579
6034
6402
6480
6612
6879
7029
7063
7099
7107
7715
7769
8033
8577
8769
9098
9196
9899
9962
10001
10065
10202
10283
10385
10398
10631
10670
10818
10901
11201
11252
12404
13157
14958
15167
15908
16155
16840
17044
17221
17980
18571
18760
18847
19430
19988
20770
20914
21360
21390
21589
21655
22342
22537
22635
22960
23323
23444
23481
24089
24128
24153
24294
24341
24604
24957
25030
25098
25213
25437
25446
25915
26773
26912
26983
26989
27131
27359
27689
28495
28517
28781
29336
29495
29501
29780
30316
30358
31461
31527
31557
31595
31608
31722
32121
32159
32163
32302
32416
33035
33412
33557
33627
33646
33737
33745
33802
34358
35121
35163
35208
35378
35777
36944
36977
37311
37593
37683
38182
38251
38285
38927
38947
38999
39099
39428
39752
40443
40485
40558
40629
40669
40850
40943
41498
42160
Number of cuts: 157

Naiad
462
3711
5314
6135
6366
7995
9229
10188
10841
12282
14681
16108
16467
16479
16719
18413
22802
23189
23558
25278
25684
25786
26555
27074
32355
36927
38130
39210
40906
41131
41187
41935
42752
43407
43861
44347
44594
Number of cuts: 37

Nancinator
462
3711
5314
6135
6366
7995
9229
10188
10841
12282
14681
16108
16467
16479
16719
18413
22789
23176
23545
25266
25774
26543
27062
32275
36847
38050
40448
40504
41252
42069
42724
43178
43664
43911
Number of cuts: 34

Natosaleda
462
3711
5314
6135
6366
7995
9229
10188
10841
12282
14681
16108
16467
16479
16719
18413
22789
23176
23545
25265
25773
26542
27061
32274
36846
38049
40824
41049
41105
41853
42670
43325
43779
44265
44512
45742
Number of cuts: 36

Partridge
3770
5165
5408
6410
8039
8562
10718
10874
12315
14714
16141
16333
16500
16512
16752
18446
21241
22835
23591
25312
25700
25754
25856
27691
34057
37203
38407
41185
41410
41466
42214
43218
43729
44321
44807
45054
45277
Number of cuts: 37

Pepy6
3290
3466
4730
5516
6904
8243
11637
11984
13839
14537
14595
15689
15818
21431
23106
24574
27043
29845
31776
32586
36911
41027
41612
42838
43736
44037
44154
44493
45112
45139
48936
49353
50424
52296
52487
52819
54931
57663
60157
60982
61034
61175
61965
62713
63669
67688
73985
74498
74747
74990
Number of cuts: 50

Peregrin
Number of cuts:  0

Phrankenstein
462
3711
5314
6135
6366
7995
9229
10188
10841
12282
14681
16108
16467
16479
16719
18413
22735
23122
23491
25211
26488
27007
32288
36851
38054
39134
41055
41111
41859
42676
43331
43785
44271
44518
Number of cuts: 34

Pine5
641
947
1543
4162
4978
6570
7663
8016
8205
10262
10617
10825
11303
11769
12087
12203
12681
12934
13961
14749
16804
17028
17415
17487
17643
17691
17979
18388
19210
19243
20867
23388
23520
23597
23834
23892
24797
24893
25278
25493
25848
25925
26966
27729
28062
29413
29763
30218
31072
32976
33090
34385
35305
37592
38421
38561
38781
39306
41514
41888
43326
44249
44466
44614
45266
45809
47104
50018
50480
50731
53227
54407
54775
55415
57265
57835
58489
Number of cuts: 77

Poco6
295
3249
4850
5537
5713
6114
9662
12965
13526
15052
15432
17290
18449
21200
23360
23453
24609
25056
29056
29430
29556
32778
33096
34611
37572
38933
41988
42771
42992
46329
46964
46991
48710
49578
50451
51939
53604
53805
53995
54327
55551
56439
58087
59964
60067
60698
62235
62290
62676
63140
63612
64029
67540
68840
69323
74359
75247
75760
76009
76258
76419
76579
Number of cuts: 62

Rasputin
462
3711
5106
5314
6135
7980
8504
9838
10810
12251
14650
15424
16077
16269
16436
16448
16688
17909
18382
20505
21177
23146
23515
25236
25588
25642
25744
26513
27032
32313
36876
38079
39159
41080
41136
41884
42701
43356
43810
44296
44543
Number of cuts: 41

RER2
462
3711
5314
6135
6366
7995
9229
10188
10841
12282
14681
16108
16300
16467
16479
16719
18413
23176
23545
25265
25671
25773
26197
26542
27061
32342
36905
38108
39188
41109
41165
41913
42730
43385
43839
44325
44572
Number of cuts: 37

RexFury
462
3742
5345
6166
6397
8026
9260
10219
10872
12313
14712
16139
16331
16498
16510
16750
18444
22820
23207
23576
25296
25648
25702
25804
26573
27092
32373
36936
38139
40914
41139
41195
41943
42760
43415
43869
44355
44602
Number of cuts: 38

RGL3
4044
4994
5582
6478
6756
7132
7985
8193
8511
10157
10816
11538
11550
14196
16272
16464
16631
16643
16883
17261
18101
19097
20411
20664
21459
21827
22757
24789
25134
26119
26585
26825
27517
27905
28190
28467
28595
29309
29454
29970
30772
31753
33441
34711
35004
37030
37086
37900
39097
40637
41477
41516
41944
42133
Number of cuts: 54

Rhodalysa
462
3711
5314
6135
6366
7995
9229
10188
10841
12282
14681
16108
16467
16479
16719
18413
22789
23176
23545
25265
26542
27061
32342
36905
38108
39188
41109
41165
41913
42730
43385
43839
44325
44572
Number of cuts: 34

StCroix
462
3711
5314
6135
6366
7995
9229
10188
10841
12282
14681
16108
16467
16479
16719
18413
22802
23189
23558
25278
25684
25786
26555
27074
32355
36927
38130
39210
40906
41131
41187
41935
42752
43407
43861
44347
44594
Number of cuts: 37

Swann
462
3711
5314
6135
6366
7995
9229
10188
10841
12282
14681
16108
16467
16479
16719
18413
22789
23176
23545
25265
25617
25671
25773
26542
27061
32340
36903
38106
39186
41107
41163
41911
42728
43383
43837
44323
44570
Number of cuts: 37

Takoda
3703
5098
5341
6127
6343
7972
8495
9829
10801
12242
14641
16068
16260
16427
16439
16679
18373
21383
22761
23148
23517
25238
25644
25746
26515
33942
37088
38291
39296
41068
41293
41349
42096
42908
43573
43714
44165
44651
44898
45121
Number of cuts: 40

Trina
Number of cuts:  0

TWAMP
462
3711
5314
6135
6366
7995
9229
10188
10841
12282
14681
16108
16467
16479
16719
18413
22789
23176
23545
25265
26542
27061
32342
36905
38108
39188
41109
41165
41913
42730
43385
43839
44325
44572
Number of cuts: 34

UhSalsa
462
3711
5314
6135
6366
7995
9229
10188
10841
12282
14681
16108
16467
16479
16719
18413
22789
23176
23545
25266
25774
26543
27062
32275
36847
38050
40825
41050
41106
41854
42671
43326
43780
44266
44513
Number of cuts: 35

Weasels2
Number of cuts:  0

Yogi
462
5106
5314
6135
7980
8503
10815
12256
14655
15429
16082
16274
16441
16453
16693
17914
18387
23150
23519
25239
25645
25747
26171
26516
27035
32316
37256
38459
39464
41460
41516
42264
43081
44190
44676
44923
Number of cuts: 36

Yoncess
462
5106
5314
6135
7980
8503
10815
12256
14655
15429
16082
16274
16441
16453
16693
17914
18387
20510
21182
23151
23520
25240
25646
25748
26172
26517
27036
32096
36659
37862
38867
40863
40919
41608
41671
42488
43003
43144
43598
44084
44331
Number of cuts: 41

