Alatin
Number of cuts:  0

Alpacados
Number of cuts:  0

AngryOrchard
Number of cuts:  0

AppleCloud
Number of cuts:  0

Belenaria
45711
Number of cuts:  1

BobbyDazzler
Number of cuts:  0

Bonanza
Number of cuts:  0

Bradshaw
Number of cuts:  0

Bryce
Number of cuts:  0

ChewyVIII
261
2278
2941
3590
3754
5572
7047
7670
8108
8621
10072
10685
10926
11927
12595
12880
13890
16027
16996
18234
21379
22488
22509
23170
23599
25415
25627
26056
26299
27216
27911
28440
28759
29382
30807
31164
31281
31895
33590
34511
35534
36056
36800
37600
38465
39459
40584
40617
42191
42884
43246
44382
45511
46000
46012
46710
46764
48899
49459
51084
51405
51723
52239
52495
52810
53093
54101
54284
55732
56213
56552
59208
59884
60844
62032
62260
64251
64434
64797
64871
65434
65839
65887
66334
66959
67157
67630
68306
Number of cuts: 88

CosmicSans
Number of cuts:  0

Dinger
Number of cuts:  0

DocB7
Number of cuts:  0

E3
148
1760
2350
2639
4301
4906
6804
8848
10288
10701
11511
13482
15116
18780
20234
21106
22603
24340
24454
25046
25455
25886
25961
26561
26651
28037
28298
29616
30762
32860
33079
34785
34923
35859
37310
37592
37957
39133
40456
42091
42268
42958
44438
45321
49431
51462
51494
52718
52958
53778
53808
56275
56704
57929
59173
59563
62535
64259
64268
65097
65420
65903
65955
66855
66915
67568
68134
68834
69883
71413
73034
73666
74681
75217
76570
77290
77485
78112
78347
78423
81160
81191
82567
84210
84451
86200
87149
87446
89125
89930
90887
92249
92589
93560
93617
93672
93705
93867
93966
94623
95624
95723
96403
96474
96970
98590
99165
99537
99959
100571
101155
101554
101755
102715
102946
104187
104684
105267
106629
108778
108879
109075
110336
110669
111027
111927
111976
112132
112677
113688
113822
114086
114272
115323
115442
115652
117804
119098
119544
120182
122374
122627
123018
123102
123372
123448
123512
123824
123857
127077
127311
127371
127400
127589
127834
128493
129711
129771
129828
129905
130223
131497
131767
131844
131871
131899
132151
132163
132460
132577
132870
133111
133290
133569
134498
135233
135665
136104
136936
137380
138814
139179
140383
141031
141157
142393
Number of cuts: 186

Erik
Number of cuts:  0

Espica
Number of cuts:  0

Finch
1792
3874
4806
10462
14010
15174
16420
18743
19522
19569
20543
25282
27495
28205
28400
30309
30453
30485
33622
34295
38973
44380
50017
50935
54801
56817
60524
61481
61833
62349
65663
70346
72921
73653
77801
81455
85084
86589
88681
90564
92022
93961
94103
98382
99115
100977
103935
105768
107122
107470
110229
110560
113967
115700
116516
118739
122352
123996
124368
125925
126481
126927
127518
128348
132542
133384
Number of cuts: 66

Gollum
Number of cuts:  0

Grayson
2763
7511
62444
97940
122522
131664
Number of cuts:  6

Harlequin
Number of cuts:  0

Hiro
Number of cuts:  0

Jace
1131
1554
1671
1784
1899
2061
2499
2718
3014
3069
3416
3809
3919
5400
5726
5832
5919
5994
6066
9226
9587
10012
11025
11743
12484
12766
13753
13963
14440
14494
15135
15561
16065
16953
17110
18317
18686
18824
19108
20459
20489
21673
21694
22362
22394
22491
22792
22963
23488
23758
23911
24136
25865
26030
27071
27171
27740
28668
29109
29139
29567
30336
31858
32628
34637
34679
34964
35205
35262
37511
38011
38148
38822
38882
38993
39253
39456
39739
40644
41813
44199
45218
45383
45973
46273
46615
47256
47271
47277
47672
48778
49000
49078
49335
49386
50177
50573
51699
51915
52128
52879
53905
Number of cuts: 102

Jester
Number of cuts:  0

Krishelle
Number of cuts:  0

Lillie
Number of cuts:  0

Mahdia
Number of cuts:  0

Naiad
Number of cuts:  0

Nancinator
Number of cuts:  0

Natosaleda
Number of cuts:  0

Partridge
Number of cuts:  0

Pepy6
265
921
1731
2167
2313
2432
2985
5087
5938
6116
6157
11568
12725
13233
15547
15733
16209
20467
21545
22074
23600
25412
26532
30238
31850
34319
37791
39097
39710
43774
44993
45604
49166
50167
50770
51723
54567
56359
56790
57420
62197
62902
63259
64884
67693
67990
70329
70866
74416
75768
Number of cuts: 50

Peregrin
2800
6824
31167
113208
128002
132869
Number of cuts:  6

Phrankenstein
Number of cuts:  0

Pine5
347
1122
2764
3544
8033
8102
8147
8339
9055
9557
11410
11938
13700
13790
14801
16328
16774
17162
17524
18666
18966
19390
20183
20235
21919
21940
22365
23623
23932
24634
24940
25039
25060
25222
26579
29210
29314
29618
29873
31589
32005
32599
32914
33160
33541
33724
34408
35276
35467
36748
36826
37040
37165
37813
38137
38503
38677
38756
39293
39415
39658
40177
40567
41173
42788
42815
43142
44990
45410
45912
46009
46457
48446
48566
48827
48833
49821
50214
50539
50590
51510
52079
53126
54075
54233
54372
54696
56047
56538
56796
57356
57642
Number of cuts: 92

Poco6
921
1158
1728
2098
2780
4560
4626
6846
7320
8384
10869
11123
12896
14983
16176
18493
19589
19973
21966
23567
25613
25646
27364
28545
32257
34016
37574
41119
45299
45865
46798
46845
47342
48376
51239
51679
52003
52294
57638
58104
58638
59016
60182
61820
63117
65628
65815
67588
68827
70005
70150
70361
70647
71007
72129
77036
Number of cuts: 56

Rasputin
Number of cuts:  0

RER2
29243
Number of cuts:  1

RexFury
Number of cuts:  0

RGL3
Number of cuts:  0

Rhodalysa
Number of cuts:  0

StCroix
Number of cuts:  0

Swann
Number of cuts:  0

Takoda
Number of cuts:  0

Trina
Number of cuts:  0

TWAMP
Number of cuts:  0

UhSalsa
Number of cuts:  0

Weasels2
3154
104317
134859
Number of cuts:  3

Yogi
Number of cuts:  0

Yoncess
28349
Number of cuts:  1

