Alatin
1045
5943
22360
24250
24356
29926
34386
42232
43449
43920
43986
44370
44389
Number of cuts: 13

Alpacados
1045
5905
10516
12340
24119
24225
29831
34291
43743
43809
44193
44212
Number of cuts: 12

AngryOrchard
1038
5888
6158
10499
12323
22224
24115
24221
34451
43962
44412
Number of cuts: 11

AppleCloud
838
5652
5922
12645
16672
24231
26677
38145
41949
43166
43637
43703
44087
44106
Number of cuts: 14

Belenaria
1045
5943
24184
24290
34252
38293
42097
43314
43785
43851
44235
44254
Number of cuts: 12

BobbyDazzler
1045
6014
10625
12449
24229
24335
29905
34365
42203
43420
43891
44341
44360
Number of cuts: 13

Bonanza
1045
5943
10554
12378
24157
24263
29833
34293
44195
44261
44645
44664
Number of cuts: 12

Bradshaw
1045
5943
24183
24289
29859
34319
42165
43382
43853
43919
44303
44322
Number of cuts: 12

Bryce
1045
5943
10554
12378
24158
24264
34073
41911
43128
43599
44049
44068
Number of cuts: 12

ChewyVIII
9733
15311
23579
23909
32034
35304
39672
55378
Number of cuts:  8

CosmicSans
1045
5943
24183
24289
29859
34319
42156
43373
43844
43910
44294
44313
Number of cuts: 12

Dinger
1040
5939
6209
8765
12374
22276
24167
26719
34452
43980
44430
Number of cuts: 11

DocB7
14689
15267
15575
15737
19929
26715
28853
31522
34591
43005
56561
58413
59301
Number of cuts: 13

E3
5267
12489
17824
21361
35147
40027
50769
54687
68299
74912
84027
93583
96841
105333
109420
115820
117924
121238
121882
139521
Number of cuts: 20

Erik
1045
5943
24181
24287
34251
41987
43204
43675
43741
44125
44144
Number of cuts: 11

Espica
1045
5943
24184
24290
34252
38293
42097
43314
43785
43851
44235
44254
Number of cuts: 12

Finch
10422
24870
29559
33910
34130
36887
36958
43283
43727
49770
52953
62209
63316
67497
72002
75591
77183
77696
79193
81082
81400
89505
93617
100635
101380
104104
107931
114314
115649
119254
126458
131444
137944
Number of cuts: 33

Gollum
1045
5943
24183
24289
29857
34317
38349
42098
43315
43786
43852
44236
44255
Number of cuts: 13

Grayson
3451
7701
14189
17585
19816
21179
26113
28373
29462
30899
40005
42111
47739
51883
56917
59341
61801
74530
83652
85763
99627
101585
101780
122686
Number of cuts: 24

Harlequin
1045
5943
6213
10530
12354
24188
24294
34103
38293
41946
43163
43634
44084
44103
Number of cuts: 14

Hiro
1045
5943
12936
16963
24443
24549
30119
34579
42417
43634
44105
44555
44574
Number of cuts: 13

Jace
13454
21949
Number of cuts:  2

Jester
1045
5943
6213
16651
24119
24225
34034
38224
41877
43094
43565
44015
44034
Number of cuts: 13

Krishelle
1045
5943
12951
16978
24573
27019
30219
34679
42525
43742
44213
44279
44663
44682
Number of cuts: 14

Lillie
1045
5943
24183
24289
29859
34319
42156
43373
43844
43910
44294
44313
Number of cuts: 12

Mahdia
Number of cuts:  0

Naiad
1045
5943
22306
24196
24302
29872
34332
42178
43395
43866
43932
44316
44335
Number of cuts: 13

Nancinator
1045
5943
24184
24290
34252
38293
41495
42712
43183
43249
43633
43652
Number of cuts: 12

Natosaleda
1045
5943
24183
24289
34251
38292
42096
43313
43784
43850
44234
44253
Number of cuts: 12

Partridge
1038
6002
6272
8828
12437
22339
24230
30019
44326
44776
Number of cuts: 10

Pepy6
760
2389
3632
4222
5139
7089
8614
10718
11663
13848
14686
15586
16009
17971
21343
21452
22815
24159
27686
29314
31865
35696
41732
44481
49409
51214
54480
55890
57810
59483
60464
60661
60899
61163
61953
64157
65171
67174
68162
71700
Number of cuts: 40

Peregrin
3190
16137
17184
17482
19368
19703
28976
29868
38786
40891
45853
49702
50666
57708
60168
61476
65111
69249
74507
79227
83882
85682
93205
94154
98073
99298
101972
105651
122484
127583
Number of cuts: 30

Phrankenstein
1045
5943
24129
24235
29805
34265
42102
43319
43790
43856
44240
44259
Number of cuts: 12

Pine5
Number of cuts:  0

Poco6
3013
13113
14059
14148
17299
21004
23365
23474
24435
24825
26172
29705
33101
33464
34941
35279
36611
36890
37718
40780
42776
46206
46317
46969
50918
52723
55988
57398
58956
59535
61665
62437
65038
65918
66331
68828
69302
70564
71442
72963
Number of cuts: 40

Rasputin
1045
5943
12373
24154
29830
34290
42127
43344
43815
43881
44265
44284
Number of cuts: 12

RER2
1045
5943
24183
24289
29859
34319
42156
43373
43844
43910
44294
44313
Number of cuts: 12

RexFury
1076
5974
24214
24320
29890
34350
38382
42186
43403
43874
43940
44324
44343
Number of cuts: 13

RGL3
5392
6345
10276
16871
18830
19085
29390
34938
35893
36162
37680
44367
45429
46881
Number of cuts: 14

Rhodalysa
1045
5943
24183
24289
29859
34319
42156
43373
43844
43910
44294
44313
Number of cuts: 12

StCroix
1045
5943
22306
24196
24302
29872
34332
42178
43395
43866
43932
44316
44335
Number of cuts: 13

Swann
1045
5943
24183
24289
29857
34317
42154
43371
43842
43908
44292
44311
Number of cuts: 12

Takoda
1038
5935
6205
10546
12364
22265
24156
34493
43702
44170
44620
Number of cuts: 11

Trina
8427
18623
19146
20834
27820
36796
43281
50696
64266
68976
73684
74360
84786
88515
89744
94546
97069
100363
101151
105907
107342
108124
121402
121471
121897
Number of cuts: 25

TWAMP
1045
5943
24183
24289
29859
34319
42156
43373
43844
43910
44294
44313
Number of cuts: 12

UhSalsa
1045
5943
24184
24290
34252
38293
42097
43314
43785
43851
44235
44254
Number of cuts: 12

Weasels2
8198
10808
14523
15172
16829
18141
21356
25693
27886
28975
39542
41746
44249
46539
46985
50468
51447
58858
62841
63282
66777
67123
67875
69654
69788
73390
73657
74939
78167
80497
83336
86117
88929
93485
101399
105321
108596
129318
Number of cuts: 38

Yogi
1045
5943
10554
12378
24157
24263
29833
34293
44195
44261
44645
44664
Number of cuts: 12

Yoncess
1045
5943
10554
12378
24158
24264
34073
41914
43132
43603
44053
44072
Number of cuts: 12

