Alatin
12
30
105
395
980
1029
1080
1187
1672
1690
1769
1849
2119
2508
2756
3204
3309
3483
4493
4610
5047
5542
6687
6862
6960
7019
7178
7188
7321
7562
7610
7848
7900
8378
8456
8670
8945
9086
9352
9372
9964
10006
10013
10432
10461
10473
10663
11281
11314
12059
12231
12339
12654
12833
13730
13816
13849
13962
13969
14056
14872
15534
15801
15875
16265
16576
16793
17554
17613
18058
18147
18311
18395
18404
18919
19701
20433
20502
20633
20803
21132
21158
21272
21338
21428
21591
21716
21845
22036
22071
22726
22735
22804
23177
23445
23504
23560
23781
23832
24009
24031
24241
24790
25164
25270
25442
25491
25581
25697
25763
25793
25845
26041
26466
26674
26722
27215
27595
27790
28434
28617
29049
29450
29646
29677
30302
30566
30872
31248
31471
31520
31785
32110
32190
32352
32392
32810
33142
33400
33411
33435
33509
33691
33785
34716
34869
35616
36590
36635
36799
37280
37415
37449
37964
37989
38026
38244
38327
39058
40124
40741
40766
41481
41622
42910
43243
43435
44027
44339
44712
45104
46241
Number of cuts: 172

Alpacados
12
30
105
395
980
1029
1080
1187
1721
1802
1885
2072
2207
2470
2718
3166
3271
3445
3573
3612
4182
4455
4572
5009
5504
6038
6634
6809
6966
7125
7135
7268
7509
7557
7719
7795
7847
8115
8400
8599
8875
9282
9302
9542
9712
9943
10362
10593
10652
10880
11217
11250
11995
12167
12275
12314
12328
12499
13544
13666
13752
13785
13898
13905
13992
14093
14808
15470
15737
15925
16201
16260
16729
17549
17994
18083
18331
18340
18855
18929
19404
19455
19589
20369
20438
20507
20569
20712
20790
21094
21190
21208
21274
21364
21473
21640
21710
21727
21918
21953
22576
22595
22987
23046
23314
23373
23429
23593
23650
23701
23878
23900
24110
24659
25033
25139
25250
25311
25383
25668
25698
25750
25946
26371
27120
27500
27695
28339
28522
29355
29551
29582
30471
30639
30777
30912
31153
31376
31425
31690
31975
32015
32095
32257
32297
32715
33305
33316
33340
33414
33596
33690
34618
34771
35518
36483
36528
36692
37173
37308
37342
37857
37882
37919
38220
38334
38738
38951
40564
40589
41304
41445
42733
43066
43258
43941
43948
44162
44535
44927
46064
Number of cuts: 181

AngryOrchard
12
30
105
395
463
618
975
1022
1073
1180
1714
1794
2064
2513
2606
3149
3254
3428
4165
4438
4555
4992
5487
6021
6565
6617
6792
7087
7108
7118
7251
7492
7540
7702
7778
7830
8098
8383
8582
8858
8999
9265
9285
9472
9695
9926
10345
10576
10635
10863
11200
11233
11978
12150
12258
12297
12482
13527
13649
13735
13768
13888
13975
14570
14791
15453
15720
15908
16184
16495
16712
17473
17532
17977
18066
18314
18323
18838
19387
19620
20096
20107
20139
20352
20421
20552
20695
20738
21077
21191
21257
21347
21456
21710
21901
22590
22599
22668
23041
23292
23309
23368
23424
23645
23697
23874
24106
24655
25029
25135
25307
25356
25379
25446
25628
25658
25710
25906
26269
26330
26829
27079
27279
27343
27447
27654
27795
27867
28481
28876
29510
30100
30364
30670
30805
31046
31269
31318
31908
31988
32150
32608
32937
33195
33206
33230
33304
33525
33756
33850
34778
34931
35678
36110
36643
36688
36852
37333
37468
37502
38017
38042
38079
38380
38733
39111
39909
40463
40970
41535
41675
43508
44069
44160
44167
44333
44381
44754
46169
Number of cuts: 179

AppleCloud
12
30
73
775
822
873
980
1379
1397
1476
1558
1654
1828
1954
2217
2465
2913
3018
3192
3320
3359
3929
4319
4714
4756
4915
5164
5251
5365
5785
6215
6556
6713
6851
6872
6882
7015
7256
7304
7466
7542
7594
7862
8147
8346
8598
8739
9005
9025
9666
9680
10085
10114
10132
10231
10316
10934
10967
11256
11712
12195
12334
12388
12907
13097
13695
13781
13814
13927
13934
14021
14604
14837
15499
15766
15840
15954
16289
16758
17519
17578
18023
18112
18360
18369
18884
18958
19433
19666
20153
20398
20404
20467
20598
20741
20784
21097
21219
21237
21303
21393
21502
21649
21739
21756
21947
21982
22714
22738
22791
22801
23126
23344
23406
23683
23735
24116
24665
25039
25145
25317
25366
25456
25638
25668
25720
25916
26341
26990
27090
27354
27470
27887
28315
28571
28966
29273
29597
29628
30032
30978
31201
31244
31250
31316
31515
31840
31920
32082
32122
32387
32470
32540
32872
33141
33165
33239
33421
33529
34443
34596
35343
36308
36353
36517
36998
37133
37167
37682
37707
37744
37962
38045
38563
38966
39614
41022
41198
41339
42627
42960
43152
43744
44056
44429
44821
45958
Number of cuts: 187

Belenaria
12
30
105
395
980
1029
1080
1187
1672
1690
1769
1849
2119
2508
2756
3204
3309
3483
4493
4610
5047
5542
6687
6862
6960
7019
7178
7188
7321
7562
7610
7848
7900
8378
8456
8670
8945
9086
9352
9372
9964
10006
10013
10432
10461
10473
10663
11281
11314
12059
12231
12339
12654
12833
13730
13816
13849
13962
13969
14056
14872
15534
15801
15875
16265
16576
16793
17554
17613
18058
18147
18311
18395
18404
18919
19701
20433
20502
20633
20803
21132
21158
21272
21338
21428
21537
21704
21743
21791
21982
22017
22640
22659
23051
23110
23378
23437
23493
23657
23714
23765
23942
23964
24175
24724
25098
25204
25315
25376
25425
25515
25697
25727
25779
25975
26400
27049
27149
27529
27724
28368
28551
28946
29609
30168
30432
30600
30873
31114
31337
31386
31651
31976
32056
32218
32258
32676
33008
33266
33277
33301
33375
33557
33651
34591
34744
35491
36456
36501
36665
37146
37281
37315
37830
37855
37892
38110
38193
38711
39114
39762
41170
41346
41487
42775
43108
43300
43892
44204
44577
44969
46106
Number of cuts: 172

BobbyDazzler
12
30
105
395
980
1029
1080
1187
1736
1754
1833
1914
1997
2184
2579
2827
3275
3380
3554
3682
3721
4171
4291
4564
5118
5613
6147
6743
6918
7075
7234
7244
7377
7618
7666
7828
7904
7956
8224
8509
8708
8984
9020
9125
9391
9411
9651
9821
10052
10471
10702
10761
10989
11326
11359
12104
12276
12384
12423
12437
12608
13653
13775
13861
13894
14007
14014
14101
14202
14917
15579
15846
16034
16310
16369
16838
17658
18103
18192
18440
18449
18964
19038
19513
19698
20478
20547
20616
20678
20821
20899
21177
21203
21299
21317
21383
21473
21582
21749
21819
21836
22027
22062
22686
22705
23097
23156
23248
23424
23483
23539
23703
23760
23811
23988
24010
24220
24769
25143
25249
25421
25470
25493
25560
25742
25772
25824
26020
26445
27194
27574
27769
28596
29028
29429
29625
29656
30179
30281
30545
30713
30851
30986
31227
31450
31499
31764
32049
32089
32169
32331
32371
32476
32789
33390
33414
33488
33670
33764
34695
34848
35595
36560
36605
36769
37250
37385
37419
37934
37959
37996
38297
38411
39028
40094
40711
40736
41275
41451
41593
42881
43214
43406
43998
44310
44683
46212
Number of cuts: 187

Bonanza
12
30
105
395
980
1029
1080
1187
1672
1690
1769
1849
2119
2508
2756
3204
3309
3483
3611
3650
4100
4220
4493
4610
5047
5542
6076
6672
6847
7004
7163
7173
7306
7547
7595
7757
7833
7885
8153
8438
8637
8913
9320
9340
9580
9750
9981
10400
10631
10690
10918
11255
11288
12033
12205
12285
12313
12352
12366
12537
12747
13582
13704
13790
13823
13936
13943
14030
14131
14846
15508
15775
15963
16239
16298
16767
17587
18032
18121
18369
18378
18893
18967
19442
19493
19627
20407
20476
20545
20607
20750
20828
21106
21132
21246
21312
21402
21511
21678
21748
21765
21956
21991
22614
22633
22899
23084
23176
23352
23411
23467
23631
23688
23739
23916
23938
24148
24697
25071
25177
25349
25398
25421
25488
25670
25700
25752
25948
26373
27122
27502
27697
28341
28524
29357
29553
29584
30473
30641
30779
30914
31155
31378
31427
31692
31977
32017
32097
32259
32299
32717
33307
33318
33342
33416
33598
33692
34620
34773
35520
37074
37555
37690
37724
38239
38264
38301
38602
38716
39120
39333
40129
40399
41016
41041
41580
41756
41897
43185
43710
44393
44400
44614
44987
45379
46497
Number of cuts: 186

Bradshaw
12
30
105
395
980
1029
1080
1187
1672
1690
1769
1849
2119
2756
3204
3309
3483
4493
4610
5047
5542
6687
6862
6960
7019
7178
7188
7321
7562
7610
7848
7900
8378
8456
8670
8945
9086
9352
9372
9964
10006
10013
10432
10461
10473
10663
11281
11314
12059
12231
12339
12654
12833
13730
13816
13849
13962
13969
14056
14872
15534
15801
15875
16265
16576
16793
17554
17613
18058
18147
18311
18395
18404
18919
19701
20433
20502
20633
20803
21132
21158
21272
21338
21428
21537
21662
21791
21982
22017
22640
22659
23051
23110
23378
23437
23493
23714
23765
23942
23964
24174
24723
25097
25203
25375
25424
25514
25630
25696
25726
25778
25974
26399
27148
27528
27723
28367
28550
28982
29383
29579
29610
30235
30499
30805
31181
31404
31453
31718
32043
32123
32285
32325
32743
33075
33333
33344
33368
33442
33624
33718
34649
34802
35549
36523
36568
36732
37213
37348
37382
37897
37922
37959
38177
38260
38991
40057
40674
40699
41414
41555
42843
43176
43368
43960
44272
44645
45037
46174
Number of cuts: 169

Bryce
12
30
105
395
980
1029
1080
1187
1672
1690
1769
1849
2119
2508
2756
3204
3309
3483
3611
3650
4043
4100
4220
4493
4610
5047
5542
6076
6672
6847
7004
7163
7173
7306
7547
7595
7757
7833
7885
8153
8438
8637
8913
8949
9054
9320
9340
9580
9750
9981
10400
10631
10690
10918
11255
11288
12033
12205
12313
12352
12366
12537
13582
13704
13790
13823
13936
13943
14030
14846
15508
15775
15963
16239
16298
16767
17587
18032
18121
18369
18378
18893
18967
19442
19627
20407
20476
20545
20607
20750
20828
21132
21246
21312
21402
21511
21678
21748
21765
21956
21991
22615
22634
23026
23085
23177
23353
23412
23468
23632
23689
23740
23917
23939
24149
24698
25072
25178
25350
25399
25422
25489
25671
25701
25753
25949
26374
27123
27323
27387
27503
27698
28525
28957
29358
29554
29585
30253
30421
30559
30694
30935
31158
31757
31797
31877
32039
32497
33098
33122
33196
33378
33472
34403
34556
35303
36268
36313
36477
36958
37093
37127
37642
37667
37704
38005
38119
38523
39532
39802
40419
40444
40983
41159
41301
42589
42922
43114
43706
44018
44391
45920
Number of cuts: 182

ChewyVIII
153
287
416
609
656
968
1564
1825
2191
2204
2385
2595
2804
2949
2996
3074
3223
3345
3516
3632
4253
4380
4906
5345
5612
5894
5900
5972
6079
6441
6451
6827
6981
7297
7328
7364
7451
7799
7871
8441
8791
8936
8970
9524
9704
9762
9834
9951
10170
10249
10286
10315
10552
11006
11454
11480
11581
12156
12361
12626
12746
13229
13914
14242
14375
14792
14801
15015
15157
15517
15607
15673
16233
16249
16347
16505
16631
16860
17030
17055
17203
17320
17356
17513
17640
17641
17731
17793
17794
17839
18018
18200
18353
18407
18716
18764
18777
19072
19306
19862
19921
19963
20070
20178
20280
20755
20852
21014
21369
21802
21872
22012
22211
22223
22595
23071
23108
23202
23405
23412
23612
24162
24295
24730
24986
25127
25513
25671
26105
26274
26619
26762
26937
26969
27164
27299
27516
27626
27663
27961
28131
28385
28457
28817
29405
29424
29434
29465
29486
30112
30463
30479
30485
30523
30686
31119
31349
31769
31917
31923
31978
32322
32392
32422
32461
32470
32746
32842
32908
33397
33742
33757
34083
34089
34099
34183
34492
34642
34676
34694
35001
35090
35424
35438
35590
35859
35981
36064
36472
36632
36983
37130
37413
37431
37530
37718
37837
37916
38001
38030
38031
38096
38139
38247
38348
38407
38454
38674
38887
39026
39445
39489
39738
39972
40152
40161
40317
40360
40371
40443
40452
40650
40668
40721
40886
41102
41112
41284
42067
42142
42199
42366
42464
42733
42840
42923
43038
43105
43168
43543
43848
43862
43955
44576
44654
44791
44829
44830
44954
45366
45419
45500
45518
45554
45910
46217
46326
46599
46649
46785
46786
46907
46967
47018
47103
47174
47321
47386
47894
47984
48189
48335
48842
48939
48967
49021
49227
49269
49316
49405
49578
49881
49976
50076
50192
50283
50599
50648
50708
50730
50771
51171
51281
51717
51857
52041
52042
52065
52070
52332
52368
52856
52895
53024
53161
53316
53401
53483
53976
54004
54117
54187
54258
54318
54517
54528
54630
54723
54813
55014
55034
55109
55114
55124
55509
55833
56143
56155
56188
56710
57349
57359
57489
57564
57586
57736
58113
58206
58338
58402
58585
58689
58719
58959
59049
59263
59844
59963
60237
60426
60510
60781
60798
60859
61109
61128
61218
61306
61759
61894
61899
61944
62212
62284
62449
63198
64103
64139
64335
64336
64684
65516
65600
65679
66418
66456
66530
66889
67262
67716
67887
67947
67980
68196
68416
68859
69039
69152
Number of cuts: 388

CosmicSans
12
30
105
395
980
1029
1080
1187
1672
1690
1769
1849
2119
2756
3204
3309
3483
4493
4610
5047
5542
6687
6862
6960
7019
7178
7188
7321
7562
7610
7848
7900
8378
8456
8670
8945
9086
9352
9372
9964
10006
10013
10432
10461
10473
10663
11281
11314
12059
12231
12339
12654
12833
13730
13816
13849
13962
13969
14056
14872
15534
15801
15875
16265
16576
16793
17554
17613
18058
18147
18311
18395
18404
18919
19701
20433
20502
20633
20803
21132
21158
21272
21338
21428
21537
21662
21791
21982
22017
22640
22659
23051
23110
23378
23437
23493
23714
23765
23942
23964
24174
24723
25097
25203
25375
25424
25447
25514
25696
25726
25778
25974
26399
27148
27528
27723
28367
28550
28982
29383
29579
29610
30235
30499
30805
31181
31404
31453
31718
32043
32123
32285
32325
32743
33075
33333
33344
33368
33442
33624
33718
34649
34802
35549
36514
36559
36723
37204
37339
37373
37888
37913
37950
38168
38251
38982
40048
40665
40690
41229
41405
41546
42834
43167
43359
43951
44263
44636
45028
46165
Number of cuts: 170

Dinger
12
30
395
977
1024
1075
1182
1668
1686
1765
1845
1941
2115
2648
2752
3200
3305
3479
3646
4216
4489
4606
5043
5202
5538
6072
6487
6668
6843
7000
7138
7159
7169
7302
7543
7591
7753
7829
7881
8149
8434
8633
8909
9050
9316
9336
9746
9977
10396
10542
10627
11066
11251
11284
12029
12201
12309
12348
12743
13700
13786
13819
13939
14026
14127
14621
14842
15504
15771
15953
15959
16235
16294
16546
16763
17524
17583
18028
18117
18365
18374
18889
19438
19534
20147
20158
20190
20374
20403
20409
20472
20603
20789
21102
21128
21242
21308
21398
21507
21654
21744
21761
21952
22380
22720
23093
23361
23420
23476
23697
23749
23926
23948
24158
24707
25081
25187
25359
25408
25498
25680
25710
25762
25958
26383
27032
27132
27222
27396
27512
27929
28357
28613
29008
29316
29640
29671
30104
30368
30674
31050
31273
31322
31872
31912
31992
32154
32612
32944
33202
33213
33237
33311
33532
33544
33763
33871
34791
34944
35143
36656
36865
37481
37515
38030
38055
38092
38393
38746
38911
39124
39922
40476
40978
41549
41690
42720
43526
44087
44178
44185
44399
44772
46188
46436
Number of cuts: 185

DocB7
250
311
532
949
1336
1344
1622
1915
3319
3518
3704
3716
4132
4716
5217
5277
5287
5343
5578
5878
5985
6982
7638
8121
8306
9011
9051
9488
9804
10028
10438
10623
11029
11081
11141
11399
11636
11963
12082
12253
12263
12410
12801
12905
13121
13216
13758
14401
14654
14748
14764
14842
14890
16066
16536
16706
16963
16974
17251
17670
17676
18045
18499
18716
19031
19622
19950
20000
20845
21241
21537
22554
22613
22757
23090
23282
23687
24518
24730
24960
25218
25470
25583
25616
25829
26012
26329
26453
26772
27225
27257
27442
27459
27554
27647
27962
28316
28336
28409
28438
29209
29510
29927
30421
31405
31535
31673
31858
32262
32712
32771
32807
32865
33234
33275
33575
33625
34247
34920
35155
35555
36103
36709
36730
37046
37768
38095
38100
38483
38669
38721
38784
39365
39454
39724
40166
40263
41625
41668
42203
42499
42725
42929
42960
43015
43851
43866
44021
44149
45187
45245
45488
46226
46291
46607
46782
47227
48598
48704
50011
51276
51607
51878
52138
52144
52150
52286
52539
52950
53390
53502
55043
55087
55107
55290
55329
55533
56556
56604
56716
57106
57160
57363
58182
58702
58851
58938
58951
59534
59554
59775
59831
59925
60027
60780
61409
61583
61596
62081
63220
63265
63683
63693
65203
65756
66405
66620
67467
67516
68486
68499
68846
69318
69409
69418
69555
69669
69670
69704
69929
70603
70604
70698
71429
71430
71450
71456
71671
71963
72596
72611
72681
73313
73955
74033
74226
74715
74970
75111
Number of cuts: 239

E3
245
785
942
1139
1222
1726
2005
2089
2241
2432
2629
2750
2765
3443
3460
3522
3703
4209
4315
4402
4459
4474
4495
4551
5043
5346
5366
5554
5648
5950
5957
6085
6116
6145
6303
6434
6452
6679
6731
6932
7082
7844
7868
7877
8094
8253
8320
8407
8503
8651
8657
8679
9075
9112
9282
9336
9509
9667
9767
9911
9920
9964
10102
10310
10423
10576
10611
10619
10811
10916
11456
11544
11808
11861
11871
12129
12285
12420
12444
12590
12848
12956
12974
13239
13268
13340
13397
13502
13508
13692
13782
14175
14184
14320
14489
14562
14765
15196
15212
15312
15447
15526
15656
15758
15833
16192
16202
16320
16377
16412
16436
16505
17198
17281
17366
17410
17431
17652
17747
17832
17888
18035
18044
18066
18074
18176
18231
18491
18527
18663
18702
18754
19031
19138
19235
19302
19405
19459
20164
20270
20420
20451
20508
20606
20700
20794
20934
21308
21491
21609
21743
21756
22021
22188
22223
22320
22339
22411
22448
22509
22595
22839
22876
22902
22964
22979
22990
23509
23575
23655
23815
23903
24103
24112
24130
24590
24617
24739
24899
25065
25161
25363
25414
25660
25899
25936
25942
26017
26047
26227
26354
26590
26617
26836
27007
27053
27075
27102
27250
27580
27586
27697
27721
27931
27971
28357
28472
28511
28589
28675
28883
28962
29028
29195
29239
29492
29591
29741
30248
30401
30662
30896
30908
30935
31146
31431
31459
31478
31703
31716
31855
31902
31969
32090
32254
32487
32620
32700
32717
32889
32949
33450
34035
34164
34197
34302
34437
34524
34636
34806
34918
34974
35027
35447
35480
35487
35523
35574
35658
35912
35939
35990
36230
36406
36626
36920
36931
37000
37171
37254
37273
37387
37449
37900
37934
37942
37993
38071
38138
38170
38188
38344
38457
38528
38601
38655
38946
39120
39150
39210
39216
39252
39294
39659
39717
40203
40223
40332
40392
40617
40649
40662
40968
40973
41217
41259
41272
41330
41529
41540
41578
41754
41917
42228
42372
42461
43038
43370
43491
43567
43587
43624
43630
43644
43783
43880
43887
44011
44085
44235
44281
44293
44322
44407
44660
44734
44803
45089
45344
45718
45941
45995
46317
46386
46409
46514
46560
46843
46986
47091
47153
47671
47934
47980
48001
48063
48219
48295
48331
48337
48392
48719
48738
48845
48854
48910
49190
49226
49740
49769
49817
50151
50166
50429
50711
50776
51072
51086
51101
51145
51206
51331
51341
51559
51564
51639
51741
51975
52063
52110
52180
52528
52597
52732
53286
53529
53714
53852
54103
54304
54320
54450
54458
54705
54726
54851
54979
54985
55051
55219
55265
55550
55643
55652
55692
55791
56176
56297
56554
56842
56874
56928
56937
56970
57026
57104
57109
57225
57551
57683
57688
57836
57983
58094
58121
58241
58315
58348
58463
58558
58599
58608
58892
58913
59145
59202
59208
59268
59312
59466
59536
59547
59574
59631
59688
59732
59742
59991
60006
60203
60212
60228
60484
60792
60923
61055
61154
61456
61545
61851
62051
62073
62160
62180
62393
62693
62698
62879
62951
62978
63066
63161
63336
63961
64081
64134
64141
64216
64613
64638
64755
64796
64990
65144
65282
65326
65507
65542
65742
65750
65756
66620
66770
66836
66977
67124
67198
67364
67416
67429
67513
67776
67846
67974
67980
68043
68271
68316
68394
68435
68444
68478
68558
68629
68760
69403
69471
69595
69645
69781
69853
70102
70721
70849
70927
70935
70969
71285
71370
71538
71841
71872
72378
72480
72608
72705
72811
72937
73044
73090
73293
73389
73399
73540
73591
73729
73738
73744
73805
73949
74104
74158
74752
74859
75049
75436
75583
75765
75881
75913
75930
76227
76348
76357
76505
76704
76980
77117
77131
77595
77654
77659
77815
78518
79134
79145
79460
79996
80167
80346
80351
80414
80560
80624
80713
81034
81124
81608
81910
82053
82078
82093
82294
82459
82501
82942
83059
83116
83137
83317
83356
83434
83479
83523
83580
83647
83858
83942
84048
84218
84320
84371
84413
84706
84873
84901
84979
85013
85239
85777
85825
86037
86256
86271
86680
86689
86742
86940
86978
87056
87275
87287
87357
87373
87548
87590
87665
87712
87821
87871
88017
88374
88672
88699
88707
88743
89013
89027
89220
89234
89274
89371
89390
89440
89528
89680
89686
89821
90058
90064
90076
90334
90415
90436
90475
90484
90555
90640
91111
91215
91225
91377
91412
91462
91693
91738
91870
91908
92029
92101
92164
92199
92300
92549
92897
92936
93827
93839
93926
93947
94055
94178
94205
94234
94284
94374
94461
94530
94568
94603
94648
94683
94774
94865
95188
95231
95238
95390
95638
95695
95743
95760
95895
96438
96507
96562
96759
96879
97051
97083
97187
97226
97310
97331
97411
97468
97790
97860
98105
98253
98741
98755
98879
98921
99011
99034
99266
99349
99419
99473
99481
99560
99565
99902
100026
100396
100479
100750
100840
100870
100951
101001
101271
101419
101592
101659
101733
101944
101985
102106
102187
102301
102313
102340
102533
102829
103044
103203
103245
103311
103624
103635
103683
104255
104270
104287
104369
104585
104660
104866
104900
105011
105083
105099
105322
105333
105832
105860
105977
106046
106547
106592
106698
106842
106865
107232
107365
107483
107514
108007
108152
108258
108356
108557
109182
109233
109283
109332
109359
109437
109586
109657
109680
109765
110569
110578
110587
110596
110640
110753
111174
111302
111325
111479
111561
111822
111827
112122
112173
112420
112496
112689
112907
113069
113411
113424
113675
114055
114169
114190
114361
114392
114478
114535
114747
114809
114971
115073
115142
115181
115241
115306
115345
115502
115639
115983
115993
116018
116035
116109
116157
116204
116367
116415
116514
116632
116754
116886
117009
117164
117191
117470
117488
117815
117940
118016
118184
118262
118274
118281
118340
118540
118568
118645
118863
119197
119565
119616
119761
119841
119855
119925
119968
120112
120239
120276
120569
120631
120717
120741
120841
121224
121248
121424
121503
121535
121628
121652
121662
121703
121988
122009
122015
122154
122229
122246
122972
123007
123418
123455
123472
123865
123946
124003
124030
124369
124405
124473
124820
125045
125134
125298
125312
125388
125441
125525
125808
125955
126072
126124
126129
126153
126163
126283
126310
126469
126839
126851
126857
126930
127131
127269
127283
127292
127409
127549
127626
127968
128163
128570
128815
128948
129021
129167
129177
129357
129414
129539
129553
129704
129807
129975
130087
130699
130754
130804
130823
130877
130935
131570
131601
131655
131676
131910
131948
131997
132083
132096
132569
132774
132981
133058
133595
133744
133883
134396
134485
134669
134738
135014
135037
135074
135296
135518
135748
135782
135835
135979
135999
136023
136506
136635
136671
137004
137239
137262
137313
137360
137402
137451
137457
137706
138045
138066
138522
138576
138600
138609
138642
138979
139166
139340
139496
139775
139964
140482
140541
140997
141165
141315
141337
141347
141562
141585
141675
141790
142088
142102
142137
142284
142334
142424
142432
Number of cuts: 1063

Erik
12
30
105
395
980
1029
1080
1187
1672
1690
1769
1849
2119
2508
2756
3204
3309
3483
4493
4610
5047
5542
6687
6862
6960
7019
7178
7188
7321
7562
7610
7848
7900
8378
8456
8670
8944
9085
9351
9371
9963
10005
10012
10431
10460
10472
10662
11280
11313
12058
12230
12338
12653
12832
13729
13815
13848
13961
13968
14055
14871
15533
15800
15874
16264
16575
16792
17553
17612
18057
18146
18310
18394
18403
18918
19700
20432
20501
20632
20802
21131
21157
21271
21337
21427
21536
21703
21742
21790
21981
22016
22639
22658
23050
23109
23377
23436
23492
23712
23763
23940
23962
24172
24721
25095
25201
25312
25373
25422
25512
25694
25724
25776
25972
26397
27046
27146
27526
27721
28365
28548
28980
29577
29608
30167
30431
30599
30872
31113
31336
31385
31650
31975
32055
32217
32257
32675
33265
33276
33300
33374
33556
33650
34581
34734
35481
36446
36491
36655
37136
37271
37305
37820
37845
37882
38100
38183
38914
39980
40496
40521
41060
41236
41377
42665
42998
43190
43782
44094
44467
44859
45996
Number of cuts: 172

Espica
12
30
105
395
980
1029
1080
1187
1672
1690
1769
1849
2119
2508
2756
3204
3309
3483
4493
4610
5047
5542
6687
6862
6960
7019
7178
7188
7321
7562
7610
7848
7900
8378
8456
8670
8945
9086
9352
9372
9964
10006
10013
10432
10461
10473
10663
11281
11314
12059
12231
12339
12654
12833
13730
13816
13849
13962
13969
14056
14872
15534
15801
15875
16265
16576
16793
17554
17613
18058
18147
18311
18395
18404
18919
19701
20433
20502
20633
20803
21132
21158
21272
21338
21428
21537
21704
21743
21791
21982
22017
22640
22659
23051
23110
23378
23437
23493
23657
23714
23765
23942
23964
24175
24724
25098
25204
25315
25376
25425
25515
25697
25727
25779
25975
26400
27049
27149
27529
27724
28368
28551
28946
29609
30168
30432
30600
30873
31114
31337
31386
31651
31976
32056
32218
32258
32676
33266
33277
33301
33375
33557
33651
34591
34744
35491
36456
36501
36665
37146
37281
37315
37830
37855
37892
38110
38193
38711
39114
39762
41170
41346
41487
42775
43108
43300
43892
44204
44577
44969
46106
Number of cuts: 171

Finch
362
435
582
915
1050
1068
1108
1233
1285
1479
1503
1671
1810
1857
1881
1893
2019
2049
2289
2307
2408
2613
2676
2718
2750
2855
2863
2874
3020
3068
3100
3134
3215
3227
3257
3323
3575
3844
4446
4527
4861
4871
4947
4988
5848
5866
5913
6152
6230
6260
6641
6704
6725
6734
7025
7214
8417
8574
8651
8748
8953
9052
9067
9211
9448
9622
9702
10536
10689
10869
11012
11228
11304
11466
11487
11583
11949
12093
12135
12180
12354
12385
12418
12558
12710
12764
13179
13469
13478
13553
13607
13613
13625
13637
13714
13846
14117
14516
14526
14787
14915
14993
15089
15185
15332
15408
15416
15431
15582
15669
15771
15777
16220
16259
16515
16527
16542
16584
16590
16660
16749
16873
16921
17035
17101
17163
17628
18105
18598
18610
18849
19218
20211
20350
20430
20566
20657
20705
20784
20850
20888
20990
21141
21305
21441
21755
22228
22271
22310
22324
22354
22427
22571
22598
22832
23437
23481
23719
23919
24052
24098
24117
24178
24419
25001
25165
25350
25500
25569
25584
25841
25846
26187
26243
26352
26466
26565
26679
26711
27044
27638
27756
27767
27979
28127
28362
28422
28438
28449
28614
28692
28823
28899
28916
29006
29096
29203
30020
30115
30678
30895
30947
30988
31265
31430
31487
31503
31595
31875
32060
32080
32306
32492
32534
32540
32552
32800
32815
32977
33034
33117
33316
33384
33572
33765
33810
34244
34275
34444
34688
34799
34808
34969
35012
35501
35654
35812
35868
36030
36040
36309
36468
36543
36775
36823
36911
37052
37295
37358
37550
37605
37883
38034
38049
38091
38129
38191
38236
38285
38465
38484
38646
38661
38667
38898
39192
39333
39644
39786
39818
40078
40212
40565
40649
41060
41084
41192
41476
41569
41656
41668
41815
41837
41857
41905
41998
42016
42091
42200
42370
42489
42510
42540
42703
42779
42910
43048
43114
43246
43387
43737
43813
44028
44135
44203
44268
44298
44318
44430
44624
44746
44767
44836
44884
44932
45005
45031
45258
45421
45520
45862
45958
46174
46385
46444
46705
46779
46855
46953
47015
47161
47287
47674
47697
47789
47834
47843
48038
48048
48222
48385
48433
48670
48823
48852
48892
48960
49132
49150
49577
49664
49695
49746
50061
50335
50401
50418
50616
50678
50906
51129
51151
51246
51307
51414
51465
51668
51747
51768
51889
51990
52194
52403
52458
52506
52584
52823
52856
53106
53174
53196
53268
53492
53516
53660
53750
53850
53867
54002
54122
54300
54318
54377
54931
54946
55042
55057
55095
55291
55448
55622
55700
55712
55961
56088
56115
56177
56196
56502
56531
56544
56595
56835
56968
57186
57254
57709
57862
57938
58082
58324
58472
58571
58741
58845
58905
58917
59215
59733
59832
60036
60096
60162
60400
60460
60474
60490
60556
61008
61144
61169
61521
61537
61840
61956
61987
62008
62033
62225
62336
62569
62578
62599
62735
62754
62890
62914
62950
63006
63124
63240
63304
63427
63433
63626
63635
63650
63993
64355
64574
64588
64633
64642
64852
64959
65002
65572
65590
65676
65775
65781
66004
66162
66373
66400
66436
66484
66578
66640
66685
66775
66802
67171
67273
67336
67633
67696
67740
68065
68783
68902
69037
69387
69507
69747
69780
69789
69799
69936
70252
70265
70655
70796
70893
71106
71177
71478
71495
71526
71730
71875
72022
72091
72322
72327
72487
72565
72750
73306
73433
73534
73583
74069
74138
74151
74168
74199
74260
74331
74475
74627
74668
74736
74835
74925
75038
75368
75832
75925
76045
76075
76157
76669
76688
76877
77073
77236
77250
77569
77578
77944
77986
78274
78317
78690
78856
79075
79386
79403
79447
79730
79791
80040
80206
80370
80859
81102
81166
81218
81523
81906
81923
81939
81969
82085
82212
82296
82363
82529
82711
83141
83146
83411
83450
83486
83666
83685
83742
83919
84015
84064
84092
84152
84172
84224
84344
84403
84415
84552
84783
84838
85430
85503
85517
85568
85726
85924
86040
86167
86190
86277
86292
86349
86551
86856
86861
87093
87300
87424
87438
87610
87632
87788
88641
88813
89131
89287
89307
89344
89427
89541
89732
89836
89864
89900
90060
90361
90559
90589
90798
91154
91350
91509
91632
91923
92216
92502
92517
92841
92957
93185
93300
93402
93504
93834
93900
93996
94144
94335
94385
94430
94549
94577
94864
94909
94968
95070
95160
95761
95882
96147
96193
96334
96494
96627
96811
96935
97426
97477
97518
97564
97944
98085
98132
98450
98712
98766
98853
98920
99007
99024
99029
99045
99246
99301
99702
99882
99964
100204
100211
100316
100340
100352
100363
100476
100505
100727
100736
100823
100859
101026
101084
101231
101348
101667
102003
102215
102319
102510
102518
102828
102869
102906
103069
103083
103324
103503
103572
103587
103746
103837
103925
104030
104147
104380
104518
104535
104620
104661
104711
104717
104732
104748
104828
104912
104975
105002
105020
105198
105278
105403
105480
105499
105616
105701
105725
105954
105975
106239
106267
106335
106371
106404
106509
106578
107016
107044
107091
107240
107368
107795
107824
108396
108557
108603
108636
109177
109311
109686
109765
109908
109926
110015
110146
110312
110327
110417
110518
110550
110700
110762
110820
111019
111109
111184
111226
111281
111365
111450
111609
111754
111806
111866
112253
112274
112304
112488
112599
112703
112715
112736
112784
112827
112896
113021
113115
113133
113154
113253
113440
113542
113845
113887
114100
114257
114267
114420
114508
114605
114887
115144
115275
115332
115353
115365
115413
115608
115626
115715
115894
116310
116351
116481
116511
116570
116607
116778
116913
117126
117179
117345
117359
117552
117692
117792
117964
118030
118063
118072
118113
118567
118594
118622
118728
118795
118843
118939
119106
119352
119358
119425
119581
119910
120048
120182
120234
120264
120356
120437
120476
120528
120595
120649
120813
121021
121479
121668
121674
121695
122111
122377
122426
122477
122504
122684
122789
123226
123283
123502
123649
123683
123746
124079
124096
124166
124313
124358
124492
124523
124631
124683
124771
124936
124952
125014
125035
125241
125255
125403
125844
125853
126210
126283
126519
126561
126720
126917
127670
127733
127742
127763
128075
128096
128520
128743
128754
128799
128997
129010
129102
129635
129912
129925
130033
130201
130306
130339
130456
130621
130684
130909
131017
131147
131238
131302
131369
131682
131692
131926
131967
131997
132172
132226
132253
132349
132363
132511
132689
132894
132912
133182
133225
133297
133377
133437
133554
133563
133600
133728
133849
133869
134013
134207
134250
134261
134304
134420
134477
134640
134669
135066
135385
135814
135909
136053
136228
136517
136638
136692
136800
136834
136846
136862
137091
137170
137228
137310
137355
137496
137516
137583
137619
137979
138016
138035
138104
Number of cuts: 1026

Gollum
12
30
105
395
980
1029
1080
1187
1672
1690
1769
1849
2119
2508
2756
3204
3309
3483
4493
4610
5047
5542
6687
6862
6960
7019
7178
7188
7321
7562
7610
7848
7900
8378
8456
8670
8945
9086
9352
9372
9964
10006
10013
10432
10461
10473
10663
11281
11314
12059
12231
12339
12654
12833
13730
13816
13849
13962
13969
14056
14872
15534
15801
15875
15983
15989
16265
16576
16793
17554
17613
18058
18147
18311
18395
18404
18919
19468
19701
20433
20502
20633
20803
21132
21158
21272
21338
21428
21537
21704
21743
21791
21982
22017
22640
22659
23051
23110
23378
23437
23493
23657
23714
23765
23942
23964
24174
24723
25097
25203
25375
25424
25514
25696
25726
25778
25974
26399
27148
27528
27723
28367
28550
28945
29577
29608
30233
30497
30803
31179
31402
31451
31716
32041
32121
32283
32323
32741
33331
33342
33366
33440
33622
33716
34647
34800
35547
36512
36557
36721
37202
37337
37371
37886
37911
37948
38166
38249
38767
39170
39990
40607
40632
41171
41347
41488
42776
43109
43301
43893
44205
44578
44970
46107
Number of cuts: 174

Grayson
1739
1830
2532
2830
3024
4331
4468
4474
4822
6238
7837
8075
9993
10384
11072
11619
11736
12146
13144
14219
14382
15122
15639
15882
17028
17489
18418
18463
18547
18745
19108
19737
23047
23562
23826
23883
25421
25816
26983
27162
27188
27421
27612
28734
29133
31049
31115
31327
31502
31517
31640
34524
34577
35453
36515
36590
36755
38618
43063
43405
43869
43923
44251
44566
44836
46370
46799
50756
51152
51650
52603
52645
53641
54321
59217
59862
59891
60164
62507
64336
64509
64539
65721
66120
66483
66553
67350
67781
69201
71266
72455
73062
73225
73339
73597
75033
75960
80033
83495
84842
84995
86523
87269
87372
87785
90704
91121
93907
94290
95472
96321
99701
100470
100891
102982
103321
104208
105475
105719
105734
107431
108011
108209
108216
108255
108689
109519
110952
111149
112828
115701
115746
115896
116659
117498
117579
118122
119813
120976
122415
123887
125208
125534
126979
128546
128551
130640
130731
131433
131731
Number of cuts: 150

Harlequin
12
30
105
395
980
1029
1080
1187
1672
1690
1769
1849
2119
2508
2756
3204
3309
3483
3611
3650
4220
4610
5005
5047
5206
5542
6076
6491
6672
6847
7142
7163
7173
7306
7547
7595
7757
7833
7885
8153
8438
8637
8760
8889
9296
9316
9726
9957
10376
10607
10666
10894
11231
11264
12009
12181
12289
12328
12342
12513
13558
13680
13766
13799
13912
13919
14006
14822
15484
15751
15939
16215
16274
16743
17563
18008
18097
18345
18354
18869
18943
19418
19603
20383
20452
20521
20583
20726
20804
21108
21222
21288
21378
21541
21708
21778
21795
21986
22021
22645
22664
23056
23115
23207
23383
23442
23498
23662
23719
23770
23947
23969
24179
24728
25102
25208
25380
25429
25452
25519
25701
25731
25783
25979
26404
27153
27353
27417
27533
27728
28555
28987
29388
29584
29615
30283
30451
30589
30724
30965
31188
31787
31827
31907
32069
32527
33128
33152
33226
33408
33502
34433
34586
35333
36298
36343
36507
36988
37123
37157
37672
37697
37734
38035
38562
38766
39564
41194
41336
42624
42957
43149
43741
44053
44426
45955
Number of cuts: 176

Hiro
12
30
105
395
980
1029
1080
1187
1672
1690
1769
1849
2119
2508
2756
3204
3309
3483
3611
3650
4100
4493
5047
5542
6076
6672
6847
7004
7163
7173
7306
7547
7595
7757
7833
7885
8153
8438
8637
8889
9030
9296
9316
9957
9971
10376
10405
10423
10522
10607
11225
11258
11547
12003
12486
12625
12679
13198
13388
13986
14072
14105
14218
14225
14312
14895
15128
15790
16057
16131
16245
16580
16832
17049
17810
17869
18314
18403
18651
18660
19107
19175
19249
19957
20444
20689
20695
20758
20889
21075
21388
21510
21528
21594
21684
21793
21940
22030
22047
22238
22273
23005
23029
23082
23092
23153
23417
23635
23697
23974
24025
24202
24224
24434
24983
25357
25463
25635
25684
25707
25774
25956
25986
26038
26234
26659
27408
27788
27983
28627
28810
29242
29643
29839
29870
30495
30759
30927
31200
31441
31664
31978
32263
32303
32383
32545
32585
33604
33628
33702
33884
33978
34909
35062
35809
36774
36819
36983
37464
37599
37633
38148
38173
38210
38511
38625
39029
39242
40038
40308
40925
40950
41489
41665
41807
43095
43428
43620
44212
44524
44897
45289
46426
Number of cuts: 183

Jace
636
791
1247
1808
2512
2897
2962
2990
3712
3774
4114
4209
4429
4558
4615
4642
4925
4987
5472
5531
5597
5638
6155
6269
6582
6604
7055
7131
7181
7476
7487
7523
7584
7909
8081
8110
8338
8442
8524
8625
8667
8697
9105
9463
9573
9626
9740
9749
9790
10023
10305
10515
10725
10813
10909
11203
11529
11958
12303
12381
13341
13545
13731
13831
13868
14004
14143
14231
14289
14470
14683
14804
14817
15008
15129
15509
15581
15770
15938
16175
16196
16574
16595
17005
17329
17394
17561
17670
17685
18233
18582
18991
19624
19663
19820
20029
20058
20064
20271
20603
20762
21214
21287
21312
21313
21481
21702
22562
22845
23296
23305
23421
23752
23958
24210
24951
25134
25160
25165
25166
25482
25580
25750
25780
26178
26256
26323
26483
26684
26984
26997
27026
27110
27224
27432
27462
27621
27680
27967
28154
28514
28631
28850
29219
29554
29666
29802
30083
30383
30409
30436
30752
31416
32022
32251
32564
32618
32648
33401
33613
33807
33901
34244
34696
34731
34855
34989
35044
35120
35141
35347
35434
35917
36059
36745
36807
37137
37160
37341
37474
37692
37835
37893
38298
38313
38381
38962
38984
39717
39758
39781
39816
39846
39922
40083
40099
40122
40952
41274
41785
41988
42031
42452
42537
42864
43303
43502
43531
43947
44013
44162
44171
44230
44679
44952
45118
45154
45208
45790
45990
46090
46107
46320
46430
46592
46686
46868
47006
47138
47149
47320
47567
47750
47793
47803
47884
47977
48037
48394
48427
48508
48688
48924
48989
49193
49438
49483
49634
49793
49915
49932
50086
50220
50692
50758
50839
51031
51082
52044
52076
52156
52339
52522
52523
53074
53088
53260
53424
53783
Number of cuts: 269

Jester
12
30
105
395
980
1029
1080
1187
1672
1690
1769
1849
2119
2508
2756
3204
3309
3483
3611
3650
4220
4610
5005
5047
5206
5542
6076
6491
6672
6847
7142
7163
7173
7306
7547
7595
7757
7833
7885
8153
8438
8637
8760
8889
9296
9316
9957
10376
10423
10522
10607
11225
11258
11454
11547
12003
12175
12255
12283
13033
13552
13674
13760
13793
13906
13913
14000
14583
14816
15478
15745
15819
15933
16268
16737
17498
18002
18091
18339
18348
18863
18937
19412
19597
20377
20446
20515
20577
20720
20798
21102
21216
21282
21372
21481
21648
21718
21735
21926
21961
22576
22595
22987
23046
23138
23314
23373
23429
23593
23650
23701
23878
23900
24110
24659
25033
25139
25311
25360
25383
25450
25632
25662
25714
25910
26335
27084
27284
27348
27464
27659
28486
28918
29319
29515
29546
30214
30382
30520
30655
30896
31119
31718
31758
31838
32000
32458
33059
33083
33157
33339
33433
34364
34517
35264
36229
36274
36438
36919
37054
37088
37603
37628
37665
37966
38493
38697
39495
41125
41267
42555
42888
43080
43672
43984
44357
45886
Number of cuts: 177

Krishelle
12
30
105
395
980
1029
1080
1187
1672
1690
1769
1849
2119
2508
2756
3204
3309
3483
4493
4610
5047
5542
6687
6862
6960
7019
7178
7188
7321
7562
7610
7772
7848
7900
8168
8453
8652
8904
9045
9311
9331
9972
9986
10391
10420
10438
10537
10622
11240
11273
11562
12018
12501
12640
12694
13213
13403
14001
14087
14120
14233
14240
14327
14910
15143
15805
16072
16146
16260
16595
17064
17825
17884
18329
18418
18666
18675
19190
19264
19739
19972
20459
20704
20710
20773
20904
21047
21090
21403
21525
21543
21609
21699
21844
21991
22081
22098
22289
22324
23056
23080
23133
23143
23468
23686
23748
24025
24077
24458
25007
25381
25487
25659
25708
25798
25980
26010
26062
26258
26683
27332
27432
27696
27812
28229
28657
28913
29308
29615
29939
29970
30595
30859
31165
31541
31764
31813
32078
32403
32483
32645
32685
33103
33435
33693
33704
33728
33802
33984
34078
35009
35162
35909
36883
36928
37092
37573
37708
37742
38257
38282
38319
38537
38620
39351
40417
41034
41059
41774
41915
43203
43536
43728
44320
44632
45005
45397
46044
Number of cuts: 178

Lillie
12
30
105
395
980
1029
1080
1187
1672
1690
1769
1849
2119
2756
3204
3309
3483
4493
4610
5047
5542
6687
6862
6960
7019
7178
7188
7321
7562
7610
7848
7900
8378
8456
8670
8945
9086
9352
9372
9964
10006
10013
10432
10461
10473
10663
11281
11314
12059
12231
12339
12654
12833
13730
13816
13849
13962
13969
14056
14872
15534
15801
15875
16265
16576
16793
17554
17613
18058
18147
18311
18395
18404
18919
19701
20433
20502
20633
20803
21132
21158
21272
21338
21428
21537
21662
21791
21982
22017
22640
22659
23051
23110
23378
23437
23493
23714
23765
23942
23964
24174
24723
25097
25203
25375
25424
25447
25514
25696
25726
25778
25974
26399
27148
27528
27723
28367
28550
28982
29383
29579
29610
30235
30499
30805
31181
31404
31453
31718
32043
32123
32285
32325
32743
33075
33333
33344
33368
33442
33624
33718
34649
34802
35549
36514
36559
36723
37204
37339
37373
37888
37913
37950
38168
38251
38982
40048
40665
40690
41229
41405
41546
42834
43167
43359
43951
44263
44636
45028
46165
Number of cuts: 170

Mahdia
18
37
65
99
115
166
232
322
435
522
570
575
621
786
876
908
927
968
998
1047
1140
1205
1280
1322
1349
1382
1482
1514
1542
1547
1580
1665
1782
1834
1890
1989
2064
2081
2126
2201
2279
2310
2351
2374
2394
2409
2511
2544
2566
2780
3097
3228
3256
3384
3504
3570
3589
3713
3812
3818
3842
3929
3940
4003
4022
4087
4120
4166
4178
4259
4283
4316
4339
4433
4482
4563
4632
4637
4659
4731
4925
4961
4974
5193
5259
5301
5315
5328
5538
5808
5930
5954
6014
6336
6369
6439
6512
6531
6606
6669
6681
6708
6726
6855
6864
7000
7111
7120
7218
7254
7289
7302
7333
7400
7644
7725
8288
8306
8366
8381
8390
8585
8591
8710
8779
8868
8991
9000
9210
9380
9425
9526
9542
9605
9637
9969
9984
10025
10067
10218
10353
10557
10707
10962
10976
11028
11159
11221
11364
11490
11586
11672
11760
11817
11951
12185
12223
12354
12758
12807
12844
12927
12965
13083
13179
13278
13284
13344
13424
13437
13494
13529
13548
13593
13614
13629
13689
13812
13842
14060
14112
14121
14158
14261
14279
14390
14456
14565
14676
14727
15054
15060
15168
15200
15272
15278
15410
15563
15582
15591
15600
15640
15650
15774
15930
15972
16047
16057
16083
16090
16251
16308
16555
16574
16733
16769
16806
16833
16841
16898
16910
16973
17069
17081
17211
17229
17235
17264
17359
17371
17393
17411
17435
17566
17649
17717
17746
17801
17817
17969
18031
18277
18289
18394
18417
18659
18761
18814
18848
18878
18898
18940
18964
19112
19122
19192
19230
19248
19404
19673
19705
19722
19775
19838
19871
20042
20110
20131
20166
20222
20273
20332
20342
20402
20563
20605
20650
20696
20755
20771
20891
20942
21028
21194
21268
21275
21306
21328
21365
21395
21463
21475
21520
21592
21649
21661
21667
21676
21685
21699
21706
21721
21741
21781
22071
22094
22110
22128
22188
22227
22320
22425
22450
22576
22625
22675
22681
22692
22720
22733
22792
22814
22897
22918
22942
22954
23317
23421
23427
23449
23526
23536
23575
23634
23730
23751
23776
23803
23856
23985
23994
24054
24118
24159
24183
24258
24313
24342
24438
24462
24554
24561
24617
24642
24704
24741
24936
24959
25048
25126
25160
25189
25264
25294
25300
25532
25671
25691
25703
25793
25847
25866
25907
26000
26012
26150
26220
26234
26282
26300
26408
26426
26459
26634
26676
26684
26702
26765
26798
26813
26849
26906
26942
26972
26993
27021
27066
27111
27170
27247
27308
27453
27524
27534
27614
27635
27677
27764
27805
27838
27899
27947
28007
28073
28108
28397
28449
28459
28496
28511
28559
28571
28662
28697
28734
28760
28825
28911
28949
28997
29054
29096
29136
29171
29222
29265
29327
29356
29375
29549
29588
29615
29630
29774
29958
30045
30093
30111
30122
30183
30201
30320
30362
30383
30428
30450
30513
30560
30687
30704
30719
30991
31130
31181
31189
31234
31239
31283
31312
31376
31485
31551
31578
31866
31917
31931
31947
31983
31999
32019
32074
32304
32321
32351
32432
32515
32637
32684
32703
32744
32777
32790
32817
32879
32939
33020
33053
33134
33263
33339
33381
33414
33491
33503
33551
33572
33621
33701
33707
33731
33803
33938
33975
34058
34172
34247
34254
34313
34322
34394
34425
34436
34442
34550
34562
34585
34640
34790
34829
34942
34988
35244
35566
35598
35655
35732
35896
36113
36166
36240
36328
36347
36417
36462
36495
36526
36561
36602
36607
36699
36759
36798
36823
36905
36945
37006
37014
37127
37165
37194
37232
37279
37327
37366
37384
37484
37534
37625
37636
37739
37996
38132
38137
38242
38253
38271
38346
38406
38458
38475
38481
38501
38616
38660
38714
38719
38729
38820
38836
38864
38910
38948
38969
38993
39021
39125
39179
39194
39265
39329
39432
39474
39493
39516
39543
39576
39590
39604
39627
39796
39831
39858
40145
40253
40360
40381
40432
40447
40468
40488
40648
40698
40704
40773
40890
40956
40974
41012
41070
41230
41302
41335
41362
41476
41492
41542
41663
41864
41875
41888
41951
41972
42014
42077
42193
42221
42228
42266
42303
42311
42360
42449
Number of cuts: 652

Naiad
12
30
105
395
980
1029
1080
1187
1672
1690
1769
1849
2119
2508
2756
3204
3309
3483
4493
4610
5047
5542
6687
6862
6960
7019
7178
7188
7321
7562
7610
7848
7900
8378
8456
8670
8945
9086
9352
9372
9964
10006
10013
10432
10461
10473
10663
11281
11314
12059
12231
12339
12654
12833
13730
13816
13849
13962
13969
14056
14872
15534
15801
15875
16265
16576
16793
17554
17613
18058
18147
18311
18395
18404
18919
19701
20433
20502
20633
20803
21132
21158
21272
21338
21428
21537
21662
21791
21982
22017
22672
22681
22750
23123
23391
23450
23506
23727
23778
23955
23977
24187
24736
25110
25216
25388
25437
25527
25643
25709
25739
25791
25987
26412
26620
26668
27161
27541
27736
28380
28563
28995
29396
29592
29623
30248
30512
30818
31194
31417
31466
31731
32056
32136
32298
32338
32756
33088
33346
33357
33381
33455
33637
33731
34662
34815
35562
36536
36581
36745
37226
37361
37395
37910
37935
37972
38190
38273
39004
40070
40687
40712
41427
41568
42856
43189
43381
43973
44285
44658
45050
46187
Number of cuts: 172

Nancinator
12
30
105
395
980
1029
1080
1187
1672
1690
1769
1849
2119
2508
2756
3204
3309
3483
4493
4610
5047
5542
6687
6862
6960
7019
7178
7188
7321
7562
7610
7848
7900
8378
8456
8670
8945
9086
9352
9372
9964
10006
10013
10432
10461
10473
10663
11281
11314
12059
12231
12339
12654
12833
13730
13816
13849
13962
13969
14056
14872
15534
15801
15875
16265
16576
16793
17554
17613
18058
18147
18311
18395
18404
18919
19701
20433
20502
20633
20803
21132
21158
21272
21338
21428
21537
21704
21743
21791
21982
22017
22640
22659
23051
23110
23378
23437
23493
23657
23714
23765
23942
23964
24175
24724
25098
25204
25315
25376
25425
25515
25697
25727
25779
25975
26400
27049
27149
27529
27724
28368
28551
28946
29609
30168
30432
30600
30873
31114
31337
31386
31651
31976
32056
32218
32258
32676
33266
33277
33301
33375
33557
33651
34591
34744
35491
36456
36501
36665
37146
37281
37315
37830
37855
37892
38110
38193
38711
39114
40004
40029
40568
40744
40885
42173
42506
42698
43290
43602
43975
44367
45504
Number of cuts: 172

Natosaleda
12
30
105
395
980
1029
1080
1187
1672
1690
1769
1849
2119
2756
3204
3309
3483
4493
4610
5047
5542
6687
6862
6960
7019
7178
7188
7321
7562
7610
7848
7900
8378
8456
8670
8945
8981
9086
9352
9372
9964
10006
10013
10432
10461
10473
10663
11281
11314
12059
12231
12339
12654
12833
13730
13816
13849
13962
13969
14056
14872
15534
15801
15875
16265
16576
16793
17554
17613
18058
18147
18311
18395
18404
18919
19701
20433
20502
20633
20803
21132
21158
21272
21338
21428
21537
21704
21743
21791
21982
22017
22640
22659
23051
23110
23378
23437
23493
23657
23714
23765
23942
23964
24174
24723
25097
25203
25314
25375
25424
25514
25696
25726
25778
25974
26399
27048
27148
27528
27723
28367
28550
28945
29608
30167
30431
30599
30872
31113
31336
31385
31650
31975
32055
32217
32257
32675
33265
33276
33300
33374
33556
33650
34590
34743
35490
36455
36500
36664
37145
37280
37314
37829
37854
37891
38109
38192
38710
39113
39761
41169
41345
41486
42774
43107
43299
43891
44203
44576
44968
45615
46093
Number of cuts: 172

Partridge
12
30
395
618
975
1022
1073
1180
1731
1749
1828
1908
2004
2178
2711
2815
3263
3368
3542
3709
4279
4552
4669
5106
5265
5601
6135
6550
6731
6906
7063
7201
7222
7232
7365
7606
7654
7816
7892
7944
8212
8497
8696
8972
9113
9379
9399
9809
10040
10459
10605
10690
11129
11314
11347
12092
12264
12372
12411
12806
13763
13849
13882
13995
14002
14089
14190
14684
14905
15567
15834
16016
16022
16298
16357
16609
16826
17587
17646
18091
18180
18428
18437
18952
19501
19597
19734
20210
20221
20253
20437
20466
20472
20535
20666
20852
21165
21191
21305
21371
21461
21570
21717
21807
21824
22015
22443
22783
22971
23156
23220
23424
23483
23539
23760
23812
23989
24011
24221
24770
25144
25250
25408
25422
25471
25494
25597
25779
25809
25861
26057
26482
27131
27231
27495
27611
28028
28456
28712
29107
29415
29739
29770
30395
30659
30965
31341
31564
31613
32163
32203
32283
32445
32833
32903
33232
33490
33501
33525
33599
33820
33832
34947
35100
35299
35961
36396
36812
37021
37638
37672
38187
38212
38249
38550
38903
39281
40079
40633
40854
41135
41706
41847
43872
44433
44524
44531
44745
45118
46533
Number of cuts: 190

Pepy6
42
48
59
352
821
858
1290
2237
2468
3523
3595
3795
3845
4111
4112
4489
4945
5097
5317
5736
6057
6616
7803
7819
8674
8926
8981
9430
10466
10994
11146
11342
12260
12534
12790
12824
13775
14494
14506
14708
15186
15834
16074
16171
18318
18319
18344
18558
19171
19605
22633
23023
25114
25257
26891
27376
27544
27601
27808
28386
28435
28983
28996
29250
29469
29486
29556
30031
30103
31700
32483
33091
33856
34163
34345
34786
34964
35587
35971
36362
37164
38070
38406
38856
39063
39219
39859
39905
41420
41942
42781
43136
43667
43703
43990
44228
44585
44712
45148
45326
45824
46718
47925
48611
48637
49470
49602
51103
51873
52416
52481
52926
53787
54516
54517
54980
55079
55187
55945
56229
57194
57755
58023
58306
58834
58945
58989
59365
59662
60500
60819
60820
61222
61674
63822
64092
64340
64511
64781
64897
64930
65076
65199
65264
65843
66232
66445
67380
69214
69748
69870
70250
70769
72351
72820
75873
Number of cuts: 156

Peregrin
1862
3065
4326
4332
4779
4893
4901
5457
5756
6076
7384
9307
10386
10933
11050
11460
12458
12863
13680
13714
14480
14997
15240
15603
17088
17413
17970
18015
18099
18297
18660
19289
19952
22213
22728
22992
23049
23448
23814
23829
24899
26935
27126
28248
28647
30101
30854
31103
32950
33359
34235
35444
35516
38784
39884
41843
42185
42649
45150
45579
49539
49935
50433
51386
51428
52424
57584
58229
58258
58531
60874
62703
62927
62957
64139
64593
64978
65775
66206
67626
68398
69676
70203
70204
70865
71635
71749
72007
72894
73738
75010
75421
75889
76364
77514
79168
80564
80662
80728
80839
82423
82595
82888
83388
84729
84882
86256
87188
87291
87679
90135
90552
93339
93475
94242
95319
95354
95878
99114
99435
100041
100152
100952
101284
103384
103723
104613
105563
105896
106140
106155
106431
107704
108446
109444
110613
110810
112665
112673
112740
114152
114996
115128
116039
116368
116923
117467
118306
118387
119435
121249
125727
126336
127218
127675
128016
131931
Number of cuts: 157

Phrankenstein
12
30
105
395
980
1029
1080
1187
1672
1690
1769
1849
2119
2508
2756
3204
3309
3483
4493
4610
5047
5542
6687
6862
6960
7019
7178
7188
7321
7562
7610
7848
7900
8378
8456
8670
8945
9086
9352
9372
9782
9964
10006
10013
10432
10461
10473
10663
11281
11314
12059
12231
12339
12654
12833
13730
13816
13849
13962
13969
14056
14872
15534
15801
15875
16265
16576
16793
17554
17613
18058
18147
18311
18395
18404
18919
19701
20433
20502
20633
20803
21132
21158
21272
21338
21428
21483
21650
21689
21737
21928
21963
22586
22605
22997
23056
23324
23383
23439
23660
23711
23888
23910
24120
24669
25043
25149
25321
25370
25393
25460
25642
25672
25724
25920
26345
26994
27094
27474
27669
28313
28496
28891
29525
29556
30181
30445
30613
30886
31127
31350
31399
31664
31989
32069
32231
32271
32689
33021
33279
33290
33314
33388
33570
33664
34595
34748
35495
36460
36669
37150
37285
37319
37834
37859
37896
38114
38197
38928
39994
40611
40636
41175
41351
41492
42780
43113
43305
43897
44209
44582
44974
46111
Number of cuts: 173

Pine5
127
155
176
207
289
454
497
524
584
713
833
911
1003
1169
1240
1396
1412
1417
1529
1622
1746
2044
2246
2274
2424
2634
2635
2738
2801
2818
2942
2991
3082
3150
3258
3265
3351
3461
3485
3522
3632
3782
3879
4006
4060
4141
4177
4201
4246
4287
4359
4459
4485
4615
4652
4662
4679
4904
4947
5029
5053
5206
5282
5338
5390
5464
5483
5497
5565
6521
6643
6754
6850
6924
7057
7184
7216
7455
7504
7573
7609
7627
7699
7746
7752
7765
7774
7780
7972
8044
8184
8347
8352
8698
8713
8938
8943
9001
9066
9093
9136
9166
9270
9305
9346
9462
9625
9769
9856
10009
10126
10154
10162
10361
10570
10660
10684
10690
10956
10970
11171
11185
11191
11204
11315
11391
11952
12114
12189
12297
12308
12433
12501
12534
12585
12636
12928
13138
13213
13250
13303
13369
13465
13506
13590
13943
14080
14126
14324
14425
14459
14489
14501
14665
14923
15260
15299
15482
15529
15547
15617
15669
15845
15878
15961
16072
16151
16158
16241
16249
16370
16486
16651
16687
16737
16897
16902
17134
17220
17406
17422
17442
17518
17763
17785
17935
17947
17989
18115
18135
18194
18218
18232
18255
18265
18562
18736
18821
18836
18875
18881
18985
19116
19141
19212
19369
19551
19639
19663
19686
19714
19774
19793
19846
19878
19897
20108
20294
20462
20528
20604
20616
21014
21108
21114
21162
21305
21489
21495
21563
21624
21752
21843
21905
21957
22104
22158
22304
22517
22571
23025
23349
23389
23463
23550
23565
23610
23686
23771
23776
23899
23908
23974
24088
24158
24172
24204
24395
24510
24594
24642
24684
24735
24828
24858
24912
24920
24950
24970
25032
25180
25272
25350
25355
25494
25525
25584
25680
25746
25784
25791
25809
25958
26011
26135
26204
26221
26372
26528
26586
26591
26827
26867
26928
26951
26969
26992
27222
27378
27383
27400
27538
27546
27553
27565
27586
27664
27675
27690
27730
27805
27811
27845
28048
28053
28264
28365
28687
28770
28777
28840
28875
28891
28979
29042
29128
29265
29270
29297
29512
29533
29604
29638
29646
29662
29686
29779
29835
30439
30558
30796
30813
30882
30887
30975
31028
31045
31214
31436
31478
31505
31580
31609
31702
31762
31792
31879
31938
31956
31969
31994
32187
32201
32258
32333
32402
32423
32489
32566
32592
32627
32676
32703
32777
32784
32817
32868
32937
33002
33015
33045
33138
33195
33212
33231
33288
33297
33328
33447
33467
33476
33525
33559
33576
33597
33609
33642
34046
34352
34514
34840
34875
35086
35092
35221
35288
35299
35306
35407
35413
35528
35566
35572
35990
36071
36300
36430
36769
36963
37060
37095
37206
37293
37326
37414
37476
37505
37545
37585
37695
37750
37791
37854
38360
38554
38562
38631
38898
38996
39033
39264
39276
39300
39473
39624
39681
39752
39858
39979
40070
40081
40136
40150
40168
40344
40378
40452
40491
40521
40728
40833
40914
41037
41084
41149
41295
41340
41347
41362
41389
41431
41508
41565
41674
41697
41703
41722
41909
42020
42065
42129
42134
42140
42226
42233
42241
42499
42727
42782
42802
42823
43225
43247
43294
43300
43375
43567
43735
43750
43775
43863
43877
43897
43981
44232
44251
44578
44594
44626
44641
44815
44836
44996
45218
45253
45467
45645
45671
45836
45843
45887
45944
45976
46058
46076
46122
46170
46176
46188
46223
46304
46334
46345
46370
46550
46630
46824
46945
47080
47198
47319
47353
47359
47371
47381
47399
47470
47530
47708
47821
47906
48013
48023
48083
48111
48374
48475
48493
48695
48721
48774
48867
48995
49050
49090
49104
49158
49280
49316
49443
49508
49516
49736
49793
50033
50271
50328
50397
50505
50601
50645
50651
50657
50693
51105
51110
51118
51191
51365
51505
51690
51940
51984
52037
52164
52222
52369
52376
52564
52627
52763
52792
52999
53158
53176
53203
53239
53305
53322
53419
53440
53611
53946
53964
54100
54107
54145
54266
54356
54365
54380
54561
54571
54674
54710
54788
54835
54899
54968
54974
55121
55156
55172
55272
55481
55592
55622
55671
55997
56077
56110
56241
56401
56471
56624
56636
56714
56849
56905
56910
57008
57094
57245
57289
57311
57406
57424
57502
57635
57762
57783
57902
57949
58008
58084
58184
58293
58299
58319
58386
58574
58752
58807
58870
58907
58997
Number of cuts: 676

Poco6
48
803
821
3854
5353
5686
5842
6092
6359
6736
8211
8374
8608
8985
9129
9288
9884
10089
11004
11019
11133
11157
11916
12105
12124
12357
12412
12625
12840
13314
13896
14576
14665
15010
15436
15985
16275
17226
17694
17938
18834
19631
20197
22714
23421
24210
24319
24733
24868
27073
27127
27270
28396
29389
29475
29563
29672
30405
31269
31488
32050
32122
33000
33725
34508
35116
35326
35443
36188
36314
36569
36808
36986
37993
39729
40428
40878
41241
41989
42060
43222
44105
44674
45144
45493
45814
46064
46309
46421
46444
47087
47177
47351
47352
47676
48031
48214
48654
49401
49600
49999
50033
50156
50311
50631
51786
51811
53382
53606
53924
53989
54434
55225
55295
55423
56024
56695
56896
56943
57453
57466
57737
57748
59129
59354
59737
60010
60121
60849
60963
61735
62344
62420
63513
63551
65360
65641
65674
65775
66011
66488
67016
67397
67478
68022
68268
68898
70300
71038
71069
71191
71236
71516
72914
73491
74459
74720
75104
75232
75977
76300
Number of cuts: 161

Rasputin
12
30
105
395
980
1029
1080
1187
1672
1690
1769
1849
2119
2508
2756
3204
3309
3483
4493
5047
5542
6076
6672
6847
7004
7163
7173
7306
7547
7595
7757
7833
7885
8154
8439
8638
8914
8950
9055
9321
9341
9528
9751
9982
10401
10448
10632
10913
11250
11283
11479
11572
12028
12200
12280
12308
12347
12532
13577
13699
13785
13818
13931
13938
14025
14126
14841
15503
15770
15958
16234
16293
16762
17582
18027
18116
18364
18373
18888
18962
19437
19488
19622
20402
20471
20540
20602
20745
20823
21101
21127
21223
21241
21307
21397
21506
21673
21743
21760
21951
21986
22610
22629
22895
23080
23348
23407
23463
23684
23736
23913
23935
24145
24694
25068
25174
25346
25418
25667
25697
25749
25945
26370
27119
27499
27694
28338
28521
28916
29354
29550
29581
30206
30470
30638
31152
31375
31424
31689
32014
32094
32256
32296
32714
33046
33304
33315
33339
33413
33595
33689
34620
34773
35520
36485
36530
36694
37175
37310
37344
37859
37884
37921
38139
38222
38953
40019
40636
40661
41200
41376
41517
42805
43138
43330
43922
44234
44607
44999
46136
Number of cuts: 180

RER2
12
30
105
395
980
1029
1080
1187
1672
1690
1769
1849
2119
2756
3204
3309
3483
4493
4610
5047
5542
6687
6862
6960
7019
7178
7188
7321
7562
7610
7848
7900
8378
8456
8670
8945
9086
9352
9372
9964
10006
10013
10432
10461
10473
10663
11281
11314
12059
12231
12339
12654
12833
13730
13816
13849
13962
13969
14056
14872
15534
15801
15875
16265
16576
16793
17554
17613
18058
18147
18311
18395
18404
18919
19701
20433
20502
20633
20776
20854
21132
21158
21272
21338
21428
21537
21704
21743
21791
21982
22017
22640
22659
23051
23110
23378
23437
23493
23657
23714
23765
23942
23964
24174
24723
25097
25203
25375
25424
25447
25514
25696
25726
25778
25974
26399
27148
27528
27723
28367
28550
29383
29579
29610
30499
30805
31181
31404
31453
31718
32043
32123
32285
32325
32743
33075
33333
33344
33368
33442
33624
33718
34649
34802
35549
36514
36723
37204
37339
37373
37888
37913
37950
38168
38251
38982
40048
40665
40690
41229
41405
41546
42834
43167
43359
43951
44263
44636
45028
46165
Number of cuts: 170

RexFury
12
30
105
395
1011
1060
1111
1218
1703
1721
1800
1880
2150
2539
2787
3235
3340
3514
4524
4641
5078
5573
6718
6893
6991
7050
7209
7219
7352
7593
7641
7879
7931
8409
8487
8701
8976
9117
9383
9403
9813
9995
10037
10044
10463
10694
11312
11345
12090
12262
12370
12864
13761
13847
13880
13993
14000
14087
14903
15565
15832
15906
16296
16607
16824
17585
17644
18089
18178
18342
18426
18435
18950
19499
19732
20464
20533
20664
20834
21163
21189
21303
21369
21459
21568
21735
21774
21822
22013
22048
22671
22690
23082
23141
23409
23468
23524
23688
23745
23796
23973
23995
24205
24754
25128
25234
25406
25478
25727
25757
25809
26005
26430
27179
27559
27754
28581
28976
29414
29610
29641
30266
30530
30698
31212
31435
31484
31749
32074
32154
32316
32356
32774
33106
33364
33375
33399
33473
33655
33749
34680
34833
35580
36545
36590
36754
37235
37370
37404
37919
37944
37981
38199
38282
38800
39203
39851
41259
41435
41576
42864
43197
43389
43981
44293
44666
45058
46195
Number of cuts: 168

RGL3
12
30
106
291
1010
1061
1672
1690
1767
1848
1880
1931
2118
2440
2450
2504
2510
2672
2758
2906
2946
3028
3206
3311
3408
3485
3738
4066
4078
4222
4360
4486
4612
4842
5007
5049
5208
5411
5448
5487
5544
5654
6078
6680
6852
6865
6950
7009
7169
7179
7553
7601
7838
8430
8446
8660
8782
8911
8947
9073
9154
9318
9338
9633
9644
9659
9725
9982
9996
10401
10420
10448
10632
10682
10841
11252
11286
11341
11518
11718
11757
11802
11879
12206
12286
12319
12376
12383
12391
12475
12577
12628
12950
13063
13691
13733
13875
13941
13974
13979
14007
14040
14051
14127
14214
14306
14381
14768
15030
15287
15698
15921
15979
16009
16147
16153
16168
16182
16488
16926
16957
17051
17656
17792
17883
18219
18236
18308
18556
18760
18808
19059
19069
19366
19603
19618
19624
19648
19938
19999
20110
20133
20330
20731
20741
20899
20963
21271
21374
21383
21524
21539
21557
21566
21692
21701
21809
21837
22053
22074
22082
22301
22347
22436
22690
22705
22927
23221
23250
23303
23313
23374
23419
23568
23638
23856
23943
24097
24196
24205
24453
24894
25208
25349
25588
25694
25805
25866
25915
26562
26598
26664
26724
26772
26923
27056
27069
27374
27438
27582
27752
27873
28098
28123
28166
28175
28311
28399
28453
28515
28851
29002
29283
29560
29581
29605
29806
29884
29992
30143
30345
30378
30477
30508
30905
31169
31475
31517
31560
31700
31775
31871
32015
32074
32123
32189
32348
32438
32643
32673
32713
32790
32807
32819
32837
32934
33023
33070
33076
33236
33262
33389
33721
33990
34014
34184
34273
34565
34670
34790
35030
35038
35113
35549
35556
35605
36550
36556
36720
36889
36925
36952
37554
37718
37777
37828
38057
38351
38385
38733
38742
38897
39149
39464
39470
39560
39812
39856
40854
41442
41679
41906
42402
42430
42455
42904
43033
43044
43054
43064
43146
43703
43883
44500
44835
45443
45516
45851
45965
46167
46198
46218
46223
46920
47317
47381
47422
47532
47545
Number of cuts: 319

Rhodalysa
12
30
105
395
980
1029
1080
1187
1672
1690
1769
1849
2119
2756
3204
3309
3483
4493
4610
5047
5542
6687
6862
6960
7019
7178
7188
7321
7562
7610
7848
7900
8378
8456
8670
8945
9086
9352
9372
9964
10006
10013
10432
10461
10473
10663
11281
11314
12059
12231
12339
12654
12833
13730
13816
13849
13962
13969
14056
14872
15534
15801
15875
16265
16576
16793
17554
17613
18058
18147
18311
18395
18404
18919
19701
20433
20502
20633
20803
21132
21158
21272
21338
21428
21537
21662
21791
21982
22017
22640
22659
23051
23110
23378
23437
23493
23714
23765
23942
23964
24174
24723
25097
25203
25375
25424
25447
25514
25696
25726
25778
25974
26399
27148
27528
27723
28367
28550
28982
29383
29579
29610
30235
30499
30805
31181
31404
31453
31718
32043
32123
32285
32325
32743
33075
33333
33344
33368
33442
33624
33718
34649
34802
35549
36514
36559
36723
37204
37339
37373
37888
37913
37950
38168
38251
38982
40048
40665
40690
41229
41405
41546
42834
43167
43359
43951
44263
44636
45028
46165
Number of cuts: 170

StCroix
12
30
105
395
980
1029
1080
1187
1672
1690
1769
1849
2119
2508
2756
3204
3309
3483
4493
4610
5047
5542
6687
6862
6960
7019
7178
7188
7321
7562
7610
7848
7900
8378
8456
8670
8945
9086
9352
9372
9964
10006
10013
10432
10461
10473
10663
11281
11314
12059
12231
12339
12654
12833
13730
13816
13849
13962
13969
14056
14872
15534
15801
15875
16265
16576
16793
17554
17613
18058
18147
18311
18395
18404
18919
19701
20433
20502
20633
20803
21132
21158
21272
21338
21428
21537
21662
21791
21982
22017
22672
22681
22750
23123
23391
23450
23506
23727
23778
23955
23977
24187
24736
25110
25216
25388
25437
25527
25643
25709
25739
25791
25987
26412
26620
26668
27161
27541
27736
28380
28563
28995
29396
29592
29623
30248
30512
30818
31194
31417
31466
31731
32056
32136
32298
32338
32756
33088
33346
33357
33381
33455
33637
33731
34662
34815
35562
36536
36581
36745
37226
37361
37395
37910
37935
37972
38190
38273
39004
40070
40687
40712
41427
41568
42856
43189
43381
43973
44285
44658
45050
46187
Number of cuts: 172

Swann
12
30
105
395
980
1029
1080
1187
1672
1690
1769
1849
2119
2508
2756
3204
3309
3483
4493
4610
5047
5542
6687
6862
6960
7019
7178
7188
7321
7562
7610
7848
7900
8378
8456
8670
8945
9086
9352
9372
9964
10006
10013
10432
10461
10473
10663
11281
11314
12059
12231
12339
12654
12833
13730
13816
13849
13962
13969
14056
14872
15534
15801
15875
16265
16576
16793
17554
17613
18058
18147
18311
18395
18404
18919
19701
20433
20502
20633
20803
21132
21158
21272
21338
21428
21537
21704
21743
21791
21982
22017
22640
22659
23051
23110
23378
23437
23493
23714
23765
23942
23964
24174
24723
25097
25203
25314
25375
25447
25514
25696
25726
25778
25974
26399
27148
27528
27723
28367
28550
28945
29577
29608
30233
30497
30803
31179
31402
31451
31716
32041
32121
32283
32323
32741
33073
33331
33342
33366
33440
33622
33716
34647
34800
35547
36512
36721
37202
37337
37371
37886
37911
37948
38166
38249
38980
40046
40663
40688
41227
41403
41544
42832
43165
43357
43949
44261
44634
45026
46164
Number of cuts: 170

Takoda
12
30
105
395
463
618
975
1022
1073
1180
1761
1841
2111
2560
3196
3301
3475
4485
4602
5039
5534
6068
6664
6839
7134
7155
7165
7298
7539
7587
7749
7825
7877
8145
8430
8629
8905
9046
9312
9332
9742
9973
10392
10623
10904
11241
11274
12019
12191
12299
12338
12523
13568
13690
13776
13809
13922
13929
14016
14611
14832
15494
15761
15949
16225
16536
16753
17514
17573
18018
18107
18355
18364
18879
19428
19661
20137
20148
20180
20393
20462
20593
20736
20779
21118
21232
21298
21388
21497
21734
21751
21942
21977
22631
22640
22709
23082
23174
23350
23409
23465
23686
23738
23915
24147
24696
25070
25176
25348
25397
25420
25487
25669
25699
25751
25947
26372
26871
27121
27321
27385
27489
27696
27837
27909
27967
28523
29552
30142
30406
30712
31088
31311
31360
31950
32030
32192
32650
33237
33248
33272
33346
33567
33798
33892
34832
34985
35732
36697
36742
36906
37387
37522
37556
38071
38096
38133
38434
38787
39165
39963
40517
40738
41589
41729
43716
44277
44368
44375
44541
44589
44962
46378
Number of cuts: 173

Trina
1169
1378
1598
2510
4360
4536
4740
5257
6209
6445
6959
7038
7199
7604
8312
8402
9017
9445
9536
9855
10131
10657
11344
11717
12385
12519
12531
12833
14312
14634
14907
14988
15634
16589
16657
17092
17109
17211
17667
20333
20344
21444
21985
23002
23026
23875
24106
25549
26210
27081
27162
27603
27732
27801
28367
28491
28943
29009
29242
29417
29432
29504
29555
30148
30576
32190
32202
32380
34174
34358
35525
38302
40110
41710
42404
43678
44461
44727
45067
45130
47881
49135
49702
49729
50050
50377
51805
52193
54153
54311
54408
54598
56932
57556
57689
59500
59944
60412
60819
65602
65631
66547
67250
67532
67822
68627
69229
69914
70361
71253
73170
73203
73293
74344
74502
76327
76655
77284
78093
78151
78744
81601
83678
83819
86779
87200
87585
89368
89623
89697
90104
90287
91586
91679
92324
92379
92831
93331
93597
96561
97291
98836
99972
100281
100667
101903
101918
102921
103829
103919
104681
105823
106422
106950
108259
108630
108777
109484
111959
112198
112411
113698
114261
115137
117152
117674
119368
120859
122268
124523
124789
126213
126438
126862
127315
127982
128277
130337
130670
131844
131954
132057
132873
137571
137780
138000
138912
Number of cuts: 187

TWAMP
12
30
105
395
980
1029
1080
1187
1672
1690
1769
1849
2119
2756
3204
3309
3483
4493
4610
5047
5542
6687
6862
6960
7019
7178
7188
7321
7562
7610
7848
7900
8378
8456
8670
8945
9086
9352
9372
9964
10006
10013
10432
10461
10473
10663
11281
11314
12059
12231
12339
12654
12833
13730
13816
13849
13962
13969
14056
14872
15534
15801
15875
16265
16576
16793
17554
17613
18058
18147
18311
18395
18404
18919
19701
20433
20502
20633
20803
21132
21158
21272
21338
21428
21537
21662
21791
21982
22017
22640
22659
23051
23110
23378
23437
23493
23714
23765
23942
23964
24174
24723
25097
25203
25375
25424
25447
25514
25696
25726
25778
25974
26399
27148
27528
27723
28367
28550
28982
29383
29579
29610
30235
30499
30805
31181
31404
31453
31718
32043
32123
32285
32325
32743
33075
33333
33344
33368
33442
33624
33718
34649
34802
35549
36514
36559
36723
37204
37339
37373
37888
37913
37950
38168
38251
38982
40048
40665
40690
41229
41405
41546
42834
43167
43359
43951
44263
44636
45028
46165
Number of cuts: 170

UhSalsa
12
30
105
395
980
1029
1080
1187
1672
1690
1769
1849
2119
2508
2756
3204
3309
3483
4493
4610
5047
5542
6687
6862
6960
7019
7178
7188
7321
7562
7610
7848
7900
8378
8456
8670
8945
9086
9352
9372
9964
10006
10013
10432
10461
10473
10663
11281
11314
12059
12231
12339
12654
12833
13730
13816
13849
13962
13969
14056
14872
15534
15801
15875
16265
16576
16793
17554
17613
18058
18147
18311
18395
18404
18919
19701
20433
20502
20633
20803
21132
21158
21272
21338
21428
21537
21704
21743
21791
21982
22017
22640
22659
23051
23110
23378
23437
23493
23657
23714
23765
23942
23964
24175
24724
25098
25204
25315
25376
25425
25515
25697
25727
25779
25975
26400
27049
27149
27529
27724
28368
28551
28946
29609
30168
30432
30600
30873
31114
31337
31386
31651
31976
32056
32218
32258
32676
33266
33277
33301
33375
33557
33651
34591
34744
35491
36456
36501
36665
37146
37281
37315
37830
37855
37892
38110
38193
38711
39114
39762
41170
41346
41487
42775
43108
43300
43892
44204
44577
44969
46106
Number of cuts: 171

Weasels2
411
636
1391
2151
4531
5257
6390
6551
6628
6660
6748
6823
7551
8287
8324
10778
12077
12487
14682
14716
15471
15558
15940
16183
18534
18579
18663
18861
19125
19224
19499
19859
20493
20979
23135
23399
23456
25396
27125
27607
28247
28400
28646
30298
30758
31625
32823
34186
34736
36124
36199
36364
37044
39020
40675
41271
42700
43513
44544
45871
46300
46884
48522
50305
50327
51214
52170
52212
53208
55777
56896
57645
57963
59408
60243
60550
61000
61282
62020
63852
64031
64061
64372
65133
65243
65350
66647
66689
67115
68297
68629
69435
69980
70687
72661
72783
73053
73712
74891
77498
77662
78523
78624
79416
79443
82091
86944
87233
90290
90650
90891
91472
92703
93831
93964
94172
94419
94589
96546
97707
97987
98123
101762
102808
103307
104624
105657
106672
107980
108722
108863
109183
109380
109548
110891
111341
111610
112664
113028
115314
115904
118074
118626
120184
120196
120265
121394
121536
123132
123751
124014
125651
126004
127770
128440
129045
129046
131227
131311
132116
132341
133096
133856
Number of cuts: 163

Yogi
12
30
105
395
980
1029
1080
1187
1672
1690
1769
1849
2119
2508
2756
3204
3309
3483
3611
3650
4100
4220
4493
4610
5047
5542
6076
6672
6847
7004
7163
7173
7306
7547
7595
7757
7833
7885
8153
8438
8637
8913
9320
9340
9580
9750
9981
10400
10631
10690
10918
11255
11288
12033
12205
12285
12313
12352
12366
12537
12747
13582
13704
13790
13823
13936
13943
14030
14131
14846
15508
15775
15963
16239
16298
16767
17587
18032
18121
18369
18378
18893
18967
19442
19493
19627
20407
20476
20545
20607
20750
20828
21106
21132
21246
21312
21402
21511
21678
21748
21765
21956
21991
22614
22633
22899
23084
23176
23352
23411
23467
23631
23688
23739
23916
23938
24148
24697
25071
25177
25349
25398
25421
25488
25670
25700
25752
25948
26373
27122
27502
27697
28341
28524
29357
29553
29584
30473
30641
30779
30914
31155
31378
31427
31692
31977
32017
32097
32259
32299
32717
33307
33318
33342
33416
33598
33692
34620
34773
35520
37074
37555
37690
37724
38239
38264
38301
38602
38716
39120
39333
40129
40399
41016
41041
41580
41756
41897
43185
43710
44393
44400
44614
44987
45379
46497
Number of cuts: 186

Yoncess
12
30
105
395
980
1029
1080
1187
1672
1690
1769
1849
2119
2508
2756
3204
3309
3483
3611
3650
4043
4100
4220
4493
4610
5047
5542
6076
6672
6847
7004
7163
7173
7306
7547
7595
7757
7833
7885
8153
8438
8637
8913
8949
9054
9320
9340
9580
9750
9981
10400
10631
10690
10918
11255
11288
12033
12205
12313
12352
12366
12537
13582
13704
13790
13823
13936
13943
14030
14846
15508
15775
15963
16239
16298
16767
17587
18032
18121
18369
18378
18893
18967
19442
19627
20407
20476
20545
20607
20828
21106
21228
21246
21312
21402
21511
21678
21748
21765
21956
21991
22615
22634
23026
23085
23177
23353
23412
23468
23632
23689
23740
23917
23939
24149
24698
25072
25178
25289
25350
25399
25422
25489
25671
25701
25753
25949
26374
27123
27503
27698
28525
28957
29358
29554
29585
30253
30421
30559
30694
30935
31158
31472
31757
31797
31877
32039
32079
32497
33087
33098
33122
33196
33378
33472
34403
34556
35303
36268
36313
36477
36958
37093
37127
37642
37667
37704
38005
38119
38736
39802
40419
40444
40983
41159
41301
42592
42926
43118
43710
44022
44395
45924
Number of cuts: 183

