Alatin
13829
25789
27795
30346
39819
44062
44284
45132
Number of cuts:  8

Alpacados
8979
10393
13765
21856
22024
27700
29813
30251
39712
43885
44008
44107
44955
Number of cuts: 13

AngryOrchard
4119
10376
13748
20080
20941
26825
27659
30075
30144
32201
44104
44227
44326
Number of cuts: 13

AppleCloud
3883
8702
12891
20126
30076
39534
43779
44001
44849
Number of cuts:  9

Belenaria
13829
22088
27729
30143
30212
39682
43927
44149
44997
Number of cuts:  9

BobbyDazzler
10502
13874
22133
25768
27774
30325
39789
44033
44255
45103
Number of cuts: 10

Bonanza
9017
10431
13803
21894
22062
25696
27702
30253
36404
40094
44337
44460
44559
45407
Number of cuts: 14

Bradshaw
13829
22088
25722
27728
30279
39752
43995
44217
45065
Number of cuts:  9

Bryce
10431
13803
22062
25697
27703
30033
39497
43741
43963
44811
Number of cuts: 10

ChewyVIII
2945
9614
12048
17051
17423
20282
25979
30298
33792
34307
38910
40798
41040
42267
43633
46816
47306
53515
53802
59165
59813
62337
67423
Number of cuts: 23

CosmicSans
13829
22088
27728
30279
39743
43986
44208
44934
45056
Number of cuts:  9

Dinger
10427
27712
32375
44122
44245
44344
Number of cuts:  6

DocB7
9722
14855
18495
22885
35372
36292
36952
39709
40855
42871
45424
49992
52410
57769
59768
67887
72225
Number of cuts: 17

E3
9622
10590
11810
12338
17834
18474
20830
23991
24072
24760
37110
48059
49147
50932
52197
54991
55198
62308
63120
67650
72813
76976
77407
78098
79192
81402
87586
93299
94675
95867
109663
110861
111581
112076
112672
114330
119529
125249
126312
130764
131972
132158
134014
134392
139336
140651
140783
Number of cuts: 47

Erik
13828
22087
27726
30142
30211
39675
43817
44039
44765
44887
Number of cuts: 10

Espica
13829
22088
27729
30143
30212
39682
43927
44149
44997
Number of cuts:  9

Finch
7012
8760
10234
10363
17435
28907
31882
35914
36243
37058
39497
39767
41571
47193
47292
53881
56327
59217
64860
65658
66057
69305
74078
76882
84946
88400
92218
94381
100825
102800
103203
106851
107018
108665
110350
110525
110552
111446
112853
113908
114781
115292
115764
119628
121664
123696
124926
128822
130005
132174
132501
137551
Number of cuts: 52

Gollum
13829
22088
27728
30277
39738
43928
44150
44998
Number of cuts:  8

Grayson
1984
5627
10368
19882
28730
28745
49368
49591
53322
67370
83464
96235
107921
130885
Number of cuts: 14

Harlequin
4174
8993
10407
13779
22092
25727
27733
30063
43776
43998
44846
Number of cuts: 11

Hiro
8993
13182
20417
24436
25982
27988
30539
40003
44247
44469
45317
Number of cuts: 11

Jace
4257
4864
6355
9134
11258
15661
20639
24101
28050
30331
44263
Number of cuts: 11

Jester
4174
8993
10407
22023
25658
27664
29994
43707
43929
44777
Number of cuts: 10

Krishelle
9008
13197
20432
30639
40112
44355
44577
45425
Number of cuts:  8

Lillie
13829
22088
27728
30279
39743
43986
44208
44934
45056
Number of cuts:  9

Mahdia
1019
4586
4661
8587
10220
14567
15674
16315
17197
17767
21743
31547
38965
41226
41605
41844
Number of cuts: 16

Naiad
13829
25735
27741
30292
39765
44008
44230
45078
Number of cuts:  8

Nancinator
13829
22088
27729
30143
30212
43325
43547
44395
Number of cuts:  8

Natosaleda
13829
22088
27728
30142
30211
39681
43926
44148
44996
Number of cuts:  9

Partridge
10490
20194
21953
27811
44468
44591
44690
Number of cuts:  7

Pepy6
25308
37093
54985
58279
60686
67517
Number of cuts:  6

Peregrin
9682
15221
19434
28244
28259
48148
60999
84731
95268
97453
108194
111520
112282
Number of cuts: 13

Phrankenstein
13829
22034
27674
30225
39689
43932
44154
45002
Number of cuts:  8

Pine5
1564
1988
2270
2810
9059
11041
12757
17343
20702
22417
22796
27651
33611
35088
35986
41103
41699
42136
43692
46982
47241
47823
53559
53607
57241
57285
Number of cuts: 26

Poco6
72
15072
18437
27480
28140
30118
46137
47089
50313
65849
Number of cuts: 10

Rasputin
10432
13798
20130
21889
27699
30250
39714
43957
44179
45027
Number of cuts: 10

RER2
13829
22088
25722
27728
30279
39743
43986
44208
45056
Number of cuts:  9

RexFury
10494
13860
22119
27759
30310
39771
44016
44238
45086
Number of cuts:  9

RGL3
5489
17080
20391
20955
27076
27869
28277
28715
30880
30949
32560
33072
36891
36981
40586
45793
47255
Number of cuts: 17

Rhodalysa
13829
22088
27728
30279
39743
43986
44208
44934
45056
Number of cuts:  9

StCroix
13829
25735
27741
30292
39765
44008
44230
45078
Number of cuts:  8

Swann
13829
22088
27728
30277
39741
43984
44206
45054
Number of cuts:  8

Takoda
4166
10423
13789
20121
20982
25695
26867
27701
30117
30186
32243
44435
44534
Number of cuts: 13

Trina
9801
19549
22334
27748
32005
33541
38483
44171
51002
54778
57552
59601
68955
69864
73076
86676
91127
98386
104499
107159
112413
116697
123777
125666
130474
Number of cuts: 25

TWAMP
13829
22088
27728
30279
39743
43986
44208
44934
45056
Number of cuts:  9

UhSalsa
13829
22088
27729
30143
30212
39682
43927
44149
44997
Number of cuts:  9

Weasels2
9242
16164
28243
28258
49143
54721
88645
122704
Number of cuts:  8

Yogi
9017
10431
13803
21894
22062
25696
27702
30253
36404
40094
44337
44460
44559
45407
Number of cuts: 14

Yoncess
4174
10431
13803
22062
25697
27703
30033
39497
43745
43967
44815
Number of cuts: 11

