Alatin
206
763
1154
1411
2200
2994
3045
3619
4042
4076
4184
4955
5579
5611
5899
6099
6100
6635
6836
6903
7080
7325
8168
8297
8359
8479
9092
9574
9761
10095
10743
10944
11116
11522
11624
12318
12440
12620
12716
12836
13052
13115
14234
14651
14869
14951
15327
15583
15737
16371
16851
17241
17427
17742
17835
18128
18161
18168
18272
19118
19928
20129
20189
20664
20735
21068
21604
21868
22226
22783
22794
22851
22983
24460
24529
24626
25038
25431
25527
26595
26916
26958
29284
29696
29725
29834
29849
30218
30226
30380
30650
30791
30796
31322
31460
31693
31903
32150
33742
33754
34247
34400
34957
35098
35109
35995
36486
36675
36772
37520
38179
38443
38478
39137
39238
40031
40342
40823
43077
43088
43530
43570
43853
43912
44456
45183
Number of cuts: 126

Alpacados
206
763
1154
1411
2173
2191
2956
3007
3581
4004
4038
4987
5541
5573
5861
6062
6582
6783
6850
7027
7272
7849
8259
8321
8423
9022
9504
9691
10025
10283
10880
11052
11458
11560
12254
12376
12556
12652
12772
12988
13051
13585
14074
14170
14587
14781
14805
14900
15263
15512
15673
16307
16787
16795
16961
17363
17678
17723
17771
17891
18803
19054
19427
19864
20241
20600
20671
20837
20987
21486
22663
22852
23578
24329
24398
24495
24907
25396
26500
26698
26821
26923
28802
29189
29601
29630
29739
29754
30123
30131
30285
30555
30696
30701
31227
31365
31598
31808
32055
33659
34305
34859
35000
35011
35897
36379
36568
36665
37105
37413
38072
38336
38371
38795
39030
39131
39924
40165
40729
40777
42664
42900
42911
43353
43393
43676
43735
44279
45006
Number of cuts: 129

AngryOrchard
758
1147
1404
1925
2122
2145
2667
2939
2990
3564
3987
4021
4129
4900
4970
5556
5629
5844
6044
6045
6565
6833
7255
7832
8242
8304
8406
9005
9487
9674
10008
10266
10863
11035
11441
11543
12237
12359
12539
12635
12755
12971
13034
13568
14057
14153
14479
14771
14788
14870
16290
16770
17346
17661
17754
17874
18391
19037
19410
19847
20405
20583
20654
20820
21009
21020
21245
21393
21469
22090
22647
22658
22715
22847
23115
23222
24325
24394
24491
24568
24903
25268
26172
26459
26780
26882
28761
29148
29560
29589
29698
29713
30016
30024
30178
30448
30589
30594
31120
31258
31491
31701
31948
32244
32376
32623
33819
34465
35019
35111
35160
35171
36057
36728
36825
37573
38236
38496
39190
39291
39756
40086
40397
40606
41015
41934
43075
43122
43575
43895
43954
44498
45530
Number of cuts: 133

AppleCloud
558
947
1204
1346
1689
1909
2703
2754
3328
3751
3785
3893
4664
4734
5320
5608
5809
6087
6329
6597
6672
6774
7019
7596
8006
8068
8170
8745
9227
9414
9748
10597
11175
11277
12079
12267
12315
12514
12544
13017
13080
13560
14103
14199
14817
14834
15076
15292
16336
16816
17206
17392
17707
17800
17920
18832
19083
19456
19893
20094
20188
20564
20629
20700
20866
21055
21515
22691
24335
24404
24501
25402
26470
26791
26833
28407
29647
29676
29785
29800
29948
29956
30110
30380
30521
30526
31052
31190
31391
31633
31880
32463
32555
34207
34684
34825
34836
35722
36204
36393
36490
36930
37238
37897
38620
38855
38956
39746
40057
40540
42794
42805
43247
43287
43570
43629
44173
44900
Number of cuts: 118

Belenaria
206
763
1154
1411
2200
2994
3045
3619
4042
4076
4184
4955
5579
5611
5899
6099
6100
6635
6836
6903
7080
7325
8168
8297
8359
8479
9092
9574
9761
10095
10743
10944
11116
11522
11624
12318
12440
12620
12716
12836
13052
13115
14234
14651
14869
14951
15327
15583
15737
16371
16851
17241
17427
17742
17835
18128
18161
18168
18272
19118
19491
19928
20129
20189
20664
20735
21456
21550
21814
22727
22784
22916
23642
24394
24463
24560
24972
25365
25461
26529
26727
26850
26892
26952
28831
29218
29628
29657
29766
29781
29920
30084
30092
30246
30516
30657
30662
31188
31326
31559
31769
32016
33608
33620
34113
34266
34832
34973
34984
35870
36352
36541
36638
37078
37386
38045
38768
39003
39104
39894
40205
40688
42942
42953
43395
43435
43718
43777
44321
45048
Number of cuts: 130

BobbyDazzler
206
763
1154
1411
1658
2265
3065
3116
3690
4113
4147
5096
5650
5682
6171
6691
6892
6959
7136
7381
7958
8368
8430
8532
9131
9613
9800
10134
10392
10989
11161
11567
11669
12363
12485
12665
12761
12881
13097
13160
14183
14279
14696
14890
14914
15009
15372
15621
15782
16416
16896
16904
17070
17472
17787
17832
17880
18000
18912
19163
19536
19973
20709
20780
20946
21595
22773
22962
23337
24439
24508
24605
25017
25506
26574
26772
28876
29263
29675
29704
29813
29828
30197
30205
30359
30629
30770
30775
31301
31439
31672
31882
32129
33733
34379
34936
35077
35088
35974
36456
36645
36742
37182
37490
38149
38413
38448
38872
39107
39208
40001
40312
40876
40924
42812
43048
43059
43501
43541
43824
43883
44427
45154
Number of cuts: 123

Bonanza
206
763
1154
1411
1639
2200
2994
3045
3619
4042
4076
5025
5524
5579
5611
5899
6100
6620
6821
6888
7065
7310
7887
8297
8359
8461
9060
9542
9729
10063
10321
10918
11090
11496
11598
12292
12414
12594
12690
12810
13026
13089
13623
14112
14208
14625
14819
14843
14938
15301
15550
15711
16345
16825
16833
16999
17401
17716
17761
17809
17929
18841
19092
19465
19902
20279
20638
20709
20875
21025
21042
21064
21448
21524
22701
22890
23158
23265
23616
24367
24436
24533
24945
25434
26502
26700
26823
26925
28804
29191
29603
29632
29741
29756
30125
30133
30287
30557
30698
30703
31229
31367
31600
31810
32057
33661
34307
34861
35002
35013
35899
36390
36752
36810
37047
37487
37795
38454
38718
38753
39177
39412
39513
40306
40617
41181
41229
43352
43363
43805
43845
44128
44187
44731
45458
Number of cuts: 135

Bradshaw
206
763
1154
1411
2200
2722
2792
2994
3045
3619
4042
4076
4184
4955
5579
5611
5899
6099
6100
6393
6635
6836
6903
7080
7325
8168
8297
8359
8479
9092
9574
9761
10095
10743
10944
11116
11522
11624
12318
12440
12620
12716
12836
13052
13115
14234
14651
14869
14951
15327
15583
15737
16371
16851
17241
17427
17742
17835
18128
18161
18168
18272
19118
19491
19928
20129
20664
20735
21550
21814
22727
22784
22916
24393
24462
24559
24971
25364
25460
26528
26726
26849
26891
29217
29629
29658
29767
29782
30151
30159
30313
30583
30724
30729
31255
31393
31626
31836
32083
33675
33687
34180
34333
34890
35031
35042
35928
36419
36608
36705
37453
38112
38376
38411
39070
39171
39964
40275
40756
43010
43021
43463
43503
43786
43845
44389
45116
Number of cuts: 127

Bryce
206
763
1154
1411
1639
2200
2994
3045
3619
4042
4076
5025
5579
5611
6100
6620
6821
6888
7065
7310
7887
8297
8359
8461
9060
9542
9729
10063
10321
10918
11090
11496
11598
12292
12414
12594
12690
12810
13026
13089
13623
14208
14625
14819
14843
14938
15301
15550
15711
16345
16825
16833
16999
17401
17716
17761
17809
17929
18841
19092
19465
19902
20638
20709
20875
21025
21042
21064
21524
22702
22891
23266
24368
24437
24534
24946
25435
26503
26701
26866
26926
28805
29177
29604
29633
29742
29757
29905
29913
30067
30337
30478
30483
31009
31147
31380
31590
31837
33441
34087
34644
34785
34796
35682
36164
36353
36450
36890
37198
37857
38121
38156
38815
38916
39709
40020
40584
40632
42520
42756
42767
43209
43249
43532
43591
44135
44862
Number of cuts: 127

ChewyVIII
238
571
1010
1110
1132
1750
2261
3759
3982
4269
4786
4938
4987
6122
6639
7117
7192
7393
7561
8191
8344
8518
8764
8902
9840
10363
11610
12107
12240
12359
12944
13413
13949
14131
14436
14466
14575
14827
15116
15690
16817
16964
17000
17357
17384
17555
17633
17907
18257
18284
18352
18608
18805
18912
19964
20252
20450
20513
20804
21123
21429
22097
22120
22542
22719
22747
22875
22963
23050
23288
23567
23703
24059
24077
24098
24523
24829
25228
25859
25967
26142
26288
26528
27409
27472
27603
27859
27983
28019
28272
28387
29313
29550
29590
29695
29770
30241
30648
30678
30772
32085
32124
32146
32340
32550
32661
33102
33117
33532
33984
34218
34995
35116
35352
35532
35538
35562
35664
36228
37019
37496
37598
37844
38078
38943
39207
39246
40135
40312
40612
40822
40928
41003
41106
41235
41306
41898
41949
42076
42444
42561
42778
42960
43281
43747
44221
44288
44465
44548
44941
45059
45725
45863
46271
46379
46466
47159
47261
47399
47549
47729
47823
48090
48593
49054
49062
49353
50623
50657
50699
50733
50838
51386
51557
51625
51715
51968
52043
52302
52527
52718
53192
53237
54318
54798
54860
54900
55232
55413
55664
56004
56936
56956
57337
57546
58512
58865
59267
59327
59529
59829
60333
60420
60726
61239
61350
61541
61757
61896
61985
62107
62536
62842
62886
62913
62952
63009
63273
63565
64022
64622
64745
65222
66413
67071
67529
69090
Number of cuts: 227

CosmicSans
206
763
1154
1411
2200
2722
2792
2994
3045
3619
4042
4076
4184
4955
5579
5611
5899
6099
6100
6393
6635
6836
6903
7080
7325
8168
8297
8359
8479
9092
9574
9761
10095
10743
10944
11116
11522
11624
12318
12440
12620
12716
12836
13052
13115
14234
14651
14869
14951
15327
15583
15737
16371
16851
17241
17427
17742
17835
18128
18161
18168
18272
19118
19928
20129
20189
20664
20735
21068
21550
21814
22727
22784
22916
24393
24462
24559
24971
25336
25460
26528
26726
26849
26891
26951
29217
29629
29658
29767
29782
30151
30159
30313
30583
30724
30729
31255
31393
31626
31836
32083
33675
33687
34180
34333
34890
35031
35042
35928
36410
36599
36696
37136
37444
38103
38367
38402
39061
39162
39955
40266
40830
40878
43001
43012
43454
43494
43777
43836
44380
45107
Number of cuts: 131

Dinger
760
1149
1406
1976
2173
2196
2990
3041
3615
4038
4180
4951
5607
5895
6095
6096
6616
6884
7306
7883
8293
8355
8457
9056
9538
9725
10059
10317
10914
11086
11492
11594
12288
12410
12590
12686
12806
13022
13085
14108
14204
14603
14815
14839
14921
15707
16341
16821
17189
17397
17712
17805
17925
19088
19461
19898
20099
20569
20634
20705
20871
21060
21444
21520
22142
22699
22710
22767
22899
23167
23274
23346
24377
24446
24543
25444
26512
26833
26875
28449
29280
29690
29719
29828
29843
30020
30028
30182
30452
30593
30598
31124
31262
31495
31705
31952
32251
32358
32627
33697
34466
34627
35032
35124
35173
35184
36070
36552
36741
36838
37278
37586
38245
38249
38509
39203
39304
39769
40099
40410
40619
42743
43093
43140
43151
43593
43972
44516
45547
Number of cuts: 129

DocB7
285
369
555
845
896
912
1205
1475
1678
1851
1857
2428
2487
2515
2550
2692
3111
3196
3669
3920
3930
4119
4620
4644
4926
5478
5825
6003
6063
6626
7013
7095
7187
7585
7705
7825
7907
8427
8605
8926
9345
9347
9465
9472
9788
10213
10410
10415
10885
11108
11344
11595
11623
11632
12057
12139
12174
12309
12523
12753
13170
14341
14611
15358
15489
15572
15690
16250
16349
16592
17428
17442
18827
18920
19015
19247
19310
19387
19547
20147
20171
20421
20491
20606
20738
20870
20931
21998
22060
22388
22558
22876
23359
23557
23626
23897
24137
24178
24302
24538
24670
25567
25663
25727
25942
25979
27222
27418
28572
28774
29077
29175
29697
29828
30029
30477
30509
30539
30548
30716
31373
31795
32090
33029
33061
33400
33404
33609
34366
34409
34720
35116
35153
35187
35356
35933
36397
36434
36676
37495
38202
38446
38919
39138
39147
39401
39457
39565
39984
40085
40286
40941
41186
41611
42278
42356
42452
42518
42718
42835
43388
43472
43480
43502
43880
43926
44217
44654
44658
45029
45373
46081
46122
46412
46607
47113
47253
47594
47805
48094
48262
48323
48489
48807
48840
50016
50154
50457
50516
50858
51065
51274
51417
52321
52492
52616
53094
53236
53298
53583
53707
53747
53804
54162
54887
54920
54992
55092
55467
55719
56288
56394
56571
56691
56772
56916
57126
57706
57767
57856
58124
58690
59389
59529
59570
59602
59949
59956
60079
60637
60652
60751
61046
61161
61672
62093
62095
62297
62445
62661
62691
62727
63617
63804
63849
64234
64285
64308
64320
64384
65814
66239
67072
67186
67337
67345
67627
69639
70918
70947
71098
71427
71548
71780
72447
72690
72728
73060
73295
73489
73962
74025
74112
74344
74517
Number of cuts: 275

E3
691
1066
1679
1764
2109
2286
3534
3606
3660
3703
3810
3921
3949
4109
4151
4665
4674
5126
5288
5641
5929
5986
6025
6130
6345
6528
7116
7204
7949
7958
8042
8287
8516
8873
9165
9733
10044
10179
10534
10727
10765
10807
10873
10896
10909
11265
11507
11672
12065
12165
12194
12213
12281
12392
12398
12584
12700
12802
12862
13015
13144
13426
13669
14531
14612
15161
15275
15522
15574
15970
16501
16582
16816
16924
17079
17148
17181
17538
17554
18034
18342
18621
18769
18820
19110
19267
19305
19644
19725
19926
20764
20830
20919
21197
21254
21394
21472
22108
22209
22217
22825
22850
22906
23299
23304
24285
24392
24802
25483
26187
26431
26559
26580
26658
26733
27060
27298
27414
27447
27750
28374
28413
28785
28958
29060
29672
29674
29779
29929
30172
30731
30838
30911
31294
31303
31312
31651
32012
32018
32280
32413
32484
32600
32993
33401
33536
33566
34139
34240
34556
34562
34667
34871
35064
35102
36454
37026
37545
37599
39850
40847
41099
41406
41650
41957
42074
42119
42503
43267
43324
43414
44107
44546
44753
44843
45416
46245
46587
47004
47013
47405
47669
47811
48185
48280
48465
48805
48838
49363
49453
49652
50023
50165
50189
50509
51238
51550
52092
52236
52466
52660
52977
55494
55603
55760
55940
55979
56040
56333
56411
56522
56534
56540
59117
59285
59453
59588
59978
60005
60090
60860
61135
62152
62314
62425
62443
62593
62599
62599
63022
63385
63391
63852
63864
63933
63946
64727
64850
64909
65011
65029
65195
65285
65476
65794
67027
67685
67931
67935
68336
68521
69213
69222
69561
69600
69831
69837
70014
70242
71338
71762
72046
72225
72264
72927
74061
74220
74244
74403
74436
74517
74541
75893
75976
76329
76688
77327
78132
78134
78243
78575
78889
79504
80028
80196
80346
80821
80886
80991
81473
81544
81744
81906
82560
83671
84130
84265
84663
85218
85676
87546
87909
87930
88061
88964
89213
89374
89464
90396
91520
91752
91879
91992
92356
92398
92666
92962
93191
93297
93383
94313
94466
95005
95880
96044
96050
96572
96617
96894
97023
97270
97330
97609
97654
97678
97774
98084
98225
98860
99394
99787
100002
100413
100470
101564
102461
103040
103058
103352
103493
103550
103748
103808
104618
105502
105622
105784
105931
106081
106564
107119
107342
107357
107384
107762
107855
107954
108026
108541
108830
108884
108992
109313
109519
110116
111316
112900
113059
113855
114162
114333
114333
114438
114619
114647
114826
115153
115456
115586
115690
115908
115997
116138
116174
116851
117233
117289
118123
118366
118728
119072
119783
120071
121274
121412
122393
122770
123486
123760
123888
124284
124332
124848
124910
125240
125281
125290
125353
125353
125590
125808
126283
126336
126360
126510
126582
126880
127172
127390
127764
128195
128217
128336
128554
128656
128842
128853
129430
129956
130097
130161
130465
130608
130937
132023
133696
134530
135394
135817
135874
136039
136240
136355
136961
137306
137312
137537
137588
137909
138111
138294
138764
138931
139213
139384
139408
139540
139657
139804
140519
140936
140984
141182
141773
141866
Number of cuts: 475

Erik
206
763
1154
1411
2200
2994
3045
3619
4042
4076
4184
4955
5579
5611
5899
6099
6100
6635
6836
6903
7080
7325
8168
8297
8359
8479
9091
9573
9760
10094
10742
10943
11115
11521
11623
12317
12439
12619
12715
12835
13051
13114
14233
14650
14868
14950
15326
15582
15736
16370
16850
17240
17426
17741
17834
18127
18160
18167
18271
19117
19490
19927
20128
20188
20663
20734
21455
21549
21813
22726
22783
22915
24391
24460
24557
24969
25362
25458
26526
26724
26847
26889
26949
28828
29215
29627
29656
29765
29780
29919
30083
30091
30245
30515
30656
30661
31187
31325
31558
31768
32015
33607
33619
34112
34265
34822
34963
34974
35860
36342
36531
36628
37068
37376
38035
38299
38334
38993
39094
39887
40198
40661
40709
42832
42843
43285
43325
43608
43667
44211
44938
Number of cuts: 131

Espica
206
763
1154
1411
2200
2994
3045
3619
4042
4076
4184
4955
5579
5611
5899
6099
6100
6635
6836
6903
7080
7325
8168
8297
8359
8479
9092
9574
9761
10095
10743
10944
11116
11522
11624
12318
12440
12620
12716
12836
13052
13115
14234
14651
14869
14951
15327
15583
15737
16371
16851
17241
17427
17742
17835
18128
18161
18168
18272
19118
19491
19928
20129
20189
20664
20735
21456
21550
21814
22727
22784
22916
23642
24394
24463
24560
24972
25365
25461
26529
26727
26850
26892
26952
28831
29218
29628
29657
29766
29781
29920
30084
30092
30246
30516
30657
30662
31188
31326
31559
31769
32016
33608
33620
34113
34266
34832
34973
34984
35870
36352
36541
36638
37078
37386
38045
38768
39003
39104
39894
40205
40688
42942
42953
43395
43435
43718
43777
44321
45048
Number of cuts: 130

Finch
392
580
605
638
1142
1388
1628
1889
2181
3965
4207
5312
5390
5450
5562
5898
6274
6500
6638
6945
7186
7984
8493
9277
9927
10733
11288
11621
11651
12281
12429
12437
12581
12591
12821
12966
13792
14476
14645
14862
15027
16196
17599
17880
18280
19083
19198
19258
19420
19624
20005
20798
21061
21418
21506
21870
22325
22384
22585
22812
22995
25280
25600
26107
26522
26541
27671
27725
27975
28240
28614
29135
29615
29822
29942
30859
31345
32650
32746
33180
33379
33713
34094
35167
35641
36149
36246
36592
37002
37201
37723
38034
38876
38894
39019
39078
39245
39627
39671
40046
40183
40371
40868
40976
41012
41162
41544
41897
42169
42894
43438
43440
43919
43946
44039
44297
44997
45196
45261
45321
45543
45942
45984
46677
47190
47745
47873
47980
48099
48684
49409
49416
49709
50016
50438
51104
51305
51713
51996
53006
53042
53122
53594
54155
54608
55198
55301
55462
55597
56654
56821
56963
57227
57790
57911
57959
58042
58270
58321
58627
58997
59116
59445
59659
59891
60430
60525
60718
60837
61047
61431
61623
61753
62110
62332
62538
62899
63075
63807
64248
64809
66099
66342
66498
66798
66831
67536
67743
67817
67998
68585
68795
68838
69056
69065
69099
69134
69224
69320
69401
69569
69575
69596
69681
69903
70276
70850
71078
71913
72189
72660
72870
72938
73351
73729
73765
74054
74447
74543
74978
75654
75717
75927
75939
76095
76585
76937
77283
77389
77572
77592
77797
77863
78257
78391
78469
78798
78885
79089
79199
79431
79504
79540
81521
82450
82492
83353
83536
83637
83692
84568
84603
84925
85136
85914
85920
86333
86356
87132
87396
87740
88315
88706
89163
89304
89325
89472
90146
90401
90794
91578
91611
91847
92675
93000
93522
94277
94474
95137
96294
96478
96586
97044
97208
97229
97277
97440
98225
98258
98279
98497
98677
98785
101335
101494
101832
102232
102289
102744
102756
103840
104452
104705
104795
106177
106309
107214
107294
107606
107726
107767
107840
108365
108862
108922
108958
109272
109409
109926
109946
110426
111064
111149
111182
111656
111665
112506
112625
112832
113139
113655
114249
114323
114598
114707
115077
115292
115478
116586
116774
116948
117294
117375
118779
118846
119685
119736
120031
120128
120788
121442
121481
121984
122080
122572
123083
123621
123672
123830
124623
124725
125403
126237
127075
128246
128387
128393
128519
128871
129434
130423
130722
130998
131618
132129
132734
132750
132972
133017
133038
133476
133808
134233
134438
134576
135064
135923
136274
136613
136940
136955
136973
137186
137354
137884
137918
138032
138107
Number of cuts: 398

Gollum
206
763
1154
1411
2200
2994
3045
3619
4042
4076
4184
4955
5579
5611
5899
6099
6100
6635
6836
6903
7080
7325
8168
8297
8359
8479
9092
9574
9761
10095
10743
10944
11116
11522
11624
12318
12440
12620
12716
12836
13052
13115
14234
14651
14869
14951
15327
15583
15737
16371
16851
17427
17742
17835
18128
18161
18168
18272
19118
19491
19928
20129
20664
20735
21456
21550
21814
22727
22784
22916
23184
23291
23642
24393
24462
24559
24971
25364
26528
26726
26849
26891
26951
28830
29217
29627
29656
29765
29780
30149
30157
30311
30581
30722
30727
31253
31391
31624
31834
32081
33673
33685
34178
34331
34888
35029
35040
35926
36408
36597
36694
37134
37442
38101
38824
39059
39160
39897
40208
40772
40820
42943
42954
43396
43436
43719
43778
44322
45049
Number of cuts: 129

Grayson
2081
2526
3061
3425
5767
6558
6684
7287
7574
7885
8302
8591
9548
10031
10227
10808
11422
11874
11994
12001
13568
13586
13793
13907
14027
14566
15617
16101
16530
16792
17050
17772
18981
19003
19824
20513
20629
21363
21765
21880
22224
22703
23305
23990
24409
24947
25904
25963
26354
27201
27851
28081
28842
28963
29568
29695
29825
30610
31096
31546
31937
32084
32275
32521
32543
32655
33487
34411
35011
35233
35354
35527
35678
35830
35852
36950
37634
37656
38402
38424
38511
38538
38843
39127
39282
39838
40159
40499
40759
41305
41600
42667
42830
43970
44209
44230
44863
44977
45715
45856
46040
46846
46846
46969
47800
48061
48112
49679
49855
49972
50353
50468
50602
50826
50848
51408
51990
52073
52143
52324
53047
53202
53788
54766
55003
55088
55261
57464
57964
58741
58771
59096
60328
60566
60738
60911
63755
64000
64162
64609
65171
65273
65342
65936
66717
67642
68484
68730
68853
69035
70081
70761
70821
71347
71713
72681
73756
74138
74311
74764
75094
75410
76320
76601
77255
77780
79357
79440
79848
80161
80417
80887
81821
82389
82655
85358
85854
87724
88061
89408
89925
92762
92971
93234
95493
95495
95525
95649
96387
96779
96884
96894
97076
98741
100932
101022
101598
102168
103142
103495
103658
103943
104635
105696
105729
105888
106360
106733
107852
108733
109045
110226
110750
110861
111125
111145
111352
112066
112174
112923
113186
113281
113659
113876
114684
114784
115082
115454
117131
117346
118240
118377
118863
118872
118917
119760
120875
120897
121034
121484
121692
122189
123928
124235
126423
126637
126679
127048
127832
130982
131427
Number of cuts: 251

Harlequin
206
763
1154
1411
1639
2200
2994
3045
3619
4042
4076
4184
4955
5025
5579
5611
5899
6099
6100
6620
6821
6888
7310
7887
8297
8359
8461
9036
9518
9705
10039
10297
10894
11066
11472
11574
12268
12390
12570
12666
12786
13002
13065
13599
14184
14601
14795
14819
14914
15277
15526
15687
16321
16801
16809
16975
17377
17692
17737
17785
17905
18817
19068
19441
19878
20614
20685
20851
21001
21018
21040
21554
22732
22921
23296
24398
24467
24564
24976
25465
26533
26731
26896
26956
28835
29207
29634
29663
29772
29787
29935
29943
30097
30367
30508
30513
31039
31177
31410
31620
31867
33471
34117
34674
34815
34826
35712
36194
36383
36480
36920
37228
37887
38151
38845
38946
39411
39741
40052
40294
40674
42555
42791
42802
43244
43284
43567
43626
44170
44897
Number of cuts: 130

Hiro
206
763
1154
1411
1639
2200
2994
3045
3619
4042
4076
5025
5579
5611
6100
6620
6821
6888
7065
7310
7887
8297
8359
8461
9036
9518
9705
10039
10888
11466
11568
12370
12558
12606
12805
12835
13308
13371
13851
14394
14490
15108
15125
15367
15583
16627
17107
17115
17497
17683
17998
18091
18211
19374
19747
20184
20385
20479
20855
20920
20991
21157
21346
21806
22982
24653
24722
24819
25231
25720
26718
26788
26986
27211
29090
29462
29889
29918
30027
30042
30411
30419
30573
30843
30984
30989
31515
31653
31886
32096
32343
33947
34593
35150
35291
35302
36188
36670
36859
36956
37396
37704
38363
38627
38662
39086
39321
39422
40215
40526
41090
41138
43026
43262
43273
43715
43755
44038
44097
44641
45368
Number of cuts: 121

Jace
51
144
597
1027
1468
1504
1543
1825
2127
2612
2686
2951
2975
3037
3086
3220
3430
3603
4134
4175
4285
4413
4683
5252
6771
6914
7620
8017
8396
8739
9385
9766
9823
10184
10520
10601
10847
10859
10967
11120
11131
11197
11249
11311
11341
11603
12500
12833
13115
13199
13253
13494
13949
14061
15259
15583
15721
16021
16210
16524
16669
16768
16969
17514
17979
18024
18351
18438
18603
18612
18846
18883
18993
19752
19764
19773
19878
19947
20377
20532
20676
21014
21197
21913
22448
22565
22655
22772
22871
23018
23098
23247
23636
24388
24524
24540
25049
25440
25448
26139
26929
26998
27222
27294
27405
27494
27539
27614
28224
28280
28406
28687
29164
29200
29386
30162
30620
30734
31175
31309
31363
31650
31949
32053
32077
32140
32176
32497
33173
33311
33494
34055
34223
35082
35284
35811
36129
36330
36705
37018
37084
37443
37805
38111
38228
38455
38850
39269
39405
39421
39641
39812
41408
41757
41913
42027
42165
42770
43627
44137
44577
44595
44681
45222
45315
45777
46211
46367
46374
46397
46640
46784
46856
48444
48478
49666
49827
50351
50443
50755
50926
51274
51439
52650
52680
52722
53259
53401
Number of cuts: 188

Jester
206
763
1154
1411
1639
2200
2994
3045
3619
4042
4076
4184
4955
5025
5579
5611
5899
6099
6100
6620
6821
6888
7310
7887
8297
8359
8461
9036
9518
9705
10039
10888
11466
11568
12384
12564
12780
12996
13059
14178
14595
14796
14813
15055
15271
16315
16795
16803
17185
17371
17686
17779
17899
18811
19062
19435
19872
20608
20679
20845
20995
21012
21034
21494
22663
22852
23227
24329
24398
24495
24907
25396
26464
26662
26827
26887
28766
29138
29565
29594
29703
29718
29866
29874
30028
30298
30439
30444
30970
31108
31341
31551
31798
33402
34048
34605
34746
34757
35643
36125
36314
36411
36851
37159
37818
38082
38776
38877
39342
39672
39983
40225
40605
42486
42722
42733
43175
43215
43498
43557
44101
44828
Number of cuts: 122

Krishelle
206
763
1154
1411
2200
2994
3045
3619
4042
4076
4184
4955
5579
5611
5899
6099
6100
6635
6836
6903
7080
7325
7902
8312
8374
8476
9051
9533
9720
10054
10903
11481
11583
12385
12573
12621
12820
12850
13323
13386
13866
14409
14505
15123
15140
15382
15598
16642
17122
17512
17698
18013
18106
18226
19138
19389
19762
20199
20400
20494
20870
20935
21006
21172
21361
21857
23033
24677
24746
24843
25744
26812
27133
27175
28749
29989
30018
30127
30142
30511
30519
30673
30943
31084
31089
31615
31753
31986
32196
32443
34035
34047
34540
34693
35250
35391
35402
36288
36779
36968
37065
37813
38472
38736
38771
39430
39531
40324
40635
41116
43370
43381
43823
43863
44146
44205
44749
45476
Number of cuts: 118

Lillie
206
763
1154
1411
2200
2722
2792
2994
3045
3619
4042
4076
4184
4955
5579
5611
5899
6099
6100
6393
6635
6836
6903
7080
7325
8168
8297
8359
8479
9092
9574
9761
10095
10743
10944
11116
11522
11624
12318
12440
12620
12716
12836
13052
13115
14234
14651
14869
14951
15327
15583
15737
16371
16851
17241
17427
17742
17835
18128
18161
18168
18272
19118
19928
20129
20189
20664
20735
21068
21550
21814
22727
22784
22916
24393
24462
24559
24971
25336
25460
26528
26726
26849
26891
26951
29217
29629
29658
29767
29782
30151
30159
30313
30583
30724
30729
31255
31393
31626
31836
32083
33675
33687
34180
34333
34890
35031
35042
35928
36410
36599
36696
37136
37444
38103
38367
38402
39061
39162
39955
40266
40830
40878
43001
43012
43454
43494
43777
43836
44380
45107
Number of cuts: 131

Mahdia
Number of cuts:  0

Naiad
206
763
1154
1411
2200
2994
3045
3619
4042
4076
4184
4955
5579
5611
5899
6099
6100
6635
6836
6903
7080
7325
8168
8297
8359
8479
9092
9574
9761
10095
10743
10944
11116
11522
11624
12318
12440
12620
12716
12836
13052
13115
14234
14651
14869
14951
15327
15583
15737
16371
16851
17241
17427
17742
17835
18128
18161
18168
18272
19118
19928
20129
20189
20664
20735
21068
21550
21814
22172
22729
22740
22797
22929
24406
24475
24572
24984
25377
25473
26541
26862
26904
29230
29642
29671
29780
29795
30164
30172
30326
30596
30737
30742
31268
31406
31639
31849
32096
33688
33700
34193
34346
34903
35044
35055
35941
36432
36621
36718
37466
38125
38389
38424
39083
39184
39977
40288
40769
43023
43034
43476
43516
43799
43858
44402
45129
Number of cuts: 126

Nancinator
206
763
1154
1411
2200
2994
3045
3619
4042
4076
4184
4955
5579
5611
5899
6099
6100
6635
6836
6903
7080
7325
8168
8297
8359
8479
9092
9574
9761
10095
10743
10944
11116
11522
11624
12318
12440
12620
12716
12836
13052
13115
14234
14651
14869
14951
15327
15583
15737
16371
16851
17241
17427
17742
17835
18128
18161
18168
18272
19118
19491
19928
20129
20189
20664
20735
21456
21550
21814
22727
22784
22916
23642
24394
24463
24560
24972
25365
25461
26529
26727
26850
26892
26952
28831
29218
29628
29657
29766
29781
29920
30084
30092
30246
30516
30657
30662
31188
31326
31559
31769
32016
33608
33620
34113
34266
34832
34973
34984
35870
36352
36541
36638
37078
37386
38045
38768
39003
39104
39605
40169
40217
42340
42351
42793
42833
43116
43175
43719
44446
Number of cuts: 130

Natosaleda
206
763
1154
1411
2200
2722
2994
3045
3619
4042
4076
4184
4955
5579
5611
5899
6099
6100
6635
6836
6903
7080
7325
8168
8297
8359
8479
9092
9574
9761
10095
10743
10944
11116
11522
11624
12318
12440
12620
12716
12836
13052
13115
14234
14651
14869
14951
15327
15583
15737
16371
16851
17241
17427
17742
17835
18128
18161
18168
18272
19118
19491
19928
20129
20189
20664
20735
21456
21550
21814
22727
22784
22916
23642
24393
24462
24559
24971
25364
25460
26528
26726
26849
26891
26951
28830
29217
29627
29656
29765
29780
29919
30083
30091
30245
30515
30656
30661
31187
31325
31558
31768
32015
33607
33619
34112
34265
34831
34972
34983
35869
36351
36540
36637
37077
37385
38044
38767
39002
39103
39893
40204
40687
42941
42952
43394
43434
43717
43776
44320
45047
Number of cuts: 131

Partridge
758
790
1147
1404
1698
2039
2236
2259
3053
3104
3678
4101
4243
5014
5084
5670
5958
6158
6159
6679
6947
7369
7946
8356
8418
8520
9119
9601
9788
10122
10380
10977
11149
11555
11657
12351
12473
12653
12749
12869
13085
13148
14171
14267
14666
14878
14902
14984
15770
16404
16884
17252
17460
17775
17868
17988
19151
19524
19961
20162
20697
20768
20934
21123
21507
21583
22205
22762
22773
22830
22962
23230
23337
23409
24440
24509
24606
25411
25507
26611
26932
26974
28548
29379
29789
29818
29927
29942
30311
30319
30473
30743
30884
30889
31415
31553
31786
31996
32243
32542
32586
32826
32918
33985
34622
34783
35188
35280
35329
35340
36226
36897
36994
37435
37743
38402
38406
39360
39461
39926
40256
40567
40776
43089
43439
43486
43497
43939
44318
44862
45892
Number of cuts: 131

Pepy6
950
1235
1967
2021
2081
2120
2989
3017
3385
3627
3649
3760
3829
4082
4288
4735
5020
5204
5382
5864
6120
6241
6317
6441
7547
7559
7961
8482
9147
9334
9341
9724
9730
10240
10387
10410
10712
11651
11658
11693
11723
11910
12408
13340
13984
14111
14705
14851
15351
15701
15921
15942
17003
17077
17278
17348
17478
18784
19163
19488
19990
20651
20875
20954
21623
21795
21861
22189
22330
23070
23139
23265
23281
23448
23626
23706
23757
23853
24359
24468
24546
24609
24711
25218
25434
25545
26171
26246
26941
27937
28858
29044
29282
29306
29500
29579
30156
30528
30718
30720
31089
31194
31986
32188
32322
32478
33430
33595
33885
35047
35136
35334
36756
36930
37475
37496
37566
37892
38286
38458
38776
38852
39341
39828
40091
42407
42811
43331
43340
43902
43949
44280
44466
44793
44821
45067
45561
45600
45942
45990
46220
46242
46408
46907
47365
47945
48762
48979
49363
49389
50474
51146
51467
51646
51854
52035
52880
53107
53257
53293
54353
55315
55337
55691
55793
55829
56029
56123
56652
56718
56969
57091
57658
57913
58449
58834
59128
59441
60079
60950
61007
61038
61312
61570
62093
62178
62319
63380
63591
64016
64461
64483
64823
65061
65403
65675
66081
66553
66558
66955
67582
67616
68414
68517
68526
68561
68637
68701
68863
68926
68969
68993
69568
69605
69629
70156
70231
70737
70898
71182
72095
72735
72737
72757
72934
73167
73311
73424
73502
73680
74210
74454
74490
74514
74663
74808
74814
75036
75336
75648
75816
75903
76332
76591
76698
Number of cuts: 245

Peregrin
3840
3931
4632
5533
6600
6686
6887
7173
7606
7905
8862
9541
9924
11188
11308
11315
12942
13191
13221
13341
13898
14781
15459
15654
15728
15988
16129
16391
17371
18299
18533
18555
18957
19376
19717
20529
20932
21046
21390
21869
22471
23156
23770
23829
24521
25517
25931
27365
27595
28356
28477
28597
29082
29209
29339
29964
30465
30729
31082
31437
32269
32497
33193
34015
34049
34136
34309
34460
34612
34634
35267
35417
35634
35684
36416
36438
37184
37206
37293
37320
37625
37908
38063
38619
38940
39279
39539
40085
40374
41447
42750
43010
43643
43757
45626
45749
46247
46580
46841
46892
48304
48459
48638
48703
48755
49136
49251
49385
49609
49631
50191
50856
50926
51107
51830
51845
52571
53549
53786
53871
54044
55216
55831
56331
57108
57138
57463
58695
58933
59092
59105
61753
62122
62367
62529
63589
63760
64354
64705
65016
65142
66067
66256
66909
67278
67460
69171
69231
69757
70123
71091
71772
72166
72772
73073
73313
73334
73574
74115
74463
75071
76387
76788
77465
77990
78947
79880
79963
80058
80370
80692
80948
81418
81530
81767
82546
83940
85773
87954
88150
88842
89360
91571
92193
92552
92639
93083
93973
94162
95420
95452
95674
95812
95917
95927
97187
97960
98616
99434
101005
101325
101415
101584
102183
103544
103897
104060
104345
104910
105540
106117
106150
107009
107435
108125
108490
109564
109638
109887
109980
110411
110522
110806
111084
111298
111520
111641
111746
112768
113015
113179
113628
113773
113854
113875
114625
114788
115286
116131
117021
117402
117939
118154
119016
119153
119961
120126
121196
121720
122461
123059
123425
123797
123991
124583
124778
125768
126081
127191
127716
127792
128883
129087
129216
Number of cuts: 264

Phrankenstein
206
763
1154
1411
2200
2994
3045
3619
4042
4076
4184
4955
5579
5611
5899
6099
6100
6635
6836
6903
7080
7325
8168
8297
8359
8479
9092
9574
9761
10095
10743
10944
11116
11522
11624
12318
12440
12620
12716
12836
13052
13115
14234
14651
14869
14951
15327
15583
15737
16371
16851
17241
17427
17742
17835
18128
18161
18168
18272
19118
19491
19928
20129
20189
20664
20735
21496
21760
22673
22730
22862
24339
24408
24505
24917
25282
25406
26474
26672
26795
26837
26897
28776
29163
29575
29604
29713
29728
30097
30105
30259
30529
30670
30675
31201
31339
31572
31782
32029
33621
33633
34126
34279
34836
34977
34988
35874
36356
36545
36642
37082
37390
38049
38313
38348
39007
39108
39901
40212
40776
40824
42947
42958
43400
43440
43723
43782
44326
45053
Number of cuts: 129

Pine5
622
1776
2460
3217
3303
4332
4554
5860
7110
8096
8379
8381
8745
10476
10722
11130
11252
11861
12500
12710
13152
14620
15079
16881
17854
18062
18599
18631
20293
20541
20835
21065
21095
21695
22694
22866
22899
23136
23213
23294
23531
24275
24308
24580
25112
25160
25403
25640
25766
26117
26269
26425
26880
27037
27522
27996
28203
29415
29817
30257
30482
30491
30656
31126
31649
31842
32819
33861
34699
34821
35038
35443
36261
36848
36992
37028
37870
38229
38415
39381
39999
40102
41150
41460
42065
42300
42553
43285
43543
43798
43820
43822
44833
45195
46193
46237
46942
47022
47157
47785
48177
49247
49958
50429
51056
52944
53013
53159
54788
56784
56883
57292
57353
57996
58422
58512
59111
59156
Number of cuts: 118

Poco6
385
950
1232
1356
2007
2121
2219
3360
3382
4350
4394
4492
5113
5874
5896
6007
6076
6161
6270
6304
7063
7381
7556
7992
8353
8656
8678
8906
9194
12578
12765
12772
13155
13161
13805
13840
14142
14326
14401
14902
15108
15138
15562
15859
16524
16791
17245
17435
17561
17637
17985
18461
18681
18702
18996
19126
20490
21510
21522
22012
22673
22897
22954
22976
23276
23645
23817
23883
24214
24355
25083
25152
25162
25461
25719
25770
25866
26481
26559
26724
27004
27231
27558
28259
28954
29656
31063
31301
31313
31598
32175
32296
32562
32618
33114
33136
33552
33930
34011
34213
34347
34503
35448
35620
35910
35945
37069
37356
38778
38952
39092
39864
40308
40874
41363
41748
41912
42178
42493
44201
44742
45289
45651
46407
46726
46919
47590
48152
48241
48422
48444
48540
49120
49605
49857
49961
50176
50494
50495
50898
50907
51738
52005
52202
52229
53183
53363
53528
54388
54790
54801
55861
56451
56823
56845
56922
56943
57301
57337
57537
57869
58562
59515
60010
60240
60977
61325
61762
62151
62208
62239
62499
62703
63202
63239
64228
65081
65310
66106
66419
66471
66725
66910
67195
67523
67565
68237
68349
68409
68580
68799
69245
69290
69452
69873
70067
70363
71422
71497
71564
72056
72124
72445
73357
74196
74429
74498
74573
74942
75472
75716
75752
75776
75925
76070
76076
76150
76304
76333
76604
76916
77084
77171
77600
77858
Number of cuts: 225

Rasputin
206
763
1154
1411
2200
2994
3045
3619
4042
4076
4184
5025
5579
5611
6100
6620
6821
6888
7065
7310
7887
8298
8360
8462
9061
9543
9730
10064
10712
10913
11491
11593
12287
12409
12589
12685
12805
13084
14107
14203
14620
14814
14838
14933
15296
15545
15706
16340
16820
16828
16994
17396
17711
17756
17804
17924
18836
19087
19460
19897
20274
20633
20704
20870
21519
22697
22754
22886
23154
23261
23333
24364
24433
24530
24942
25431
25824
26499
26697
26820
26862
26922
28801
29188
29600
29629
29738
29753
30122
30130
30284
30554
30695
30700
31226
31364
31597
31807
32054
33646
33658
34151
34304
34861
35002
35013
35899
36381
36570
36667
37107
37415
38074
38338
38373
39032
39133
39926
40237
40801
40849
42972
42983
43425
43465
43748
43807
44351
45078
Number of cuts: 129

RER2
206
763
1154
1411
2200
2722
2792
2994
3045
3619
4042
4076
4184
4955
5579
5611
5899
6099
6100
6393
6635
6836
6903
7080
7325
8168
8297
8359
8479
9092
9574
9761
10095
10743
10944
11116
11522
11624
12318
12440
12620
12716
12836
13052
13115
14234
14651
14869
14951
15327
15583
15737
16371
16851
17219
17427
17742
17835
18128
18161
18168
18272
19118
19491
19928
20129
20189
20664
20735
20901
21550
21814
22727
22916
24393
24462
24559
24971
25460
26528
26726
26849
26951
28830
29217
29629
29658
29767
29782
30151
30159
30313
30583
30724
30729
31255
31393
31626
31836
32083
33675
33687
34180
34333
34890
35031
35042
35928
36410
36599
36696
37136
37444
38103
38367
38402
39061
39162
39955
40266
40830
40878
43001
43012
43454
43494
43777
43836
44380
45107
Number of cuts: 130

RexFury
206
794
1185
1442
2231
3025
3076
3650
4073
4107
4215
4986
5610
5642
5930
6130
6131
6666
6867
6934
7111
7356
8199
8328
8390
8510
9123
9605
9792
10126
10774
10975
11147
11553
11655
12349
12471
12651
12747
12867
13083
13146
14265
14682
14900
14982
15358
15614
15768
16402
16882
17458
17773
17866
18159
18192
18199
18303
19149
19522
19959
20160
20695
20766
21099
21581
21845
22758
22815
22947
23673
24424
24493
24590
25002
25491
25884
26559
26757
26880
26922
29248
29660
29689
29798
29813
30182
30190
30344
30614
30755
30760
31286
31424
31657
31867
32114
33706
33718
34211
34364
34921
35062
35073
35959
36441
36630
36727
37167
37475
38134
38857
39092
39193
39983
40294
40777
43031
43042
43484
43524
43807
43866
45137
Number of cuts: 124

RGL3
397
749
1047
1135
1257
1392
1801
2269
2794
2996
4078
4957
5526
6077
6101
6945
7316
8287
8349
8469
8575
8994
9540
9632
9746
9779
10919
10974
11420
12538
12730
12952
13240
13354
13777
13809
14352
14725
14758
15010
15122
16234
17015
17390
17402
17588
17868
17996
18116
19401
19494
19511
20075
20757
21845
22343
22397
22550
22725
23203
25014
25047
25312
25351
25462
25531
26206
27912
27993
29731
29985
30527
30983
31253
31394
31416
31777
31787
31925
32063
32078
32861
33157
34255
34525
35582
35719
35954
37207
37691
38148
38456
39326
39953
41673
42207
42853
43247
43474
43481
43740
43848
44500
44579
44590
44821
44833
45712
45996
46352
46413
46740
47449
47958
Number of cuts: 114

Rhodalysa
206
763
1154
1411
2200
2722
2792
2994
3045
3619
4042
4076
4184
4955
5579
5611
5899
6099
6100
6393
6635
6836
6903
7080
7325
8168
8297
8359
8479
9092
9574
9761
10095
10743
10944
11116
11522
11624
12318
12440
12620
12716
12836
13052
13115
14234
14651
14869
14951
15327
15583
15737
16371
16851
17241
17427
17742
17835
18128
18161
18168
18272
19118
19928
20129
20189
20664
20735
21068
21550
21814
22727
22784
22916
24393
24462
24559
24971
25336
25460
26528
26726
26849
26891
26951
29217
29629
29658
29767
29782
30151
30159
30313
30583
30724
30729
31255
31393
31626
31836
32083
33675
33687
34180
34333
34890
35031
35042
35928
36410
36599
36696
37136
37444
38103
38367
38402
39061
39162
39955
40266
40830
40878
43001
43012
43454
43494
43777
43836
44380
45107
Number of cuts: 131

StCroix
206
763
1154
1411
2200
2994
3045
3619
4042
4076
4184
4955
5579
5611
5899
6099
6100
6635
6836
6903
7080
7325
8168
8297
8359
8479
9092
9574
9761
10095
10743
10944
11116
11522
11624
12318
12440
12620
12716
12836
13052
13115
14234
14651
14869
14951
15327
15583
15737
16371
16851
17241
17427
17742
17835
18128
18161
18168
18272
19118
19928
20129
20189
20664
20735
21068
21550
21814
22172
22729
22740
22797
22929
24406
24475
24572
24984
25377
25473
26541
26862
26904
29230
29642
29671
29780
29795
30164
30172
30326
30596
30737
30742
31268
31406
31639
31849
32096
33688
33700
34193
34346
34903
35044
35055
35941
36432
36621
36718
37466
38125
38389
38424
39083
39184
39977
40288
40769
43023
43034
43476
43516
43799
43858
44402
45129
Number of cuts: 126

Swann
206
763
1154
1411
2200
2994
3045
3619
4042
4076
4184
4955
5579
5611
5899
6099
6100
6393
6635
6836
6903
7080
7325
8168
8297
8359
8479
9092
9574
9761
10095
10743
10944
11116
11522
11624
12318
12440
12620
12716
12836
13052
13115
14234
14651
14869
14951
15327
15583
15737
16371
16851
17241
17427
17742
17835
18128
18161
18168
18272
19118
19928
20129
20189
20664
20735
21068
21550
21814
22727
22784
22916
24393
24462
24559
24971
25460
25853
26528
26726
26849
26891
28830
29217
29627
29656
29765
29780
30149
30157
30311
30581
30722
30727
31253
31391
31624
31834
32081
33673
33685
34178
34331
34888
35029
35040
35926
36408
36597
36694
37134
37442
38101
38365
38400
39059
39160
39953
40264
40828
40876
42999
43010
43452
43492
43775
43834
44378
45105
Number of cuts: 129

Takoda
758
1147
1404
2169
2192
2714
2986
3037
3611
4034
4068
4176
4947
5017
5603
5676
5891
6091
6092
6612
6880
7302
7879
8289
8351
8453
9052
9534
9721
10055
10313
10904
11076
11482
11584
12278
12400
12580
12676
12796
13012
13075
13609
14098
14194
14593
14829
14911
16331
16811
17387
17702
17795
17915
18432
19078
19451
19888
20446
20624
20695
20861
21050
21061
21286
21434
21510
22131
22688
22699
22756
22888
23156
23263
24366
24435
24532
24609
24944
25309
25433
26431
26501
26699
26924
29190
29602
29631
29740
29755
29894
30058
30066
30220
30490
30631
30636
31162
31300
31533
31743
31990
32286
32418
32665
33861
34507
35073
35214
35225
36111
36782
36879
37266
37319
37627
38290
38550
39244
39345
39810
40140
40451
40660
41069
41988
42779
43129
43176
43783
44103
44162
44706
Number of cuts: 133

Trina
277
714
854
1108
1485
1533
2402
2441
3834
4075
4139
4346
4358
4470
5921
6076
6546
6706
7074
7395
7915
8003
8644
9053
9499
9825
10103
10615
10854
11071
11174
11196
11401
11542
11898
12162
12493
13239
13295
13342
13819
13905
14007
14653
15223
15809
15907
16563
16650
16767
17480
17682
17831
18153
18804
19448
19971
20154
21121
21336
22223
22412
22469
22851
23055
23244
24349
24425
24583
25637
25821
25838
25963
27023
27578
28724
28990
29357
31294
31495
32547
32563
32775
33396
33588
33644
33867
34067
34460
34558
34582
34971
35309
36094
36482
36922
37140
37265
37338
37343
37436
37511
38460
38604
39754
39802
40659
41192
42055
42479
42860
44134
44136
44433
44637
44703
45633
46196
46929
47260
47442
47748
47844
48036
48201
48380
48495
49244
49406
49995
51770
51805
51955
52606
52954
53787
53826
54383
55006
56141
56213
57009
57180
57756
58416
58629
59007
59689
60123
60459
60626
61245
61458
61503
62475
62483
62666
62766
62845
63160
63255
64861
65538
65730
66282
66456
66651
66891
67064
68056
68588
68716
69355
69394
69676
69827
70050
70160
71359
71497
71756
71897
72428
73551
74600
74643
74657
75549
76598
77112
77330
77798
77814
79048
79419
79581
79605
80490
81296
82553
82571
85300
85528
86143
87020
87274
88041
88231
88882
89274
89349
89443
89813
90045
90056
90304
90391
90711
91238
92797
93060
93145
94409
96563
97609
97642
98172
98687
98756
98765
98869
101059
101455
101836
103236
103405
105802
105877
106187
106304
107200
107744
107888
108594
109055
109084
109427
109436
109974
110067
110307
110990
111282
111291
111925
112470
112900
113091
114540
114852
115546
116653
116811
117763
117776
117874
118842
118986
119097
119160
120102
120422
120472
120605
121088
121544
121843
121979
122193
122728
123164
123543
124334
124403
124546
125325
125538
125669
126129
127221
127898
130169
130281
130341
130970
133661
134225
134646
135885
135885
136230
136679
137116
137256
137510
137887
137935
138804
138843
Number of cuts: 309

TWAMP
206
763
1154
1411
2200
2722
2792
2994
3045
3619
4042
4076
4184
4955
5579
5611
5899
6099
6100
6393
6635
6836
6903
7080
7325
8168
8297
8359
8479
9092
9574
9761
10095
10743
10944
11116
11522
11624
12318
12440
12620
12716
12836
13052
13115
14234
14651
14869
14951
15327
15583
15737
16371
16851
17241
17427
17742
17835
18128
18161
18168
18272
19118
19928
20129
20189
20664
20735
21068
21550
21814
22727
22784
22916
24393
24462
24559
24971
25336
25460
26528
26726
26849
26891
26951
29217
29629
29658
29767
29782
30151
30159
30313
30583
30724
30729
31255
31393
31626
31836
32083
33675
33687
34180
34333
34890
35031
35042
35928
36410
36599
36696
37136
37444
38103
38367
38402
39061
39162
39955
40266
40830
40878
43001
43012
43454
43494
43777
43836
44380
45107
Number of cuts: 131

UhSalsa
206
763
1154
1411
2200
2994
3045
3619
4042
4076
4184
4955
5579
5611
5899
6099
6100
6635
6836
6903
7080
7325
8168
8297
8359
8479
9092
9574
9761
10095
10743
10944
11116
11522
11624
12318
12440
12620
12716
12836
13052
13115
14234
14651
14869
14951
15327
15583
15737
16371
16851
17241
17427
17742
17835
18128
18161
18168
18272
19118
19491
19928
20129
20189
20664
20735
21456
21550
21814
22727
22784
22916
23642
24394
24463
24560
24972
25365
25461
26529
26727
26850
26892
26952
28831
29218
29628
29657
29766
29781
29920
30084
30092
30246
30516
30657
30662
31188
31326
31559
31769
32016
33608
33620
34113
34266
34832
34973
34984
35870
36352
36541
36638
37078
37386
38045
38768
39003
39104
39894
40205
40688
42942
42953
43395
43435
43718
43777
44321
45048
Number of cuts: 130

Weasels2
379
462
728
1074
1760
2813
2960
3048
3059
3152
4218
4896
5295
6632
7380
7480
8757
8869
10202
10363
11242
11877
12092
12215
12335
12342
12968
14347
14434
14626
14900
15847
15918
16402
16683
16821
19764
19963
20041
20606
21022
21440
21552
21854
21880
22878
23149
23188
23430
23563
25484
25543
25934
26588
26921
27594
28355
28476
28774
29081
29338
30126
30242
30845
30931
31366
31966
32448
32862
33096
33222
33324
33360
33479
34020
34669
34842
35136
36559
37262
37284
37409
38030
38052
38682
38757
38811
39418
39564
40059
40123
40387
40526
40622
40838
41327
41401
41768
42703
42893
43350
43428
43603
43722
43857
44115
44667
45090
45224
45444
45585
46199
46347
46379
46617
47298
47421
47432
47631
47817
47972
48429
48906
49076
49404
49521
49543
49902
50151
50397
50531
51557
51640
51710
51990
52694
52769
53021
53757
54307
54544
54629
54802
55745
55759
58026
58539
58613
58635
58654
58935
59474
59556
59837
59848
60086
60245
60258
60444
60642
63015
63271
63482
64084
64141
65920
66538
67067
67912
67924
68281
68332
68463
68973
70090
70183
70193
71011
71203
71367
72072
72114
72164
72360
72722
72806
73212
73524
74691
74958
75273
75457
75494
75522
76425
76738
76817
77769
78027
78187
78319
78486
79083
79119
79318
79813
80609
81150
81720
83127
83178
83645
83865
84415
84599
85387
86482
87719
88414
88749
89020
89819
90531
91168
91793
92779
92820
92854
92926
93478
93750
95513
95525
95705
95919
96851
96990
97253
98615
98931
99134
99164
99784
100363
100483
100668
101744
101965
102076
102745
104219
104460
104577
104665
105212
105249
105487
106657
106713
107118
108091
108563
108654
108687
109807
109973
110091
110117
110681
110867
110876
111155
111401
111654
111810
111848
113333
113478
114393
115369
115451
115804
116318
116610
117117
117209
117254
117300
117755
118266
119680
119860
120198
120336
121234
122629
122636
123052
123936
124379
124445
125194
125291
125321
125567
125634
126516
126658
127008
127352
127811
128961
129391
130228
130290
130459
131312
132084
132167
132433
132779
133465
134518
134665
134753
134764
134857
Number of cuts: 327

Yogi
206
763
1154
1411
1639
2200
2994
3045
3619
4042
4076
5025
5524
5579
5611
5899
6100
6620
6821
6888
7065
7310
7887
8297
8359
8461
9060
9542
9729
10063
10321
10918
11090
11496
11598
12292
12414
12594
12690
12810
13026
13089
13623
14112
14208
14625
14819
14843
14938
15301
15550
15711
16345
16825
16833
16999
17401
17716
17761
17809
17929
18841
19092
19465
19902
20279
20638
20709
20875
21025
21042
21064
21448
21524
22701
22890
23158
23265
23616
24367
24436
24533
24945
25434
26502
26700
26823
26925
28804
29191
29603
29632
29741
29756
30125
30133
30287
30557
30698
30703
31229
31367
31600
31810
32057
33661
34307
34861
35002
35013
35899
36390
36752
36810
37047
37487
37795
38454
38718
38753
39177
39412
39513
40306
40617
41181
41229
43352
43363
43805
43845
44128
44187
44731
45458
Number of cuts: 135

Yoncess
206
763
1154
1411
1639
2200
2994
3045
3619
4042
4076
5025
5579
5611
6100
6620
6821
6888
7065
7310
7887
8297
8359
8461
9060
9542
9729
10063
10321
10918
11090
11496
11598
12292
12414
12594
12690
12810
13026
13089
13623
14208
14625
14819
14843
14938
15301
15550
15711
16345
16825
16833
16999
17401
17716
17761
17809
17929
18841
19092
19465
19902
20638
20709
20875
21025
21140
21524
22702
22891
23266
24368
24437
24534
24946
25435
26503
26701
28805
29192
29604
29633
29742
29757
29905
29913
30067
30337
30478
30483
31009
31147
31380
31590
31837
33441
34087
34644
34785
34796
35682
36164
36353
36450
36890
37198
37857
38121
38156
38580
38815
38916
40020
40584
40632
42523
42759
42770
43213
43253
43536
43595
44139
44866
Number of cuts: 124

