Alatin
665
3401
5262
16299
17186
17951
19825
23071
25863
26695
27232
27453
30520
37745
39344
40669
43513
Number of cuts: 17

Alpacados
665
3363
16460
22718
22940
25768
27137
27358
30425
35946
36147
37638
39237
40160
40492
43336
Number of cuts: 16

AngryOrchard
660
3346
16443
17105
17870
21869
22935
25728
26108
27096
27317
30457
36307
37798
39397
40723
Number of cuts: 16

AppleCloud
145
460
3110
3724
16489
17151
17916
19790
25738
27107
27328
30250
30389
34190
35972
37463
38470
39062
40385
43230
Number of cuts: 20

Belenaria
665
3401
5262
16299
17186
17951
19825
23004
25797
27387
30386
36120
37611
38618
39210
40533
43378
Number of cuts: 17

BobbyDazzler
665
3472
16569
19870
20133
22828
23050
25842
27211
27432
30499
36023
36224
37715
39314
40307
40639
43484
Number of cuts: 18

Bonanza
665
3401
16498
19799
22756
22978
25770
27139
27360
30427
35948
36149
38020
39285
39619
40612
40944
43788
Number of cuts: 18

Bradshaw
665
3401
5262
16299
17186
17951
19825
23004
25796
27165
27386
30453
37678
39277
40602
43446
Number of cuts: 16

Bryce
665
3401
16498
19799
20062
22757
22979
25771
27140
27361
30207
35731
35932
37423
39022
40015
40347
43192
Number of cuts: 18

ChewyVIII
1170
6127
6225
6338
8680
10572
11508
12439
13538
16266
16701
24760
26117
26659
28075
29972
30426
31112
31375
31880
32156
32693
38585
38666
39182
41732
41900
42379
46026
47467
49139
52025
53616
53929
54825
54851
55281
55574
55705
56534
59044
59442
59639
61200
61390
63287
63734
64606
66169
67914
69018
Number of cuts: 51

CosmicSans
665
3401
5262
16299
17186
17951
19825
23004
25796
27165
27386
30453
35977
36178
37669
39268
40593
43437
Number of cuts: 18

Dinger
662
797
3397
16494
17156
17921
21683
22987
25780
27149
27370
30322
37811
39410
40405
40736
Number of cuts: 16

DocB7
135
6806
7847
9600
11068
13475
19679
19960
33561
36990
39543
44073
47366
52762
53089
53655
55520
60899
63762
64016
68711
Number of cuts: 21

E3
454
3500
4708
5840
7447
7456
8344
10487
10779
11149
13007
14072
14083
14266
15743
15813
16784
19733
20069
20080
20804
21124
21700
21836
22401
23009
23934
25174
25204
25331
27138
28265
29948
30620
31065
31167
31527
34297
34834
35537
36469
37517
38378
38429
41146
42253
42800
43829
44024
45374
47036
47336
50622
51063
51255
52395
53571
53582
54906
55846
55986
56209
58089
58590
58933
59428
60647
61485
62028
62855
62871
63902
64154
64352
66354
66442
67259
68709
69258
70296
72245
72251
72751
73013
75892
76268
76286
76451
76699
76762
77095
77853
78022
79808
80089
80162
80576
81920
84475
85459
86448
87260
87739
87750
88873
89609
89750
92304
92355
93446
97278
98044
98280
98925
101814
104031
107145
108425
108697
108967
109015
109027
110441
110483
110971
112319
113133
114978
115416
116528
116539
117072
117975
118137
119818
120712
120792
120803
121959
123950
124019
124562
125017
125897
125968
126598
127388
127479
127490
127640
127709
129312
131623
132028
132301
133167
134175
134376
137413
142128
142402
Number of cuts: 161

Erik
665
3401
5262
16298
17185
17950
19824
23003
25794
27384
30385
35909
36110
37601
39200
40424
43268
Number of cuts: 17

Espica
665
3401
5262
16299
17186
17951
19825
23004
25797
27387
30386
36120
37611
38618
39210
40533
43378
Number of cuts: 17

Finch
4012
11400
22909
27389
59827
59976
62162
62641
79976
100521
106260
119362
121946
126739
137649
138718
Number of cuts: 16

Gollum
665
3401
5262
17186
17951
19825
23004
25796
27386
30451
35975
36176
37667
38674
39266
40535
43379
Number of cuts: 17

Grayson
303
922
1411
1592
1952
2167
2183
2462
2699
2779
3209
3759
5885
12044
12158
15566
16022
16123
17351
20293
20409
20589
20975
21895
22229
26203
26337
26493
27553
27738
28244
28788
29088
29203
30411
31494
31866
31932
32035
32175
32907
33507
33903
33978
35322
35922
36294
36570
37134
37663
37693
39388
39450
39519
39780
39962
40764
42198
43389
43803
45393
46481
46500
47664
48716
49103
49707
50090
50751
50853
51314
53420
53507
53528
54185
54846
55627
56185
56356
56448
59083
59301
60524
62606
63879
64111
64543
64729
66098
66149
66586
67959
68354
68419
69670
72255
73551
73905
74118
74133
75930
76226
77796
79088
79906
80191
82365
86056
86104
86970
87980
90599
92576
94523
96303
96327
96448
97919
98710
100199
100307
100404
101932
102642
103644
106250
106608
107176
108874
111995
112937
114551
114575
114590
114608
115324
115783
115937
117514
122004
122488
122803
124593
124608
124623
126680
126704
126814
126836
127266
129204
129823
130312
130493
130853
131068
131084
131363
131600
131680
Number of cuts: 160

Harlequin
665
3401
16474
19775
20038
22787
23009
25801
27170
27391
30237
35761
35962
37453
38186
39052
40047
40379
43227
Number of cuts: 19

Hiro
665
3401
16780
17442
18207
20081
26056
27425
27646
30713
36237
36438
37929
39528
40853
43698
Number of cuts: 16

Jace
1978
2425
3752
5070
6893
7362
8821
9744
10915
11659
12463
14795
15054
15444
15924
16185
18575
19283
19862
20689
21078
21997
22257
22633
22948
23002
23779
23824
23940
25412
25775
26205
26277
26571
26943
28030
28117
28165
28246
29477
30871
30897
31440
31455
33764
34142
34688
35328
36879
37285
38233
38855
41440
41892
41932
42424
46099
46243
47547
48143
49396
49682
51035
51662
51938
52090
52104
53007
Number of cuts: 68

Jester
665
3401
16468
17130
17895
19769
20032
22718
22940
25732
27101
27322
30168
35692
35893
37384
38117
38983
39978
40310
43158
Number of cuts: 21

Krishelle
665
3401
5262
16795
17457
18222
20096
26080
27449
27670
30813
38038
39637
40962
43806
Number of cuts: 15

Lillie
665
3401
5262
16299
17186
17951
19825
23004
25796
27165
27386
30453
35977
36178
37669
39268
40593
43437
Number of cuts: 18

Mahdia
1866
3048
7956
Number of cuts:  3

Naiad
665
3401
5262
16299
17186
17951
19825
23017
25809
26641
27178
27399
30466
37691
39290
40615
43459
Number of cuts: 17

Nancinator
665
3401
5262
16299
17186
17951
19825
23004
25797
27387
30386
36120
37611
38618
39210
39932
42776
Number of cuts: 17

Natosaleda
665
3401
5262
16299
17186
17951
19825
23004
25796
27386
30385
36119
37610
38617
39209
40532
43377
Number of cuts: 17

Partridge
660
795
3460
16557
17219
17984
21746
23050
25879
27248
27469
30613
36275
37968
39567
40562
40893
Number of cuts: 17

Pepy6
1990
8298
10068
12974
14053
14791
14877
21626
21889
23648
23858
25627
28723
32364
33503
35027
36426
37987
40043
41669
44941
45170
46506
47355
49331
49633
52680
52799
53372
56614
59914
60343
63365
64578
66826
67468
69413
69475
70612
71816
74774
75314
Number of cuts: 42

Peregrin
121
292
1392
1434
1615
1950
1999
2005
2196
2212
3787
5570
5576
7124
7256
7505
8929
11472
11911
15380
15481
15672
15747
16950
17451
19845
21061
21395
26070
27252
27758
28302
28602
28717
29466
30756
31689
32289
32685
32760
32829
33876
34104
34704
34890
35451
35490
36445
37227
38169
38231
38300
38561
38743
39544
40978
42169
42583
44173
45261
45280
46444
47274
47496
47883
48490
48873
49636
50097
51591
52032
52290
52311
52968
53629
54968
55139
55231
57450
57668
60973
62246
62478
66384
66779
66844
67669
69197
73882
74110
75859
79478
80437
80722
85975
87932
90030
90121
90253
92859
94527
95336
95360
95481
96682
97156
99405
99631
100662
103044
104046
105212
106884
107451
109429
111390
114555
114579
114594
114612
114774
115766
116615
117093
117719
118322
119657
119690
122153
122980
124375
126456
126471
127155
127741
127778
127851
127873
128303
128439
130190
130361
131461
131503
131684
132019
132068
132074
132265
132281
Number of cuts: 150

Phrankenstein
665
3401
5262
16299
17186
17951
19825
22950
25742
27332
30399
35923
36124
37615
39214
40539
43383
Number of cuts: 17

Pine5
8438
20645
Number of cuts:  2

Poco6
1684
2048
2393
3878
5410
6760
7870
8488
9099
9212
10916
11729
13061
14745
17915
23648
23911
25661
27518
27640
33798
34806
36387
37049
37692
40009
41784
47138
47500
47506
49779
50114
50995
51255
54188
54307
54880
61085
61544
64313
65427
67359
68063
71601
71790
Number of cuts: 45

Rasputin
665
3401
10702
16493
19794
20057
22752
22974
25767
27357
30424
35948
36149
37640
39239
40564
43408
Number of cuts: 17

RER2
665
3401
5262
17186
17951
19825
22782
23004
25796
27165
27386
30453
35977
36178
37669
39268
40593
43437
Number of cuts: 18

RexFury
696
3432
5293
17217
17982
19856
23035
25827
27417
30484
36209
37700
38707
39299
40622
43467
Number of cuts: 16

RGL3
3403
18112
26348
36198
36250
38678
40072
Number of cuts:  7

Rhodalysa
665
3401
5262
16299
17186
17951
19825
23004
25796
27165
27386
30453
35977
36178
37669
39268
40593
43437
Number of cuts: 18

StCroix
665
3401
5262
16299
17186
17951
19825
23017
25809
26641
27178
27399
30466
37691
39290
40615
43459
Number of cuts: 17

Swann
665
3401
5262
16299
17186
17951
19825
23004
25796
27386
30451
35975
36176
37667
39266
40591
43435
Number of cuts: 17

Takoda
660
3393
16484
17146
17911
21910
22976
27138
27359
30499
37852
39451
40777
Number of cuts: 13

Trina
4531
5230
6915
7381
11642
12468
13849
15284
18460
21995
26509
28501
29409
29868
30090
30192
31230
31385
31674
32129
33418
34380
35751
37892
37919
38672
39855
42458
43547
45197
48379
48607
48766
50036
50618
51982
52263
53604
57799
58208
59376
61153
63504
63900
64557
67752
70870
72983
74096
75728
77843
78545
81566
84915
86088
86742
91671
92778
92850
95591
96619
98595
98817
99512
99808
101860
102001
103099
103135
105749
108052
108351
109473
110170
110503
110590
111222
114728
115198
115782
115988
116064
117384
118140
120051
121724
122082
130391
Number of cuts: 88

TWAMP
665
3401
5262
16299
17186
17951
19825
23004
25796
27165
27386
30453
35977
36178
37669
39268
40593
43437
Number of cuts: 18

UhSalsa
665
3401
5262
16299
17186
17951
19825
23004
25797
27387
30386
36120
37611
38618
39210
40533
43378
Number of cuts: 17

Weasels2
336
624
780
2297
2318
2698
2852
3413
4299
4499
5598
6469
8668
9409
12102
12499
13149
13162
16323
17486
17636
18157
18254
18296
20637
20682
20741
21017
21283
21885
22874
23995
25783
25917
26073
27251
27757
28301
29927
30393
31242
31344
31449
32777
33023
33275
33512
33587
33656
34205
34466
34703
34754
35531
35903
36179
36506
36608
37291
37396
38158
38834
39149
40679
40769
41983
43027
43442
43847
44314
44729
45221
45935
45953
46235
46730
47146
48655
48706
49568
50198
50300
50402
50878
51065
51179
52486
52987
53074
53194
54238
58465
58930
61136
62119
64413
65602
65653
66516
68968
69101
69407
69594
70209
70482
71562
71619
71862
72194
72849
74975
76395
76584
76637
76692
77468
78813
79119
79197
79372
80671
81155
81164
82219
82306
83162
84722
84978
86925
87448
87462
87566
88866
90039
90399
90797
91788
93273
94067
94290
95336
97576
98370
98943
99166
99518
100892
103177
105482
105764
105854
107338
107359
108398
109393
109456
109872
110157
110528
110596
112965
114520
116079
117677
117760
117835
117966
118768
118922
119617
120330
121758
123273
124986
126075
126235
129317
130206
130587
131359
131552
132041
132329
132485
134002
134023
134403
134557
Number of cuts: 188

Yogi
665
3401
16498
19799
22756
22978
25770
27139
27360
30427
35948
36149
38020
39285
39619
40612
40944
43788
Number of cuts: 18

Yoncess
665
3401
16498
19799
20062
21128
22757
22979
25771
27140
27361
30207
35731
35932
37423
39022
40015
40347
43196
Number of cuts: 19

