Alatin
261
285
4515
5768
7458
7518
8196
8773
13150
13228
15070
15663
16718
16949
18048
18102
18925
21110
22243
22891
22969
23079
26305
26597
27920
28821
29617
29707
30240
31497
32984
33026
34331
34374
35806
36541
37049
37921
39545
41184
41210
41988
42242
43460
44040
Number of cuts: 45

Alpacados
261
285
4477
5730
6526
7405
7465
7624
8703
12171
13086
13164
15006
15599
16241
16654
16885
17641
17984
18861
20964
21046
21059
21675
22190
22760
22838
22948
26210
26502
27246
27825
28726
29522
29612
30145
31402
32889
32931
34236
34279
35708
36434
36942
37814
38985
41007
41033
41811
Number of cuts: 49

AngryOrchard
285
4460
5605
5713
7388
7448
7607
8686
13069
13147
14989
15582
16224
16637
16868
17624
17967
18021
18844
21029
21658
22755
22833
22943
26170
26461
27205
27784
28685
29481
29571
30038
31295
32779
32821
34396
34439
35868
36594
37102
37974
39145
41238
41264
42041
42512
43061
Number of cuts: 47

AppleCloud
4224
5477
5868
7152
7212
7371
8450
9491
11867
11888
12020
12560
12593
12617
13115
15035
15628
16270
16683
16914
17670
18013
18067
18890
21075
21088
21704
26180
26472
27216
27543
27795
28775
29568
29658
29970
31227
31835
32158
32714
32756
33329
34055
34212
35533
36259
36767
37639
38810
40901
40927
41705
41959
43177
43757
Number of cuts: 55

Belenaria
261
285
4515
5768
7458
7518
8196
8773
13150
13228
15070
15663
16718
16949
17705
18048
18102
18925
21110
22254
22824
22902
23012
26239
26531
27854
28755
29549
29639
30106
31363
32850
32892
34197
34240
35681
36407
36915
37787
38958
41049
41075
41853
42107
43325
43905
Number of cuts: 46

BobbyDazzler
261
285
4586
5839
6635
7514
7574
7733
8812
13195
13273
15115
15708
16350
16763
16994
17750
18093
18970
21073
21155
21784
22300
22870
22948
23058
26284
26576
27320
27899
28800
29596
29686
30219
31476
32963
33005
34310
34353
35785
36511
37019
37891
39062
41154
41180
41959
42213
43431
43670
Number of cuts: 50

Bonanza
261
285
4515
5768
6564
7443
7503
7662
8741
12209
13124
13202
15044
15637
16279
16692
16923
17679
18022
18899
21002
21084
21097
21713
22228
22798
22876
22986
26212
26504
27248
27827
28728
29524
29614
30147
31404
32891
32933
34238
34281
35710
37324
38196
39367
41459
41485
42263
Number of cuts: 48

Bradshaw
261
285
4515
5768
7458
7518
8196
8773
13150
13228
15070
15663
16718
16949
17705
18048
18102
18925
21110
22254
22824
22902
23012
26238
26530
27853
28754
29550
29640
30173
31430
32917
32959
34264
34307
35739
36474
36982
37854
39478
41117
41143
41921
42175
43393
43973
Number of cuts: 46

Bryce
261
285
4515
5768
6564
7443
7503
7662
8741
13124
13202
15044
15637
16279
16692
16923
17679
18022
18899
21002
21084
21097
21713
22229
22799
22877
22987
26213
26505
27249
27828
28729
29525
29615
29927
31184
32671
32713
34018
34061
35493
36219
36727
37599
38770
40862
40888
41667
41921
43139
Number of cuts: 50

ChewyVIII
2590
4066
4750
7455
8251
8463
8756
8820
9369
9742
10695
10878
12580
12634
12865
13048
13290
13561
15461
15662
16567
16942
17287
17770
17983
18768
19346
19765
20839
22929
22953
23494
25394
27474
28848
29133
31022
32054
32474
32654
33482
34232
34388
35162
35222
38288
38513
38858
38921
40623
41479
42239
44274
47136
47511
50775
51444
51624
52584
52818
56099
56810
57185
57530
57581
58564
58915
60181
60352
60742
61642
62474
62540
62552
63810
64107
64134
64167
64302
64496
64679
64830
65094
65555
65818
66436
67217
67654
67726
68186
Number of cuts: 90

CosmicSans
261
285
4515
5768
7458
7518
8196
8773
13150
13228
15070
15663
16718
16949
17705
18048
18102
18925
21110
22254
22824
22902
23012
26238
27853
28754
29550
29640
30173
31430
32917
32959
34264
34307
35739
36465
36973
37845
39469
41108
41134
41912
42166
43384
43964
Number of cuts: 45

Dinger
276
285
1171
4511
5656
5764
6155
7439
7499
7658
8737
13120
13198
14785
15040
15633
16275
16688
16919
17675
18018
18072
18895
21080
21093
21709
22159
22807
22885
22995
26222
26514
27258
27585
27837
28817
29611
29701
30042
31299
32786
32828
34397
34440
35881
36607
37115
37987
39158
39611
41278
42059
42530
43079
Number of cuts: 54

DocB7
1009
1435
1492
1910
3962
4610
4619
5770
6634
7365
7393
7917
10218
10526
11346
11380
11739
12234
12653
14320
14568
14616
14775
15485
17261
17420
17723
18674
19161
19305
19638
19692
19743
20233
20556
20688
20820
20952
21084
21420
21705
22092
22146
22218
22296
22581
22590
23037
23367
23703
25095
26070
26939
27896
28331
28374
28673
31338
31378
31797
32766
33818
33960
33999
34768
34777
35058
35421
35823
35859
36003
36066
36184
36440
37101
37638
37790
37967
38421
38699
39925
40018
40667
40992
41187
41253
41579
41813
41846
41885
41935
42207
42282
42789
43437
43647
44057
44286
44349
45135
45378
45819
46190
46777
47170
47575
48749
49321
49669
49957
50071
51173
51345
51804
51846
51921
52058
52064
52487
52842
53080
53452
53587
54604
54805
54823
55095
56044
56798
56960
57554
58259
59147
59944
59976
61318
61699
62777
64645
65271
66256
66346
66439
67303
67733
68064
68154
68384
68940
68973
69000
71532
72002
72329
72461
72587
73145
73679
74281
74573
75511
Number of cuts: 161

E3
70
1823
1838
2210
2440
3023
3383
4265
5053
5676
5745
5881
6663
6813
7570
7711
7780
8085
9723
10106
11135
13293
13587
14518
14796
15259
15349
17892
18623
19367
19423
20401
20814
21641
24843
25273
26639
26684
29144
29309
30227
32125
32971
33727
33799
34225
34744
35433
35451
35623
37511
37739
38003
38384
39355
39415
39589
40039
40429
40984
41929
41968
42238
43033
43150
43709
44655
45477
45603
46579
47080
47239
47516
48092
48714
48927
48948
49502
51201
52184
52712
52751
53078
53616
54179
54310
54550
54675
54808
54939
55741
57942
58656
59000
59062
60386
60542
60639
60837
60918
61403
62762
62997
63234
63516
63627
63774
64633
64777
65073
65103
65265
65996
66693
66972
67166
67337
67376
67454
68619
68879
69983
70088
71743
72200
72239
73316
73969
74537
75429
76343
76513
76657
76663
77329
77953
79781
80482
80795
81338
81674
81758
82289
82649
83991
84277
84698
84953
86467
87270
87432
87938
88828
89103
89339
89513
89834
90179
91121
91310
91814
92370
92412
92668
93822
94414
95088
95343
95394
95780
95851
96442
96538
97302
97807
98248
98418
98521
99974
100358
100658
100895
103973
104541
104925
105873
106755
107854
108253
108727
108832
109066
109147
109752
110096
110138
110210
110690
111288
111847
111922
112141
112572
112593
113004
113811
114939
115271
115607
116152
116397
116410
116603
117204
117326
117345
118823
119110
119363
120149
120697
121591
121678
121735
121801
122194
122940
123351
123422
124263
125436
126635
126723
126975
127517
127721
127957
128549
129342
129861
130548
130691
130839
131614
131890
132508
132864
133116
133335
133931
134097
134628
135791
137518
137893
139116
139290
140121
141088
141490
142063
Number of cuts: 261

Erik
261
285
4515
5768
7458
7518
8196
8772
13149
13227
15069
15662
16717
16948
17704
18047
18101
18924
21109
22253
22823
22901
23011
26236
26528
27851
28752
29548
29638
30105
31362
32849
32891
34196
34239
35671
36397
36905
37777
39401
40939
40965
41743
41997
43215
Number of cuts: 45

Espica
261
285
4515
5768
7458
7518
8196
8773
13150
13228
15070
15663
16718
16949
17705
18048
18102
18925
21110
22254
22824
22902
23012
26239
26531
27854
28755
29549
29639
30106
31363
32850
32892
34197
34240
35681
36407
36915
37787
38958
41049
41075
41853
42107
43325
43905
Number of cuts: 46

Finch
169
304
1450
1678
1867
1984
2059
2938
4256
8079
10756
11812
12187
15712
18536
20094
20194
21396
24348
24405
26104
26983
27651
27983
29181
29559
30636
32064
32199
32820
32844
35079
35529
35899
35980
37419
37750
38527
38794
39061
39247
40220
40454
43397
44401
45377
48233
49474
50764
51040
51607
51733
53415
53988
54159
55728
57028
57091
58440
59599
59956
60106
60250
60548
60650
61340
62106
62885
63263
65084
65132
66647
66899
67364
69940
70397
70846
71463
72387
72892
73743
75302
77099
77948
79636
79912
82080
82578
82821
83511
85826
86444
86761
87168
87261
87831
88131
88239
89300
94342
94850
96156
97403
98541
101280
101944
102372
102650
103528
104068
104330
104603
105687
107703
108423
111730
112182
113444
115889
116623
120061
120088
121423
121522
121782
123497
125140
125152
125482
125920
126565
129773
129829
130175
130574
131978
132062
132164
133979
135895
136540
136906
138318
Number of cuts: 143

Gollum
261
285
4515
5768
7458
7518
8196
8773
13150
13228
15070
15663
16718
16949
17705
18048
18102
18925
21110
22254
22824
22902
23012
26238
27853
28754
29548
29638
30171
31428
32915
32957
34262
34305
35737
36463
36971
37843
39014
41050
41076
41854
42108
43326
Number of cuts: 44

Grayson
1361
1520
1997
2729
2754
4514
5209
7201
7387
9788
9834
10448
10981
11175
12802
17704
21107
21661
22907
23943
25977
26067
27401
38894
39037
39400
39953
41559
43193
44612
45026
46303
47051
47076
47824
50263
54160
54954
56646
56769
57116
58498
58992
62552
64120
64445
64875
66433
67017
70064
70270
71524
72449
75847
76120
78147
78177
79805
82160
82778
84899
85037
86727
86906
87698
88779
88903
90265
90295
91787
92975
93098
94474
99465
100072
100572
101872
102446
103935
104351
107325
108918
110350
112873
114433
115379
120021
121025
122236
125726
130262
130421
130898
131630
131655
Number of cuts: 95

Harlequin
261
285
4515
5660
5768
7443
7503
7662
8741
13100
13178
15020
15613
16255
16668
16899
17655
17998
18875
20978
21060
21073
21743
22259
22829
22907
23017
26243
26535
27279
27858
28759
29555
29645
29957
31214
32701
32743
34048
34091
35523
36249
36757
37629
38800
40076
40624
40897
40923
41702
41956
43174
Number of cuts: 52

Hiro
261
285
4515
5768
6564
7443
7503
7662
8741
9782
12158
12179
12311
12851
12884
12908
13406
13484
15326
15919
16561
16974
17205
17961
19181
21366
21379
21995
26498
26790
27534
28113
29014
29810
29900
30433
31690
33177
33219
34524
34567
35999
36725
37233
38105
39276
41368
41394
42173
42427
43645
Number of cuts: 51

Jace
439
475
565
861
1221
5580
8373
8974
10582
10720
11383
11419
12343
12667
15045
15351
15933
17777
18887
21688
22729
25985
26135
26285
28533
29115
35656
36143
38122
44277
47427
49239
50483
51089
51362
Number of cuts: 35

Jester
261
285
4515
5660
5768
7443
7503
7662
8741
9782
13094
13172
15014
15607
16249
16662
16893
17649
17992
18869
20972
21054
21067
21683
22190
22760
22838
22948
26174
26466
27210
27789
28690
29486
29576
29888
31145
32632
32674
33979
34022
35454
36180
36688
37560
38731
40007
40555
40828
40854
41633
41887
43105
Number of cuts: 53

Krishelle
261
285
4515
5768
7458
7518
7677
8756
9797
12173
12194
12326
12866
12899
12923
13421
15341
15934
16576
16989
17220
17976
18319
18373
19196
21381
21394
22046
26522
26814
27558
27885
28137
29117
29910
30000
30533
31790
33277
33319
34624
34667
36099
36834
37342
38214
39838
41477
41503
42281
42535
43753
44333
Number of cuts: 53

Lillie
261
285
4515
5768
7458
7518
8196
8773
13150
13228
15070
15663
16718
16949
17705
18048
18102
18925
21110
22254
22824
22902
23012
26238
27853
28754
29550
29640
30173
31430
32917
32959
34264
34307
35739
36465
36973
37845
39469
41108
41134
41912
42166
43384
43964
Number of cuts: 45

Mahdia
299
1033
2704
2923
3579
3597
3807
4386
4546
4620
4714
5146
5206
5269
5460
6347
6446
6944
7213
7225
7705
8262
8331
9309
10798
11188
11713
12055
12988
13246
13297
13450
13585
13765
14191
14437
15070
16042
16755
17064
17430
18147
18552
18717
20337
20610
21635
22640
23030
23789
24067
24247
24732
25439
29800
30774
31582
32295
33450
34368
35111
35770
37018
38628
40442
41853
41859
42283
Number of cuts: 68

Naiad
261
285
4515
5768
7458
7518
8196
8773
13150
13228
15070
15663
16718
16949
17705
18048
18102
18925
21110
22189
22837
22915
23025
26251
26543
27866
28767
29563
29653
30186
31443
32930
32972
34277
34320
35752
36487
36995
37867
39491
41130
41156
41934
42188
43406
43986
Number of cuts: 46

Nancinator
261
285
4515
5768
7458
7518
8196
8773
13150
13228
15070
15663
16718
16949
17705
18048
18102
18925
21110
22254
22824
22902
23012
26239
26531
27854
28755
29549
29639
30106
31363
32850
32892
34197
34240
35681
36407
36915
37787
38958
40447
40473
41251
41505
42723
43303
Number of cuts: 46

Natosaleda
261
285
4515
5768
7458
7518
8196
8773
13150
13228
15070
15663
16718
16949
17705
18048
18102
18925
21110
22254
22824
22902
23012
26238
26530
27853
28754
29548
29638
30105
31362
32849
32891
34196
34239
35680
36406
36914
37786
38957
41048
41074
41852
42106
43324
43904
Number of cuts: 46

Partridge
276
285
1169
4574
5719
5827
6218
7502
7562
7721
8800
13183
13261
14848
15103
15696
16338
16751
16982
17738
18081
18135
18958
21143
21156
21772
22222
22870
22948
23058
26321
26613
27357
27684
27936
28916
29710
29800
30333
31590
33074
33116
34553
36037
36508
36763
37271
38144
39315
39768
41409
41435
42213
42684
43425
Number of cuts: 55

Pepy6
916
1926
2112
3363
4316
4551
4614
4896
6756
6897
7440
7764
8321
8390
8426
8713
10565
13163
13946
14123
14536
15838
16069
16515
16974
17532
18114
18867
21422
21430
23120
23447
24638
25514
25888
27159
28461
30110
30797
30812
31139
31319
32408
32639
34427
34931
35012
35174
35591
36487
39460
39866
41815
42943
44957
45102
45620
46456
46535
46782
47367
47409
48325
49880
49967
50059
50188
51659
51890
52575
53415
53754
53964
53991
54717
56413
56452
57138
57459
57672
57779
58328
58364
58433
58829
59111
59681
59994
60218
60407
61033
62192
62712
63405
64589
66897
67121
67846
68593
68970
69342
69597
69791
71163
71307
73741
73784
74182
74374
74893
75160
75169
75406
75847
76150
Number of cuts: 115

Peregrin
1384
1543
1759
2012
2749
5037
6700
9102
9148
9762
10489
22073
23109
23775
25554
26915
29843
32612
35352
36666
37818
38181
40339
40788
41973
43392
43806
45083
45807
45831
46604
48546
49046
49789
52346
52609
52943
53737
55483
56865
60026
60919
63293
64786
64858
65442
66378
68334
68474
68680
74157
75251
76049
78355
78385
81489
82669
84786
84924
86646
87772
89780
89870
91218
93820
94448
98291
99870
102259
104337
104595
104755
107179
107598
108675
110682
112718
113020
116774
119715
124038
127604
128919
131453
131612
131828
132081
132818
Number of cuts: 88

Phrankenstein
261
285
4515
5768
7458
7518
8196
8773
13150
13228
15070
15663
16718
16949
17705
18048
18102
18925
21110
22200
22770
22848
22958
26184
27799
28700
29496
29586
30119
31376
32863
32905
34210
34253
35685
36411
36919
37791
39415
41054
41080
41858
42112
43330
43910
Number of cuts: 45

Pine5
Number of cuts:  0

Poco6
253
916
2428
4173
4428
4476
5610
5786
5834
8134
8776
8833
10620
11465
11752
11821
11857
12144
13663
13995
14888
15221
15293
15431
15458
15578
15645
16614
17289
17397
17764
17903
18342
18598
18673
18829
19180
20176
20506
20931
22303
22722
23365
23444
23452
24602
25133
25460
27527
27901
28046
29172
29901
30964
31710
32129
32810
32831
32846
33164
33344
34163
35895
36953
37034
37196
40851
41008
41110
43503
43617
44295
45809
48646
49649
51108
51131
51392
51479
51571
53168
53399
54083
54923
55262
55472
56225
57921
58178
58734
59055
59378
59678
59951
60005
60287
60853
60995
61419
62234
62525
63112
63271
63611
64694
65236
65410
65438
66386
68197
68242
68317
69652
69829
72654
73758
74244
74586
74986
75003
75192
75636
76428
76437
76674
77115
Number of cuts: 126

Rasputin
261
285
4515
5768
6564
7443
7503
7662
8742
13119
13197
15039
15632
16274
16687
16918
17674
18017
18894
20949
20997
21079
21708
22224
22794
22872
22982
26209
26501
27824
28725
29521
29611
30144
31401
32888
32930
34235
34278
35710
36436
36944
37816
39440
41079
41105
41883
42137
43355
43935
Number of cuts: 50

RER2
261
285
4515
5768
7458
7518
8196
8773
13150
13228
15070
15663
16718
16949
17705
18048
18102
18925
21028
21110
22254
22824
22902
23012
26238
26530
27274
27853
28754
29550
29640
30173
31430
32917
32959
34264
34307
35739
36465
36973
37845
39469
41108
41134
41912
42166
43384
43964
Number of cuts: 48

RexFury
261
285
586
4546
5799
7489
7549
8227
8804
13181
13259
15101
15694
16749
16980
17736
18079
18133
18956
21141
22285
22855
22933
23043
26269
26561
27884
28785
29581
29671
30204
31461
32948
32990
34295
34338
35770
36496
37004
37876
39047
41138
41164
41942
42196
43414
Number of cuts: 46

RGL3
2049
3084
4349
4517
5770
7449
7509
8186
8763
11348
12177
12210
13275
14613
15240
16469
16882
17866
18209
18263
18857
21332
26841
27505
27694
28588
28840
30448
30538
30843
32049
32100
33563
33605
34737
34997
36662
37947
37968
38854
39717
40630
41157
44318
44655
45603
47284
47363
Number of cuts: 48

Rhodalysa
261
285
4515
5768
7458
7518
8196
8773
13150
13228
15070
15663
16718
16949
17705
18048
18102
18925
21110
22254
22824
22902
23012
26238
27853
28754
29550
29640
30173
31430
32917
32959
34264
34307
35739
36465
36973
37845
39469
41108
41134
41912
42166
43384
43964
Number of cuts: 45

StCroix
261
285
4515
5768
7458
7518
8196
8773
13150
13228
15070
15663
16718
16949
17705
18048
18102
18925
21110
22189
22837
22915
23025
26251
26543
27866
28767
29563
29653
30186
31443
32930
32972
34277
34320
35752
36487
36995
37867
39491
41130
41156
41934
42188
43406
43986
Number of cuts: 46

Swann
261
285
4515
5768
7458
7518
8196
8773
13150
13228
15070
15663
16718
16949
17705
18048
18102
18925
21110
22254
22824
22902
23012
26238
26530
27853
28754
29548
29638
30171
31428
32915
32957
34262
34305
35737
36463
36971
37843
39467
41106
41132
41910
42164
43382
43962
Number of cuts: 46

Takoda
285
1169
4507
5652
5760
7435
7495
7654
8733
13110
13188
15030
15623
16265
16678
16909
17665
18008
18062
18885
21070
21699
22796
22874
22984
26211
27247
27826
28727
29523
29613
30080
31337
32821
32863
34438
34481
35922
36648
37156
38028
39199
41292
41318
42095
42566
43115
Number of cuts: 47

Trina
1740
1980
2427
3357
4089
4456
4721
5114
5516
7178
7232
7929
8121
8316
8823
12002
13549
15157
16753
18822
18894
20130
20768
20780
23383
23802
24195
24642
25122
25149
25710
26176
27294
28167
30538
32141
34670
39844
42239
42281
42780
42966
44563
45845
47360
47581
47720
48370
49972
52685
54011
55400
56622
57970
59631
64397
65716
67061
67154
68199
68987
70157
70169
71945
72879
73330
74812
75210
75400
75721
76408
76884
78601
79878
80176
81643
83867
83936
84938
85286
85748
85874
87738
87876
88301
89743
90664
90939
94292
94722
98937
99296
101058
103126
105259
105687
107031
109496
110401
110510
110581
112963
113287
115667
116149
117261
118391
120766
121245
121701
121924
122556
124132
124683
125016
126877
127432
127916
128167
129123
129315
129366
130643
132418
132620
133387
133658
133815
134244
135371
135525
136132
138142
138382
138829
Number of cuts: 135

TWAMP
261
285
4515
5768
7458
7518
8196
8773
13150
13228
15070
15663
16718
16949
17705
18048
18102
18925
21110
22254
22824
22902
23012
26238
27853
28754
29550
29640
30173
31430
32917
32959
34264
34307
35739
36465
36973
37845
39469
41108
41134
41912
42166
43384
43964
Number of cuts: 45

UhSalsa
261
285
4515
5768
7458
7518
8196
8773
13150
13228
15070
15663
16718
16949
17705
18048
18102
18925
21110
22254
22824
22902
23012
26239
26531
27854
28755
29549
29639
30106
31363
32850
32892
34197
34240
35681
36407
36915
37787
38958
41049
41075
41853
42107
43325
43905
Number of cuts: 46

Weasels2
421
651
1656
1729
1857
3170
4090
4275
5348
6191
6980
7637
8873
12535
12706
15518
17709
18607
20016
24078
25557
25647
27472
30228
31055
31663
31778
32521
32605
34348
37437
37512
37926
38776
39031
39760
41194
42813
42831
43266
46573
46981
47197
47317
47458
48250
49312
49812
55999
58509
60663
60886
61188
63395
65033
65300
67691
68656
69220
69340
69537
69686
70945
74620
75268
79219
80440
80822
81677
83405
83951
84110
84701
85313
85566
85667
86807
86972
87245
95776
96759
96994
97117
98526
100380
104057
105422
105986
107274
109419
110913
115908
116316
118394
119332
120644
121102
121816
122631
123164
123546
123920
126219
126562
127185
127642
130892
131379
132126
132356
133361
133434
133562
134875
Number of cuts: 114

Yogi
261
285
4515
5768
6564
7443
7503
7662
8741
12209
13124
13202
15044
15637
16279
16692
16923
17679
18022
18899
21002
21084
21097
21713
22228
22798
22876
22986
26212
26504
27248
27827
28728
29524
29614
30147
31404
32891
32933
34238
34281
35710
37324
38196
39367
41459
41485
42263
Number of cuts: 48

Yoncess
261
285
4515
5768
6564
7443
7503
7662
8741
12209
13124
13202
15044
15637
16279
16692
16923
17679
18022
18899
21002
21084
21097
21713
22229
22799
22877
22987
26213
26505
27249
27828
28729
29525
29615
29927
31184
32008
32671
32713
34018
34061
35493
36219
36727
37599
38770
40862
40888
41670
41924
43143
Number of cuts: 52

