Alatin
4917
16498
21036
25369
27189
32082
42701
45762
Number of cuts:  8

Alpacados
4879
6474
20361
24730
25238
27094
31987
42524
45585
Number of cuts:  9

AngryOrchard
4862
16417
20206
20302
20344
24726
25234
27053
31880
32277
Number of cuts: 10

AppleCloud
4626
9715
16463
20252
27064
42418
45479
Number of cuts:  7

Belenaria
4917
16498
21036
25303
27123
31948
42566
45627
Number of cuts:  8

BobbyDazzler
4988
6583
20470
24840
25348
27168
32061
42672
43065
45733
Number of cuts: 10

Bonanza
4917
6512
20399
24768
25276
27096
31989
42976
Number of cuts:  8

Bradshaw
4917
16498
21036
25302
27122
32015
42634
45695
Number of cuts:  8

Bryce
4917
6512
20399
20987
24769
25277
27097
31769
42380
45441
Number of cuts: 10

ChewyVIII
757
11919
Number of cuts:  2

CosmicSans
4917
16498
21036
25302
27122
32015
42625
45686
Number of cuts:  8

Dinger
4913
12508
16468
20257
20395
27106
31884
43157
Number of cuts:  8

DocB7
19729
28368
43080
51586
58882
62957
70479
72757
Number of cuts:  8

E3
44594
Number of cuts:  1

Erik
4917
16497
21035
25300
27120
31947
42456
45517
Number of cuts:  8

Espica
4917
16498
21036
25303
27123
31948
42566
45627
Number of cuts:  8

Finch
19088
20918
23839
32050
32909
63536
74544
132330
135694
Number of cuts:  9

Gollum
4917
16498
21036
24794
25302
27122
32013
42567
45628
Number of cuts:  9

Grayson
1664
2570
9462
9779
10229
34312
34451
40538
46151
53376
56879
64102
69348
69520
70059
76188
77363
78544
79063
90528
91874
95952
98073
100971
113085
115630
115830
128214
130565
131471
Number of cuts: 30

Harlequin
4917
20375
20963
24799
25307
27127
31799
42415
45476
Number of cuts:  9

Hiro
4917
6512
10006
16754
20543
25054
25562
27382
32275
42886
45947
Number of cuts: 11

Jace
15529
Number of cuts:  1

Jester
4917
10006
12482
16442
20369
20957
24730
25238
27058
31730
42346
45407
Number of cuts: 12

Krishelle
4917
10021
16769
20558
27406
32375
42994
Number of cuts:  7

Lillie
4917
16498
21036
25302
27122
32015
42625
45686
Number of cuts:  8

Mahdia
16263
27423
Number of cuts:  2

Naiad
4917
16498
21036
25315
27135
32028
42647
45708
Number of cuts:  8

Nancinator
4917
16498
21036
25303
27123
31948
41964
45025
Number of cuts:  8

Natosaleda
4917
16498
21036
25302
27122
31947
42565
Number of cuts:  7

Partridge
4976
12571
16531
20320
20458
25349
27205
32175
43503
Number of cuts:  9

Pepy6
16851
17227
41543
55777
60800
64281
Number of cuts:  6

Peregrin
1687
2501
8776
9093
13856
15794
16599
30870
44931
51065
52159
60966
67773
67945
75228
78752
79453
83319
84347
85675
86803
91305
94991
101364
105521
112930
116662
129432
131756
132570
Number of cuts: 30

Phrankenstein
4917
16498
21036
25248
27068
31961
42571
45632
Number of cuts:  8

Pine5
25776
Number of cuts:  1

Poco6
1260
24129
31556
43345
57285
60681
71017
Number of cuts:  7

Rasputin
4917
6512
20394
25273
27093
31986
42596
45657
Number of cuts:  8

RER2
4917
16498
24794
25302
27122
30633
32015
42625
45686
Number of cuts:  9

RexFury
4948
12569
16529
21067
24825
25333
27153
32046
42655
45716
Number of cuts: 10

RGL3
Number of cuts:  0

Rhodalysa
4917
16498
21036
25302
27122
32015
42625
45686
Number of cuts:  8

StCroix
4917
16498
21036
25315
27135
32028
42647
45708
Number of cuts:  8

Swann
4917
16498
21036
25302
27122
32013
42623
45684
Number of cuts:  8

Takoda
4909
10022
16458
20247
20343
20385
24767
25275
27095
31922
32319
Number of cuts: 11

Trina
20305
21952
23019
40153
40513
55922
56007
59538
61562
61576
62067
68417
71528
74001
85412
87649
97612
100133
100137
105345
108879
110539
114134
114237
114384
115715
116346
125894
128746
132139
Number of cuts: 30

TWAMP
4917
16498
21036
25302
27122
32015
42625
45686
Number of cuts:  8

UhSalsa
4917
16498
21036
25303
27123
31948
42566
45627
Number of cuts:  8

Weasels2
5266
9628
14858
15144
21754
31352
33921
36647
52939
57897
61419
62917
72054
75739
75842
76341
77745
83121
83220
85033
85877
96256
99835
115520
118815
120588
124345
125092
128401
Number of cuts: 29

Yogi
4917
6512
20399
24768
25276
27096
31989
42976
Number of cuts:  8

Yoncess
4917
6512
20399
20987
24769
25277
27097
31769
42383
45445
Number of cuts: 10

