Alatin
598
2991
3613
6024
6716
6757
7351
7930
8090
8134
8614
10009
12227
13092
13965
14495
15551
15695
16243
17078
18512
18884
19081
19611
20173
20907
21432
21812
22505
25358
25628
27394
27658
27904
28802
29680
30152
31139
32005
32186
32719
32953
33505
33857
34860
36168
36421
37328
38779
39551
39783
40802
41218
41535
42619
43614
44426
44498
45324
45436
45556
Number of cuts: 61

Alpacados
598
2953
6663
7298
7877
8081
9473
12163
13028
13649
13796
13901
14431
14672
15487
15631
16180
16268
17014
18411
18448
18760
18820
19017
21345
21368
22374
22738
25227
25497
25533
26423
27299
27563
27809
28707
29585
30057
30369
31044
31910
32091
32624
32858
33410
33762
34762
35363
36070
36314
37221
38672
39444
39676
41041
41175
41358
42442
43437
43944
44249
44321
45147
45259
45379
Number of cuts: 65

AngryOrchard
596
5969
6646
6687
7281
7860
8064
12146
13011
13632
13884
15470
15614
16163
16251
16997
18431
18803
19000
19530
21328
21351
21388
21677
21759
23344
23641
25223
25430
27258
27522
27768
27929
28666
29544
29950
30262
30343
30937
31803
31984
32517
32748
33300
33922
34922
35523
36474
37381
38832
39604
41272
41589
42585
42896
43659
43982
44163
44468
44519
44540
Number of cuts: 61

AppleCloud
362
2700
4015
6451
6624
7045
7624
7784
7828
11880
12052
12426
12741
13678
13930
14490
15516
15560
15660
16209
16297
17043
17416
18477
18789
18849
19046
20872
21397
21723
22521
22912
25503
27269
27533
27940
28756
29631
29882
30194
30869
31322
31735
31916
32683
33235
33581
34587
35895
36139
37046
38497
39266
39498
40519
40935
41069
41252
42336
43331
44143
44215
45041
45153
45273
Number of cuts: 65

Belenaria
598
2991
3613
6024
6716
6757
7351
7930
8090
8134
8614
10009
12227
13092
13965
14495
15551
15695
16243
17078
18512
18884
19081
19611
20173
20907
21432
21758
22438
25292
25562
26452
27328
27838
28736
29612
30018
30330
31005
31871
32052
32819
33371
33723
34735
36043
36287
37194
38645
39414
39646
40667
41083
41217
41400
42484
43479
44291
44363
45189
45301
45421
Number of cuts: 62

BobbyDazzler
598
3062
6772
7407
7986
8190
9582
12272
13137
13758
14010
14540
14781
15596
15740
16289
16377
17123
18520
18557
18869
18929
19126
21454
21477
22484
22848
24053
24076
25337
25607
26497
27373
27637
27883
28781
29659
30131
30443
31118
31984
32165
32698
33484
33836
34839
36147
36391
37298
38749
39521
39753
41188
41322
41505
42590
43585
43896
44397
44469
45295
45407
45527
Number of cuts: 63

Bonanza
598
2991
6701
7336
7915
8119
9511
12201
13066
13687
13834
13939
14469
14710
15525
15669
16218
16306
17052
18449
18486
18798
18858
19055
21368
21383
21406
21443
22412
25265
25535
26425
27301
27565
27811
28709
29587
30059
30371
31046
31912
32093
32626
32860
33412
33764
34764
36072
36316
37603
39054
39826
40058
41493
41627
41810
42894
43889
44396
44701
44773
45599
45711
45831
Number of cuts: 64

Bradshaw
598
2991
3613
4306
6024
6716
6757
7351
7930
8090
8134
8614
10009
12227
13092
13965
14495
15551
15695
16243
17078
18512
18884
19081
19611
20173
20907
21432
21758
22438
25291
25561
27327
27591
27837
28735
29613
30085
31072
31938
32119
32652
32886
33438
33790
34793
36101
36354
37261
38712
39484
39716
40735
41151
41468
42552
43547
44359
44431
45257
45489
Number of cuts: 61

Bryce
598
2991
5437
6701
7336
7915
8119
9511
12201
13066
13687
13939
14469
15525
15669
16218
16306
17052
18449
18486
18798
18858
19055
21383
21406
22413
22777
24005
25266
25536
26426
27302
27566
27812
28710
29588
29839
30151
30826
31692
31873
32406
33192
33544
34547
35855
36099
37006
38457
39229
39461
40896
41030
41213
42298
43293
43604
44105
44177
45003
45115
45235
Number of cuts: 62

ChewyVIII
1115
2565
4671
7042
8245
10282
10388
10525
11053
11419
12102
12269
12539
14215
15420
16863
17207
17235
17306
17763
19475
19888
19924
20276
21485
22828
26957
26990
27433
29251
29317
29936
30434
31522
32523
33546
33645
34638
37997
39265
39709
40774
42180
42281
42726
44905
46145
46442
47213
47960
48472
48635
50015
50333
50717
50915
51512
52452
53486
54144
55461
56146
56296
58260
58293
58851
60393
62059
62230
62242
62674
66329
66459
68013
Number of cuts: 74

CosmicSans
598
2991
3613
4306
6024
6716
6757
7351
7930
8090
8134
8614
10009
12227
13092
13965
14495
15551
15695
16243
17078
18512
18884
19081
19611
20173
20907
21432
21758
22438
25280
25291
27327
27591
27837
28735
29613
30085
31072
31938
32119
32652
32886
33438
33790
34793
36101
36345
37252
38703
39475
39707
41142
41276
41459
42543
43538
44350
44422
45248
45360
45480
Number of cuts: 62

Dinger
599
2273
6020
6697
6738
7332
7911
8115
9194
12197
13062
13683
13830
15521
15665
16214
16302
17048
17421
18482
18854
19051
19581
21379
21439
21728
23181
23396
25275
25545
27311
27575
27982
28798
29674
29954
30266
30941
31807
31988
32521
32755
33307
33923
34935
35465
36243
36487
37394
38845
39617
39851
41286
41603
42603
42914
43677
44000
44181
44486
44537
44558
Number of cuts: 62

DocB7
2161
2847
2946
4741
4833
8164
8727
8811
10583
10735
10882
11395
14099
14798
15926
17229
17391
18109
18859
19867
20401
21023
21073
21340
21382
22156
22312
23116
23767
24160
25363
25942
26050
26353
26581
26875
27958
28412
28532
29851
32352
33440
33912
35477
36475
36733
36905
39117
39171
39361
39789
40385
40709
41089
41431
42956
43196
43821
44333
45680
46610
47841
48005
49348
49602
50094
50908
51041
52420
52542
52929
52980
53381
53475
53778
53916
55782
56711
57782
58276
61065
61212
61512
63231
63243
63284
63950
64288
67207
68422
69089
69489
71103
71857
72835
73153
73660
73799
74229
75297
75619
75765
Number of cuts: 102

E3
1451
2019
3006
3456
4880
5066
5773
5935
6832
7078
7090
7508
8000
8256
8687
9275
9562
9715
10867
12125
13570
13828
19071
19293
19499
20696
20717
21380
22598
23236
24476
24610
24990
26295
27489
28158
28440
30569
32945
33128
35696
36386
36428
37578
38816
39125
39326
41604
41765
43306
43698
48526
49849
50185
50422
50779
50914
50923
51436
55222
55258
55426
55495
55585
55673
56519
57337
58351
60480
60844
61686
61728
61758
66475
66823
67194
68165
68431
68763
69640
71408
72564
74748
76646
77120
77306
77897
78964
79594
80118
80940
81561
83091
84043
84504
85408
85946
86840
87190
90782
90976
91051
92830
92893
93649
95939
99709
100482
100722
102596
104062
104563
104578
106903
106918
108050
108989
109696
113188
114120
114572
114590
116574
117832
120846
121817
123960
124365
124967
127545
127629
128537
128629
131289
132997
137198
139930
141875
141956
Number of cuts: 139

Erik
598
2991
3613
6024
6716
6757
7351
7930
8090
8134
8614
10008
12226
13091
13964
14494
15550
15694
16242
17077
18511
18883
19080
19610
20172
20906
21431
21757
22437
25289
25559
26449
27325
27835
28733
29611
30017
30329
31004
31870
32051
32584
32818
33370
33722
34725
36033
36277
37184
38635
39407
39639
40973
41107
41290
42374
43369
44181
44253
45079
45191
45311
Number of cuts: 62

Espica
598
2991
3613
6024
6716
6757
7351
7930
8090
8134
8614
10009
12227
13092
13965
14495
15551
15695
16243
17078
18512
18884
19081
19611
20173
20907
21432
21758
22438
25292
25562
26452
27328
27838
28736
29612
30018
30330
31005
31871
32052
32819
33371
33723
34735
36043
36287
37194
38645
39414
39646
40667
41083
41217
41400
42484
43479
44291
44363
45189
45301
45421
Number of cuts: 62

Finch
365
974
1823
2300
2347
3244
3485
5824
5973
5999
6658
6772
7723
8886
10514
10685
10865
14632
15596
16010
16484
17582
17825
20762
20986
21259
22231
23496
23502
23829
24430
24481
24574
25640
26648
27277
29193
29926
29956
29977
31231
31633
36527
37184
39275
41138
42699
44078
44354
44570
44670
45582
45885
45900
46110
47325
51962
52667
54999
55279
56822
56891
56960
58841
60383
60564
62805
63243
63366
64665
65121
65151
65895
66048
66816
66882
67095
67959
68969
69230
69473
71054
71390
71529
72270
72914
73117
73228
73429
74036
74129
75669
76380
76744
78490
79125
81088
81400
81711
82387
82600
82957
83551
84292
86370
88246
88569
89388
89653
90032
90160
91449
93407
93983
94073
94552
95251
96058
98282
100199
100555
100708
101999
102271
102323
104018
104058
104303
106393
106581
106818
106866
107408
108287
109525
109731
109895
113207
113384
113562
115583
117365
119421
120278
120899
123183
123258
123264
125534
125807
126824
127306
129050
129195
130977
131604
132042
132522
132993
133550
134048
134944
135044
135762
136175
136592
136769
136895
136964
137211
138038
138146
Number of cuts: 172

Gollum
598
2991
3613
6024
6716
6757
7351
7930
8090
8134
8614
10009
12227
13092
13965
14495
15551
15695
16244
16332
17078
18512
18884
19611
20173
20907
21432
21758
22438
23198
25291
25561
25699
27327
27837
28735
29611
30083
31070
31936
32117
32884
33436
33788
34791
36099
36343
37250
38701
39470
39702
41084
41218
41401
42485
43480
44292
44364
45190
45422
Number of cuts: 60

Grayson
1735
1917
1964
5408
11930
13737
23370
23451
23822
27165
27184
27424
29966
30877
30949
31262
37444
37768
40274
40777
42753
45000
45033
45669
46426
48322
48890
51646
52672
55050
55400
58078
61833
62257
63613
63757
63800
63901
64393
65527
65862
71447
72114
73716
75950
77985
80127
80504
84148
85384
85570
85638
85683
86526
91072
91095
96405
96573
97168
97797
105263
105730
107132
107944
108212
110732
112362
112400
112882
113019
113286
113432
119286
121910
122747
123159
123525
123977
124046
126179
126422
126578
127142
128114
130636
130818
130865
Number of cuts: 87

Harlequin
598
2991
6701
6742
7336
7915
8119
12177
13042
13663
13915
14445
15501
15645
16194
16282
17028
18425
18462
18774
18834
19031
21359
21382
22443
22807
24035
25296
25566
26456
27332
27596
27842
28740
29618
29869
30181
30856
31722
31903
32436
33222
33574
34577
35885
36129
37036
39259
39493
40931
41065
41248
42333
43328
43639
44140
44212
45038
45150
45270
Number of cuts: 60

Hiro
598
2991
6701
7336
7915
8075
8119
12171
12343
12717
13032
14221
14781
15807
15951
16500
16588
17334
17707
18768
19140
19337
19867
21163
21688
22014
22812
24290
25551
25821
26711
27587
27851
28097
28995
29873
30345
30657
31332
32198
32379
32912
33698
34050
35053
36361
36605
37512
38963
39735
39967
41402
41536
41719
42804
43799
44110
44611
44683
45509
45621
45741
Number of cuts: 62

Jace
545
1060
2917
3373
3427
4341
5038
5177
6478
6702
8173
8516
8693
8861
8879
10424
11267
11466
12002
12210
13235
18096
20606
23637
23904
26506
30505
33197
34878
40495
41695
43152
44125
44191
46031
50160
Number of cuts: 36

Jester
598
2991
6701
6742
7336
7915
8119
11457
12171
12186
13036
13657
13909
14360
15495
15539
15639
16188
16276
17022
17395
18456
18768
18828
19025
21353
21376
22374
22738
23966
25227
25497
26387
27263
27527
27773
28671
29549
29800
30112
30787
31653
31834
32367
33153
33505
34508
35816
36060
36967
39190
39424
40862
40996
41179
42264
43259
43570
44071
44143
44969
45081
45201
Number of cuts: 63

Krishelle
598
2991
3613
6024
6716
6757
7351
7930
8090
8134
12186
12358
12732
13047
13984
14236
14796
15822
15866
15966
16515
16603
17349
17722
18783
19095
19155
19352
21178
21703
22065
22863
23254
25845
27611
27875
28282
29098
29973
30445
31432
32298
32479
33012
33246
33798
34150
35153
36461
36714
37621
39072
39844
40076
41095
41511
41828
42912
43907
44719
44791
45617
45849
Number of cuts: 63

Lillie
598
2991
3613
4306
6024
6716
6757
7351
7930
8090
8134
8614
10009
12227
13092
13965
14495
15551
15695
16243
17078
18512
18884
19081
19611
20173
20907
21432
21758
22438
25280
25291
27327
27591
27837
28735
29613
30085
31072
31938
32119
32652
32886
33438
33790
34793
36101
36345
37252
38703
39475
39707
41142
41276
41459
42543
43538
44350
44422
45248
45360
45480
Number of cuts: 62

Mahdia
468
1145
1325
1955
2882
3020
3526
4096
4147
4264
4342
4700
5505
5968
5986
6001
6587
7131
7143
7349
7979
8045
8212
8284
8338
8410
9140
9601
9902
9932
9965
10337
10415
11075
11351
12005
12323
12395
12410
13331
13340
13610
14043
14063
14723
14803
15257
15653
15854
15866
16614
17008
17260
17965
18217
18691
18892
19140
19975
20218
21484
21702
22026
22421
22510
22516
23380
23697
23859
24557
25361
25592
25796
26375
26530
26705
26852
27403
27760
28499
28550
28763
29087
29300
29744
30030
30086
30527
31070
31192
32055
32228
32240
32477
32987
33005
33167
33212
33506
33527
33593
33650
33923
33971
34061
34175
34397
34607
34622
34922
35487
35585
35841
36035
36324
36657
37369
37417
38125
38951
39531
41108
41404
41671
42067
42224
Number of cuts: 126

Naiad
598
2991
3613
6024
6716
6757
7351
7930
8090
8134
8614
10009
12227
13092
13965
14495
15551
15695
16243
17078
18512
18884
19081
19611
20173
20907
21432
21758
22451
25304
25574
27340
27604
27850
28748
29626
30098
31085
31951
32132
32665
32899
33451
33803
34806
36114
36367
37274
38725
39497
39729
40748
41164
41481
42565
43560
44372
44444
45270
45382
45502
Number of cuts: 61

Nancinator
598
2991
3613
6024
6716
6757
7351
7930
8090
8134
8614
10009
12227
13092
13965
14495
15551
15695
16243
17078
18512
18884
19081
19611
20173
20907
21432
21758
22438
25292
25562
26452
27328
27838
28736
29612
30018
30330
31005
31871
32052
32819
33371
33723
34735
36043
36287
37194
38645
39414
40481
40615
40798
41882
42877
43689
43761
44587
44699
44819
Number of cuts: 60

Natosaleda
598
2991
3613
6024
6716
6757
7351
7930
8090
8134
8614
10009
12227
13092
13965
14495
15551
15695
16243
17078
18512
18884
19081
19611
20173
20907
21432
21758
22438
25291
25561
26451
27327
27837
28735
29611
30017
30329
31004
31870
32051
32818
33370
33722
34734
36042
36286
37193
38644
39413
39645
40666
41082
41216
41399
42483
43478
44290
44362
45188
45300
45420
Number of cuts: 62

Partridge
596
6083
6760
6801
7395
7974
8134
8178
12260
13125
13746
13893
13998
15584
15728
16277
16365
17111
17484
18545
18917
19114
19644
21442
21502
21791
23244
23459
25338
25608
25644
27674
28081
28897
29773
30245
30557
31232
32098
32279
33043
33595
34079
35091
35621
36643
37551
39002
39774
40008
41443
41760
42832
42949
43260
44023
44527
44832
44883
44904
Number of cuts: 60

Pepy6
506
615
1392
1673
3801
5575
7705
8433
9330
9433
9487
10221
12384
12990
15824
17649
18778
20320
21127
21809
22155
22516
23163
23301
26217
27338
28678
29175
29369
29544
29638
30090
30183
30960
31042
31803
32901
33181
33255
34056
34395
34489
34500
36950
37304
37947
38156
39215
40379
44244
44580
45788
45820
46049
46948
48163
49356
50717
51088
53005
55438
55472
56113
56158
56471
57810
58290
60160
62894
63857
64229
64328
65324
65964
67592
70573
70696
70975
71464
71909
73606
75065
75575
76215
76627
Number of cuts: 85

Peregrin
1133
1811
2584
2615
10030
11244
15952
22242
22536
22617
22988
25133
25886
26014
26938
29919
33315
35519
39055
39557
41533
43780
45206
47670
50420
50429
51455
53833
57351
59821
60200
61980
62124
62167
63708
63945
64280
64596
64892
69857
69865
72126
72446
72455
74573
75879
78195
79171
80658
81035
85489
85602
89152
90503
90526
95438
95606
96198
98156
99161
99438
100589
105465
106151
107407
108217
110393
111934
111972
112598
112727
112864
113428
116454
118446
120549
121829
122657
124319
124826
125192
125817
125892
126498
127459
127615
128179
128992
129332
129581
131202
131880
132653
132684
Number of cuts: 94

Phrankenstein
598
2991
3613
4306
6024
6716
6757
7351
7930
8090
8134
8614
10009
12227
13092
13965
14495
15551
15695
16243
17078
18512
18884
19081
19611
20173
20907
21432
21704
22384
25226
25237
27273
27783
28681
29559
30031
30343
31018
31884
32065
32598
32832
33384
33736
34739
36047
36291
37198
38649
39421
39653
41088
41222
41405
42489
43484
44296
44368
45194
45306
45426
Number of cuts: 62

Pine5
2055
2796
5946
14485
14584
17031
17271
19881
20855
21104
21893
22520
22893
23291
25055
25298
32414
35194
35542
35900
37202
37209
38577
39309
41046
42229
43837
45393
46462
47533
48164
49789
50300
50435
54103
54691
55462
57325
Number of cuts: 38

Poco6
615
3213
4866
5301
6048
6081
6932
8988
9443
10042
11235
11864
12761
15246
15312
16441
17819
18584
19297
19696
22342
23149
23750
23831
24180
25176
25314
27498
28230
29393
31194
31563
32325
32917
33705
33828
34398
35659
36191
36317
36511
36522
36572
38526
39699
39725
40157
40997
44101
46683
46915
47587
48027
48785
48985
50865
52034
52232
54513
57621
57666
57979
60117
63516
63756
64706
65078
65177
66071
66364
68351
69338
71959
72727
73171
74868
75964
77483
Number of cuts: 78

Rasputin
598
2991
3613
6701
7336
7915
8120
12196
13061
13682
13829
13934
14464
14705
15520
15664
16213
16301
17047
18481
18793
18853
19050
21378
21401
22408
23168
23383
25262
25532
25670
26422
27298
27562
27808
28706
29584
30056
30368
31043
31909
32090
32623
32857
33409
33761
34764
36072
36316
37223
38674
39446
39678
41113
41247
41430
42514
43509
44321
44393
45219
45331
45451
Number of cuts: 63

RER2
598
2991
3613
4306
6024
6716
6757
7351
7930
8090
8134
8614
10009
12227
13092
13965
14495
15551
15695
16243
16332
17078
18512
18884
19081
19611
20173
21432
21758
22438
22802
25291
25561
26451
27327
27591
27837
28735
29613
30085
30397
31072
31938
32119
32652
32886
33438
33790
34793
36101
36345
37252
38703
39475
39707
41142
41276
41459
42543
43538
44350
44422
45248
45360
45480
Number of cuts: 65

RexFury
598
3022
3644
6055
6747
6788
7382
7961
8121
8165
8645
10040
12258
13123
13996
14526
15582
15726
16274
16363
17109
18543
18915
19112
19642
20204
20938
21463
21789
22469
25322
25592
25730
26482
27358
27868
28766
29644
30116
30428
31103
31969
32150
32683
32917
33469
33821
34824
36132
36376
37283
38734
39503
39735
40756
41172
41306
41489
42573
43568
44380
44452
45278
45390
45510
Number of cuts: 65

RGL3
3678
4722
4889
6409
7060
7920
8433
8604
9679
12202
15702
15759
16408
16496
18674
19034
19231
21818
23424
28578
28985
30755
31067
33036
34017
34177
35552
35642
37785
38060
39753
41205
41616
41819
41858
43997
44467
45725
46010
Number of cuts: 39

Rhodalysa
598
2991
3613
4306
6024
6716
6757
7351
7930
8090
8134
8614
10009
12227
13092
13965
14495
15551
15695
16243
17078
18512
18884
19081
19611
20173
20907
21432
21758
22438
25280
25291
27327
27591
27837
28735
29613
30085
31072
31938
32119
32652
32886
33438
33790
34793
36101
36345
37252
38703
39475
39707
41142
41276
41459
42543
43538
44350
44422
45248
45360
45480
Number of cuts: 62

StCroix
598
2991
3613
6024
6716
6757
7351
7930
8090
8134
8614
10009
12227
13092
13965
14495
15551
15695
16243
17078
18512
18884
19081
19611
20173
20907
21432
21758
22451
25304
25574
27340
27604
27850
28748
29626
30098
31085
31951
32132
32665
32899
33451
33803
34806
36114
36367
37274
38725
39497
39729
40748
41164
41481
42565
43560
44372
44444
45270
45382
45502
Number of cuts: 61

Swann
598
2991
3613
4306
6024
6716
6757
7351
7930
8090
8134
8614
10009
12227
13092
13965
14495
15551
15695
16243
17078
18512
18884
19081
19611
20173
20907
21432
21758
22438
25291
25561
25699
26451
27327
27837
28735
29611
30083
31070
31936
32117
32650
32884
33436
33788
34791
36099
36343
37250
38701
39473
39705
41140
41274
41457
42541
43536
44348
44420
45246
45358
45478
Number of cuts: 63

Takoda
596
6016
6693
6734
7328
7907
8111
9503
12187
13052
13673
13925
15511
15655
16204
16292
16428
18472
18844
19041
19571
21369
21392
21429
21718
21800
23385
23682
25264
26424
27300
27564
27810
27971
28708
29586
29992
30385
30979
31845
32026
32559
32790
33342
33964
34976
36284
36528
37253
37435
39658
41326
41643
42639
42950
43867
44190
44371
44676
44727
44748
Number of cuts: 61

Trina
1846
6205
6448
8366
9053
11616
11903
12247
14195
16689
16902
18259
18335
18872
21203
22066
22822
24394
25489
28764
29121
31470
35227
37604
39232
39888
40741
41092
42898
44159
44295
46729
47877
51222
51588
51765
53070
54930
54984
56134
56408
59572
60035
60404
63304
63951
66198
66235
67595
67969
71837
72610
73822
75440
78644
80109
82789
84957
84972
85278
85890
86498
86880
88906
89710
91659
92294
92745
93453
95781
97021
98586
100284
102340
102431
103414
106425
110821
113294
114264
114474
114749
115140
115641
116923
120477
124121
127380
127622
129382
131347
131484
138248
Number of cuts: 93

TWAMP
598
2991
3613
4306
6024
6716
6757
7351
7930
8090
8134
8614
10009
12227
13092
13965
14495
15551
15695
16243
17078
18512
18884
19081
19611
20173
20907
21432
21758
22438
25280
25291
27327
27591
27837
28735
29613
30085
31072
31938
32119
32652
32886
33438
33790
34793
36101
36345
37252
38703
39475
39707
41142
41276
41459
42543
43538
44350
44422
45248
45360
45480
Number of cuts: 62

UhSalsa
598
2991
3613
6024
6716
6757
7351
7930
8090
8134
8614
10009
12227
13092
13965
14495
15551
15695
16243
17078
18512
18884
19081
19611
20173
20907
21432
21758
22438
25292
25562
26452
27328
27838
28736
29612
30018
30330
31005
31871
32052
32819
33371
33723
34735
36043
36287
37194
38645
39414
39646
40667
41083
41217
41400
42484
43479
44291
44363
45189
45301
45421
Number of cuts: 62

Weasels2
1484
2014
3782
4468
5977
7458
8505
8733
10781
10999
11796
13034
14057
22420
22943
23024
23395
25136
28933
31202
37328
37583
37885
40214
41768
43779
44456
46622
50114
52239
54148
54842
60656
63316
63486
64671
64786
66369
67118
69995
70868
72488
77488
80606
80688
83523
86196
88736
88804
88849
90188
90548
90646
90861
91441
91458
93228
95298
96058
96333
96345
96459
99642
100386
100576
100587
100744
101837
103302
104763
106381
107916
108566
109249
111382
112660
113373
113706
115066
115401
115423
115958
116469
119480
122264
122879
123318
124892
125816
127636
127651
130452
131371
133189
133719
Number of cuts: 95

Yogi
598
2991
6701
7336
7915
8119
9511
12201
13066
13687
13834
13939
14469
14710
15525
15669
16218
16306
17052
18449
18486
18798
18858
19055
21368
21383
21406
21443
22412
25265
25535
26425
27301
27565
27811
28709
29587
30059
30371
31046
31912
32093
32626
32860
33412
33764
34764
36072
36316
37603
39054
39826
40058
41493
41627
41810
42894
43889
44396
44701
44773
45599
45711
45831
Number of cuts: 64

Yoncess
598
2991
6024
6701
7336
7915
8119
9511
12201
13066
13687
13939
14469
14710
15525
15669
16218
16306
17052
18449
18486
18798
18858
19055
21383
21406
22413
22777
24005
25266
25536
26426
27302
27566
27812
28710
29588
29839
30151
30826
31692
31873
32406
32640
33192
33544
34547
35855
36099
37006
38457
39229
39461
40896
41030
41213
42301
43297
43608
44109
44181
45007
45119
45239
Number of cuts: 64

