Alatin
38
473
1118
1170
1182
2591
3355
3554
3888
4004
4706
5319
5518
5557
5695
5984
6066
6836
7431
8635
8715
8738
9567
10372
10561
11020
11234
11520
11846
11949
12014
12436
12853
13317
14421
14480
14558
14600
15266
15706
15735
15933
15947
16762
17348
20151
20477
20988
22157
22406
22424
22815
22896
23656
24053
25039
25275
25504
27339
27625
27851
28136
28721
28817
29692
29986
30076
30579
30585
30849
32271
32588
32915
32938
32996
33584
34487
34575
35328
36921
37000
37194
37703
38196
38603
38923
38963
40795
41029
41083
41384
44422
44921
45295
45496
45666
46007
46029
Number of cuts: 98

Alpacados
38
473
1118
1170
1182
2553
3317
3516
4668
5480
5657
5946
6028
6783
7378
8564
8645
8668
9764
10302
10491
10956
11170
11456
11782
11885
11950
13253
13997
14357
14416
14494
14536
15202
15671
15869
15883
16152
17284
17926
18751
20087
20413
20924
22038
22224
22275
22293
22684
22711
22765
23525
23922
24908
25144
25373
26010
27756
28041
29038
29597
29891
29981
30484
30490
30754
32176
32493
32820
32843
32901
33489
34337
34389
34477
35230
35402
36138
36814
36893
37087
37596
38089
38142
38496
38816
39846
40618
40852
40868
40906
41207
44245
44744
45118
45319
45830
45852
Number of cuts: 98

AngryOrchard
38
333
1111
1163
1175
2157
3300
3833
3949
4651
5502
5640
5929
6011
6446
6766
7361
8547
8628
8651
9480
9747
10285
10474
10939
11153
11439
11765
11868
11933
13236
13980
14477
14519
15185
15625
15654
15866
16135
17246
17267
19858
21563
21985
22021
22270
22288
22679
22760
23520
24904
25140
25970
26104
28429
28681
28997
29556
29773
30377
30383
30647
32069
32252
32710
32791
33238
33742
33768
34483
34497
35390
36298
36974
37053
37088
37756
38249
38656
38976
39016
40008
40849
41083
41137
41297
41438
42469
42517
42577
43303
44464
44963
45250
45451
45610
45767
45935
45957
46157
Number of cuts: 100

AppleCloud
39
237
911
963
975
1921
2804
3064
3263
3597
3713
5227
5287
5404
5693
5775
6210
6394
7125
8311
8392
9220
10025
10214
10673
10887
11173
11499
11602
11667
11700
12359
12849
13282
14026
14386
14445
14523
14565
15231
15486
15700
15898
15912
16181
16505
17313
18780
20991
22068
22269
22359
23049
23538
23943
24694
24914
25150
25865
27264
27715
27726
28011
28353
29087
29643
30309
30315
30579
32001
32318
32645
32660
32726
33407
34217
35055
35963
36639
36652
36718
36912
37421
37914
38321
38641
38681
39668
39988
40512
40746
40800
41101
44139
44638
45012
45213
45383
45724
45746
Number of cuts: 100

Belenaria
38
473
1118
1170
1182
2591
3355
3554
3888
4004
4706
5319
5518
5557
5695
5984
6066
6836
7431
8635
8715
8738
9567
10372
10561
11020
11234
11520
11846
11949
12014
12436
12853
13317
14421
14480
14558
14600
15266
15706
15735
15933
15947
16762
17348
20151
20477
20988
22102
22288
22339
22357
22829
23589
23986
24973
25209
25409
25438
27256
27273
27785
28070
29067
29624
29841
30445
30451
30715
32137
32454
32781
32804
32862
33450
34298
34362
34450
35203
36111
36787
36800
36866
37060
37569
38062
38469
38789
38829
39816
40136
40660
40894
40948
41249
44287
44786
45160
45361
45531
45872
45894
Number of cuts: 102

BobbyDazzler
38
402
473
1118
1170
1182
2277
2662
3426
3625
4777
5589
6055
6137
6892
7487
8673
8754
8777
9873
10411
10600
11065
11279
11565
11891
11994
12059
13362
14106
14466
14525
14603
14645
15311
15780
15978
15992
16261
17393
18035
18860
19984
20196
20555
21033
22148
22334
22385
22403
22794
22821
22875
23635
24032
25018
25254
25483
26084
27830
28115
29112
29671
29965
30055
30558
30564
30828
32250
32567
32894
32917
32975
33563
33932
34466
34554
35307
36215
36891
36970
37164
37673
38166
38219
38573
38893
39923
40765
40999
41015
41053
41354
44393
44892
45266
45467
45978
46000
Number of cuts: 99

Bonanza
38
473
1118
1170
1182
2591
3355
3554
4706
5518
5695
5984
6066
6821
7416
8602
8683
8706
9802
10340
10529
10994
11208
11494
11820
11923
11988
13291
13368
14035
14395
14454
14532
14574
15240
15709
15907
15921
16190
17322
17964
18789
19913
20125
20451
20962
22076
22262
22313
22331
22722
22749
22803
23563
24946
25182
25411
26012
27758
28043
29040
29599
29893
29983
30486
30492
30756
32178
32495
32822
32845
32903
33491
34339
34391
34479
35232
35404
36140
36769
37196
37209
37275
37469
37978
38471
38524
39198
39238
40228
41070
41304
41320
41358
41659
44697
45196
45570
45771
45941
46098
46267
46289
Number of cuts: 103

Bradshaw
38
473
1118
1170
1182
2591
2943
3355
3554
3888
4004
4706
5319
5518
5557
5695
5984
6066
6836
7431
8635
8715
8738
9567
10372
10561
11020
11234
11520
11846
11949
12014
12436
12853
13317
14421
14480
14558
14600
15266
15706
15735
15933
15947
16762
17348
20151
20477
20988
22102
22288
22339
22357
22829
23589
23986
24972
25208
25437
27272
27558
27784
28069
28654
28750
29625
29919
30009
30512
30518
30782
32204
32521
32848
32871
32929
33517
34420
34508
35261
36854
36933
37127
37636
38129
38536
38856
38896
39886
40728
40962
41016
41317
44355
44854
45228
45429
45599
45940
45962
Number of cuts: 100

Bryce
38
473
1118
1170
1182
2591
3355
3554
4706
5518
5984
6066
6821
7416
8602
8683
8706
9802
10340
10529
10994
11208
11494
11820
11923
11988
13291
14035
14395
14454
14532
14574
15240
15709
15907
15921
16190
17322
17964
18789
19913
20125
20484
20962
22077
22263
22314
22332
22723
22750
22804
23564
23961
24947
25183
25412
26013
27759
28044
29041
29600
30266
30272
30536
31958
32275
32602
32625
32683
33271
34174
34262
35015
35923
36599
36678
36872
37381
37874
37927
38281
38601
38641
39631
40473
40707
40723
40761
41062
44101
44600
44974
45175
45686
45708
Number of cuts: 95

ChewyVIII
806
1832
2030
2072
2298
2763
3041
3064
3605
3972
5090
5122
5481
5806
6034
6425
6862
7028
7087
7646
7896
8136
8871
9071
9449
10007
10190
11023
11179
12317
12960
13032
13533
13609
14467
15588
16401
16854
17471
17633
17750
17813
18245
19467
20931
21859
22046
24627
24858
25000
25405
26781
27072
27085
27362
27613
28357
29753
30197
30679
31676
32261
33472
34995
36283
36501
37281
37865
40690
40805
41878
42021
42232
42289
43224
43606
44194
44359
46607
48327
49419
49956
50495
50552
50582
51321
51968
52230
52701
52851
52875
53156
53645
53835
54832
54880
54976
55232
57131
57435
57680
57703
58122
58999
62723
62910
64898
65181
65825
66926
66946
67531
67755
67854
68880
Number of cuts: 115

CosmicSans
38
473
1118
1170
1182
2591
2943
3355
3554
3888
4004
4706
5319
5518
5557
5695
5984
6066
6836
7431
8635
8715
8738
9567
10372
10561
11020
11234
11520
11846
11949
12014
12436
12853
13317
14421
14480
14558
14600
15266
15706
15735
15933
15947
16762
17348
20151
20477
20988
22102
22288
22339
22357
22829
23589
23986
24972
25208
27272
27558
27784
28069
28750
29625
29919
30009
30512
30518
30782
32204
32521
32848
32871
32929
33517
34420
34508
35261
36169
36845
36924
37118
37627
38120
38527
38847
38887
39877
40719
40953
40969
41007
41308
44346
44845
45219
45420
45590
45931
45953
46153
Number of cuts: 101

Dinger
38
1165
1177
2208
3351
3773
3884
4000
4702
5514
5553
5691
5980
6062
6497
6504
6817
7412
8598
8679
8702
9531
9798
10336
10525
10990
11204
11490
11816
11919
11984
13287
13797
14031
14528
14570
15236
15676
15705
15917
16186
17202
17318
20121
20958
21614
22073
22322
22340
22812
23572
24736
24956
25192
25907
27306
27757
27768
28053
28395
29129
29686
29895
30381
30387
30651
32073
32717
32798
33749
33775
34562
34650
35403
36311
36987
37066
37260
37769
38262
38669
38989
39029
40021
40863
41097
41151
41452
41777
42487
42535
42595
43321
44482
44981
45267
45468
45785
45954
45976
Number of cuts: 100

DocB7
226
616
666
976
1550
2091
2113
2334
2405
2434
2796
3508
3558
3671
4198
4245
4477
4489
4734
4875
5726
6119
6773
7411
7731
7843
7938
8254
8658
8776
8851
9365
9776
9930
10575
10588
11923
12673
12783
13181
13292
13416
13500
13888
14003
14367
14513
14737
14821
14989
15072
15244
16743
17416
19758
21355
21595
23578
24219
25139
25878
26608
27080
27931
27944
28013
28237
28256
29548
29728
30030
31415
31988
32005
33137
33161
33509
33741
33872
34053
35024
36175
36594
36986
37085
37197
37303
37348
38282
38633
38704
39630
40129
40245
40792
40828
40875
40979
41183
41903
41980
42269
43068
44078
44728
45632
46117
46266
46760
47185
47371
47478
47683
47766
48146
48152
48341
48620
49146
49289
49608
50262
50879
52708
53075
53217
53352
53581
54051
54141
54309
54354
55371
55907
56589
57370
57585
57874
57889
57951
58071
58242
59733
60171
60569
60864
62143
63002
63151
63426
63455
63595
64110
64462
64499
64932
65403
65552
65678
65797
65878
66415
66741
66765
66867
66933
67103
67233
67244
67573
67685
67843
68455
68908
69567
69818
69993
70322
70857
71311
71419
71851
72069
73824
73869
74578
75033
75059
75090
75401
75548
Number of cuts: 191

E3
1229
1410
7219
8113
9099
16030
17575
19601
21433
23918
24490
32205
33041
33890
39258
39547
39770
39945
40044
41194
41865
41922
43158
45190
45859
45875
46274
46797
47615
47970
48788
49367
49376
49442
50963
51658
53607
55472
57924
58451
61837
64433
65479
66196
66533
71076
71324
71466
71897
72942
73822
74115
74994
78794
87532
88355
92980
93124
93342
94483
95469
97141
98610
99575
99580
100132
101838
102457
103794
103959
104798
107448
107778
109119
109483
110347
111278
111520
114894
115507
118764
119345
119828
121176
122697
124204
124345
126462
127652
127949
128668
134191
137575
138297
138988
140359
141596
Number of cuts: 97

Erik
38
473
1118
1170
1182
2591
3355
3554
3888
4004
4706
5319
5518
5557
5695
5984
6066
6836
7431
8635
8714
8737
9566
10371
10560
11019
11233
11519
11845
11948
12013
12435
12852
13316
14420
14479
14557
14599
15265
15705
15734
15932
15946
16761
17347
20150
20476
20987
22101
22287
22338
22356
22828
23587
23984
24970
25206
25406
25435
26454
27253
27270
27782
28067
29623
29840
30444
30450
30714
32136
32453
32780
32803
32861
33449
34352
34440
35193
36101
36777
36856
37050
37559
38052
38459
38779
38819
39809
40550
40784
40800
40838
41139
44177
44676
45050
45251
45421
45762
45784
Number of cuts: 100

Espica
38
473
1118
1170
1182
2591
3355
3554
3888
4004
4706
5319
5518
5557
5695
5984
6066
6836
7431
8635
8715
8738
9567
10372
10561
11020
11234
11520
11846
11949
12014
12436
12853
13317
14421
14480
14558
14600
15266
15706
15735
15933
15947
16762
17348
20151
20477
20988
22102
22288
22339
22357
22829
23589
23986
24973
25209
25409
25438
27256
27273
27785
28070
29067
29624
29841
30445
30451
30715
32137
32454
32781
32804
32862
33450
34298
34362
34450
35203
36111
36787
36800
36866
37060
37569
38062
38469
38789
38829
39816
40136
40660
40894
40948
41249
44287
44786
45160
45361
45531
45872
45894
Number of cuts: 102

Finch
1704
2544
3043
3075
3789
3901
4148
5541
5574
5732
6078
7668
7987
8731
9003
9257
9818
11025
11460
12144
12877
12946
13064
13135
13246
14647
15012
15460
16088
16477
16772
16850
16890
17065
17564
18308
18526
19005
20256
21909
21924
23659
23860
24767
24782
25931
26881
26977
28758
29216
29426
29499
29542
29673
29756
29861
30141
30189
30956
31408
31647
31763
32481
32547
32862
33428
33955
34006
34356
35306
35575
35646
35826
36226
36269
37023
37493
38247
38336
40008
40920
41123
42061
44938
45010
46251
46262
47122
47829
48338
49551
50967
51612
51996
52122
52431
53219
53318
53792
53933
56627
57357
57470
57979
58365
58429
59888
60623
61283
61943
63158
64137
64314
64886
65143
66272
66672
68143
69254
69883
71039
71985
74294
74768
75524
75576
75794
75868
76127
78285
79641
79881
80194
82045
82123
82168
85832
86440
86749
86805
87576
88075
90498
90672
92352
92608
92627
92727
93590
93988
94078
94618
94786
96253
97310
97356
97808
99172
100486
101138
102065
103635
103645
104121
104206
107404
107851
107968
109143
109239
109463
110369
113267
113959
114879
115574
115588
116281
116504
116554
116633
117672
118231
119331
120245
120535
122887
123327
123924
124697
127246
128119
128613
129493
129700
132205
133477
133704
133987
134274
134618
135532
137636
137708
137961
138129
138198
Number of cuts: 207

Gollum
38
473
1118
1170
1182
2591
3355
3554
3888
4004
4706
5319
5518
5557
5695
5984
6066
6836
7431
8635
8715
8738
8896
9567
10372
10561
11020
11234
11520
11846
11949
12014
12436
12853
13317
14061
14421
14480
14558
14600
15266
15706
15735
15933
15947
16216
17348
20151
20477
20988
22102
22288
22339
22357
22829
23589
23986
24972
25208
25408
25437
27272
27784
28069
29066
29623
29917
30007
30510
30516
30780
32202
32519
32846
32869
32927
33515
34418
34506
35259
36167
36843
36856
36922
37116
37625
38118
38525
38845
38885
39819
40661
40895
40911
40949
41250
44288
44787
45161
45362
45873
45895
Number of cuts: 102

Grayson
702
1450
1626
1717
2074
2818
3428
4045
4563
4665
5354
5508
5622
5903
5995
6448
6821
7037
7152
7275
8489
8978
9232
9345
9399
9565
9662
9694
9784
9878
10293
10474
11244
11253
11370
11397
12399
12790
13854
14172
14658
15116
15131
15714
15727
16074
16481
16555
16722
17009
17231
17416
17581
17647
17698
18092
18503
18925
18944
19320
20385
20432
20471
20883
20926
21309
22069
22451
22577
23339
23572
23699
24056
24721
24902
24966
25029
25036
25198
25544
25608
25950
26579
27321
27691
27986
28063
28355
28494
28693
28909
29023
29308
29587
29884
30186
30544
30695
31485
31683
32081
33096
33183
33571
33818
33824
34362
35221
35721
36085
36169
36509
37226
37376
37401
37440
37880
38005
38069
38203
38263
38520
39046
39087
39180
39348
39596
40181
40208
40226
40643
41066
41519
42335
42618
42924
43352
44117
44161
44315
45525
45594
46557
46869
47022
47196
47497
47929
48493
48814
48856
49237
49309
49499
49856
50005
50024
50145
50188
50420
50446
50587
50672
50764
50935
51624
51758
51970
52250
52486
52781
52934
53162
53749
53928
53938
53990
54005
54083
54819
55353
55497
55661
55824
55949
56379
56756
56859
57302
57486
57575
57689
57783
57922
58031
58125
58131
59064
59611
59672
60079
60407
60503
60886
61094
61492
61655
61713
61797
62129
62269
62386
63319
63680
63705
63781
63845
64408
64929
64976
65140
65440
65532
65772
66234
66321
66536
66784
66948
67570
68490
68654
68991
69718
69887
70020
70218
70300
70914
71586
72375
72535
72602
72634
72715
73395
74278
74289
74590
74654
74686
75141
75168
75398
75747
76450
77016
77185
77597
77716
78078
78504
78630
78719
78730
78761
78785
79290
79314
79938
79959
80053
80186
80373
80471
80666
80752
80868
81382
82090
82142
82704
82728
82996
83077
83427
83540
84123
84220
84501
84821
84982
85776
85893
86032
86168
86205
86322
86407
86590
87050
87816
88205
88245
88475
88627
88909
89639
89812
90004
90697
90846
90869
91082
91111
91242
91294
91345
91355
91602
91745
91847
92423
92591
94710
95008
95118
95231
95904
96045
96630
96667
96955
97271
97592
97750
97966
98164
98678
98715
98894
99460
100625
101173
101288
101333
101416
102547
102689
102757
102765
103568
103917
103985
104004
104484
105271
106107
106909
107421
107492
107750
107777
107913
107949
108282
108725
109537
109581
110367
111087
111261
111578
111991
112105
112673
113528
114192
114845
114988
115066
115421
115710
115845
116949
117331
118142
118572
118739
118755
119004
119450
119548
120222
121017
121516
121551
121826
121923
122387
122713
123249
123397
123674
123813
124025
124355
124503
124812
125274
125478
125807
127016
127155
127778
127859
127881
128276
128697
129603
130351
130527
130618
130975
131719
Number of cuts: 425

Harlequin
38
473
1118
1170
1182
2591
3355
3554
3888
4004
5518
5557
5695
5984
6066
6501
6821
7416
8602
8683
9511
9778
10316
10505
10970
11184
11470
11796
11899
11964
13267
14011
14371
14430
14508
14550
15216
15685
15883
15897
16166
17298
17940
18765
19889
20101
20460
20938
22107
22293
22344
22362
22753
22780
22834
23594
23991
24977
25213
25442
26043
27789
28074
29071
29630
30296
30302
30566
31988
32305
32632
32655
32713
33301
34204
34292
35045
35953
36629
36708
36902
37411
37957
38311
38631
38671
39663
39983
40742
40758
41097
44136
44635
45009
45210
45721
45743
Number of cuts: 97

Hiro
38
402
473
1118
1170
1182
2591
3355
3554
4706
5518
5984
6066
6821
7416
8602
8683
9511
10316
10505
10964
11178
11464
11790
11893
11958
11991
12650
13140
13573
14317
14677
14736
14814
14856
15522
15991
16189
16203
16472
17604
21282
22359
22560
22650
23340
23829
24246
25232
25468
25697
26298
28044
28329
29326
29885
30179
30269
30772
30778
31042
32464
32781
33108
33131
33189
33777
34146
34680
34768
35521
36429
37105
37184
37378
37887
38380
38433
38787
39107
39147
40137
40979
41213
41229
41267
41568
44607
45106
45480
45681
46192
46214
Number of cuts: 93

Jace
55
99
918
1271
1384
3110
3488
4318
8905
9776
10524
10716
11213
12981
13205
13906
15062
17150
17807
18298
18355
20205
20737
22129
22305
23442
23767
24198
24275
28364
29044
29251
30911
37167
38404
39984
42930
43148
45193
47077
49084
50113
50235
Number of cuts: 43

Jester
38
473
1118
1170
1182
2591
3355
3554
3888
4004
5518
5557
5695
5984
6066
6501
6821
7416
8602
8683
9511
10316
10505
10964
11178
11790
11893
11958
13261
13771
14005
14365
14424
14502
14544
15210
15465
15679
15877
15891
16484
17292
18759
19883
20095
20454
20932
22038
22224
22275
22293
22684
22711
22765
23525
23922
24908
25144
25373
25974
27720
28005
29002
29561
30227
30233
30497
31919
32236
32563
32586
32644
33232
34135
34223
34976
35884
36560
36639
36833
37342
37888
38242
38562
38602
39594
39914
40673
40689
41028
44067
44566
44940
45141
45652
45674
Number of cuts: 96

Krishelle
38
473
1118
1170
1182
2591
3355
3554
3888
4004
4706
5319
5518
5557
5695
5984
6066
6836
7431
8617
8698
9526
10331
10520
10979
11193
11479
11805
11908
11973
12006
12665
13155
13588
14332
14692
14751
14829
14871
15537
15792
16006
16204
16218
16487
16811
17619
19086
21297
22410
22611
22701
23391
23880
24285
25036
25256
25492
26207
27606
28057
28068
28353
28695
29429
29985
30279
30369
30872
30878
31142
32564
32881
33208
33231
33289
33877
34780
34868
35621
37214
37293
37487
37996
38489
38896
39216
39256
40246
41088
41322
41376
41677
44715
45214
45588
45789
46036
46290
46308
46857
Number of cuts: 101

Lillie
38
473
1118
1170
1182
2591
2943
3355
3554
3888
4004
4706
5319
5518
5557
5695
5984
6066
6836
7431
8635
8715
8738
9567
10372
10561
11020
11234
11520
11846
11949
12014
12436
12853
13317
14421
14480
14558
14600
15266
15706
15735
15933
15947
16762
17348
20151
20477
20988
22102
22288
22339
22357
22829
23589
23986
24972
25208
27272
27558
27784
28069
28750
29625
29919
30009
30512
30518
30782
32204
32521
32848
32871
32929
33517
34420
34508
35261
36169
36845
36924
37118
37627
38120
38527
38847
38887
39877
40719
40953
40969
41007
41308
44346
44845
45219
45420
45590
45931
45953
46153
Number of cuts: 101

Mahdia
10050
19369
19952
20416
21430
29885
37862
Number of cuts:  7

Naiad
38
473
1118
1170
1182
2591
3355
3554
3888
4004
4706
5319
5518
5557
5695
5984
6066
6836
7431
8635
8715
8738
9567
10372
10561
11020
11234
11520
11846
11949
12014
12436
12853
13317
14421
14480
14558
14600
15266
15706
15735
15933
15947
16762
17348
20151
20477
20988
22103
22352
22370
22761
22842
23602
23999
24985
25221
25450
27285
27571
27797
28082
28667
28763
29638
29932
30022
30525
30531
30795
32217
32534
32861
32884
32942
33530
34433
34521
35274
36867
36946
37140
37649
38142
38549
38869
38909
39899
40741
40975
41029
41330
44368
44867
45241
45442
45612
45953
45975
Number of cuts: 99

Nancinator
38
473
1118
1170
1182
2591
3355
3554
3888
4004
4706
5319
5518
5557
5695
5984
6066
6836
7431
8635
8715
8738
9567
10372
10561
11020
11234
11520
11846
11949
12014
12436
12853
13317
14421
14480
14558
14600
15266
15706
15735
15933
15947
16762
17348
20151
20477
20988
22102
22288
22339
22357
22829
23589
23986
24973
25209
25409
25438
27256
27273
27785
28070
29067
29624
29841
30445
30451
30715
32137
32454
32781
32804
32862
33450
34298
34362
34450
35203
36111
36787
36800
36866
37060
37569
38062
38469
38789
38829
40058
40199
40292
40308
40346
40647
43685
44184
44558
44759
44929
45270
45292
Number of cuts: 102

Natosaleda
38
473
1118
1170
1182
2591
3355
3554
3888
4004
4706
5319
5518
5557
5695
5984
6066
6836
7431
8635
8715
8738
9567
10372
10561
11020
11234
11520
11846
11949
12014
12436
12853
13317
14421
14480
14558
14600
15266
15706
15735
15933
15947
16762
17348
20151
20477
20988
22102
22288
22339
22357
22829
23589
23986
24972
25208
25408
25437
27255
27272
27784
28069
29066
29623
29840
30444
30450
30714
32136
32453
32780
32803
32861
33449
34297
34361
34449
35202
36110
36786
36799
36865
37059
37568
38061
38468
38788
38828
39815
40135
40659
40893
40947
41248
44286
44785
45159
45360
45607
45863
45885
46085
Number of cuts: 103

Partridge
38
1163
1175
2271
3414
3836
3947
4063
4765
5577
5616
5754
6043
6125
6560
6567
6880
7475
8661
8742
8765
9594
9861
10399
10588
11053
11267
11553
11879
11982
12047
13350
13860
14094
14591
14633
15299
15739
15768
15980
16249
17265
17381
20184
21021
21677
22136
22385
22403
22875
23635
24799
25019
25255
27856
27867
28152
28494
29228
29785
30079
30672
30678
30942
32364
32584
33005
33086
34018
34806
35559
36289
36415
36565
37143
37222
37416
37926
38419
38826
39146
39186
40178
41020
41254
41308
41609
41934
42641
42689
42941
43667
44269
44828
45327
45612
45813
46130
46299
46321
46521
Number of cuts: 101

Pepy6
106
662
779
993
2016
2245
2669
3583
3694
3819
4676
4774
5335
5507
5846
5897
6178
7164
7380
7388
7850
7991
8744
8765
8771
8783
9185
9463
10380
10450
10744
11005
11117
12361
12394
12456
12518
13359
13365
13411
13530
13722
13817
14135
14481
14541
14584
14604
14670
15128
15283
15981
16643
17345
17922
18042
18282
18502
18827
18944
19110
19318
19491
19757
20212
20589
20731
20900
21071
21089
21264
21849
21904
21920
22042
22360
23732
24331
24429
24492
24796
24877
26676
26711
27017
27755
27797
28354
29441
29781
30294
31744
31997
32043
32404
32512
32535
33345
33612
33729
34028
34158
34293
34307
34436
35278
35397
36574
36595
36629
36840
37088
37554
37609
38161
38214
38322
39112
39170
40202
40530
40717
40781
41548
41984
42149
42829
43157
43476
43682
43818
45373
45776
46144
46524
46706
47047
47149
47497
47893
47999
48377
48489
49595
51293
51345
52146
52900
53072
53545
53727
53939
54257
54311
54495
54623
54657
55694
57293
58200
59055
59764
59786
59980
60539
60567
61038
61368
61736
62017
62258
62470
63788
63962
64172
64195
64244
64635
65519
65891
65924
66475
67109
67504
67584
68343
68517
68742
68795
68942
69012
69443
69464
69697
70414
71072
71180
71447
71847
73026
73161
73389
73463
74949
75714
76431
76596
Number of cuts: 207

Peregrin
727
1649
1740
2855
2881
3224
3456
3847
4664
5138
5165
5182
5293
5340
5741
5833
6283
6465
6513
6588
7261
8292
8546
8659
8713
8879
8976
9008
9098
9475
9607
9788
10300
10684
10711
11713
12104
12897
13990
14145
14267
14474
14489
14636
15085
15432
16321
17015
17180
17246
17294
17685
18055
18200
18339
18477
18969
19398
19691
19984
20023
21617
21743
22505
22738
22865
23222
24295
24540
24603
24610
24707
25185
25491
26156
26835
27205
27309
27500
27577
27869
28008
28129
28207
28423
28537
28753
28822
29101
29398
29697
29783
30333
30512
30575
30600
31093
31878
31965
32606
33674
34003
34503
35084
36008
36158
36183
36662
36787
36985
37045
37662
37827
37868
37961
38129
38377
38828
38962
38989
39007
39423
39846
40299
41115
41149
41398
41704
42132
42527
42897
42941
43095
43628
44305
44374
44400
44654
45337
45649
46277
46829
47255
47636
47711
48017
48089
48639
48788
48807
48928
48971
49229
49370
49455
50407
50541
50753
51033
51163
51564
51934
51945
52257
52532
52711
52773
52788
52866
53150
53602
53707
54136
54280
54444
54678
54732
54799
55162
55302
55669
55853
56056
56150
56398
56492
56498
57431
57729
57978
58039
58446
58774
58870
59161
59253
59419
59461
59859
60022
60080
60164
60496
60636
60753
61686
62072
62148
62212
62590
63347
63394
63558
63858
63950
64190
64961
65373
65558
65995
66915
67059
67079
67416
68052
68430
68710
68938
69324
70945
71012
71044
71125
72228
73035
73958
74038
74079
74255
74266
74567
74663
74766
75118
75399
75748
76141
76299
76376
76476
76689
76773
76817
76839
77807
78286
78838
78969
78993
79379
79680
79730
79859
80469
80490
80584
80904
81002
81197
81283
81399
81913
82619
83015
83433
83929
84010
84708
84869
85085
85296
85695
85752
85812
85951
86111
86241
86509
86829
86979
87441
88358
88367
88407
89073
89438
89452
90300
90513
90542
90776
90786
91033
91176
91278
91649
91854
92022
93282
93327
93390
93725
93910
94022
94306
94444
94599
94608
94787
95102
95700
96119
96246
96301
96610
97124
97161
97340
97906
98123
98194
98269
98723
98783
99257
99684
100740
100958
101613
102024
102949
103091
103159
103167
103956
103970
104319
104387
104406
105511
105692
106528
107185
107210
107688
107694
107765
108186
108222
108482
108870
108933
109178
110516
110687
110748
111017
111677
112462
113287
114849
115696
116609
116839
117087
117757
118139
118918
119255
119686
119720
119922
120002
120018
120421
120713
120757
120953
121179
121433
121655
122048
122503
122527
122874
123035
123457
123656
124285
124916
125064
125281
125514
125871
126203
126351
126660
127268
127283
127932
128053
128864
128997
129100
129845
130796
131718
131809
132924
132950
Number of cuts: 420

Phrankenstein
38
473
1118
1170
1182
2591
3355
3554
3888
4004
4706
5319
5518
5557
5695
5984
6066
6836
7431
8635
8715
8738
9567
10372
10561
11020
11234
11520
11846
11949
12014
12436
12853
13317
14421
14480
14558
14600
15266
15706
15735
15933
15947
16762
17348
20151
20477
20988
22048
22234
22285
22303
22775
23535
23932
24918
25154
27218
27730
28015
29012
29571
29865
29955
30458
30464
30728
32150
32467
32794
32817
32875
33463
34366
34454
35207
36115
36791
36804
36870
37064
37573
38066
38473
38793
38833
39823
40665
40899
40915
40953
41254
44292
44791
45165
45366
45536
45877
45899
Number of cuts: 99

Pine5
108
1357
2254
2362
3046
3274
3447
5899
8613
8929
13781
14975
15697
16419
16932
17921
18109
19382
19581
21035
21989
22607
23942
31293
31598
32456
35639
39324
41068
42050
42212
44150
46068
46660
51638
52941
53405
54526
57128
59058
59184
Number of cuts: 41

Poco6
106
662
779
891
993
1813
2230
2283
2468
2481
2591
2731
2821
3108
3433
3784
3949
3998
4472
4492
4677
4724
4902
5816
5830
6009
7338
7971
8882
9544
9550
9787
10142
10427
11138
11589
11955
12175
12202
12214
12325
12616
13393
13535
13545
13880
14174
14435
14547
14935
15454
15812
15845
15907
15969
16810
16816
16862
17268
17294
17967
18288
18993
19493
19570
20536
20936
21040
21317
21613
22180
22234
22611
22753
22922
23111
23764
23871
23926
23942
24064
24187
25745
26344
26442
26809
26890
27377
27438
27491
28019
28256
28689
28724
28783
29774
30086
30518
30701
30839
30950
31145
31460
31510
32103
32313
32878
33532
33769
34022
34068
34429
34537
34560
35370
35655
35812
36252
36458
36935
37252
38444
38453
38596
38714
38862
39110
39165
39180
39374
39576
40183
41059
41192
41414
42095
42508
42607
42619
43022
43037
43350
43800
44004
44189
44257
45042
45209
45681
45857
46293
46972
47224
47372
47383
47402
47523
48074
48334
48346
48725
49238
49737
50020
50268
50420
51104
52079
52435
52514
52656
53655
54580
54799
55053
55447
55765
55804
56289
57202
58448
58562
58858
59693
60338
60527
60581
60777
60910
60936
61155
61179
61194
62150
62383
62530
62803
63178
63390
63456
63521
63576
63673
63834
64512
64582
64595
64856
64862
66023
67033
67081
67097
67526
67716
67811
68606
69066
69223
69690
69845
69965
70078
70103
70242
70295
70531
70780
70907
71363
71680
72443
72710
73109
73972
74027
74423
74651
75170
75489
75830
76145
76388
76982
Number of cuts: 244

Rasputin
38
473
1118
1170
1182
2591
3355
3554
3888
4004
4706
5518
5984
6066
6821
7416
8603
8684
8707
9536
9803
10341
10530
11203
11489
11815
11918
11983
13286
14030
14390
14449
14527
14569
15235
15704
15902
15916
16185
17317
17959
18784
19908
20120
20479
20957
22072
22258
22309
22327
22718
22799
23559
24723
24943
25179
25408
27226
27243
27529
27755
28040
29037
29596
29890
29980
30483
30489
30753
32175
32492
32819
32842
32900
33488
34391
34479
35232
36140
36816
36895
37089
37598
38091
38498
38818
38858
39848
40690
40924
40940
40978
41279
44317
44816
45190
45391
45561
45902
45924
Number of cuts: 100

RER2
38
473
1118
1170
1182
2591
2943
3355
3554
3888
4004
4706
5319
5518
5557
5695
5984
6066
6836
7431
8635
8715
8738
9567
10372
10561
11020
11234
11520
11846
11949
12014
12436
12853
13317
14061
14421
14480
14558
14600
15266
15706
15735
15933
15947
17348
20151
20477
20988
22102
22288
22339
22357
22748
22775
22829
23589
23986
24972
25208
25437
26038
27784
28069
29066
29625
29919
30009
30512
30518
30782
32204
32521
32848
32871
32929
33517
34420
34508
35261
36169
36845
36924
37118
37627
38120
38527
38847
38887
39877
40719
40953
40969
41007
41308
44346
44845
45219
45420
45590
45931
45953
Number of cuts: 102

RexFury
38
473
1149
1201
1213
2622
3386
3585
3919
4035
4737
5350
5549
5588
5726
6015
6097
6867
7462
8666
8746
8769
9598
10403
10592
11051
11265
11551
11877
11980
12045
12467
12884
13348
14092
14452
14511
14589
14631
15297
15737
15766
15964
15978
17379
20182
20508
21019
22133
22319
22370
22388
22860
23620
24017
25003
25239
25468
27303
27815
28100
29097
29656
29950
30040
30543
30549
30813
32235
32552
32879
32902
32960
33548
34451
34539
35292
36200
36876
36889
36955
37149
37658
38151
38558
38878
38918
39905
40225
40749
40983
41037
41338
44376
44875
45249
45450
45620
45961
45983
Number of cuts: 100

RGL3
39
156
224
403
455
1647
1785
2856
3556
3890
4807
5257
6490
6516
6721
8625
8728
8862
11100
11386
11924
11989
12819
12957
15424
16263
16380
16595
17509
17942
18373
18965
21006
22772
22781
22871
23085
23594
24490
25147
25699
25961
27015
28728
30599
31076
31182
31188
31524
31579
31601
31658
33375
33517
33575
34204
35144
35544
35582
35658
36217
38222
38433
38756
39129
39549
40432
40683
41089
41568
41579
41814
42774
43842
43901
46711
47560
47602
Number of cuts: 78

Rhodalysa
38
473
1118
1170
1182
2591
2943
3355
3554
3888
4004
4706
5319
5518
5557
5695
5984
6066
6836
7431
8635
8715
8738
9567
10372
10561
11020
11234
11520
11846
11949
12014
12436
12853
13317
14421
14480
14558
14600
15266
15706
15735
15933
15947
16762
17348
20151
20477
20988
22102
22288
22339
22357
22829
23589
23986
24972
25208
27272
27558
27784
28069
28750
29625
29919
30009
30512
30518
30782
32204
32521
32848
32871
32929
33517
34420
34508
35261
36169
36845
36924
37118
37627
38120
38527
38847
38887
39877
40719
40953
40969
41007
41308
44346
44845
45219
45420
45590
45931
45953
46153
Number of cuts: 101

StCroix
38
473
1118
1170
1182
2591
3355
3554
3888
4004
4706
5319
5518
5557
5695
5984
6066
6836
7431
8635
8715
8738
9567
10372
10561
11020
11234
11520
11846
11949
12014
12436
12853
13317
14421
14480
14558
14600
15266
15706
15735
15933
15947
16762
17348
20151
20477
20988
22103
22352
22370
22761
22842
23602
23999
24985
25221
25450
27285
27571
27797
28082
28667
28763
29638
29932
30022
30525
30531
30795
32217
32534
32861
32884
32942
33530
34433
34521
35274
36867
36946
37140
37649
38142
38549
38869
38909
39899
40741
40975
41029
41330
44368
44867
45241
45442
45612
45953
45975
Number of cuts: 99

Swann
38
473
1118
1170
1182
2591
3355
3554
3888
4004
4706
5319
5518
5557
5695
5984
6066
6836
7431
8635
8715
8738
9567
10372
10561
11020
11234
11520
11846
11949
12014
12436
12853
13317
14061
14421
14480
14558
14600
15266
15706
15735
15933
15947
16762
17348
20151
20477
20988
22102
22288
22339
22357
22829
23589
23986
24972
25208
25437
27272
27784
28069
29066
29623
29917
30007
30510
30516
30780
32202
32519
32846
32869
32927
33515
34418
34506
35259
36167
36843
36922
37116
37625
38118
38525
38845
38885
39875
40717
40951
40967
41005
41306
44344
44843
45217
45418
45588
45929
45951
Number of cuts: 100

Takoda
38
333
1111
1163
1175
2204
3347
3880
4698
5549
5687
5976
6058
6493
6813
7408
8594
8675
8698
9794
10332
10521
10698
10980
11194
11480
11806
11909
11974
13277
14021
14518
14560
15226
15666
15695
15907
16176
17287
17308
19899
21604
22026
22062
22311
22329
22720
22801
23561
24945
25181
26011
27746
28471
28723
29039
29598
29815
30419
30425
30689
32111
32294
32752
32833
33280
33784
33810
34539
34603
34691
35444
36352
37028
37107
37142
37810
38303
38710
39030
39070
40062
40903
41137
41191
41351
41492
42523
42571
42631
43511
44672
45061
45171
45458
45659
45818
45975
46144
46166
46366
Number of cuts: 101

Trina
420
457
497
504
637
780
785
1140
1399
1457
1534
1992
2082
2097
2175
2771
2801
3162
3711
4051
4268
5363
5693
6269
7565
7589
8889
9452
9617
10241
10753
10805
11206
11410
12596
12751
13972
14568
14579
14846
14968
15254
15416
15700
16173
16422
16907
16973
16979
17642
18080
18475
18514
18571
18890
19128
19211
19221
19276
19961
20218
20593
21045
21199
21260
21302
22125
22134
22670
22828
23166
23906
24086
24599
24733
24811
25168
25231
25362
25495
25706
25772
26094
26287
26609
27441
28009
28172
28411
28663
29079
29313
29400
29958
30534
30654
30792
30894
31149
31270
31630
31857
32000
32530
33713
33964
34205
34286
34791
35088
35503
35579
35591
36213
36365
36703
36888
36945
39035
39305
39747
39799
40038
40310
40776
40856
40863
41590
41831
41990
43242
43712
43844
44118
44314
44685
45000
45180
45315
47145
47470
48184
48358
49648
50669
51247
51905
51932
51939
52870
52887
53715
53824
54022
54392
54607
54720
54791
54872
55565
55718
56176
56349
57320
57478
57975
58850
59196
59268
59312
59348
59437
59469
60688
61070
62043
62192
62695
62847
63295
63542
63706
63754
63905
63927
63941
64180
64258
64378
64738
64764
64797
64955
65409
65592
65757
66013
66303
66835
66871
67159
67549
67618
67627
68204
68223
68423
68459
68591
70481
71061
72034
72333
73790
74547
74776
75188
75509
75733
77008
77217
78721
79629
80077
80752
81021
81077
81135
81468
81621
81919
82009
82557
83268
83342
83401
83792
83832
84002
84110
84393
84466
85201
85525
85854
85862
86599
87307
87434
87612
87761
88017
88107
88135
88568
88595
89086
89547
91024
91457
91979
92125
92736
93088
93293
93304
93463
93498
94262
95076
95727
96032
96726
96822
97017
97099
97167
97358
97456
97846
98001
98375
98575
99387
99457
99959
100406
100823
100885
101041
101071
101771
102069
103428
103909
104159
104164
105109
105138
105415
105462
105563
106238
106584
106722
106764
106836
108323
108599
110994
111110
111932
112289
113334
113463
113801
113895
114302
114479
114626
114808
115203
115231
115517
116098
116240
116508
116721
116788
117077
117101
117307
117401
117681
118551
119297
119796
119886
120209
120709
120822
121706
121940
122231
122252
124090
124500
124528
126688
126725
127270
128598
128763
129433
129813
131101
131424
131849
132194
132394
132559
132727
133323
134092
134290
134764
134773
135930
136359
136822
136859
136899
136906
137039
137182
137187
137542
137801
137859
137936
138394
138484
138499
138577
139173
139203
Number of cuts: 386

TWAMP
38
473
1118
1170
1182
2591
2943
3355
3554
3888
4004
4706
5319
5518
5557
5695
5984
6066
6836
7431
8635
8715
8738
9567
10372
10561
11020
11234
11520
11846
11949
12014
12436
12853
13317
14421
14480
14558
14600
15266
15706
15735
15933
15947
16762
17348
20151
20477
20988
22102
22288
22339
22357
22829
23589
23986
24972
25208
27272
27558
27784
28069
28750
29625
29919
30009
30512
30518
30782
32204
32521
32848
32871
32929
33517
34420
34508
35261
36169
36845
36924
37118
37627
38120
38527
38847
38887
39877
40719
40953
40969
41007
41308
44346
44845
45219
45420
45590
45931
45953
46153
Number of cuts: 101

UhSalsa
38
473
1118
1170
1182
2591
3355
3554
3888
4004
4706
5319
5518
5557
5695
5984
6066
6836
7431
8635
8715
8738
9567
10372
10561
11020
11234
11520
11846
11949
12014
12436
12853
13317
14421
14480
14558
14600
15266
15706
15735
15933
15947
16762
17348
20151
20477
20988
22102
22288
22339
22357
22829
23589
23986
24973
25209
25409
25438
27256
27273
27785
28070
29067
29624
29841
30445
30451
30715
32137
32454
32781
32804
32862
33450
34298
34362
34450
35203
36111
36787
36800
36866
37060
37569
38062
38469
38789
38829
39816
40136
40660
40894
40948
41249
44287
44786
45160
45361
45531
45872
45894
Number of cuts: 102

Weasels2
596
663
1229
1252
1327
1354
1742
1895
1909
1984
2560
2875
3148
3472
4319
4504
5023
5448
5689
6315
6424
6478
7184
7502
8077
8231
8426
8462
9504
9547
9558
9596
9650
9723
9774
10080
10903
11665
12695
13016
13046
14062
14104
14506
15204
15514
15567
16015
16028
16375
16616
17013
17986
18673
18709
18903
19238
19542
19800
20294
20525
20564
21604
22237
22949
23346
23380
23519
24482
24609
25188
26159
26450
27178
27204
27499
27576
27808
27868
27943
28007
28206
28422
28536
28821
29100
29199
29397
29699
30451
30492
31178
31517
31605
31634
31783
31968
32059
32768
32791
33004
33073
33390
34424
34501
35005
35330
35694
35778
36118
36997
37080
37468
37496
37697
37831
38306
38508
38788
38810
39200
39226
39964
41218
42021
42074
42134
42325
42448
42478
42645
43143
43744
43788
44600
44749
45131
46657
46754
46896
47083
47247
47256
47299
47345
47493
47761
47833
48095
48236
48306
48720
48789
48861
49051
49405
49573
49737
49969
50045
50136
50221
50705
50732
50963
51142
51188
51322
51817
51947
52142
52176
52348
52718
53041
53316
53650
53673
54360
54402
55038
55365
55586
56218
56235
56278
56661
56772
56947
56988
57011
57334
58690
58792
59011
59321
59337
59619
59927
60317
60409
60617
61010
61039
61167
61225
61456
61468
61642
61679
61899
61937
62521
63221
63361
63400
64050
64703
64921
64959
65210
65294
65341
65825
66427
66458
66478
66498
66806
66914
67341
67832
67846
68062
68354
68419
69246
69331
69398
69444
69950
71408
71428
71805
72032
72986
73274
73552
73939
73959
75229
75312
75821
75985
76009
76017
76081
76087
76472
76487
76726
76833
76930
77018
77271
77644
78004
78553
78586
79254
79458
79865
80189
80241
80534
80649
80698
80711
81233
81333
81822
82111
82214
82459
82722
82766
82876
83242
83432
83725
83883
83941
83956
84158
84226
84801
85377
85439
85449
85690
85801
87069
87262
87278
87645
87722
87770
88942
89059
89198
89358
89371
89573
89756
90266
90327
90751
91143
91554
91766
91957
93188
93309
93480
93691
94337
94550
94579
94710
94762
94823
95070
95589
95641
95869
95971
96187
96310
96423
96867
96877
97625
98086
98665
98775
98888
98907
99546
100085
101205
101642
103238
103610
104116
104950
105012
105924
107829
107934
108004
108074
108592
108821
108879
109146
109791
110213
110949
111387
112937
113003
113822
113904
114080
114324
114663
114669
114940
115367
115513
115526
115654
115684
115746
117068
117090
117446
117487
118459
118477
118830
119086
119451
119459
119506
120016
120398
120483
121223
121502
121787
121807
122225
122296
122323
123614
124905
126303
126605
126901
127379
127436
127579
127647
127662
127703
128062
128640
128875
129229
129786
129846
129897
130225
130980
131025
131670
132301
132368
132934
132957
133032
133059
133447
133600
133614
133689
134265
134580
134853
Number of cuts: 440

Yogi
38
473
1118
1170
1182
2591
3355
3554
4706
5518
5695
5984
6066
6821
7416
8602
8683
8706
9802
10340
10529
10994
11208
11494
11820
11923
11988
13291
13368
14035
14395
14454
14532
14574
15240
15709
15907
15921
16190
17322
17964
18789
19913
20125
20451
20962
22076
22262
22313
22331
22722
22749
22803
23563
24946
25182
25411
26012
27758
28043
29040
29599
29893
29983
30486
30492
30756
32178
32495
32822
32845
32903
33491
34339
34391
34479
35232
35404
36140
36769
37196
37209
37275
37469
37978
38471
38524
38878
39198
39238
40228
41070
41304
41320
41358
41659
44697
45196
45570
45771
45941
46098
46267
46289
Number of cuts: 104

Yoncess
38
473
1118
1170
1182
2591
3355
3554
4706
5518
5984
6066
6821
7416
8602
8683
8706
9802
10340
10529
10994
11208
11494
11820
11923
11988
13291
14035
14395
14454
14532
14574
15240
15709
15907
15921
16190
17322
17964
18789
19913
20125
20484
20962
22077
22263
22314
22332
22723
22750
22804
23564
23961
24947
25183
25412
26013
27759
28044
29041
29600
30266
30272
30536
31958
32275
32602
32625
32683
33271
33640
34174
34262
35015
35438
35923
36599
36678
36872
37381
37874
37927
38281
38601
39631
40473
40707
40723
40761
41062
44105
44604
44978
45179
45690
45712
Number of cuts: 96

