Alatin
907
1435
2059
2217
2337
2491
2937
3701
3903
5188
5302
5527
5642
5648
6276
6376
7027
7448
7615
7886
8433
8799
9871
9901
10518
10764
10770
10785
10810
10825
11074
11251
11774
12460
12568
12613
12922
12981
13432
13642
14130
15669
15699
15785
16442
16690
17066
17698
17768
18009
18243
18538
18682
18819
18906
19093
19142
19186
19733
20144
20662
20696
20866
20926
21173
21455
21509
21563
21572
21822
21867
22020
22057
22871
22927
22942
23487
24537
24669
24885
26340
26615
26620
27067
27166
27250
27415
28632
28748
28766
28907
28913
29126
29457
29640
30716
30836
30896
31712
31835
32713
33574
34536
34785
35050
35384
35719
36066
36105
36734
36870
37024
37528
38933
40172
40178
40325
40398
41464
41726
41749
41846
42623
42833
43749
43952
44649
45043
45136
45144
45722
Number of cuts: 131

Alpacados
436
907
1435
2012
2299
2453
2899
3663
3865
5150
5264
5489
5604
6223
6323
6974
7395
7562
7833
8616
9339
10448
10658
10700
10706
10746
10761
10791
11010
11187
11710
12396
12549
12858
13368
13578
15605
15635
15721
16626
17002
17704
17945
18179
18474
18618
18755
18842
19029
19078
19122
19669
20080
20598
20632
20802
21109
21199
21704
21749
21902
21939
22099
22169
22175
22742
22796
22811
23356
24406
24538
24754
25475
25871
25940
26245
26520
26525
26972
27071
27320
28537
28671
28818
29031
29061
29476
29545
29809
30621
30741
30801
31617
31740
32618
33479
34075
34438
34687
34952
35286
35968
36233
36627
36763
37421
39389
39396
40221
41287
41549
41572
41669
42446
43572
43775
44472
44866
44959
44967
45545
Number of cuts: 121

AngryOrchard
475
1428
2004
2282
2436
2882
4090
5133
5201
5247
5472
5587
6206
6306
6957
7378
7545
7816
8599
9322
9727
10431
10641
10683
10689
10729
10744
10993
11170
11693
12379
12487
12532
12841
13351
13561
15588
15618
15704
16361
16885
16985
17617
17687
17928
18162
18457
18601
18738
18825
19012
19061
19105
19510
19652
20063
20581
21092
21182
21687
21732
21885
21922
22791
22806
23351
24402
24750
25831
26479
26931
27030
27114
28496
28612
28630
28777
28990
29020
29321
29435
29504
30514
30694
31510
31633
32398
32511
33369
33598
33943
34235
34598
34847
35112
35781
36128
36167
36393
36787
36923
37077
37581
40227
40233
40527
40857
41518
41779
41802
41899
42362
42490
42881
43224
43277
43469
43791
44691
45666
45907
Number of cuts: 121

AppleCloud
200
1228
1768
2046
2646
3612
3862
4897
4965
5011
5236
5351
5970
6721
7142
7309
7580
8363
9062
10171
10417
10463
10478
10508
10727
10904
11427
13397
13607
14095
15634
15664
15750
16407
16931
17031
17663
17733
17974
18208
18503
18647
18784
18871
19058
19107
19151
19698
21138
21228
21456
21733
21778
21931
22323
22409
22660
22816
22892
23039
24412
24760
25841
26490
26942
27041
27290
28331
28543
28586
28702
28720
28867
28975
29080
29110
29327
29408
29522
29591
30446
30626
31442
31565
33304
33364
33426
33602
33894
34229
34512
34777
35111
35446
35793
36058
36452
36588
36742
37246
38651
39218
39887
39893
40028
40040
40116
41181
41443
41466
41563
42340
42550
43466
43669
44366
44760
44853
44861
45439
Number of cuts: 120

Belenaria
907
1435
2059
2217
2337
2491
2937
3701
3903
5188
5302
5527
5642
5648
6276
6376
7027
7448
7615
7886
8433
8799
9871
9901
10518
10764
10770
10785
10810
10825
11074
11251
11774
12460
12568
12613
12922
12981
13432
13642
14130
15669
15699
15785
16442
16690
17066
17698
17768
18009
18243
18538
18682
18819
18906
19093
19142
19186
19733
20144
20662
20696
20866
20926
21173
21455
21509
21518
21768
21813
21966
22163
22233
22239
22804
22860
22875
23420
24471
24603
24819
25431
25900
26274
26549
26554
27001
27100
27349
28566
28700
28847
29060
29389
29503
29572
29947
30582
30702
30762
31578
32579
33440
34411
34660
34925
35259
35594
35941
36206
36600
36736
36890
37394
38799
39366
40035
40041
40176
40188
40264
41329
41591
41614
41711
42488
42698
43614
43817
44514
44908
45001
45009
45587
Number of cuts: 134

BobbyDazzler
907
2124
2408
2562
3008
3772
3974
4216
5259
5373
5598
5713
5977
6332
6432
7083
7504
7671
7942
8725
9448
10557
10767
10809
10815
10855
10870
11119
11296
11819
12505
12658
12967
13477
13687
15714
15744
15830
16735
17111
17813
18054
18288
18583
18727
18864
18951
19138
19187
19231
19778
20189
20707
20741
20911
21218
21308
21500
21554
21813
21858
22011
22048
22279
22285
22852
22906
22921
23466
24516
24864
26014
26319
26594
26599
27046
27145
27394
28568
28611
28745
28892
29105
29619
30695
30815
30875
31691
31814
32692
33553
34149
34515
34764
35029
35363
35698
36045
36310
36704
36840
37498
38635
39466
39473
40142
40148
40368
41434
41697
41720
41817
42594
43720
44620
45014
45107
45115
45693
Number of cuts: 119

Bonanza
907
1435
2337
2491
2937
3701
3903
4145
5188
5302
5527
5642
6261
6361
7012
7433
7600
7871
8654
9377
10486
10696
10738
10744
10784
10799
10829
11048
11225
11748
12434
12587
12896
13406
13616
15643
15759
16664
17040
17742
17983
18217
18512
18656
18793
18880
19067
19116
19160
19707
20118
20636
20670
20840
21147
21237
21742
21787
21940
21977
22137
22207
22213
22778
22834
22849
23394
24444
24576
24792
25873
25942
26247
26522
26527
26974
27073
27322
28539
28673
28820
29033
29063
29478
29547
30623
30743
30803
31619
31742
32620
33481
34077
34440
34689
34954
35288
35623
35970
36235
37009
37145
37299
37803
39208
39778
40447
40453
40673
41739
42001
42024
42121
42898
43108
44024
44227
44924
45318
45411
45419
45997
Number of cuts: 122

Bradshaw
907
1435
2059
2337
2491
2937
3701
5188
5302
5527
5642
5648
6276
6376
7027
7448
7615
7886
8433
8799
9871
9901
10518
10764
10770
10785
10810
10825
11074
11251
11774
12460
12568
12613
12922
12981
13432
13642
14130
15669
15699
15785
16442
16690
17066
17698
17768
18009
18243
18538
18682
18819
18906
19093
19142
19186
19733
20144
20662
20696
20866
20926
21173
21455
21509
21518
21768
21813
21966
22003
22163
22233
22239
22804
22860
22875
23420
24470
24602
24818
26273
26548
26553
27000
27099
27183
27348
28565
28681
28699
28840
28846
29059
29390
29573
30649
30769
30829
31645
31768
32646
33507
34469
34718
34983
35317
35652
35999
36038
36667
36803
36957
37461
38866
40105
40111
40258
40331
41397
41659
41682
41779
42556
42766
43682
43885
44582
44976
45069
45077
45655
Number of cuts: 131

Bryce
907
1435
1819
2059
2337
2491
2937
3701
3903
4145
5188
5302
5527
5642
5906
6261
6361
7012
7433
7600
7871
8654
9377
10486
10696
10738
10744
10784
10799
11048
11225
11748
12434
12587
12896
13406
13616
15643
15673
15759
16664
17742
17983
18217
18512
18656
18793
18880
19067
19116
19160
19707
20118
20636
20670
20840
21147
21237
21429
21483
21742
21787
21940
21977
22208
22214
22781
22835
22850
23395
24445
24793
25943
26248
26523
26528
26975
27074
28204
28497
28540
28674
28821
29034
29548
30403
30523
30583
31399
31522
32400
33261
33857
34223
34472
34737
35071
35406
35753
36018
36412
36548
37206
38343
39174
39181
39850
39856
40076
41142
41405
41428
41525
42302
43428
44328
44722
44815
44823
45353
45401
Number of cuts: 121

ChewyVIII
314
1596
1781
3614
4281
5831
6150
6182
6195
6247
6434
6514
6526
6920
6987
7811
8121
8206
10794
10824
11377
11423
12091
13157
13832
14006
15559
15729
16468
16962
17149
17212
17650
17713
17740
17803
18063
18740
19052
20241
20914
21340
21723
21821
22079
22157
22164
22337
22649
22812
24992
26487
26547
28607
28733
29087
29309
29369
29471
29633
29642
29918
30092
30707
31361
32162
32602
32618
33493
34940
35369
35485
35777
37267
37290
37798
38303
39209
39499
39598
39899
40127
40433
41005
41269
41403
42329
42346
42607
42937
43051
43618
45489
46676
46739
47909
47974
48105
48208
49294
50376
51599
52098
52610
53085
53169
53580
53798
53953
54076
54157
55308
55591
55614
57785
58936
59169
59414
59423
59680
59809
60246
60549
60967
62237
62485
62506
62669
63787
65027
65088
66164
66196
66465
67479
67485
67777
67922
68873
69094
Number of cuts: 140

CosmicSans
907
1435
2059
2337
2491
2937
3701
5188
5302
5527
5642
5648
6276
6376
7027
7448
7615
7886
8433
8799
9871
9901
10518
10764
10770
10785
10810
10825
11074
11251
11774
12460
12568
12613
12922
12981
13432
13642
14130
15669
15699
15785
16442
16690
17066
17698
17768
18009
18243
18538
18682
18819
18906
19093
19142
19186
19733
20144
20662
20696
20866
20926
21173
21455
21509
21518
21768
21813
21966
22163
22233
22239
22804
22860
22875
23420
24470
24602
24818
25899
26273
26548
26553
27000
27099
27183
27348
28565
28681
28699
28840
28846
29059
29390
29573
30649
30769
30829
31645
31768
32646
33507
34469
34718
34983
35317
35652
35999
36264
36658
36794
36948
37452
38857
40096
40102
40249
40322
41388
41650
41673
41770
42547
42757
43673
43876
44573
44967
45060
45068
45646
Number of cuts: 131

Dinger
149
437
458
1430
2055
2085
2333
2487
3899
4079
5149
5184
5252
5298
5523
5638
6257
6357
7008
7429
7596
7867
8650
9373
9778
10482
10734
10740
10795
11044
11744
12430
12892
13402
13612
14100
15639
15669
15755
16412
16660
16936
17036
17191
17668
17738
17979
18213
18508
18652
18789
18876
19063
19112
19156
19703
20114
21143
21233
21738
21783
21936
21999
22067
22263
22843
22858
23403
24454
24802
25883
26532
26984
27083
27332
28373
28585
28628
28744
28762
28909
29017
29122
29152
29370
29451
29565
29634
30518
30698
31514
31637
32366
32515
33376
33944
34236
34611
34860
35125
35794
36141
36180
36406
36800
36936
37090
37594
38731
39569
40240
40246
40540
41532
41794
41817
41914
42370
42380
42508
42899
43295
43487
43809
44709
44836
Number of cuts: 126

DocB7
1589
1711
2183
2840
2864
3028
3140
3437
3585
3603
4276
4316
5087
5122
5140
5366
5473
5643
5736
6495
7070
8380
8581
8665
9829
10048
10198
10761
11109
12010
13144
13321
13515
13524
13806
13927
15058
15397
15646
16152
16582
17290
18338
18729
18828
21863
24287
24419
24593
26540
26999
27176
27700
27842
28639
28798
29293
29438
29552
29895
29937
30387
30744
31479
31818
31958
32499
32559
33243
33444
34266
34443
34565
35769
36623
36638
37389
37539
37906
38185
38228
38547
39226
39594
39776
40023
40287
40566
40758
41052
41554
41854
43922
44048
44265
44369
44538
44546
46019
46698
46922
47330
47866
48401
48723
49592
50442
50470
50617
52265
52881
53548
53571
53757
53886
54241
54697
55501
55623
55944
56518
57076
57145
57307
57545
57612
57765
58289
58586
58617
58623
59222
59333
59404
59803
59839
59851
59896
60400
60582
60962
61356
62772
62889
62972
63080
63181
64824
65337
65513
66012
66511
66889
67559
67630
67891
68470
68577
68652
68964
69521
69754
69799
69806
69920
70026
70077
70135
70815
70901
71174
71565
72213
72268
72303
72661
73399
73794
74185
74409
74439
74650
74903
75103
75699
Number of cuts: 185

E3
225
252
1326
3448
3484
4005
4032
4306
4447
5609
6307
8888
9443
9500
9557
9904
10213
12033
12274
12553
12641
13463
14003
16208
17494
17900
18143
18259
18508
19225
20182
20896
21300
22008
23198
23580
23641
23879
23927
23939
24157
26272
26993
27033
27707
27872
28145
28216
28740
28786
28809
29669
31205
31577
31583
31638
32315
33234
33691
33960
34042
34344
35142
35324
35580
35873
35904
36192
37562
37894
38910
40291
40324
40674
40756
41431
43163
43301
43993
44618
45011
45590
45596
45812
47302
47405
47833
48127
48481
48809
49153
49361
49415
49529
49682
49955
49994
50264
50342
50393
50678
50744
50843
51213
51275
51311
51425
51967
52400
52937
53150
53400
53475
53738
55163
55328
55884
56182
57183
57858
58154
59391
59707
59823
60030
60114
60322
60508
60929
60935
61110
62010
62510
62661
62789
63309
63578
63659
64931
65051
65243
65303
65552
65894
66056
66167
66437
66641
66671
66761
67174
67345
67747
67893
68525
69244
69392
69958
70120
70487
71221
71475
71706
71791
72142
72194
73420
73810
74965
75516
75522
75867
77136
77190
78950
79229
79298
79526
79738
79906
80050
80278
80497
80539
80725
81040
81619
81724
81737
82897
82963
83050
84011
84575
84841
85045
85855
85896
86136
86715
87185
87242
87542
87952
88164
88341
89320
89420
89486
91232
91969
92077
92558
92747
93207
93861
95021
95506
95838
96003
97066
97241
97253
97472
97523
97724
99143
99173
99690
100549
101668
102421
103227
104039
106394
106913
106934
106985
107640
108177
108410
109568
109781
109844
110026
111237
111332
112282
113018
113576
114334
114827
114848
115038
115191
115199
116193
116895
116990
117230
117245
117827
118151
118235
118527
119043
119186
120913
121209
122883
123140
123481
123529
123911
124300
124673
126654
126896
127214
127735
128686
128710
128756
128819
128997
129261
129402
130099
130288
130472
131130
131295
131316
131577
132036
132726
132887
133151
133406
133415
133802
133922
134153
134207
134867
135083
135200
135317
135707
135872
135893
136163
136551
136617
137019
137532
138412
139104
139992
140000
140174
140367
140832
140844
141057
141435
141951
142053
142296
142443
Number of cuts: 330

Erik
907
1435
2059
2217
2337
2491
2937
3701
3903
5188
5302
5527
5642
5648
6276
6376
7027
7448
7615
7886
8433
8798
9870
9900
10517
10763
10769
10784
10809
10824
11073
11250
11773
12459
12567
12612
12921
12980
13431
13641
14129
15668
15698
15784
16441
16689
17065
17697
17767
18008
18242
18537
18681
18818
18905
19092
19141
19185
19732
20143
20661
20695
20865
20925
21172
21454
21508
21517
21767
21812
21965
22162
22232
22238
22803
22859
22874
23419
24468
24600
24816
25428
25897
26271
26546
26551
26998
27097
27346
28563
28697
28844
29057
29388
29502
29571
29946
30581
30701
30761
31577
31700
32578
33439
34401
34650
34915
35249
35584
35931
36196
36590
36726
36880
37384
38789
40028
40034
40181
41219
41481
41504
41601
42378
42588
43504
43707
44404
44798
44891
44899
45477
Number of cuts: 132

Espica
907
1435
2059
2217
2337
2491
2937
3701
3903
5188
5302
5527
5642
5648
6276
6376
7027
7448
7615
7886
8433
8799
9871
9901
10518
10764
10770
10785
10810
10825
11074
11251
11774
12460
12568
12613
12922
12981
13432
13642
14130
15669
15699
15785
16442
16690
17066
17698
17768
18009
18243
18538
18682
18819
18906
19093
19142
19186
19733
20144
20662
20696
20866
20926
21173
21455
21509
21518
21768
21813
21966
22163
22233
22239
22804
22860
22875
23420
24471
24603
24819
25431
25900
26274
26549
26554
27001
27100
27349
28566
28700
28847
29060
29389
29503
29572
29947
30582
30702
30762
31578
32579
33440
34411
34660
34925
35259
35594
35941
36206
36600
36736
36890
37394
38799
39366
40035
40041
40176
40188
40264
41329
41591
41614
41711
42488
42698
43614
43817
44514
44908
45001
45009
45587
Number of cuts: 134

Finch
1384
1815
2105
2115
2215
2340
2445
3083
3428
3455
3595
3712
3727
4784
4830
4881
5243
5261
5316
6422
8481
9273
9353
9640
10119
10133
10151
10230
10447
11712
11794
12340
12960
13766
13773
14244
14474
14549
14675
15303
15823
17455
18085
19658
20239
21077
21113
21230
22007
23585
23650
23875
23890
24064
24289
24339
25008
25101
25200
25606
25989
26223
26606
27791
27934
28670
28716
29267
29336
30024
31373
31640
32117
33558
34590
34784
34925
35318
35360
35894
36429
37527
39393
39522
40120
40424
41452
41605
43543
43843
44718
44789
44999
45128
45232
45871
46222
48053
48227
48610
48697
48790
49345
49605
50528
51162
51270
51318
51654
51894
52168
52251
52386
52477
52525
52578
52629
52801
52965
53208
53637
54762
55162
55269
55790
56973
58370
58893
59090
59221
59395
59778
59931
60200
60327
60427
61880
62111
62943
63247
63289
63694
65125
65566
66067
67223
67231
67587
67852
67867
68101
68470
68503
68717
69114
69237
69313
70160
70491
71333
71467
72392
72446
72896
73893
74074
74466
74715
74793
75021
75119
75187
75472
75991
76237
76375
77014
77021
78357
78519
79298
79366
81136
81461
81764
82488
82744
83432
83816
85898
86509
86756
87280
87362
87907
88036
88048
88747
89801
89868
90328
90952
91097
91478
91680
92991
93733
94034
94362
94663
95108
95235
95483
96515
96588
97003
97039
97240
97656
97683
99143
99321
99676
99802
100322
100541
101594
102015
102740
102777
103199
103473
103654
104131
104984
106011
106244
106941
106962
107170
108056
108336
108531
108562
108912
108962
109171
111026
111060
111392
111581
113584
113633
113658
113760
113795
114002
114116
114569
114740
114943
116205
117042
117486
118144
118810
118826
118957
119390
119695
120018
120789
121131
121155
121239
121350
121437
121612
121755
121877
123041
123245
123343
123643
123875
124061
124346
124607
124942
125434
127409
127503
127995
128425
129571
129877
129934
129994
130282
130798
130981
131257
131401
131440
131881
132580
132646
132970
133102
133129
133135
133255
133656
134100
134136
134792
135104
135374
135486
135631
136246
136822
137128
137217
137371
137862
138225
138350
138518
Number of cuts: 329

Gollum
907
1435
2059
2217
2337
2491
2937
3701
5188
5302
5527
5642
5648
6276
6376
7027
7448
7615
7886
8433
8799
9871
9901
10518
10764
10770
10785
10810
10825
11074
11251
11774
12460
12568
12613
12922
12981
13432
13642
14130
15669
15699
15785
16442
16690
17066
17698
17768
18009
18243
18538
18682
18819
18906
19093
19142
19186
19733
20144
20662
20696
20866
20926
21173
21455
21509
21518
21768
21813
21966
22163
22233
22239
22804
22860
22875
23420
24470
24602
24818
25430
26273
26548
26553
27000
27099
27348
28565
28699
28846
29059
29388
29502
29571
30647
30767
30827
31643
32644
33505
34101
34467
34716
34981
35315
35650
35997
36262
36656
36792
36946
37450
38855
39422
40038
40044
40191
40264
41330
41592
41615
41712
42489
42699
43615
43818
44515
44909
45002
45010
45588
Number of cuts: 131

Grayson
497
1031
1102
1262
1393
1530
2293
2478
2521
3123
4890
6574
8923
9088
11567
11786
13072
13311
16408
16644
16807
16886
17052
18845
19361
20163
21301
25108
25232
25941
25991
28663
28942
32984
33325
33973
34082
34462
37959
38463
40004
40745
40820
40844
42034
42457
43056
44437
45460
45815
46261
47611
51106
51827
53552
55196
55378
56203
56666
56735
58194
58360
59094
59601
59690
59856
61533
63336
64647
64862
66193
67520
67618
68407
69075
69251
71193
72319
72437
74910
76526
77022
77722
80446
81978
82353
83600
84236
87441
88061
91055
91654
91805
93293
93445
95613
95786
96063
96231
96564
97079
99410
99417
101557
103411
103834
104173
104201
106468
106991
107267
107762
108139
108701
108878
108979
112113
112215
114206
114945
116297
116731
116937
117207
119359
120430
120817
121504
121848
123064
123075
123154
123476
123702
125436
125743
125950
126255
126330
126381
126652
126756
127176
127928
128097
128109
128313
128339
128345
128384
128390
128612
128618
129398
129932
130003
130163
130294
130431
131194
131379
131422
Number of cuts: 162

Harlequin
907
1435
1819
2059
2337
2491
2937
3903
4153
5188
5256
5302
5527
5642
6261
6361
7012
7433
7600
7871
8654
9353
10462
10672
10714
10720
10760
10775
11024
11201
11724
12410
12563
12872
13382
13592
15619
15649
15735
16640
17718
17959
18193
18488
18632
18769
18856
19043
19092
19136
19683
20094
20612
20646
20816
21123
21213
21405
21459
21513
21772
21817
21970
22007
22238
22244
22811
22865
22880
23425
24475
24823
25973
26278
26553
26558
27005
27104
28234
28527
28570
28704
28851
29064
29578
30433
30553
30613
31429
31552
32430
33291
33887
34253
34502
34767
35101
35436
35783
36048
36442
36578
37236
38641
39211
39882
39888
40112
41177
41440
41463
41560
42337
43463
44363
44757
44850
44858
45436
Number of cuts: 119

Hiro
907
1435
2337
2491
2937
3701
3903
4145
5188
5302
5527
5642
5906
6261
6361
7012
7433
7600
7871
8654
9353
10462
10708
10754
10769
10799
11018
11195
11718
13688
13898
14386
15925
15955
16041
16946
17222
17322
17954
18024
18265
18499
18794
18938
19075
19162
19349
19442
19847
19989
21429
21519
21747
22024
22069
22222
22614
22700
22951
23107
23183
23330
24730
25078
26228
26533
26808
26813
27260
27359
27608
28782
28825
28959
29106
29319
29764
29833
30909
31089
31905
32028
32906
33767
34363
34729
34978
35243
35577
35912
36259
36524
36918
37054
37712
39117
39680
39687
40356
40362
40509
40582
41648
41911
41934
42031
42808
43934
44834
45228
45321
45329
45907
Number of cuts: 113

Jace
142
672
1115
1774
2699
4045
4060
4087
5786
6803
6847
6928
7094
7449
7890
8066
8430
8778
9633
10119
12120
12429
12681
12774
13836
14505
14703
14755
15020
15143
16139
16145
17052
17544
17822
18442
18652
18736
18794
19198
19380
19579
20281
20399
20428
20815
21269
21892
22809
22817
22850
23020
23616
23621
24097
24450
24670
24870
25259
25313
25321
25565
25615
25798
27696
27717
28054
28141
28648
28882
28887
29485
29635
29967
31343
31537
32048
32072
32090
33387
33393
33876
34368
34378
34436
34454
34906
35312
36305
36854
36908
37504
38350
39097
39281
39556
39687
40298
40655
40790
40975
41449
41570
41607
41770
41957
42507
43214
43842
44207
44349
44458
44888
45301
45426
45833
46237
46934
47100
47122
47686
48112
48738
48771
49202
49418
50424
50451
50585
50948
51065
51278
51776
52350
52654
52904
53340
Number of cuts: 137

Jester
907
1435
1819
2059
2337
2491
2937
3903
4153
5188
5256
5302
5527
5642
6261
6361
7012
7433
7600
7871
8654
9353
10462
10708
10754
10769
10799
11018
11195
11718
12314
12512
12557
12866
13376
13586
14074
15613
15643
15729
16165
16634
16910
17010
17642
17712
17953
18187
18482
18626
18763
18850
19037
19086
19130
19677
20088
20606
20640
20810
21117
21207
21399
21453
21712
21757
21910
21947
22169
22175
22742
22796
22811
23356
24406
24754
25904
26209
26484
26489
26936
27035
28165
28458
28501
28635
28782
28995
29509
30364
30484
30544
31360
31483
32361
33222
33818
34184
34433
34698
35032
35367
35714
35979
36373
36509
37167
38572
39142
39813
39819
40043
41108
41371
41394
41491
42268
43394
44294
44688
44781
44789
45367
Number of cuts: 123

Krishelle
907
1435
2059
2217
2337
2491
2937
3701
3903
5188
5302
5527
5642
5648
6276
6376
7027
7448
7615
7886
8669
9368
10477
10723
10769
10784
10814
11033
11210
11733
13703
13913
14401
15940
15970
16056
16713
17237
17337
17969
18039
18280
18514
18809
18953
19090
19177
19364
19413
19457
20004
21444
21534
21798
22075
22120
22273
22665
22751
23002
23158
23234
23381
24754
25102
26183
26832
27284
27383
27632
28673
28885
28928
29044
29062
29209
29317
29422
29452
29669
29750
29933
31009
31129
31189
32005
32128
33006
33867
34829
35078
35343
35677
36012
36359
36398
37027
37163
37317
37821
39226
40465
40471
40618
40691
41757
42019
42042
42139
42916
43126
44042
44245
44942
45336
45429
45437
Number of cuts: 117

Lillie
907
1435
2059
2337
2491
2937
3701
5188
5302
5527
5642
5648
6276
6376
7027
7448
7615
7886
8433
8799
9871
9901
10518
10764
10770
10785
10810
10825
11074
11251
11774
12460
12568
12613
12922
12981
13432
13642
14130
15669
15699
15785
16442
16690
17066
17698
17768
18009
18243
18538
18682
18819
18906
19093
19142
19186
19733
20144
20662
20696
20866
20926
21173
21455
21509
21518
21768
21813
21966
22163
22233
22239
22804
22860
22875
23420
24470
24602
24818
25899
26273
26548
26553
27000
27099
27183
27348
28565
28681
28699
28840
28846
29059
29390
29573
30649
30769
30829
31645
31768
32646
33507
34469
34718
34983
35317
35652
35999
36264
36658
36794
36948
37452
38857
40096
40102
40249
40322
41388
41650
41673
41770
42547
42757
43673
43876
44573
44967
45060
45068
45646
Number of cuts: 131

Mahdia
124
412
482
1026
2475
2517
2869
3180
3355
3654
4454
4492
4816
5275
5568
5697
5918
6280
7581
7761
7941
8079
8198
8431
8442
8483
8761
8797
9069
10014
10158
10377
10500
10593
11860
12568
13792
13979
14622
15141
15534
15870
15884
16225
18524
18985
19099
19165
19279
19443
20381
20537
20714
21080
21544
21799
21832
21988
21994
22120
22461
22467
22819
23015
23499
23683
24034
24322
24490
25070
25076
26109
26249
26540
26825
26952
27132
27361
27376
28581
28739
28797
29852
29966
30068
31513
31624
31681
32185
32469
32538
33228
33483
33522
33725
34065
34569
34956
34964
35268
35836
36534
37158
37400
37421
37435
37570
37594
38338
38871
38877
38961
39006
39012
39384
39880
39935
39946
39978
40032
40630
41153
41159
41314
41409
41499
42036
42345
42378
Number of cuts: 129

Naiad
907
1435
2059
2217
2337
2491
2937
3701
3903
5188
5302
5527
5642
5648
6276
6376
7027
7448
7615
7886
8433
8799
9871
9901
10518
10764
10770
10785
10810
10825
11074
11251
11774
12460
12568
12613
12922
12981
13432
13642
14130
15669
15699
15785
16442
16690
17066
17698
17768
18009
18243
18538
18682
18819
18906
19093
19142
19186
19733
20144
20662
20696
20866
20926
21173
21455
21509
21518
21768
21813
21966
22003
22817
22873
22888
23433
24483
24615
24831
26286
26561
26566
27013
27112
27196
27361
28578
28694
28712
28853
28859
29072
29403
29586
30662
30782
30842
31658
31781
32659
33520
34482
34731
34996
35330
35665
36012
36051
36680
36816
36970
37474
38879
40118
40124
40271
40344
41410
41672
41695
41792
42569
42779
43695
43898
44595
44989
45082
45090
45668
Number of cuts: 130

Nancinator
907
1435
2059
2217
2337
2491
2937
3701
3903
5188
5302
5527
5642
5648
6276
6376
7027
7448
7615
7886
8433
8799
9871
9901
10518
10764
10770
10785
10810
10825
11074
11251
11774
12460
12568
12613
12922
12981
13432
13642
14130
15669
15699
15785
16442
16690
17066
17698
17768
18009
18243
18538
18682
18819
18906
19093
19142
19186
19733
20144
20662
20696
20866
20926
21173
21455
21509
21518
21768
21813
21966
22163
22233
22239
22804
22860
22875
23420
24471
24603
24819
25431
25900
26274
26549
26554
27001
27100
27349
28566
28700
28847
29060
29389
29503
29572
29947
30582
30702
30762
31578
32579
33440
34411
34660
34925
35259
35594
35941
36206
36600
36736
36890
37394
38799
39366
39588
39661
40727
40989
41012
41109
41886
42096
43012
43215
43912
44306
44399
44407
44985
Number of cuts: 131

Natosaleda
907
1435
2059
2337
2491
2937
3701
3903
5188
5302
5527
5642
5648
6276
6376
7027
7448
7615
7886
8433
8799
9871
9901
10518
10764
10770
10785
10810
10825
11074
11251
11774
12460
12568
12613
12922
12981
13432
13642
14130
15669
15699
15785
16442
16690
17066
17698
17768
18009
18243
18538
18682
18819
18906
19093
19142
19186
19733
20144
20662
20696
20866
20926
21173
21455
21509
21518
21768
21813
21966
22163
22233
22239
22804
22860
22875
23420
24470
24602
24818
25430
25899
26273
26548
26553
27000
27099
27348
28565
28699
28846
29059
29388
29502
29571
29946
30581
30701
30761
31577
32578
33439
34410
34659
34924
35258
35593
35940
36205
36599
36735
36889
37393
38798
39365
40034
40040
40175
40187
40263
41328
41590
41613
41710
42487
42697
43613
43816
44513
44907
45000
45008
Number of cuts: 132

Partridge
149
437
458
1428
2118
2396
2550
2996
3962
4142
5247
5315
5361
5586
5701
6320
6420
7071
7492
7659
7930
8713
9436
9841
10545
10797
10803
10843
10858
11107
11284
11807
12493
12955
13465
13675
14163
15702
15732
15818
16475
16723
16999
17099
17254
17731
17801
18042
18276
18571
18715
18852
18939
19126
19175
19219
20177
21206
21296
21551
21801
21846
21999
22062
22130
22326
22906
22921
23466
24517
24865
25586
25982
26631
27083
27182
27431
28472
28684
28727
28843
28861
29008
29116
29221
29251
29469
29550
29664
29733
30809
30989
31805
31928
32657
32806
33664
33893
34100
34392
34767
35016
35281
35950
36297
36956
37092
37246
37751
38888
39726
40397
40403
41689
41951
41974
42071
42524
42534
42662
42852
43245
43641
43833
44155
45055
45182
Number of cuts: 127

Pepy6
339
510
591
628
1263
2837
3233
4223
4757
5544
5792
5814
5891
5993
6126
6762
8854
8886
9153
9290
9901
10326
10511
11040
15327
15370
16078
18200
19864
19969
22298
22748
23170
23359
23504
23584
23657
23800
24028
24070
24145
24778
25489
25774
26037
26171
26699
27333
27851
28421
29385
29816
30005
30479
32204
32564
33577
33667
34775
35290
36456
36689
38165
39715
39796
40747
41477
43088
43641
43674
43900
44098
44609
45022
45427
45500
45526
45634
46510
46597
46974
47093
48284
48393
48928
49246
49693
49700
50049
50981
51185
52232
52608
52692
53532
54095
55362
55727
56102
56208
56481
56724
57261
58751
58805
59083
59235
59328
59511
59551
59600
59685
60528
61517
61638
62126
62227
62429
63017
64545
64867
65004
65082
65556
65608
65786
66956
67028
67128
68026
70380
70719
70779
71019
71231
71740
72062
72565
73726
75325
75969
Number of cuts: 141

Peregrin
1056
1119
1285
1553
2109
2322
2522
2744
3317
4718
6628
8402
9994
11100
12000
12026
12386
12571
12727
13563
14438
15069
16013
16243
16406
16485
17151
18397
20270
21969
22320
23563
24682
25568
26398
28177
28456
31766
32107
32755
32864
35075
35209
37111
39525
39600
39624
40814
40946
41237
41836
43217
43536
44214
46181
46391
47315
49856
49889
54161
54328
54957
54986
55363
56561
57461
57968
58057
58223
59900
61703
62897
63280
63875
65945
66043
67676
69603
70164
70729
72660
74409
74677
74887
74937
77396
79787
80059
80977
82474
83839
84379
86005
86223
87231
87360
87954
88631
90486
91236
92876
93718
94500
95264
97433
97449
97856
97863
99418
100854
101483
101944
103813
104071
104578
104606
104717
106744
107266
107542
108035
108150
108635
108736
111297
111417
112386
112694
113077
115284
115549
115792
117105
117539
117745
118015
120622
121863
122250
123445
124314
124427
124742
125143
125306
125542
127367
127418
127689
127793
128213
129135
129146
129270
129315
129327
129369
129531
129562
129606
129618
129766
131125
131188
131354
131622
132178
132391
132591
132813
Number of cuts: 170

Phrankenstein
907
1435
2059
2217
2337
2491
2937
3701
5188
5302
5527
5642
5648
6276
6376
7027
7448
7615
7886
8433
8799
9871
9901
10518
10764
10770
10785
10810
10825
11074
11251
11774
12460
12568
12613
12922
12981
13432
13642
14130
15669
15699
15785
16442
16690
17066
17698
17768
18009
18243
18538
18682
18819
18906
19093
19142
19186
19733
20144
20662
20696
20866
20926
21173
21455
21464
21714
21759
21912
22109
22179
22185
22750
22806
22821
23366
24416
24548
24764
25845
26219
26494
26499
26946
27045
27294
28511
28645
28792
29005
29336
29450
29519
30595
30715
30775
31591
32592
33453
34415
34664
34929
35263
35598
35945
36210
36604
36740
36894
37398
38803
40042
40048
40195
40268
41334
41596
41619
41716
42493
42703
43619
43822
44519
44913
45006
45014
45592
Number of cuts: 128

Pine5
320
642
1193
1422
1499
1605
1818
2173
2626
2723
3183
3340
3435
3594
3720
4707
5891
6370
6727
7288
7841
7984
8968
9904
10300
10498
11622
11796
12031
12183
12390
12603
12965
13166
13768
13852
13964
13976
14099
14372
14689
15441
15554
15561
16022
16449
16639
16717
16810
17183
17296
18157
18373
18487
19244
19816
20013
20028
20670
20706
21322
21355
22035
22209
22383
22633
23448
23728
23791
23955
24067
25084
25288
25293
25311
26426
26564
27161
27286
27721
27978
27994
28542
28626
28909
29002
29113
29566
29710
29956
30058
30297
31833
32047
32287
32898
33774
33839
33930
34139
34236
34376
35884
36754
36790
36811
37929
38068
38320
38488
38512
38949
39361
39688
40560
41128
41185
41371
41967
42012
42479
42929
43394
43444
44137
44199
44263
44948
46676
46763
47714
48068
48287
48422
48688
48972
48978
49060
49170
50167
50928
51150
51468
51732
52045
52665
52844
52927
53077
53248
53596
53860
54038
54171
55115
55448
55526
55942
55947
56011
56688
56964
57178
57281
57494
57729
57790
57847
57972
58057
58349
58418
Number of cuts: 172

Poco6
510
1584
2493
2764
4295
4511
4944
5480
5776
6118
6470
8328
10037
10853
11201
11282
11487
11511
11518
12285
12721
12970
13332
13681
13756
13941
14114
15037
15349
16135
16926
17982
18087
18130
18355
18838
19848
21991
24323
24755
25183
25372
25597
25670
26041
26083
26158
26791
27448
27502
27605
27787
28050
28149
28184
28712
29346
29398
29484
29514
30674
31835
31959
32024
32338
32791
33710
33833
34456
35692
36797
38478
38637
39018
40237
41042
41493
41693
42488
43279
43868
44685
44917
45255
45287
45500
45724
45934
46700
46718
46808
46947
47040
48470
49334
50072
50443
50755
50810
51263
51795
52508
52700
53049
53091
54116
55040
55603
56162
57235
57610
57716
57935
57948
57989
58252
58425
59006
59621
60259
60414
60769
62437
62458
62715
63046
63147
63862
65130
65394
65880
66684
67134
68718
69123
69957
70410
70697
70796
71646
72042
72494
73003
73324
73827
74729
75404
76593
77657
Number of cuts: 149

Rasputin
907
1435
2059
2217
2337
2491
2937
3701
3903
5188
5302
5642
5906
6261
6361
7433
7600
7871
8655
9378
9783
10691
10733
10739
10794
10824
11043
11220
11743
12429
12582
12891
13401
13611
15638
15668
15754
16659
17737
17978
18212
18507
18651
18788
18875
19062
19111
19155
19702
20113
20631
20665
20835
21142
21232
21424
21737
21782
21935
22203
22209
22774
22830
22845
23390
24441
24789
25401
26244
26519
26524
26971
27070
27319
28536
28670
28817
29060
29475
29544
30620
30740
30800
31466
31616
31739
32617
33478
34440
34689
34954
35288
35623
35970
36235
36629
36765
36919
37423
38828
40067
40073
40220
40293
40750
41359
41621
41644
41741
42518
42728
43644
43847
44544
44938
45031
45039
45617
Number of cuts: 118

RER2
907
1435
2059
2337
2491
2937
3701
5188
5302
5527
5642
5648
6276
6376
7027
7448
7615
7886
8433
8799
9871
9901
10518
10764
10770
10785
10810
10825
11074
11251
11774
12460
12568
12613
12922
12981
13432
13642
14130
15669
15699
15785
16442
16690
17066
17698
17768
18009
18243
18538
18682
18819
18906
19093
19142
19186
19733
20144
20662
20696
20866
21173
21455
21509
21518
21768
21813
21966
22163
22233
22239
22806
22860
22875
23420
24470
24602
24818
25899
25968
26273
26548
26553
27000
27099
27348
28565
28699
28846
29059
29089
29504
29573
30649
30769
30829
31645
31768
32646
33507
34469
34718
34983
35317
35652
35999
36038
36264
36658
36794
36948
37452
38857
40096
40102
40249
40322
41388
41650
41673
41770
42547
42757
43673
43876
44573
44967
45060
45068
45646
Number of cuts: 130

RexFury
938
1466
2090
2248
2368
2522
2968
3732
3934
5219
5333
5558
5673
5679
6307
6407
7058
7479
7646
7917
8464
8830
9902
9932
10549
10801
10816
10841
10856
11105
11282
11805
12491
12644
12953
13012
13324
13463
13673
14161
15700
15730
15816
16473
16721
17097
17729
17799
18040
18274
18569
18713
18850
18937
19124
19173
19217
19764
20175
20693
20727
20897
20957
21204
21486
21540
21549
21799
21844
21997
22194
22264
22270
22835
22891
22906
23451
24501
24633
24849
25461
26304
26579
26584
27031
27130
27379
28596
28730
28877
28985
29120
29535
29604
30680
30800
30860
31526
31676
32677
33538
34500
34749
35014
35348
35683
36030
36295
36689
36825
36979
37483
38888
39455
40124
40130
40265
40277
40353
41418
41680
41703
41800
42577
42787
43703
43906
44603
44997
45090
45098
45676
Number of cuts: 132

RGL3
427
893
2058
2339
2939
2958
3905
4147
4915
5155
5190
5908
6269
6620
7017
7397
7419
7439
7876
8423
9375
10556
10691
10697
10751
10785
11270
12648
12795
13029
13767
14288
14696
14783
15863
15949
16330
16854
17130
17563
17859
17929
18321
18404
18700
18969
19140
19243
19336
19738
20719
20806
20834
20924
21548
21595
21724
22666
22801
22835
22921
23404
23776
24958
25355
25457
26671
26953
26982
27050
27286
27523
27975
28335
29013
29525
30589
31152
31376
31439
31499
33292
33805
33818
34120
35090
35125
35378
35912
36473
36538
36605
36985
37653
37789
38111
38245
38259
38464
39747
40102
40816
41256
41329
41649
42020
42485
42764
42989
43004
43332
43463
43512
44309
44738
44748
44771
44886
45273
45461
45729
45789
46020
47259
47388
Number of cuts: 125

Rhodalysa
907
1435
2059
2337
2491
2937
3701
5188
5302
5527
5642
5648
6276
6376
7027
7448
7615
7886
8433
8799
9871
9901
10518
10764
10770
10785
10810
10825
11074
11251
11774
12460
12568
12613
12922
12981
13432
13642
14130
15669
15699
15785
16442
16690
17066
17698
17768
18009
18243
18538
18682
18819
18906
19093
19142
19186
19733
20144
20662
20696
20866
20926
21173
21455
21509
21518
21768
21813
21966
22163
22233
22239
22804
22860
22875
23420
24470
24602
24818
25899
26273
26548
26553
27000
27099
27183
27348
28565
28681
28699
28840
28846
29059
29390
29573
30649
30769
30829
31645
31768
32646
33507
34469
34718
34983
35317
35652
35999
36264
36658
36794
36948
37452
38857
40096
40102
40249
40322
41388
41650
41673
41770
42547
42757
43673
43876
44573
44967
45060
45068
45646
Number of cuts: 131

StCroix
907
1435
2059
2217
2337
2491
2937
3701
3903
5188
5302
5527
5642
5648
6276
6376
7027
7448
7615
7886
8433
8799
9871
9901
10518
10764
10770
10785
10810
10825
11074
11251
11774
12460
12568
12613
12922
12981
13432
13642
14130
15669
15699
15785
16442
16690
17066
17698
17768
18009
18243
18538
18682
18819
18906
19093
19142
19186
19733
20144
20662
20696
20866
20926
21173
21455
21509
21518
21768
21813
21966
22003
22817
22873
22888
23433
24483
24615
24831
26286
26561
26566
27013
27112
27196
27361
28578
28694
28712
28853
28859
29072
29403
29586
30662
30782
30842
31658
31781
32659
33520
34482
34731
34996
35330
35665
36012
36051
36680
36816
36970
37474
38879
40118
40124
40271
40344
41410
41672
41695
41792
42569
42779
43695
43898
44595
44989
45082
45090
45668
Number of cuts: 130

Swann
907
1435
2059
2217
2337
2491
2937
3701
5188
5302
5527
5642
5648
6276
6376
7027
7448
7615
7886
8433
8799
9871
9901
10518
10764
10770
10785
10810
10825
11074
11251
11774
12460
12568
12613
12922
12981
13432
13642
14130
15669
15699
15785
16442
16690
17066
17698
17768
18009
18243
18538
18682
18819
18906
19093
19142
19186
19733
20144
20662
20696
20866
20926
21173
21455
21509
21518
21768
21813
21966
22163
22233
22239
22804
22860
22875
23420
24470
24602
24818
25430
26273
26548
26553
27000
27099
27348
28565
28699
28846
29059
29388
29502
29571
30647
30767
30827
31643
31766
32644
33505
34467
34716
34981
35315
35650
35997
36036
36262
36656
36792
36946
37450
38855
40094
40100
40247
40320
41386
41648
41671
41768
42545
42755
43671
43874
44571
44965
45058
45066
45644
Number of cuts: 131

Takoda
149
475
1428
2051
2329
2483
2929
4137
5180
5248
5294
5519
5634
6253
6353
7004
7425
7592
7863
8646
9369
9774
10478
10688
10730
10770
10785
11034
11211
11734
12420
12528
12573
12882
13392
13602
15629
15659
15745
16402
16650
16926
17026
17658
17728
17969
18203
18498
18642
18779
18866
19053
19102
19146
19551
19693
20104
20622
20826
21133
21728
21773
21926
21963
22832
22847
23392
24443
24791
25872
26521
26526
26973
27072
27156
28538
28654
28672
28813
28819
28897
29032
29062
29477
29546
29921
30556
30736
30844
31552
31675
32440
32553
32976
33411
33640
33985
34277
34652
34901
35166
35835
36182
36221
36447
36841
36977
37131
37635
40281
40287
40581
40795
41572
41833
41856
41953
42416
42544
42935
43485
43677
43999
44899
45874
46116
Number of cuts: 126

Trina
1067
1106
1764
2181
2834
2843
4655
5738
6619
8050
8478
10344
10936
11895
12720
13142
13535
14599
15071
15164
16201
16285
16320
16813
17454
18148
18421
19356
19501
21179
21725
21872
22294
23371
23860
26026
26776
27039
27982
28753
29615
30737
31208
31225
31403
31696
32408
33146
33989
34784
35038
35246
35546
36195
38018
38390
39006
39277
39673
39902
42205
43646
44101
44299
44485
44671
45076
46055
47166
47776
48804
51114
51548
52177
52226
52558
52742
53057
53582
53807
54001
54191
54611
58146
58753
59140
59737
61164
61691
61793
61874
62148
62166
62526
62567
64451
64527
65081
65242
65326
65433
66175
66737
66751
68262
68514
69056
69941
70547
70669
70682
71470
72062
73707
73909
74311
74407
75198
75318
75408
75694
75901
77452
77857
78410
78435
78960
80551
80966
81573
82167
82272
83213
83803
84080
84142
85394
85894
87455
89816
89914
90338
90410
90744
90833
93973
94322
94355
94383
94431
95204
95982
96081
96105
96350
96366
96471
97870
98764
99871
100031
100689
100929
100959
101401
102603
105361
106253
106363
107367
108996
111247
111389
111426
112677
112724
113065
113580
113671
114077
115110
115253
117374
117572
120142
122376
123600
124144
124431
124952
125497
125553
125687
126188
126634
128134
128409
128913
129287
129621
130430
130622
130776
131242
131817
133824
133994
134509
134515
135068
137469
137508
138166
138583
139236
139245
Number of cuts: 216

TWAMP
907
1435
2059
2337
2491
2937
3701
5188
5302
5527
5642
5648
6276
6376
7027
7448
7615
7886
8433
8799
9871
9901
10518
10764
10770
10785
10810
10825
11074
11251
11774
12460
12568
12613
12922
12981
13432
13642
14130
15669
15699
15785
16442
16690
17066
17698
17768
18009
18243
18538
18682
18819
18906
19093
19142
19186
19733
20144
20662
20696
20866
20926
21173
21455
21509
21518
21768
21813
21966
22163
22233
22239
22804
22860
22875
23420
24470
24602
24818
25899
26273
26548
26553
27000
27099
27183
27348
28565
28681
28699
28840
28846
29059
29390
29573
30649
30769
30829
31645
31768
32646
33507
34469
34718
34983
35317
35652
35999
36264
36658
36794
36948
37452
38857
40096
40102
40249
40322
41388
41650
41673
41770
42547
42757
43673
43876
44573
44967
45060
45068
45646
Number of cuts: 131

UhSalsa
907
1435
2059
2217
2337
2491
2937
3701
3903
5188
5302
5527
5642
5648
6276
6376
7027
7448
7615
7886
8433
8799
9871
9901
10518
10764
10770
10785
10810
10825
11074
11251
11774
12460
12568
12613
12922
12981
13432
13642
14130
15669
15699
15785
16442
16690
17066
17698
17768
18009
18243
18538
18682
18819
18906
19093
19142
19186
19733
20144
20662
20696
20866
20926
21173
21455
21509
21518
21768
21813
21966
22163
22233
22239
22804
22860
22875
23420
24471
24603
24819
25431
25900
26274
26549
26554
27001
27100
27349
28566
28700
28847
29060
29389
29503
29572
29947
30582
30702
30762
31578
32579
33440
34411
34660
34925
35259
35594
35941
36206
36600
36736
36890
37394
38799
39366
40035
40041
40176
40188
40264
41329
41591
41614
41711
42488
42698
43614
43817
44514
44908
45001
45009
45587
Number of cuts: 134

Weasels2
643
729
946
2021
2208
2308
2654
2741
2857
2900
2905
3091
3097
3199
3500
4070
5573
6458
9238
9313
9523
10386
10896
11915
12560
12808
12951
13023
13595
13649
15375
16708
16935
17098
17535
19038
19486
23733
24041
24812
25521
25571
26503
26934
28176
28455
30671
30779
31891
32146
36578
37521
37587
38091
38299
39848
40369
40953
41791
44632
45466
45800
46769
46855
47532
47997
48351
51091
51391
51516
51669
52056
52326
53163
55386
56326
57353
57900
57937
62852
63443
63613
64352
64655
68679
68842
70775
71749
75188
76154
76241
76696
77455
78160
78893
78963
79260
80094
82009
84524
86153
88192
88332
89037
89420
89470
92874
93029
93526
93577
94523
95122
95270
96011
96160
96922
97464
98348
101034
101081
101798
103871
104183
105122
105798
106592
107089
108263
108360
109123
109832
111622
112121
112213
112770
113128
114332
114434
114509
117123
117883
118213
119264
119327
119604
119960
121068
121404
122708
122789
124464
124470
125676
125833
126013
126353
126668
127119
127934
128697
130625
130770
131256
132348
132434
132651
133726
133913
134013
134359
134446
134562
134605
134610
134796
134802
134904
Number of cuts: 177

Yogi
907
1435
2337
2491
2937
3701
3903
4145
5188
5302
5527
5642
6261
6361
7012
7433
7600
7871
8654
9377
10486
10696
10738
10744
10784
10799
10829
11048
11225
11748
12434
12587
12896
13406
13616
15643
15759
16664
17040
17742
17983
18217
18512
18656
18793
18880
19067
19116
19160
19707
20118
20636
20670
20840
21147
21237
21742
21787
21940
21977
22137
22207
22213
22778
22834
22849
23394
24444
24576
24792
25873
25942
26247
26522
26527
26974
27073
27322
28539
28673
28820
29033
29063
29478
29547
30623
30743
30803
31619
31742
32620
33481
34077
34440
34689
34954
35288
35623
35970
36235
37009
37145
37299
37803
39208
39778
40447
40453
40673
41739
42001
42024
42121
42898
43108
44024
44227
44924
45318
45411
45419
45997
Number of cuts: 122

Yoncess
907
1435
1819
2059
2337
2491
2937
3701
3903
4145
5188
5302
5527
5642
5906
6261
6361
7012
7433
7600
7871
8654
9377
10486
10696
10738
10744
10784
10799
10829
11048
11225
11748
12434
12587
12896
13406
13616
15643
15673
15759
16664
17040
17742
17983
18217
18512
18656
18793
18880
19067
19116
19160
19707
20118
20636
20670
20840
21237
21429
21483
21742
21787
21940
21977
22208
22214
22781
22835
22850
23395
24445
24793
25943
26248
26523
26528
26975
27074
27323
27439
28497
28540
28674
28821
29034
29548
30403
30523
30583
31399
31522
32400
33261
33857
34223
34472
34737
35071
35406
35753
36018
36412
36548
37206
38343
39174
39181
39850
39856
40076
41142
41405
41428
41525
42305
43432
44332
44726
44819
44827
45405
Number of cuts: 122

