Alatin
115
297
1440
1492
1538
1972
2121
2166
2451
2909
3521
3771
3976
4417
4494
5197
5274
6265
6357
6753
6970
7275
8989
9906
10893
11001
12573
12717
12873
13296
13305
13829
15279
16040
16542
16827
16898
17884
18543
18621
18861
18911
19021
19147
19438
20356
20524
20696
21423
21732
21831
22092
22876
23200
24223
24257
24419
25229
25502
26920
27086
27124
27536
28456
29226
29909
30635
31137
31258
31282
31861
32301
32383
32603
32887
33188
33933
34172
34979
35379
37431
37788
38071
38259
38660
38770
39093
39372
39400
40181
41881
42851
43690
43763
44565
44602
44660
44668
45371
45727
45916
46462
46517
Number of cuts: 103

Alpacados
297
1440
1492
1538
1912
1925
2413
2871
3483
3733
3821
3962
4379
4456
5159
5783
5789
6212
6700
6917
7222
8111
10574
10715
10829
12653
13232
13241
13247
13765
14389
15215
15361
15753
15838
15901
15976
16834
17820
18479
18557
18797
18847
18957
19083
19583
20292
20460
20529
20632
21359
21694
21974
24092
24126
24288
25371
26108
26739
26825
26991
27029
27441
28361
29131
29814
30540
31042
31163
31187
31766
32206
32288
32792
34077
34881
35281
37459
37681
37964
38152
38426
38553
38986
39265
39293
39398
41191
41704
42674
43513
43586
44388
44425
44483
44491
45194
45550
45739
46283
46337
Number of cuts: 101

AngryOrchard
115
297
1433
1447
1485
1531
1917
2066
2396
2854
3716
3921
4362
4439
5142
5772
6683
6900
7205
8902
10053
10698
10812
10920
10976
12492
12636
13215
13224
13748
14291
14300
14408
14415
15198
15736
15959
16817
17803
18462
18540
18780
18830
18940
19066
19357
20545
20661
20748
21735
21890
22175
23064
24088
24122
24284
25367
26988
27400
28320
29090
29796
30433
30935
31056
31080
31659
32099
33232
33770
34237
34902
35441
36976
37484
37841
38124
38312
38823
39146
39425
39453
39709
39853
40216
40236
41934
42882
42915
43735
43982
44023
44607
44644
44702
44710
45326
45671
45845
46442
Number of cuts: 100

AppleCloud
1233
1681
1875
2618
3216
3230
3480
4126
4203
4906
4950
5536
5959
6044
6447
6664
6969
8407
9469
9793
10195
10297
10710
12066
12291
13261
13270
13276
13378
13794
14346
15244
15782
16005
16792
16863
17849
18508
18586
18826
18876
18986
19112
19403
19721
20321
20558
20707
21723
21781
22003
22318
23072
23144
23379
24098
24132
24294
25377
26078
26709
26961
27411
29180
29419
29501
30365
30867
30988
31012
31591
32031
33373
33853
33896
34706
35106
37506
37789
37977
38251
38488
38811
39118
39896
40031
40125
40137
40209
40468
40497
41085
41598
42568
43407
43480
44282
44319
44377
44385
45088
45444
45633
46178
46233
Number of cuts: 105

Belenaria
115
297
1440
1492
1538
1972
2121
2166
2451
2909
3521
3771
3976
4417
4494
5197
5274
6265
6357
6753
6970
7275
8989
9906
10893
11001
12573
12717
12873
13296
13305
13829
15279
16040
16542
16827
16898
17884
18543
18621
18911
19021
19147
19438
20356
20524
20696
21423
21720
21777
22038
22739
22809
24157
24191
24353
25163
25436
26768
26854
27470
28390
29160
29400
29482
29864
31003
31124
31148
31727
32167
32249
32469
32753
33054
34038
34854
35254
37654
37937
38125
38399
38636
38959
39266
40044
40179
40273
40285
40357
40616
40645
41233
41746
42716
43555
43628
44430
44467
44525
44533
45236
45592
45781
46327
46382
Number of cuts: 106

BobbyDazzler
115
297
1440
1538
2024
2037
2522
2980
3592
3842
3930
4071
4565
5268
5840
5892
5898
6321
6809
7026
7331
10179
10683
10824
10938
12762
13341
13356
13874
14498
15324
15470
15862
15947
16010
16085
16872
16943
17929
18588
18666
18906
18956
19066
19192
19485
19692
20401
20569
20638
20662
20741
21468
21803
22016
22083
22756
22785
24202
24236
24398
25481
26182
26813
27065
27515
28435
29205
29888
30614
31116
31237
31261
31840
32280
32362
32582
34151
34958
35358
37536
37758
38041
38229
38503
38630
39063
39342
39370
39475
40151
40316
41338
41852
42822
43661
43952
44020
44536
44573
44631
44639
45342
45698
45887
46431
46485
Number of cuts: 107

Bonanza
115
297
1440
1492
1538
1607
1972
2121
2166
2451
2909
3521
3771
3859
4000
4417
4494
5197
5821
5827
6250
6738
6955
7260
8149
10612
10753
10867
13270
13279
13285
13803
14427
15253
15399
15791
15876
15939
16014
16872
17858
18517
18595
18835
18885
18995
19121
19621
20330
20498
20567
20670
21732
22012
22783
23107
24130
24164
24326
25409
26110
26741
26827
26993
27031
27443
28363
29133
29816
30542
31044
31165
31189
31768
32208
32290
32794
34079
34883
35283
36493
36516
37841
38063
38346
38534
38808
38935
39368
39647
39675
39780
40456
40621
41643
42156
43126
43965
44038
44840
44877
44935
44943
45646
46002
46176
46722
46776
Number of cuts: 108

Bradshaw
115
297
1440
1492
1538
1972
2121
2166
2451
2909
3521
3771
4417
4494
5197
5274
6265
6350
6753
6970
7275
8989
9906
10893
11001
12573
12717
12873
13296
13305
13829
15279
15790
16040
16542
16827
16898
17884
18543
18621
18911
19021
19147
19438
20356
20524
20626
20696
21423
21678
21777
22038
22739
22809
23133
24156
24190
24352
25162
25435
26767
26853
27019
27057
27469
28389
29159
29842
30568
31070
31191
31215
31794
32234
32316
32536
32820
33121
33866
34105
34912
35312
37364
37721
38004
38192
38593
38703
39026
39305
39333
40114
41814
42784
43623
43696
44498
44535
44593
44601
45304
45660
45849
46327
46394
46450
Number of cuts: 106

Bryce
115
297
1440
1492
1538
1607
1972
2121
2166
2451
2909
3521
3771
3859
4000
4494
5197
5769
5821
5827
6250
6738
6955
7260
10108
10612
10641
10753
10867
12691
13270
13279
13285
13803
14427
15253
15399
15791
15876
15939
16014
16801
16872
17858
18517
18595
18835
18885
18995
19121
19414
19621
20330
20498
20567
20591
20670
21397
21732
21945
22012
22685
22714
24131
24165
24327
25410
26828
26994
27444
28364
29134
30322
30824
30945
30969
31548
31988
32070
32088
32290
33859
34666
35066
37244
37466
37749
37937
38211
38338
38448
38771
39050
39078
39183
39859
40024
41046
41560
42530
43369
43660
44244
44281
44339
44347
45050
45406
45595
46137
46191
Number of cuts: 111

ChewyVIII
528
1108
1790
2204
4579
4807
5275
6155
6204
6210
6443
6519
6971
7366
7492
8122
8424
8557
9306
10210
10417
11366
11395
12224
13711
13837
13846
15196
15335
15710
15944
19522
20189
21187
21607
21771
22090
22166
22281
23141
23522
24451
24464
25646
26539
26561
27546
28879
29981
30559
30846
30912
30967
31779
32238
34285
34678
35014
35341
35696
36173
36911
39106
40362
41192
42588
43432
44271
45100
45272
45502
48240
48708
52268
52801
53589
53620
56949
58115
59078
59084
59178
60428
61394
61542
62286
62306
62923
62935
62974
63010
65005
65807
66134
66173
66742
66984
67047
68788
68794
Number of cuts: 100

CosmicSans
115
297
1440
1492
1538
1972
2121
2166
2451
2909
3521
3771
4417
4494
5197
5274
6265
6350
6753
6970
7275
8989
9906
10893
11001
12573
12717
12873
13296
13305
13829
15279
15790
16040
16542
16827
16898
17884
18543
18621
18911
19021
19147
19438
20356
20524
20626
20696
21423
21678
21777
22038
22739
22809
24156
24190
24352
25435
26767
26853
27469
28389
29159
29842
30568
31070
31191
31215
31794
32234
32316
32536
32820
33121
33866
34105
34912
35312
36311
37355
37712
37995
38183
38584
38694
39017
39296
39324
40105
41292
41805
42775
43614
43687
44489
44526
44584
44592
45295
45651
45840
46386
46440
Number of cuts: 103

Dinger
115
1435
1487
1533
1968
2447
2905
3517
3767
3972
4413
4490
5193
5237
5823
6246
6734
6951
7256
10104
10506
12687
13266
13275
13799
14018
14342
14351
14459
14466
15249
16010
16868
17854
18513
18591
18831
18881
18991
19117
19408
19726
20253
20712
20799
22008
23116
24140
24174
24336
25419
26120
26751
27003
27453
29222
29462
29544
30189
30437
30939
31060
31084
31663
32103
32551
32689
33711
33777
34238
35454
37497
37854
38137
38325
38726
38836
39159
39438
39466
39722
40249
40414
41949
42900
42933
43753
44000
44041
44625
44662
44720
44728
45343
45863
46462
Number of cuts: 96

DocB7
531
781
1287
1720
1901
2622
2913
3849
3998
4088
4707
5466
6135
6156
6186
6357
6366
7172
7541
7900
7948
7983
8548
8590
8684
9483
9511
9619
9739
9961
10203
10436
10772
11031
11555
11917
13518
13605
15824
16756
18001
18062
18191
18268
18329
18347
18356
18701
18815
18940
19510
19960
19969
20256
21013
21220
21730
21739
22511
22922
23397
23558
25159
25193
25277
25797
26290
26399
26416
26891
27259
27348
27402
27702
28210
28225
28594
28609
28905
29328
29683
30412
31257
31266
31319
31691
31883
33107
33735
34406
34606
35016
35109
36098
36197
36324
36493
37032
38652
39225
39913
40375
40710
40749
40763
41698
41884
42021
42317
42513
42606
42649
43093
43510
43524
43680
43765
44549
44645
45189
45207
45326
45414
45557
45572
45768
46510
46609
46634
47307
47382
47817
47904
48816
48852
48880
49456
51018
51336
51409
51604
52270
53068
53679
54664
55276
55308
55838
56523
56813
57997
58019
58222
58455
59234
59336
59860
60164
60390
60882
60903
62043
62117
62516
62621
64288
65112
65623
65909
65940
66223
66315
66399
67175
67964
68973
69312
71215
71956
72225
72985
73030
73353
73785
74148
74190
74557
Number of cuts: 187

E3
107
215
266
535
569
669
1167
3206
3846
3979
4382
5164
5368
6449
7460
8701
12337
12607
13095
13398
13641
14136
14275
15044
15239
15556
15822
16151
16360
16700
17706
18264
19868
20030
20488
20752
20936
22624
23585
23976
24224
24897
27252
28403
28936
29382
29801
31586
32593
34417
34493
34698
35188
35204
36179
36261
36862
38337
38586
39324
40110
40184
40791
42822
44149
45276
46072
47345
48493
50090
51218
51310
51400
51736
51914
53019
54460
55071
55456
55777
56992
57181
58085
58120
58403
60061
60722
62138
63155
63407
63926
64864
64940
65196
65229
65993
66446
66926
67898
68672
69397
70937
72018
72974
73354
73774
73864
74383
75328
75974
76894
78436
78621
79374
80345
80709
82172
82721
83315
83829
85134
85666
86299
86395
87533
87547
87666
87823
89038
91455
91575
91687
91722
91772
92302
92352
92571
94366
95843
97278
98029
98784
100222
100481
101686
102675
103917
104012
107175
107306
108393
109412
110640
110842
111228
112376
113973
114589
114956
116410
116595
118617
118925
121615
121877
121978
122826
122892
124452
125992
126659
127053
127176
127491
128861
129014
129994
130293
131788
131945
132085
132141
134453
135059
135092
137278
139149
140216
140561
141606
142383
Number of cuts: 191

Erik
115
297
1440
1492
1538
1972
2121
2166
2451
2909
3521
3771
4417
4494
5197
5274
6265
6357
6753
6970
7275
8988
9905
10892
11000
12572
12716
12872
13295
13304
13828
15278
15789
16039
16541
16826
16897
17883
18542
18620
18910
19020
19146
19437
20355
20523
20695
21422
21719
21776
22037
22738
22808
24154
24188
24350
25160
25433
26765
26851
27467
28387
29259
29399
29481
29863
31002
31123
31147
31726
32166
32248
32468
32752
33798
34037
34844
35244
36243
37287
37644
37927
38115
38516
38626
38949
39228
39256
40037
41123
41636
42606
43445
43518
44320
44357
44415
44423
45126
45482
45671
46218
46273
Number of cuts: 103

Espica
115
297
1440
1492
1538
1972
2121
2166
2451
2909
3521
3771
3976
4417
4494
5197
5274
6265
6357
6753
6970
7275
8989
9906
10893
11001
12573
12717
12873
13296
13305
13829
15279
16040
16542
16827
16898
17884
18543
18621
18911
19021
19147
19438
20356
20524
20696
21423
21720
21777
22038
22739
22809
24157
24191
24353
25163
25436
26768
26854
27470
28390
29160
29400
29482
29864
31003
31124
31148
31727
32167
32249
32469
32753
34038
34854
35254
37654
37937
38125
38399
38636
38959
39266
40044
40179
40273
40285
40357
40616
40645
41233
41746
42716
43555
43628
44430
44467
44525
44533
45236
45592
45781
46326
46381
Number of cuts: 105

Finch
32
680
1573
1694
2317
2386
2405
2737
3743
3765
4190
5300
5530
5780
7027
7258
7690
8247
8984
9254
10235
10414
10641
10685
10777
11660
11702
12869
12969
13348
14225
14498
14948
17096
19663
20248
20348
20540
20732
21639
21676
21738
22384
22816
23222
23539
23880
24214
24344
24729
24814
24968
25211
25868
26255
26316
27433
27859
28045
28190
28527
30566
31302
31678
32425
32802
33757
34273
34366
35330
36797
37650
37902
38067
38120
38426
40429
40808
41256
41419
41847
42139
42148
42926
43076
43656
44095
44496
44603
44642
45453
47088
47819
48395
48636
49348
49653
50994
51859
52616
53278
53781
54440
54764
55291
55769
56089
56098
56927
57196
58608
62975
63468
63710
64292
64620
65356
65643
66315
67187
67706
68861
69526
69834
69955
71336
71496
71676
71695
71875
72268
72473
72486
72859
74252
74682
74715
74727
75026
75329
76812
76918
77367
77835
78185
79475
79576
79781
79960
80266
80630
81016
81238
81383
81918
82749
82833
84066
84474
84525
85003
85073
85547
86583
86633
86721
87440
87763
88885
89170
89297
89476
89742
90055
90289
91685
91966
92277
93272
93506
94074
94399
95828
96783
97031
97187
97325
97624
97849
98030
99026
99447
99908
100193
100567
100999
101455
101624
102492
102676
103040
103478
104382
104977
105232
105400
105725
106189
106234
106249
106719
106923
107554
107603
107953
108437
109069
109283
110041
110156
110253
110778
111140
111255
111743
112099
112738
113126
114825
115847
115934
116479
117143
117181
117305
117491
117585
117866
117957
119108
119195
119445
120594
122234
122814
123646
124072
125169
126956
128740
129723
129754
129909
130407
131128
131314
131890
132219
132270
133247
133544
135279
135636
136147
136540
136726
137661
138079
138503
138767
Number of cuts: 270

Gollum
115
297
1440
1492
1538
1972
2121
2166
2451
2909
3521
3771
4417
4494
5197
5274
6265
6357
6753
6970
7275
8989
9906
10893
11001
12573
12717
12873
13296
13305
13829
15279
16040
16542
16827
16898
17884
18543
18621
18911
19021
19147
19438
20356
20524
20696
21423
21720
21777
22038
22739
22809
24156
24190
24352
25435
26401
26767
26853
27019
27469
28389
29399
29840
30566
31068
31189
31213
31792
32232
32314
32534
32818
34103
34910
35310
37710
37993
38181
38455
38692
39015
39322
40047
41234
41747
42717
43556
43629
44431
44468
44526
44534
45237
45593
45782
46325
46379
Number of cuts: 98

Grayson
697
893
1034
1251
1596
1644
2074
2474
2483
3516
3572
3683
3901
4644
5075
5344
5711
6356
8071
9888
10228
10425
10583
10766
11236
11791
12629
12640
15076
15716
15738
18315
18701
20172
21890
21904
22505
22704
23399
25420
26197
26291
27060
27358
27401
27996
31012
31615
34471
34889
35299
35892
36553
36559
37388
37609
37697
38115
39397
39661
41614
44728
47098
48054
49344
51886
52083
52134
52185
53555
53654
55317
56119
56224
57346
57663
58008
58293
65527
66665
67516
69647
70021
70447
70924
71122
71473
72164
72338
75083
76815
77017
77668
78067
78842
79236
79252
80615
80851
85065
86376
86838
87030
87067
87325
89428
91747
91837
92236
93432
94135
94231
94463
94609
95271
98123
98261
100040
100939
102319
103284
104220
108248
108704
108906
109094
109218
109320
109563
111780
112015
113482
113861
114215
114911
115641
115884
115954
116052
117075
119177
120577
120800
120918
121109
122492
123052
123726
124350
126339
126617
126788
126958
127013
128350
128395
128623
129598
129794
129935
130152
130497
130545
130975
131375
131384
Number of cuts: 166

Harlequin
115
297
1440
1492
1538
1607
1972
2121
2166
2451
2909
3507
3521
3771
4417
4494
5197
5241
5827
6250
6738
6955
7260
8698
10084
10588
10617
10729
10843
12667
13246
13255
13261
13779
14403
15229
15375
15767
15852
15915
15990
16777
16848
17834
18493
18571
18811
18861
18971
19097
19390
19597
20306
20474
20543
20567
20646
21373
21762
21975
22042
22715
22744
24161
24195
24357
25440
26858
27024
27474
28394
29164
30352
30854
30975
30999
31578
32018
32100
32118
32320
33889
34696
35096
37274
37496
37779
37967
38368
38801
39080
39108
39871
39891
40056
40145
41081
41595
42565
43404
43695
44279
44316
44374
44382
45085
45441
45630
46173
46227
Number of cuts: 110

Hiro
115
297
1440
1492
1538
1607
1972
2121
2166
2451
2909
3521
3771
3859
4000
4494
5197
5769
5821
5827
6250
6738
6955
7260
8698
9760
10084
10486
10588
11001
12357
12582
13260
13552
13561
13567
13669
14085
14637
15535
16073
16296
17083
17154
18140
18799
18877
19117
19167
19277
19558
19694
20012
20612
20849
20998
22014
22072
22294
22609
23435
23670
24416
24450
24612
25695
26396
27027
27279
27729
28649
29419
30102
30828
31330
31451
31475
32054
32494
32576
32796
34365
35172
35572
37750
37972
38255
38443
38717
38844
39277
39556
39584
39689
40365
41552
42066
43036
43875
44166
44750
44787
44845
44853
45556
45912
46101
46645
46698
Number of cuts: 109

Jace
70
244
733
1039
1221
1783
2176
2899
3142
3951
7279
7402
8194
8230
9101
9865
9941
11254
11834
12438
12801
13118
14461
14922
15603
15696
16225
17319
18372
19164
19871
20698
20856
21501
21811
21992
22226
22522
22859
22957
23168
23833
24474
24619
24698
24797
25373
25461
26281
26583
26770
27234
27446
28178
28208
28250
28657
29795
29961
30980
31418
31502
32397
32430
32989
33281
33773
33809
33936
34230
34347
34692
34697
34733
38678
38864
38921
39503
39534
39739
40311
41671
42126
43200
43489
43554
43894
45035
45558
45790
46242
46721
46995
47131
47258
47271
47408
48311
49717
49901
50342
51671
52113
52254
52393
53392
53561
53742
53905
Number of cuts: 109

Jester
115
297
1440
1492
1538
1607
1972
2121
2166
2451
2909
3507
3521
3771
4417
4494
5197
5241
5827
6250
6738
6955
7260
8698
10677
10837
11001
12517
12661
13240
13249
13255
13773
13935
14325
14397
15223
15761
15984
16771
16842
17828
18487
18565
18805
18855
18965
19091
19384
19591
20300
20468
20537
20561
20640
21367
21702
21915
21982
22646
22675
24092
24126
24288
25371
26789
26955
27405
28325
29095
30283
30785
30906
30930
31509
31949
32031
32049
32251
33820
34627
35027
37205
37427
37710
37898
38299
38732
39011
39039
39802
39822
39987
40076
41012
41526
42496
43335
43626
44210
44247
44305
44313
45016
45372
45561
46104
46158
Number of cuts: 108

Krishelle
115
297
1440
1492
1538
1972
2121
2166
2451
2909
3521
3771
3976
4417
4494
5197
5274
6265
6357
6753
6970
7275
8713
9775
10099
10501
10603
11016
12372
12597
13567
13576
13582
13684
14100
14652
15550
16088
16311
17098
17169
18155
18814
18892
19132
19182
19292
19418
19709
20027
20627
20864
21013
22065
22123
22345
22660
23414
23486
23721
24440
24474
24636
25719
26420
27051
27303
27753
29522
29761
30202
30928
31430
31551
31575
32154
32594
32676
32896
33180
33481
34226
34465
35272
35672
37724
38081
38364
38552
38953
39063
39386
39665
39693
40474
42174
43144
43983
44056
44858
44895
44953
44961
45664
46199
46850
46857
Number of cuts: 107

Lillie
115
297
1440
1492
1538
1972
2121
2166
2451
2909
3521
3771
4417
4494
5197
5274
6265
6350
6753
6970
7275
8989
9906
10893
11001
12573
12717
12873
13296
13305
13829
15279
15790
16040
16542
16827
16898
17884
18543
18621
18911
19021
19147
19438
20356
20524
20626
21423
21678
21777
22038
22739
22809
24156
24190
24352
25435
26767
26853
27469
28389
29159
29842
30568
31070
31191
31215
31794
32234
32316
32536
32820
33121
33866
34105
34912
35312
36311
37355
37712
37995
38183
38584
38694
39017
39296
39324
40105
41292
41805
42775
43614
43687
44489
44526
44584
44592
45295
45651
45840
46386
46440
Number of cuts: 102

Mahdia
348
1429
3198
5884
13804
13945
13991
15382
15898
17581
17904
18671
22470
22837
23245
25658
27909
29437
31731
32275
36176
39204
39981
40279
40966
41264
41740
41948
41992
Number of cuts: 29

Naiad
115
297
1440
1492
1538
1972
2121
2166
2451
2909
3521
3771
3976
4417
4494
5197
5274
6265
6357
6753
6970
7275
8989
9906
10893
11001
12573
12717
12873
13296
13305
13829
15279
16040
16542
16827
16898
17884
18543
18621
18861
18911
19021
19147
19438
20356
20524
20696
21423
21678
21777
22038
22822
23146
24169
24203
24365
25175
25448
26866
27032
27070
27482
28402
29172
29855
30581
31083
31204
31228
31807
32247
32329
32549
32833
33134
33879
34118
34925
35325
37377
37734
38017
38205
38606
38716
39039
39318
39346
40127
41827
42797
43636
43709
44511
44548
44606
44614
45317
45673
45862
46408
46463
Number of cuts: 103

Nancinator
115
297
1440
1492
1538
1972
2121
2166
2451
2909
3521
3771
3976
4417
4494
5197
5274
6265
6357
6753
6970
7275
8989
9906
10893
11001
12573
12717
12873
13296
13305
13829
15279
16040
16542
16827
16898
17884
18543
18621
18911
19021
19147
19438
20356
20524
20696
21423
21720
21777
22038
22739
22809
24157
24191
24353
25163
25436
26768
26854
27470
28390
29160
29400
29482
29864
31003
31124
31148
31727
32167
32249
32469
32753
34038
34854
35254
37654
37937
38125
38399
38636
38959
39266
40631
41144
42114
42953
43026
43828
43865
43923
43931
44634
44990
45179
45725
45780
Number of cuts: 98

Natosaleda
115
297
1440
1492
1538
1972
2121
2166
2451
2909
3521
3771
3976
4417
4494
5197
5274
6265
6357
6753
6970
7275
9906
10893
11001
12573
12717
12873
13296
13305
13829
15279
16040
16542
16827
16898
17884
18543
18621
18911
19021
19147
19438
20356
20524
20696
21423
21720
21777
22038
22739
22809
24156
24190
24352
25162
25435
26767
26853
27469
28389
29159
29399
29481
29863
31002
31123
31147
31726
32166
32248
32468
32752
34037
34853
35253
37653
37936
38124
38398
38635
38958
39265
40043
40178
40272
40284
40356
40615
40644
41232
41745
42715
43554
43627
44429
44466
44524
44532
45235
45772
46317
46371
Number of cuts: 103

Partridge
115
1433
1485
1531
2031
2510
2968
3580
3830
4035
4476
4553
5256
5300
5886
6309
6797
7014
7319
10167
10569
10812
11090
12750
13329
13338
13862
14081
14414
14522
14529
15312
16073
16931
17917
18576
18654
18894
18944
19054
19180
19471
19789
20316
20626
20862
22071
22485
23179
24203
24237
24399
25482
25561
26219
26850
27102
27552
29321
29561
29643
30480
30728
31230
31351
31375
31954
32394
33999
34394
35210
35610
36364
37654
38011
38294
38482
38993
39316
39595
39623
39879
40406
40571
42106
42751
43246
43279
44099
44346
44387
44971
45008
45066
45074
45688
45950
46208
46807
Number of cuts: 99

Pepy6
157
176
423
474
1497
2525
2688
2733
3352
3515
3553
3561
3659
3969
4737
5738
6260
6548
7159
7299
7337
7380
7399
9788
10272
11631
14062
16121
18976
19069
19790
20237
21260
22055
24526
24941
25187
25714
25948
26183
26393
26708
26848
27528
28187
30223
30751
30757
31315
32242
32637
33106
35551
35623
35638
35844
37266
37283
38060
41700
41752
43309
43650
44618
45395
45999
46612
47189
47486
47523
48527
49714
50127
50909
52263
52697
52742
53364
53546
54089
54847
55045
55136
55262
55498
56650
59849
60244
62678
63026
63530
64094
64369
66512
66563
68795
69699
70481
71012
71050
71541
71908
72979
74274
74553
74997
75261
75978
76023
76029
76058
76142
76324
76333
Number of cuts: 114

Peregrin
722
1274
1619
2031
2089
3219
3544
3711
4179
4472
6712
7394
9542
9739
10550
11105
11905
15074
15096
15709
17867
18253
21056
21070
21671
21870
22565
23586
24994
25577
26637
26872
26915
27510
32037
33671
34081
35188
35194
35214
35761
36170
36479
36897
37211
38151
38178
38442
43508
43697
44765
45248
45986
48124
48817
50399
50669
50866
50917
51427
51742
53128
54100
54902
55007
55713
56030
56375
56598
56660
57337
65941
67730
68431
69076
69532
69883
70748
72860
73292
75010
76339
77022
78275
79050
81146
81382
82131
84952
86757
87146
88862
91268
92482
92788
99076
99551
100123
100765
101332
101623
102721
103686
104080
108461
108977
109166
111410
113004
113478
116250
117883
120440
122010
122219
122845
125566
127376
127630
127825
128050
129140
130791
131343
131688
132100
132158
Number of cuts: 127

Phrankenstein
115
297
1440
1492
1538
1972
2121
2166
2451
2909
3521
3771
4417
4494
5197
5274
6265
6357
6753
6970
7275
8989
9906
10893
11001
12573
12717
12873
13296
13305
13829
15279
15790
16040
16542
16827
16898
17884
18543
18621
18911
19021
19147
19438
20356
20524
20696
21423
21666
21723
21984
22685
22755
24102
24136
24298
25381
26713
26799
27415
28335
29347
29788
31016
31137
31161
31740
32180
32262
32482
32766
33067
33812
34051
34858
35258
37301
37658
37941
38129
38530
38640
38963
39242
39270
40051
41238
41751
42721
43560
43633
44435
44472
44530
44538
45241
45597
45786
46331
46385
Number of cuts: 100

Pine5
1179
1392
2735
4039
4316
4868
5784
7457
10250
12977
14953
16152
17688
18015
19080
20018
20667
21183
22332
23773
26601
27278
27347
28215
28305
28432
32307
32488
32593
33028
33265
33503
35893
37743
39077
39644
44060
44810
45547
45673
47602
48359
48707
48981
49246
50137
52932
53186
53439
54285
56528
57321
57384
57452
58680
Number of cuts: 55

Poco6
157
176
792
1044
1236
1813
2370
2703
2778
4077
5081
5906
7632
8038
10055
10429
10479
10517
10560
13335
14167
15046
16568
17624
17940
18173
20109
20211
20613
20633
21327
22054
24056
26539
26954
27200
28154
28196
28406
29427
29493
30206
32709
33850
34267
34604
37866
38085
38811
40127
40287
41758
42969
43554
45476
46189
46454
46775
46835
46883
47246
48118
49440
49763
50815
51264
53187
53772
54691
54872
55152
55200
56553
57024
57619
58158
58264
58309
59584
61021
61445
62463
63003
63412
64072
64382
65218
65276
65542
66596
66777
67368
67866
68991
69465
71983
72275
72313
72804
73170
74241
74289
75575
77095
77291
77297
77326
77410
77592
77601
77928
Number of cuts: 111

Rasputin
115
297
1440
1492
1538
1972
2121
2166
2451
2909
3521
3771
4494
5197
5769
5821
5827
6250
6738
6955
7260
10862
11026
12686
13265
13274
13280
13798
14422
15248
15394
15786
15871
15934
16009
16796
16867
17853
18512
18590
18830
18880
18990
19116
19409
19616
20325
20493
20562
20665
21727
21797
22007
22680
22779
23103
24127
24161
24323
25406
26738
26824
27440
29025
29130
29813
30539
31041
31162
31186
31765
32205
32287
32507
32791
33092
33837
34076
34883
35283
36282
37326
37683
37966
38154
38555
38665
38988
39267
39295
40076
41263
41776
42746
43585
43658
44460
44497
44555
44563
45266
45622
45811
46358
46413
Number of cuts: 105

RER2
115
297
1440
1492
1538
1972
2121
2166
2451
2909
3521
3771
4417
4494
5197
5274
6265
6350
6753
6970
7275
8989
9906
10893
11001
12573
12717
12873
13296
13305
13829
15279
16040
16542
16827
16898
17884
18543
18621
18911
19021
19147
19438
20356
20524
20626
20696
21423
21720
21777
22038
22739
24156
24190
24352
25435
26136
26767
26853
27469
28389
29159
29842
30568
31070
31191
31215
31794
32234
32316
32536
32820
33121
33866
34105
34912
35312
37355
37712
37995
38183
38584
38694
39017
39296
39324
40105
41292
41805
42775
43614
43687
44489
44526
44584
44592
45295
45651
45840
46440
Number of cuts: 100

RexFury
115
297
1471
1523
1569
2003
2152
2197
2482
2940
3552
3802
4448
4525
5228
5305
6296
6388
6784
7001
7306
9020
9937
10924
11032
12748
12904
13327
13336
13860
15310
16071
16573
16858
16929
17915
18574
18652
18942
19052
19178
19469
20387
20555
20657
20727
21454
21751
21808
22069
22770
22840
24187
24221
24383
25466
26798
26884
27050
27500
28420
29085
29190
29873
30599
31101
31222
31246
31825
32265
32347
32567
32851
33152
33897
34136
34943
35343
37743
38026
38214
38488
38725
39048
39355
40133
40268
40362
40374
40446
40705
40734
41322
41835
42805
43644
43717
44519
44556
44614
44622
45325
45681
45870
46416
46471
Number of cuts: 106

RGL3
719
1123
1421
1971
2858
2878
2963
3495
3509
4024
4496
6960
7266
7336
8864
9625
10565
10868
10976
11490
11823
12376
12623
12796
13472
14194
14509
14593
15437
15445
15923
16204
16706
17062
17544
18045
18173
18703
19061
19266
19338
19690
19948
20590
21441
23549
23584
23891
23921
24282
24646
25249
25408
25926
26797
27250
28787
28891
29845
30600
31385
31740
31861
31885
32464
33023
34454
35040
35628
38367
39808
40087
41614
43330
44640
44655
45153
45217
45879
46459
46470
47357
Number of cuts: 82

Rhodalysa
115
297
1440
1492
1538
1972
2121
2166
2451
2909
3521
3771
4417
4494
5197
5274
6265
6350
6753
6970
7275
8989
9906
10893
11001
12573
12717
12873
13296
13305
13829
15279
15790
16040
16542
16827
16898
17884
18543
18621
18911
19021
19147
19438
20356
20524
20626
20696
21423
21678
21777
22038
22739
22809
24156
24190
24352
25435
26767
26853
27469
28389
29159
29842
30568
31070
31191
31215
31794
32234
32316
32536
32820
33121
33866
34105
34912
35312
36311
37355
37712
37995
38183
38584
38694
39017
39296
39324
40105
41292
41805
42775
43614
43687
44489
44526
44584
44592
45295
45651
45840
46386
46440
Number of cuts: 103

StCroix
115
297
1440
1492
1538
1972
2121
2166
2451
2909
3521
3771
3976
4417
4494
5197
5274
6265
6357
6753
6970
7275
8989
9906
10893
11001
12573
12717
12873
13296
13305
13829
15279
16040
16542
16827
16898
17884
18543
18621
18861
18911
19021
19147
19438
20356
20524
20696
21423
21678
21777
22038
22822
23146
24169
24203
24365
25175
25448
26866
27032
27070
27482
28402
29172
29855
30581
31083
31204
31228
31807
32247
32329
32549
32833
33134
33879
34118
34925
35325
37377
37734
38017
38205
38606
38716
39039
39318
39346
40127
41827
42797
43636
43709
44511
44548
44606
44614
45317
45673
45862
46408
46463
Number of cuts: 103

Swann
115
297
1440
1492
1538
1972
2121
2166
2451
2909
3521
3771
4417
4494
5197
5274
6265
6350
6753
6970
7275
8989
9906
10893
11001
12573
12717
12873
13296
13305
13829
15279
16040
16542
16827
16898
17884
18543
18621
18911
19021
19147
19438
20356
20524
20696
21423
21720
21777
22038
22739
22809
24156
24190
24352
25435
26767
26853
27019
27469
29159
29399
29481
29840
30566
31068
31189
31213
31792
32232
32314
32534
32818
33119
33864
34103
34910
35310
37353
37710
37993
38181
38582
38692
39015
39294
39322
40103
41290
41803
42773
43612
43685
44487
44524
44582
44590
45293
45649
45838
46385
46440
Number of cuts: 102

Takoda
115
297
1433
1485
1531
1600
1964
2113
2443
2901
3043
3513
3763
3968
4409
4486
5189
5819
6730
6947
7252
8949
10100
10604
10739
10853
12533
12677
13256
13265
13789
14341
14449
14456
15239
15777
16000
16858
17844
18503
18581
18821
18871
18981
19107
20586
20702
20789
21776
21931
22216
23105
24129
24163
24325
25408
26109
26740
27030
27442
28362
29132
29838
30475
30977
31098
31122
31701
32141
33812
34279
35495
37030
37538
37895
38178
38366
38767
38877
39200
39479
39507
39763
40270
40290
41988
42969
43241
43943
44190
44231
44815
44852
44910
44918
45534
45879
46053
46652
Number of cuts: 99

Trina
750
1018
1094
1186
1600
1736
2396
2959
3172
5242
6016
6224
6282
6827
9434
10962
11230
11989
12722
12731
12975
13020
13848
14142
14166
14386
14551
14951
14998
15216
15234
16717
18153
18387
18461
18566
20516
20940
21101
21154
22246
22330
22644
22664
23343
25457
25649
25945
26024
27892
28007
28058
28250
28602
30004
30172
30376
31979
32045
33089
33263
33575
33752
34464
36177
36191
37541
38687
39581
40059
40882
41312
42060
42151
43578
45998
47610
47667
49900
50141
51991
52203
52823
53516
53985
55350
55874
55978
56246
56386
56510
56675
58248
58373
58935
59078
59088
59112
59655
60504
60627
60821
60866
61191
61447
62316
62387
63275
63943
63973
64235
65537
66077
67550
68006
68108
69496
69865
69888
72558
73124
73431
73614
74758
74774
75323
75950
76844
77090
77610
77621
77919
78454
78812
79120
79308
79591
79776
82163
82277
83057
83511
84882
85647
85864
85935
85953
86609
86701
87339
87417
87684
89585
90099
90546
90809
92334
92343
92897
93137
93428
96083
96359
97687
97732
98319
98812
99118
99591
100342
100698
101081
101086
101104
101271
102041
102056
102330
102366
102533
102770
103839
105019
105260
106659
106743
108000
108436
109024
109338
109420
109759
110560
111124
111411
111447
112026
112124
112567
112822
113379
113744
113770
113905
114607
114617
115357
115984
117627
119118
120219
120737
121541
121550
122720
123001
123296
125824
126968
127021
127891
128066
128332
129296
129354
130166
130270
130734
132678
132792
132932
133000
133085
133105
133690
134518
135042
137152
137420
137496
137588
138002
138138
138798
Number of cuts: 244

TWAMP
115
297
1440
1492
1538
1972
2121
2166
2451
2909
3521
3771
4417
4494
5197
5274
6265
6350
6753
6970
7275
8989
9906
10893
11001
12573
12717
12873
13296
13305
13829
15279
15790
16040
16542
16827
16898
17884
18543
18621
18911
19021
19147
19438
20356
20524
20626
20696
21423
21678
21777
22038
22739
22809
24156
24190
24352
25435
26767
26853
27469
28389
29159
29842
30568
31070
31191
31215
31794
32234
32316
32536
32820
33121
33866
34105
34912
35312
36311
37355
37712
37995
38183
38584
38694
39017
39296
39324
40105
41292
41805
42775
43614
43687
44489
44526
44584
44592
45295
45651
45840
46386
46440
Number of cuts: 103

UhSalsa
115
297
1440
1492
1538
1972
2121
2166
2451
2909
3521
3771
3976
4417
4494
5197
5274
6265
6357
6753
6970
7275
8989
9906
10893
11001
12573
12717
12873
13296
13305
13829
15279
16040
16542
16827
16898
17884
18543
18621
18911
19021
19147
19438
20356
20524
20696
21423
21720
21777
22038
22739
22809
24157
24191
24353
25163
25436
26768
26854
27470
28390
29160
29400
29482
29864
31003
31124
31148
31727
32167
32249
32469
32753
34038
34854
35254
37654
37937
38125
38399
38636
38959
39266
40044
40179
40273
40285
40357
40616
40645
41233
41746
42716
43555
43628
44430
44467
44525
44533
45236
45592
45781
46327
46383
Number of cuts: 105

Weasels2
282
633
708
1433
1589
2033
2052
2105
2136
2196
2732
2856
2893
3100
3701
4676
9193
10855
11404
12954
13113
13248
13509
16017
16039
17696
18009
18449
19995
20330
21577
21781
22479
25000
25777
25871
26644
27509
31896
33219
33521
34763
34932
35219
35501
36162
36168
37530
38057
39030
39247
44625
44763
48896
51650
51710
52528
52915
54858
55849
57584
57647
57750
57985
58219
62848
63342
64365
64684
65433
66007
66525
66715
66797
66902
67834
68136
68835
68847
70543
70894
71061
71246
71266
71768
72149
73349
75055
75080
76416
76701
78822
79206
79381
79655
80956
80984
82037
82082
82776
83298
83724
85063
85717
86212
86703
86886
86934
87664
88102
88337
88761
88804
89284
89446
90408
90597
90765
90801
92184
94251
94294
94306
94642
97473
99522
101039
101303
101419
102636
102826
103741
104340
104672
108745
109134
110083
110412
110578
110724
111625
112439
112773
113274
113334
114631
117100
117192
117231
118389
118939
121454
122173
122848
124469
124844
124990
125514
125636
126084
126358
126544
126677
126865
126892
127124
127974
128394
128750
128906
129033
129822
130384
130998
131074
131313
131987
132338
132413
133138
133294
133738
133757
133810
133841
133901
134437
134561
134598
134805
Number of cuts: 190

Yogi
115
297
1440
1492
1538
1607
1972
2121
2166
2451
2909
3521
3771
3859
4000
4417
4494
5197
5821
5827
6250
6738
6955
7260
8149
10612
10753
10867
13270
13279
13285
13803
14427
15253
15399
15791
15876
15939
16014
16872
17858
18517
18595
18835
18885
18995
19121
19621
20330
20498
20670
21732
22012
22783
23107
24130
24164
24326
25409
26110
26741
26827
26993
27031
27443
28363
29133
29816
30542
31044
31165
31189
31768
32208
32290
32794
34079
34883
35283
36493
36516
37841
38063
38346
38534
38808
38935
39368
39647
39675
39780
40456
40621
41643
42156
43126
43965
44038
44840
44877
44935
44943
45646
46002
46176
46720
46774
Number of cuts: 107

Yoncess
115
297
1440
1492
1538
1607
1972
2121
2166
2451
2909
3521
3771
3859
4000
4494
5197
5769
5821
5827
6250
6335
6738
6955
7260
10108
10612
10753
10867
12691
13270
13279
13285
13803
14427
15253
15399
15791
15876
15939
16014
16801
16872
17858
18517
18595
18835
18885
18995
19121
19621
20330
20498
20567
20591
20670
21397
21732
21945
22012
22685
22714
24131
24165
24327
25410
26111
26742
26828
26994
27444
28364
29134
30322
30824
30945
30969
31548
31988
32070
32290
32574
33859
34666
35066
37244
37466
37749
37937
38211
38338
38771
39050
39078
39183
39859
40024
41046
41560
42533
43373
43664
44248
44285
44343
44351
45054
45410
45599
46143
46197
Number of cuts: 111

