Alatin
28107
Number of cuts:  1

Alpacados
28012
Number of cuts:  1

AngryOrchard
45391
Number of cuts:  1

AppleCloud
22059
22263
27982
Number of cuts:  3

Belenaria
28041
Number of cuts:  1

BobbyDazzler
22139
28086
Number of cuts:  2

Bonanza
28014
Number of cuts:  1

Bradshaw
28040
45369
45410
Number of cuts:  3

Bryce
22068
28015
Number of cuts:  2

ChewyVIII
2096
55140
63775
Number of cuts:  3

CosmicSans
28040
Number of cuts:  1

Dinger
28024
40380
45408
45449
Number of cuts:  4

DocB7
967
17895
43320
50681
70833
Number of cuts:  5

E3
91285
Number of cuts:  1

Erik
28038
Number of cuts:  1

Espica
28041
Number of cuts:  1

Finch
Number of cuts:  0

Gollum
28040
Number of cuts:  1

Grayson
152
3431
3939
4668
4674
5607
6519
7352
8129
10120
10182
14748
14914
14935
15386
16597
17800
17908
19913
19995
21197
25826
26424
27407
29867
31127
32011
32219
33138
34289
36269
37820
39049
39973
40675
41311
42352
45709
45994
47245
47278
48139
48271
49954
50236
50821
52221
52417
54088
54144
54204
54626
55870
58470
60294
61925
61982
62458
65012
65610
66324
66753
68451
69723
69890
70645
71068
72972
73483
74552
76649
77369
77752
78781
78814
79536
79634
81459
82609
82820
82999
83449
83479
83963
84386
84566
84778
84967
85232
85899
85962
86842
88352
89754
90940
91129
92810
93349
101436
101661
101892
103241
103708
103967
104726
105744
107734
112770
115604
116215
116272
117371
117904
117958
118833
119183
119954
124133
125178
126222
129053
Number of cuts: 121

Harlequin
22098
28045
Number of cuts:  2

Hiro
22350
22554
28300
Number of cuts:  3

Jace
Number of cuts:  0

Jester
22029
27976
Number of cuts:  2

Krishelle
22401
22605
28324
45729
45770
Number of cuts:  5

Lillie
28040
Number of cuts:  1

Mahdia
24508
Number of cuts:  1

Naiad
28053
Number of cuts:  1

Nancinator
28041
Number of cuts:  1

Natosaleda
28040
Number of cuts:  1

Partridge
28123
40537
45753
45794
Number of cuts:  4

Pepy6
16622
18893
27824
38828
63479
67331
69281
76545
Number of cuts:  8

Peregrin
3459
3937
4496
4502
4735
5439
5722
6354
7439
9434
9496
13519
14080
14272
14744
16196
17501
19465
19547
20262
20959
24518
25403
25790
26001
26921
29381
31920
32581
33071
35057
35818
36602
37830
38754
39455
40091
41132
44774
46025
46058
47555
48737
49019
49604
51004
51200
52871
52927
52987
53101
53409
54653
58661
60292
60349
60825
61987
63430
64028
64725
65178
66876
68148
69055
71382
72578
73262
74147
74529
77962
79022
79366
80157
81271
81990
82711
83342
83477
84273
84665
84854
85076
85818
85881
86708
86761
88514
88931
90560
92241
100138
100981
102048
102279
102847
103643
104110
104904
105132
105553
106165
108007
111263
111367
112615
113779
114968
116487
118736
118754
120096
120446
121220
121384
123544
125979
129166
Number of cuts: 118

Phrankenstein
27986
Number of cuts:  1

Pine5
Number of cuts:  0

Poco6
11297
13838
16394
19986
48189
67973
71052
77852
Number of cuts:  8

Rasputin
22063
28011
Number of cuts:  2

RER2
28040
Number of cuts:  1

RexFury
28071
Number of cuts:  1

RGL3
22775
25222
Number of cuts:  2

Rhodalysa
28040
Number of cuts:  1

StCroix
28053
Number of cuts:  1

Swann
28040
Number of cuts:  1

Takoda
45599
45640
Number of cuts:  2

Trina
8218
9737
10818
13825
17474
17536
22024
25559
29926
30961
34573
34606
36461
36863
40613
40859
44511
46860
48324
50661
52354
52423
52432
52873
55296
58179
63757
64124
64701
65073
67268
67552
67928
68974
73236
76116
76125
76228
76604
79858
87602
90439
95381
99718
106844
107693
108297
110382
112476
113891
114650
114996
116094
119461
124086
128797
131187
131208
134847
Number of cuts: 59

TWAMP
28040
Number of cuts:  1

UhSalsa
28041
Number of cuts:  1

Weasels2
2667
3617
4408
4692
5433
6526
7515
7831
8091
10916
11416
12020
12698
12752
14521
15082
15209
15230
15687
17329
18462
19404
20309
21055
25406
25793
26004
26567
26920
29380
31142
31499
33898
34218
35878
37478
38207
39738
40245
40272
41068
44223
44745
44892
45096
46746
47661
47700
47916
47991
48222
48309
48396
49503
49785
50016
50370
51138
51448
51984
52577
53655
53711
53771
54038
54081
55712
55853
58415
58541
61353
61971
62524
63136
64294
64984
65828
66853
67140
67879
69154
70067
70199
72405
72939
73284
74920
76615
77953
78367
80636
82631
83476
84400
84871
85210
87187
87265
88250
88307
88990
89065
89128
90046
90058
90840
90978
93819
94078
94408
94597
96028
96880
97368
98891
99712
99757
99938
100112
100142
103984
104023
105442
106111
109218
115340
115846
118589
119933
120365
120430
124337
125131
125500
126726
126762
127026
128380
134372
Number of cuts: 139

Yogi
28014
Number of cuts:  1

Yoncess
22068
28015
Number of cuts:  2

