Alatin
4820
5636
13231
17307
22845
26006
27528
32273
Number of cuts:  8

Alpacados
4782
12060
16857
17243
17425
20771
21166
22972
25911
27433
30367
32178
Number of cuts: 12

AngryOrchard
4765
12043
14643
16840
17226
17408
22709
25871
27392
30260
45735
Number of cuts: 11

AppleCloud
9469
12748
16886
17272
17454
20800
23079
23354
25881
27403
30192
Number of cuts: 11

Belenaria
4820
5636
13231
17307
22778
23036
25940
27462
30328
32139
Number of cuts: 10

BobbyDazzler
4891
12169
16966
17352
17534
20880
21275
23082
25985
27507
30441
32252
Number of cuts: 12

Bonanza
4820
12098
12295
16895
17281
17463
20809
21204
25913
27435
30369
32180
46066
46511
Number of cuts: 14

Bradshaw
4820
5636
12124
13231
17307
22778
23036
25939
27461
32206
Number of cuts: 10

Bryce
4820
12098
16895
17281
17463
20809
21204
23011
25914
27436
30149
31960
Number of cuts: 12

ChewyVIII
5068
10289
17224
21405
27613
37025
50913
56714
60328
66336
69049
Number of cuts: 11

CosmicSans
4820
5636
12124
13231
17307
22778
23036
25939
27461
32206
Number of cuts: 10

Dinger
4816
12094
12618
14694
16891
17277
19178
22761
25923
27445
30264
33498
45753
Number of cuts: 13

DocB7
15415
16413
18815
24158
25380
30668
38861
39717
41141
47389
47509
49520
51039
53473
55713
57437
61510
70973
73658
74526
75389
75681
Number of cuts: 22

E3
1458
3004
8466
14445
14828
19828
20744
21878
24611
28165
31833
39324
40729
40776
50930
51269
56176
65599
65825
66593
69134
69589
70132
70682
70921
83533
83722
89858
92492
94658
94673
96703
104585
106843
111909
118520
123931
124372
128896
131595
132558
133142
134756
134807
Number of cuts: 44

Erik
4820
5636
12123
13230
17306
22777
23035
25937
27459
30327
32138
Number of cuts: 11

Espica
4820
5636
13231
17307
22778
23036
25940
27462
30328
32139
Number of cuts: 10

Finch
372
2775
5743
8917
10839
13482
13760
15083
20294
21654
22304
22969
25431
27284
28372
28537
28746
30929
32684
34136
34823
35995
37615
40305
40429
42754
43537
43705
44214
44361
44568
44777
44855
45692
45907
47246
47538
47691
48973
51264
52422
54425
56052
56829
60571
61531
62623
65823
66197
66559
68260
69177
69403
73838
74637
75106
75424
77588
79220
79254
80216
81407
82394
83196
84853
86215
86343
88970
91181
92159
94228
94231
96833
97728
98241
100562
101706
111020
112821
113881
115347
116199
116412
117252
120607
122441
122777
123454
123757
123956
124535
124900
124924
126268
128574
129547
130117
130636
130694
131062
131611
131671
131692
132007
132142
132619
133557
133755
133821
134148
134187
134804
134894
136617
137787
Number of cuts: 115

Gollum
4820
5636
13231
17307
17489
22778
23036
25939
27461
32204
Number of cuts: 10

Grayson
2633
4735
5267
5794
9605
9742
10339
19027
25180
33374
33406
36988
56097
59493
80912
84890
91407
107110
109466
120660
122556
125931
131534
Number of cuts: 23

Harlequin
12074
16871
17257
17439
20785
21180
23041
25944
27466
30179
31990
38153
Number of cuts: 12

Hiro
4820
9760
13039
17177
17563
20531
21091
23370
23645
26199
27721
30655
32466
Number of cuts: 13

Jace
4366
10443
10611
12597
14694
17753
20440
22345
24724
26266
27646
27782
28508
29660
36565
39500
40093
42522
47201
49214
52468
53030
Number of cuts: 22

Jester
9760
12068
12592
16865
17251
20779
21174
22972
25875
27397
30110
31921
38084
Number of cuts: 13

Krishelle
4820
5636
9775
13054
17192
17578
17760
21106
23421
23696
26223
27745
32566
46088
Number of cuts: 14

Lillie
4820
5636
12124
13231
17307
22778
23036
25939
27461
32206
Number of cuts: 10

Mahdia
1338
3554
4154
4587
5512
7150
7986
9039
9060
11073
12255
12372
13392
14667
15048
15651
15930
17198
19931
20131
22084
22517
22604
23009
23935
24636
25551
25590
27039
27410
28835
30356
30927
31882
32256
33435
34095
37175
Number of cuts: 38

Naiad
4820
5636
13231
17307
22791
25952
27474
32219
Number of cuts:  8

Nancinator
4820
5636
13231
17307
22778
23036
25940
27462
30328
32139
Number of cuts: 10

Natosaleda
4820
5636
13231
17307
22778
23036
25939
27461
30327
32138
45659
46107
Number of cuts: 12

Partridge
4879
12157
12681
13264
14757
16954
17340
19241
22824
25402
25510
26022
27544
30555
33786
46098
Number of cuts: 16

Pepy6
4483
4505
5582
7925
9565
10340
10372
15702
16923
19650
20327
20915
26498
30088
30097
33184
36957
37213
37717
39748
42794
46946
47036
47768
49835
51327
52475
59404
64924
67677
69893
Number of cuts: 31

Peregrin
4895
9056
11799
13938
15687
18579
24754
32156
47078
52388
54880
57860
72453
81443
84777
100162
100962
107385
116823
122093
124128
124884
125383
Number of cuts: 23

Phrankenstein
4820
5636
13231
17307
22724
22982
25885
27407
32152
Number of cuts:  9

Pine5
3792
4070
12528
16152
20877
24082
26312
33153
38575
51201
51231
53170
56388
57784
58644
Number of cuts: 15

Poco6
1805
4069
4728
6752
9623
9710
9737
17715
18462
21672
22349
22937
27478
32107
34907
35209
38533
38669
51347
52836
53983
56137
60325
70709
71214
75971
Number of cuts: 26

Rasputin
4820
12093
12290
16890
17276
20804
21199
25910
27432
30366
32177
Number of cuts: 11

RER2
4820
5636
12124
13231
17307
20835
23036
25939
27461
30395
32206
Number of cuts: 11

RexFury
4851
5667
12679
17338
22809
23067
25970
27492
30426
32237
Number of cuts: 10

RGL3
10764
12296
14531
17725
19948
21368
21883
22173
23866
24091
28354
28609
29179
29540
30372
31065
32873
35165
35868
38746
41916
44952
46827
Number of cuts: 23

Rhodalysa
4820
5636
12124
13231
17307
22778
23036
25939
27461
32206
Number of cuts: 10

StCroix
4820
5636
13231
17307
22791
25952
27474
32219
Number of cuts:  8

Swann
4820
5636
13231
17307
22778
23036
25939
27461
32204
Number of cuts:  9

Takoda
4812
12084
14684
16881
17267
17449
21638
22750
25912
27434
30302
45943
Number of cuts: 12

Trina
1484
5788
9307
17349
18379
18500
19565
24883
27021
31677
43596
49696
51209
51429
67119
67542
68542
72819
80969
81198
81812
91011
91102
96174
99916
100282
102961
106735
112609
114028
117230
121775
124803
137886
Number of cuts: 34

TWAMP
4820
5636
12124
13231
17307
22778
23036
25939
27461
32206
Number of cuts: 10

UhSalsa
4820
5636
13231
17307
22778
23036
25940
27462
30328
32139
Number of cuts: 10

Weasels2
534
1535
14940
21829
24760
36597
51755
60872
60994
62237
62605
74441
76617
93481
103592
115606
132239
133240
Number of cuts: 18

Yogi
4820
12098
12295
16895
17281
17463
20809
21204
25913
27435
30369
32180
46066
46511
Number of cuts: 14

Yoncess
4820
12098
16895
17281
20809
21204
23011
25914
30149
31960
Number of cuts: 10

