Alatin
569
2401
8742
9249
12781
13351
13381
13627
14953
15710
16646
21288
25810
28513
33850
35693
35894
36933
38699
39626
42652
44364
Number of cuts: 22

Alpacados
569
2363
8672
9179
13287
13317
13563
14889
15646
16582
21224
33755
35595
35796
36826
38592
39519
39796
42475
44187
Number of cuts: 20

AngryOrchard
2346
8655
9162
13270
13300
13546
14872
15629
18626
21207
25675
28377
33915
35755
35956
35967
36986
38752
38980
39679
39958
44406
Number of cuts: 22

AppleCloud
333
6796
8902
13316
13346
13592
18672
25685
28467
33504
33574
35420
35621
36651
38417
39341
42369
44081
Number of cuts: 18

Belenaria
569
2401
8742
9249
12781
13351
13381
13627
14953
15710
16646
21288
25744
28447
33716
35568
35769
35780
36799
38565
39489
42517
44229
Number of cuts: 23

BobbyDazzler
569
2472
8781
9288
13396
13426
13672
14998
15755
16691
25789
33829
35672
35873
36903
38669
39596
39873
42623
44335
Number of cuts: 20

Bonanza
569
2401
8710
9217
13325
13355
13601
14927
15684
16620
21262
25717
33757
35597
35798
37208
38974
39901
40178
42927
44639
Number of cuts: 21

Bradshaw
569
2401
8742
9249
12781
13351
13381
13627
14953
15710
16646
21288
25743
28446
33783
35626
35827
36866
38632
39559
42585
44297
Number of cuts: 22

Bryce
569
2401
8710
9217
13325
13355
13601
14927
15684
16620
21262
25718
33537
35380
35581
36611
38377
39304
39581
42331
44043
Number of cuts: 21

ChewyVIII
6552
7737
8135
8571
9231
10356
10842
11852
11855
14393
14619
15383
15841
16303
18566
18672
20668
21960
24747
26173
27656
28054
29676
34259
34820
34883
35321
38420
39092
41795
44055
45295
45478
46948
47861
51691
52123
55688
55928
57320
59096
59574
59699
60209
60299
62045
65829
Number of cuts: 47

CosmicSans
569
2401
8742
9249
12781
13351
13381
13627
14953
15710
16646
21288
25743
28446
33783
35626
35827
36857
38623
39550
42576
44288
Number of cuts: 22

Dinger
570
2397
8706
9213
13321
13351
13597
14923
15680
21258
25727
28509
33846
33916
35768
35969
35980
36999
38765
39692
39971
44424
45228
Number of cuts: 23

DocB7
173
938
3083
3512
4286
5186
7360
8522
11819
12440
15584
16468
25394
26139
26167
28862
29785
30568
32887
33001
35658
35914
36929
38406
42241
42268
42858
42999
44395
44769
44973
46007
47096
48733
51066
52777
54814
55769
56327
61009
61334
61637
61799
62496
64043
68995
69447
71940
72417
Number of cuts: 49

E3
423
606
2393
2798
8306
9319
11102
12430
22113
26117
26786
33430
34711
39472
44303
45163
45279
45879
46094
48107
54020
54654
58485
62289
62742
70454
72962
74321
85744
86566
87078
88969
90777
90921
91670
93699
93816
94342
95813
98566
98934
99579
100037
100301
100304
105216
105906
106206
108480
108543
122044
124349
125753
132607
138223
Number of cuts: 55

Erik
569
2401
8741
9248
12780
13350
13380
13626
14952
15709
16645
21287
25741
28444
33715
35558
35759
36789
38555
39482
42407
44119
Number of cuts: 22

Espica
569
2401
8742
9249
12781
13351
13381
13627
14953
15710
16646
21288
25744
28447
33716
35568
35769
36799
38565
39489
42517
44229
Number of cuts: 22

Finch
4855
5930
7155
11222
15637
16055
16376
17668
18701
18773
22493
24781
29553
34662
36562
36664
37344
37994
38335
38689
39103
39478
39557
40061
42113
42422
43187
45513
46298
46358
48480
49292
50687
53761
54013
54747
56065
57657
57801
60046
61287
61779
62136
62798
64502
66506
70555
73065
73479
74662
76016
78836
83837
95862
97309
101638
104120
109496
115949
122860
124560
126500
129116
129209
129467
Number of cuts: 65

Gollum
569
2401
8742
9249
12781
13351
13381
13627
14953
15710
16646
21288
25743
28446
33781
35624
35825
36855
38621
39545
42518
44230
Number of cuts: 22

Grayson
4551
4993
6039
9321
10773
10976
11204
11273
12917
15683
16206
20178
20220
22111
23466
23791
24523
25930
30615
30699
34936
36916
37050
37807
38034
38104
38589
38993
42531
48762
50149
54140
54174
57315
58837
60069
60608
60793
60812
61887
62466
63016
63214
64053
65250
65253
67742
68771
68883
71996
72184
72663
72770
73399
76770
79160
79313
80578
81500
84754
84804
85432
86470
86685
86850
93929
97009
98367
99058
99651
101420
103963
104752
105986
107075
107163
107730
111265
112742
114191
114916
118606
119179
119627
Number of cuts: 84

Harlequin
569
2401
9193
13301
13331
13577
14903
15660
16596
21238
25748
33567
35410
35611
36641
39334
42366
44078
Number of cuts: 18

Hiro
569
2401
9193
13607
13637
13682
13883
18963
26003
34043
35886
36087
37117
38883
39810
40087
42837
44549
Number of cuts: 18

Jace
804
5142
9688
10792
15453
19802
19961
37038
42527
45020
46645
50652
Number of cuts: 12

Jester
569
2401
9193
12725
13325
13571
21232
25679
33498
35341
35542
36572
39265
42297
44009
Number of cuts: 15

Krishelle
569
2401
9208
13622
13652
13898
18978
26027
28809
34143
35986
36187
37226
38992
39919
42945
44657
46203
Number of cuts: 18

Lillie
569
2401
8742
9249
12781
13351
13381
13627
14953
15710
16646
21288
25743
28446
33783
35626
35827
36857
38623
39550
42576
44288
Number of cuts: 22

Mahdia
715
12493
Number of cuts:  2

Naiad
569
2401
8742
9249
12781
13351
13381
13627
14953
15710
16646
21288
25756
28459
33796
35639
35840
36879
38645
39572
42598
44310
Number of cuts: 22

Nancinator
569
2401
8742
9249
12781
13351
13381
13627
14953
15710
16646
21288
25744
28447
33716
35568
35769
36799
38565
41915
43627
Number of cuts: 21

Natosaleda
569
2401
8742
9249
12781
13351
13381
13627
14953
15710
16646
21288
25743
28446
33715
35567
35768
36798
38564
39488
42516
44228
45776
Number of cuts: 23

Partridge
2460
9276
13384
13414
13660
14986
15743
21321
25826
28608
34072
35924
36125
36136
37155
38922
39849
40128
44770
45573
Number of cuts: 20

Pepy6
105
4216
4623
5975
8506
9609
10757
12092
13821
14207
15640
15752
16810
17777
18879
19767
19924
22686
24496
25974
27575
27894
30782
31239
31250
33968
35603
40102
40279
41726
44189
44444
46040
50407
50566
54627
54915
55638
55656
56884
57819
60401
60453
62039
64166
64527
65299
69190
70444
72952
Number of cuts: 50

Peregrin
4821
5877
8635
10262
12231
13045
13314
15041
15564
19772
21277
21616
22632
22957
24097
27145
33718
35367
36589
36816
37371
37774
41311
48932
52923
52957
53154
53236
55682
56357
56694
57204
58436
58975
59160
59179
60254
60833
61383
61581
62420
63668
63671
66167
66853
67308
71073
71180
72883
76977
77386
79550
81109
81201
84641
84691
85230
86389
86604
86769
87488
93361
94214
95547
96042
96175
96813
97504
98097
98252
99907
101073
102594
104365
106407
107350
107438
108003
112587
116892
119522
119869
120442
121063
124181
Number of cuts: 85

Phrankenstein
569
2401
8742
9249
12781
13351
13381
13627
14953
15710
16646
21288
25689
28392
33729
35572
35773
35784
36803
38569
39496
42522
44234
Number of cuts: 23

Pine5
2873
8654
8858
9959
10706
15696
18753
19511
20370
21778
22342
24442
24718
27416
30094
30343
33415
39323
40868
46156
49668
54198
Number of cuts: 22

Poco6
105
214
5264
13580
13780
14187
15205
17272
18512
19425
20321
20491
21946
24711
27987
28018
29469
29851
29913
30060
35993
36554
36884
37625
39378
42189
43528
44708
45530
46025
46280
46888
47628
49625
51922
55181
56423
56681
57146
57164
58498
61602
62944
65376
66046
67804
68304
68530
69193
69790
74214
75058
75834
76809
Number of cuts: 54

Rasputin
569
2401
8711
9218
13320
13350
13596
14922
15679
16615
21257
25714
28417
33754
35597
35798
36828
38594
39521
42547
44259
Number of cuts: 21

RER2
569
2401
8742
9249
12781
13351
13381
13627
14953
15710
16646
21288
25743
33783
35626
35827
35838
36857
38623
39550
42576
44288
Number of cuts: 22

RexFury
569
2432
8773
9280
12812
13382
13412
13658
14984
15741
16677
21319
25774
28477
33814
35657
35858
36888
38654
39578
42606
44318
Number of cuts: 22

RGL3
560
2034
6915
8732
9215
12043
13581
13752
15111
15970
16810
27339
32026
34726
37852
39139
39682
43250
Number of cuts: 18

Rhodalysa
569
2401
8742
9249
12781
13351
13381
13627
14953
15710
16646
21288
25743
28446
33783
35626
35827
36857
38623
39550
42576
44288
Number of cuts: 22

StCroix
569
2401
8742
9249
12781
13351
13381
13627
14953
15710
16646
21288
25756
28459
33796
35639
35840
36879
38645
39572
42598
44310
Number of cuts: 22

Swann
569
2401
8742
9249
12781
13351
13381
13627
14953
15710
16646
21288
25743
28446
33781
35624
35825
35836
36855
38621
39548
42574
44286
Number of cuts: 23

Takoda
2393
8702
9209
13311
13341
13587
14913
15670
18667
21248
25716
28419
33957
35809
36010
36021
37040
38806
39034
39733
40012
44614
Number of cuts: 22

Trina
784
4246
4586
6932
7400
9289
12883
16630
16956
19199
23884
25398
26159
30622
32560
33712
37437
38926
41037
43290
43741
44950
44975
45029
47743
48226
51052
53555
55283
62196
62450
64257
66881
69908
72332
72560
74054
85224
88058
89897
92216
93802
95797
97850
100644
101375
102955
105736
106388
107226
113116
113543
116988
117904
118452
121022
121795
137186
Number of cuts: 58

TWAMP
569
2401
8742
9249
12781
13351
13381
13627
14953
15710
16646
21288
25743
28446
33783
35626
35827
36857
38623
39550
42576
44288
Number of cuts: 22

UhSalsa
569
2401
8742
9249
12781
13351
13381
13627
14953
15710
16646
21288
25744
28447
33716
35568
35769
36799
38565
39489
42517
44229
Number of cuts: 22

Weasels2
430
845
3575
5693
8171
8466
8708
10349
10924
11265
11281
11648
12929
13440
14103
15984
16506
20333
24103
25510
30131
31521
32182
34545
36525
36659
37701
37732
38169
38271
38623
39204
41947
42169
44659
50835
51146
52829
54020
55141
55669
57850
58360
60128
60316
60516
60877
61399
62565
62730
63569
67845
67869
68358
68495
71348
73112
79159
79510
79799
80697
81355
83814
85305
86002
87721
88433
95593
95944
98009
100856
101209
101408
102273
103390
103524
105954
106796
107146
108759
112725
113180
113416
114778
114977
115115
117589
119410
120080
121811
121943
123565
126842
126878
128684
131490
131674
132135
132550
Number of cuts: 99

Yogi
569
2401
8710
9217
13325
13355
13601
14927
15684
16620
21262
25717
33757
35597
35798
37208
38974
39901
40178
42927
44639
Number of cuts: 21

Yoncess
569
2401
8710
9217
13325
13355
13601
14927
15684
16620
25718
33537
35380
35581
36611
38377
39304
39581
42334
44047
Number of cuts: 20

