Alatin
17157
17239
32548
42355
Number of cuts:  4

Alpacados
17093
32453
Number of cuts:  2

AngryOrchard
17076
Number of cuts:  1

AppleCloud
17122
42072
Number of cuts:  2

Belenaria
17157
17239
32414
42220
Number of cuts:  4

BobbyDazzler
17202
32527
Number of cuts:  2

Bonanza
17131
32455
Number of cuts:  2

Bradshaw
17157
17239
32481
42288
Number of cuts:  4

Bryce
17131
32235
Number of cuts:  2

ChewyVIII
7283
8034
11932
12591
14129
16323
17718
19162
21674
26055
28191
29036
30092
35586
36301
36643
38019
39547
40589
42607
43371
44231
45303
48659
49904
51743
54370
56134
59755
64154
64433
64844
65724
67614
67629
Number of cuts: 35

CosmicSans
17157
17239
32481
42279
Number of cuts:  4

Dinger
17127
17209
Number of cuts:  2

DocB7
18734
47154
63488
69912
70008
70345
Number of cuts:  6

E3
659
1148
1340
1873
2179
2355
2638
4095
4306
4609
5151
6184
6298
9245
9952
10024
10287
11332
11973
11994
12024
12216
12842
13487
13646
15399
15411
15626
20983
21070
22853
24339
25522
25591
26335
29354
29774
29978
30917
30928
32120
32250
33513
35294
35900
36946
37207
37261
37321
37551
38910
38988
39201
39393
40422
41121
41299
41653
42009
42612
43900
44101
44203
44356
44565
44797
45956
47686
48430
48577
49087
49247
49361
49988
50393
52117
52282
52571
53364
53708
53759
53807
54279
55782
56271
56574
57314
57938
59178
59325
59514
59667
62921
64533
65125
66317
67004
67752
67812
69397
72258
74560
75179
76868
77004
78134
78403
78733
80064
80101
80155
80539
81538
81750
82017
82344
82813
82897
82938
83368
83377
86289
88407
89504
92462
93671
94592
98451
99173
99926
102151
105710
105932
105989
106616
106943
107424
110548
111663
111756
111969
112682
112805
113798
114103
114127
115235
115795
116010
117896
119133
120088
120364
121209
121355
121605
122145
122312
122373
123916
124338
128310
128480
129386
129407
131088
131394
133151
133679
133823
134111
135200
135221
135536
136300
136551
137514
138426
139001
141051
142005
Number of cuts: 181

Erik
17156
17238
32413
42110
Number of cuts:  4

Espica
17157
17239
32414
42220
Number of cuts:  4

Finch
107454
Number of cuts:  1

Gollum
17157
17239
32479
42221
Number of cuts:  4

Grayson
30162
53596
67591
117699
121509
126833
Number of cuts:  6

Harlequin
17107
32265
Number of cuts:  2

Hiro
17413
20521
32741
Number of cuts:  3

Jace
1445
2193
2699
2852
3808
4732
5918
8074
9267
9764
9927
12039
14439
14556
14930
16043
16240
16511
17081
17634
18211
18224
18757
18799
18847
20077
20494
21069
23664
24891
24906
25447
25594
25903
25942
28311
28337
30278
31271
33041
33314
34089
35246
36601
37408
37423
37860
38992
39021
40175
41345
42244
43433
44745
47276
48166
49202
49340
49466
50106
51680
51704
52133
52884
Number of cuts: 64

Jester
17101
32196
Number of cuts:  2

Krishelle
17428
32841
42648
Number of cuts:  3

Lillie
17157
17239
32481
42279
Number of cuts:  4

Mahdia
Number of cuts:  0

Naiad
17157
17239
32494
42301
Number of cuts:  4

Nancinator
17157
17239
32414
41618
Number of cuts:  4

Natosaleda
17157
17239
32413
42219
Number of cuts:  4

Partridge
17190
17272
Number of cuts:  2

Pepy6
318
828
3777
5527
5819
8084
10914
11942
13039
13663
14372
14553
16901
18146
22651
23410
24393
24563
25047
25856
29385
34906
36037
37518
38730
39212
45167
45609
46325
46597
48284
49657
50688
52265
53438
54095
54168
55022
55664
56795
59203
59526
65004
65067
66034
66199
71315
Number of cuts: 47

Peregrin
3991
5605
7533
29673
36761
46841
47003
61720
65576
89296
112343
118507
122109
123450
127870
Number of cuts: 15

Phrankenstein
17157
17239
32427
42225
Number of cuts:  4

Pine5
1863
2004
5041
5149
7005
7345
8107
8338
9556
9868
10308
11035
12036
12594
13773
14561
17322
18965
19345
20225
21411
21705
23214
24072
24222
25293
25364
26453
27799
28111
28647
30228
33117
33165
33878
35251
36784
37356
37371
37497
38793
39804
41493
42280
42457
42875
43669
44494
48386
48454
48650
48832
49175
49228
49393
49997
50295
50544
51740
52150
52507
52951
53035
53140
53548
53578
54542
55028
56052
57361
57920
Number of cuts: 71

Poco6
318
828
1157
5381
9837
12052
15710
16490
17114
20221
24676
25159
25849
25909
26576
27507
27610
27869
29810
38059
38300
39476
41234
42017
45314
47603
48526
49656
53774
55603
56530
59222
62016
65814
66863
68280
72578
Number of cuts: 37

Rasputin
17126
32452
42250
Number of cuts:  3

RER2
17157
17239
32481
42279
Number of cuts:  4

RexFury
17188
17270
32512
42309
Number of cuts:  4

RGL3
721
17544
33127
Number of cuts:  3

Rhodalysa
17157
17239
32481
42279
Number of cuts:  4

StCroix
17157
17239
32494
42301
Number of cuts:  4

Swann
17157
17239
32479
42277
Number of cuts:  4

Takoda
17117
17199
Number of cuts:  2

Trina
109001
112941
Number of cuts:  2

TWAMP
17157
17239
32481
42279
Number of cuts:  4

UhSalsa
17157
17239
32414
42220
Number of cuts:  4

Weasels2
951
78932
79790
87155
108931
126732
132656
Number of cuts:  7

Yogi
17131
32455
Number of cuts:  2

Yoncess
17131
32235
Number of cuts:  2

